2029.97 0.0843 0
1795.06 0.0853 0
1507.3 0.0863 0
1193.12 0.0873 0
879.54 0.0883 0
591.397 0.0893 0
349.043 0.0903 0
166.632 0.0913 0
51.1861 0.0923 0
2.47302 0.0933 0
13.6495 0.0943 0
72.5552 0.0953 0
163.467 0.0963 0
269.091 0.0973 0
372.563 0.0983 0
459.238 0.0993 0
518.089 0.1003 0
542.599 0.1013 0
531.081 0.1023 0
486.448 0.1033 0
415.479 0.1043 0
327.735 0.1053 0
234.233 0.1063 0
146.082 0.1073 0
73.1965 0.1083 0
23.2599 0.1093 0
1.00058 0.1103 0
7.85556 0.1113 0
42.0197 0.1123 0
98.8457 0.1133 0
171.523 0.1143 0
251.942 0.1153 0
331.624 0.1163 0
402.632 0.1173 0
458.341 0.1183 0
494.013 0.1193 0
507.132 0.1203 0
497.474 0.1213 0
466.94 0.1223 0
419.185 0.1233 0
359.104 0.1243 0
292.238 0.1253 0
224.182 0.1263 0
160.041 0.1273 0
103.999 0.1283 0
59.0254 0.1293 0
26.7379 0.1303 0
7.41787 0.1313 0
0.15713 0.1323 0
3.20095 0.1333 0
14.0156 0.1343 0
29.6824 0.1353 0
47.2968 0.1363 0
65.1296 0.1373 0
80.7277 0.1383 0
91.7569 0.1393 0
98.9767 0.1403 0
101.812 0.1413 0
100.221 0.1423 0
93.7894 0.1433 0
87.7502 0.1443 0
81.2736 0.1453 0
70.9106 0.1463 0
59.8152 0.1473 0
49.5965 0.1483 0
41.5642 0.1493 0
32.9826 0.1503 0
27.4225 0.1513 0
23.2224 0.1523 0
22.1039 0.1533 0
23.5718 0.1543 0
23.7825 0.1553 0
24.0762 0.1563 0
27.9049 0.1573 0
31.4597 0.1583 0
35.3796 0.1593 0
38.6639 0.1603 0
45.6237 0.1613 0
53.0067 0.1623 0
60.7097 0.1633 0
65.5558 0.1643 0
67.0851 0.1653 0
74.4037 0.1663 0
80.9364 0.1673 0
88.3727 0.1683 0
91.0989 0.1693 0
93.6497 0.1703 0
96.2627 0.1713 0
93.8262 0.1723 0
95.6327 0.1733 0
92.3047 0.1743 0
86.0712 0.1753 0
75.6583 0.1763 0
66.1883 0.1773 0
57.4453 0.1783 0
46.5129 0.1793 0
37.7245 0.1803 0
31.0353 0.1813 0
24.3618 0.1823 0
13.6396 0.1833 0
11.1656 0.1843 0
5.57825 0.1853 0
5.09824 0.1863 0
5.87762 0.1873 0
8.78305 0.1883 0
11.1171 0.1893 0
15.0465 0.1903 0
19.3614 0.1913 0
25.5491 0.1923 0
32.2925 0.1933 0
39.5296 0.1943 0
47.9707 0.1953 0
55.5797 0.1963 0
62.2178 0.1973 0
69.4463 0.1983 0
76.4764 0.1993 0
81.382 0.2003 0
85.258 0.2013 0
92.2934 0.2023 0
97.3744 0.2033 0
103.797 0.2043 0
107.684 0.2053 0
110.652 0.2063 0
112.586 0.2073 0
115.837 0.2083 0
112.222 0.2093 0
108.133 0.2103 0
112.346 0.2113 0
106.966 0.2123 0
100.423 0.2133 0
100.795 0.2143 0
96.5432 0.2153 0
89.1935 0.2163 0
85.3403 0.2173 0
80.0063 0.2183 0
65.7152 0.2193 0
57.2559 0.2203 0
52.1421 0.2213 0
44.628 0.2223 0
37.8931 0.2233 0
32.1079 0.2243 0
28.3927 0.2253 0
25.9198 0.2263 0
24.7755 0.2273 0
22.0244 0.2283 0
24.2387 0.2293 0
26.5044 0.2303 0
28.3383 0.2313 0
29.2156 0.2323 0
30.0854 0.2333 0
31.5147 0.2343 0
34.1054 0.2353 0
35.842 0.2363 0
37.1115 0.2373 0
37.7889 0.2383 0
38.6248 0.2393 0
37.9661 0.2403 0
37.8651 0.2413 0
36.2699 0.2423 0
33.6724 0.2433 0
30.6591 0.2443 0
28.4592 0.2453 0
24.9636 0.2463 0
21.5489 0.2473 0
19.5677 0.2483 0
16.7256 0.2493 0
14.438 0.2503 0
11.1279 0.2513 0
10.6258 0.2523 0
10.1823 0.2533 0
11.4537 0.2543 0
14.5155 0.2553 0
18.1085 0.2563 0
20.8022 0.2573 0
23.7239 0.2583 0
25.037 0.2593 0
30.0921 0.2603 0
28.973 0.2613 0
30.7145 0.2623 0
31.8373 0.2633 0
32.2504 0.2643 0
32.5776 0.2653 0
31.5796 0.2663 0
29.8544 0.2673 0
27.1817 0.2683 0
25.626 0.2693 0
23.8373 0.2703 0
20.0154 0.2713 0
14.9371 0.2723 0
11.9001 0.2733 0
8.71095 0.2743 0
6.57483 0.2753 0
4.19501 0.2763 0
2.47906 0.2773 0
0.910878 0.2783 0
0.481062 0.2793 0
0.258141 0.2803 0
0.479566 0.2813 0
1.30962 0.2823 0
2.25064 0.2833 0
3.30823 0.2843 0
4.36793 0.2853 0
5.32737 0.2863 0
6.93805 0.2873 0
7.53041 0.2883 0
7.82471 0.2893 0
8.94646 0.2903 0
8.64433 0.2913 0
7.22179 0.2923 0
6.4529 0.2933 0
5.55223 0.2943 0
4.59534 0.2953 0
3.65779 0.2963 0
2.80962 0.2973 0
1.77014 0.2983 0
1.70855 0.2993 0
1.18343 0.3003 0
0.892155 0.3013 0
0.840564 0.3023 0
1.02112 0.3033 0
1.41536 0.3043 0
1.99687 0.3053 0
2.73447 0.3063 0
3.59541 0.3073 0
4.54818 0.3083 0
4.64196 0.3093 0
5.71738 0.3103 0
6.86042 0.3113 0
8.06498 0.3123 0
9.33064 0.3133 0
10.6616 0.3143 0
12.0653 0.3153 0
12.6302 0.3163 0
14.8275 0.3173 0
17.0027 0.3183 0
18.0578 0.3193 0
20.1878 0.3203 0
22.424 0.3213 0
24.7364 0.3223 0
27.0836 0.3233 0
29.4138 0.3243 0
31.6653 0.3253 0
33.7693 0.3263 0
34.0898 0.3273 0
35.5856 0.3283 0
37.0574 0.3293 0
37.7027 0.3303 0
38.0179 0.3313 0
37.846 0.3323 0
205.031 0.0833 1
184.001 0.0843 1
156.965 0.0853 1
150.151 0.0863 1
171.484 0.0873 1
203.891 0.0883 1
245.436 0.0893 1
311.182 0.0903 1
411.382 0.0913 1
504.777 0.0923 1
615.28 0.0933 1
716.076 0.0943 1
840.648 0.0953 1
984.224 0.0963 1
1098.67 0.0973 1
1241.57 0.0983 1
1349.61 0.0993 1
1444.58 0.1003 1
1529.92 0.1013 1
1562.78 0.1023 1
1569.11 0.1033 1
1581.21 0.1043 1
1541.88 0.1053 1
1495.7 0.1063 1
1436.12 0.1073 1
1362.06 0.1083 1
1268.94 0.1093 1
1165.63 0.1103 1
1050.57 0.1113 1
934.669 0.1123 1
830.103 0.1133 1
718.431 0.1143 1
655.462 0.1153 1
574.773 0.1163 1
498.827 0.1173 1
425.654 0.1183 1
375.16 0.1193 1
329.449 0.1203 1
293.7 0.1213 1
253.75 0.1223 1
238.937 0.1233 1
215.941 0.1243 1
198.151 0.1253 1
182.619 0.1263 1
171.813 0.1273 1
153.31 0.1283 1
138.179 0.1293 1
120.888 0.1303 1
100.746 0.1313 1
88.4356 0.1323 1
74.3515 0.1333 1
61.0818 0.1343 1
52.5148 0.1353 1
47.4324 0.1363 1
44.7388 0.1373 1
41.4654 0.1383 1
34.5571 0.1393 1
37.0377 0.1403 1
36.7957 0.1413 1
41.0602 0.1423 1
51.0447 0.1433 1
56.3395 0.1443 1
61.3842 0.1453 1
72.7989 0.1463 1
78.7144 0.1473 1
86.7912 0.1483 1
88.8674 0.1493 1
91.5931 0.1503 1
95.7636 0.1513 1
89.2631 0.1523 1
86.4081 0.1533 1
83.7519 0.1543 1
81.6943 0.1553 1
78.4289 0.1563 1
75.9365 0.1573 1
74.7594 0.1583 1
71.8085 0.1593 1
67.2697 0.1603 1
66.4647 0.1613 1
60.3269 0.1623 1
57.808 0.1633 1
52.278 0.1643 1
48.681 0.1653 1
44.9949 0.1663 1
40.5682 0.1673 1
37.1905 0.1683 1
33.8796 0.1693 1
30.7076 0.1703 1
27.788 0.1713 1
25.2596 0.1723 1
23.3241 0.1733 1
21.6775 0.1743 1
20.8671 0.1753 1
21.0181 0.1763 1
22.7085 0.1773 1
28.3474 0.1783 1
31.8599 0.1793 1
36.6293 0.1803 1
42.1281 0.1813 1
48.1121 0.1823 1
55.5145 0.1833 1
61.5812 0.1843 1
71.0166 0.1853 1
76.1157 0.1863 1
80.1953 0.1873 1
83.0745 0.1883 1
84.6568 0.1893 1
86.9784 0.1903 1
85.3518 0.1913 1
84.7725 0.1923 1
81.9046 0.1933 1
78.6118 0.1943 1
75.1455 0.1953 1
71.8388 0.1963 1
68.9551 0.1973 1
66.2709 0.1983 1
64.9332 0.1993 1
64.5626 0.2003 1
64.7805 0.2013 1
63.2541 0.2023 1
65.008 0.2033 1
67.3722 0.2043 1
69.8173 0.2053 1
71.4398 0.2063 1
72.6864 0.2073 1
73.6238 0.2083 1
75.348 0.2093 1
77.7764 0.2103 1
78.5666 0.2113 1
78.7222 0.2123 1
78.4447 0.2133 1
78.9347 0.2143 1
79.6089 0.2153 1
79.6403 0.2163 1
83.3175 0.2173 1
84.1149 0.2183 1
86.054 0.2193 1
87.7425 0.2203 1
89.4694 0.2213 1
91.0419 0.2223 1
92.4801 0.2233 1
96.1884 0.2243 1
95.3075 0.2253 1
93.8266 0.2263 1
92.039 0.2273 1
90.4093 0.2283 1
85.2458 0.2293 1
76.9706 0.2303 1
70.8881 0.2313 1
64.5594 0.2323 1
59.229 0.2333 1
54.3152 0.2343 1
49.7431 0.2353 1
45.0738 0.2363 1
44.7158 0.2373 1
43.6745 0.2383 1
44.2992 0.2393 1
44.8389 0.2403 1
48.0125 0.2413 1
50.0225 0.2423 1
53.8615 0.2433 1
55.6134 0.2443 1
59.3507 0.2453 1
63.9401 0.2463 1
66.4142 0.2473 1
67.0364 0.2483 1
67.8177 0.2493 1
67.7974 0.2503 1
64.5367 0.2513 1
61.6598 0.2523 1
59.7354 0.2533 1
57.7352 0.2543 1
54.5795 0.2553 1
51.4209 0.2563 1
47.7695 0.2573 1
49.7301 0.2583 1
45.982 0.2593 1
45.2844 0.2603 1
43.5647 0.2613 1
44.6229 0.2623 1
46.3912 0.2633 1
48.1048 0.2643 1
54.7804 0.2653 1
58.6497 0.2663 1
64.2084 0.2673 1
67.8378 0.2683 1
71.9782 0.2693 1
79.6411 0.2703 1
83.3376 0.2713 1
86.4378 0.2723 1
90.968 0.2733 1
91.3667 0.2743 1
91.3356 0.2753 1
90.8124 0.2763 1
92.1715 0.2773 1
87.2239 0.2783 1
85.9096 0.2793 1
82.5534 0.2803 1
79.9114 0.2813 1
74.9369 0.2823 1
68.3941 0.2833 1
62.3997 0.2843 1
58.7123 0.2853 1
55.7787 0.2863 1
52.4769 0.2873 1
49.9546 0.2883 1
50.8789 0.2893 1
49.5418 0.2903 1
47.7955 0.2913 1
47.1551 0.2923 1
47.1499 0.2933 1
47.3816 0.2943 1
48.4267 0.2953 1
47.6717 0.2963 1
48.6359 0.2973 1
48.1855 0.2983 1
48.0518 0.2993 1
48.4853 0.3003 1
47.7299 0.3013 1
47.5175 0.3023 1
45.7151 0.3033 1
44.7991 0.3043 1
42.5979 0.3053 1
40.2442 0.3063 1
38.1317 0.3073 1
36.4269 0.3083 1
34.6385 0.3093 1
32.7513 0.3103 1
30.6901 0.3113 1
28.2463 0.3123 1
26.5533 0.3133 1
25.0239 0.3143 1
23.2963 0.3153 1
22.6868 0.3163 1
21.3435 0.3173 1
19.8023 0.3183 1
19.3224 0.3193 1
18.9478 0.3203 1
19.2972 0.3213 1
20.1239 0.3223 1
21.5091 0.3233 1
22.5777 0.3243 1
24.152 0.3253 1
25.6279 0.3263 1
27.5206 0.3273 1
28.7963 0.3283 1
29.8352 0.3293 1
29.2708 0.3303 1
29.2733 0.3313 1
28.4049 0.3323 1
508.989 0.0833 2
545.691 0.0843 2
582.72 0.0853 2
618.86 0.0863 2
652.765 0.0873 2
683.09 0.0883 2
708.642 0.0893 2
728.518 0.0903 2
742.224 0.0913 2
749.765 0.0923 2
751.679 0.0933 2
749.019 0.0943 2
743.273 0.0953 2
736.234 0.0963 2
729.827 0.0973 2
725.909 0.0983 2
726.068 0.0993 2
731.437 0.1003 2
742.542 0.1013 2
759.215 0.1023 2
780.567 0.1033 2
805.045 0.1043 2
830.551 0.1053 2
854.806 0.1063 2
875.474 0.1073 2
889.271 0.1083 2
894.24 0.1093 2
890.243 0.1103 2
875.524 0.1113 2
849.661 0.1123 2
816.071 0.1133 2
773.956 0.1143 2
727.284 0.1153 2
682.322 0.1163 2
639.485 0.1173 2
599.318 0.1183 2
564.345 0.1193 2
543.17 0.1203 2
533.224 0.1213 2
529.52 0.1223 2
547.532 0.1233 2
565.574 0.1243 2
591.53 0.1253 2
606.894 0.1263 2
627.101 0.1273 2
641.881 0.1283 2
653.194 0.1293 2
658.949 0.1303 2
658.309 0.1313 2
642.558 0.1323 2
615.97 0.1333 2
578.855 0.1343 2
550.218 0.1353 2
500 0.1363 2
442.553 0.1373 2
382.054 0.1383 2
328.594 0.1393 2
279.217 0.1403 2
228.042 0.1413 2
182.325 0.1423 2
142.459 0.1433 2
115.016 0.1443 2
95.6405 0.1453 2
85.2182 0.1463 2
70.8878 0.1473 2
61.6583 0.1483 2
58.8429 0.1493 2
50.0416 0.1503 2
39.9075 0.1513 2
33.0296 0.1523 2
25.9383 0.1533 2
21.0845 0.1543 2
14.7843 0.1553 2
11.3052 0.1563 2
11.0155 0.1573 2
12.075 0.1583 2
15.9971 0.1593 2
22.9895 0.1603 2
32.4413 0.1613 2
43.4621 0.1623 2
57.488 0.1633 2
69.6686 0.1643 2
87.523 0.1653 2
97.3365 0.1663 2
102.925 0.1673 2
113.047 0.1683 2
111.93 0.1693 2
114.989 0.1703 2
116.008 0.1713 2
115.787 0.1723 2
113.059 0.1733 2
113.473 0.1743 2
103.063 0.1753 2
87.4147 0.1763 2
78.0931 0.1773 2
72.6832 0.1783 2
69.5963 0.1793 2
63.4156 0.1803 2
56.7666 0.1813 2
50.4147 0.1823 2
48.6984 0.1833 2
41.3438 0.1843 2
40.8501 0.1853 2
45.2984 0.1863 2
51.6729 0.1873 2
52.3127 0.1883 2
55.4769 0.1893 2
58.2223 0.1903 2
62.8972 0.1913 2
66.5065 0.1923 2
70.5537 0.1933 2
78.5495 0.1943 2
87.5643 0.1953 2
98.3889 0.1963 2
100.612 0.1973 2
105.169 0.1983 2
104.455 0.1993 2
108.686 0.2003 2
108.27 0.2013 2
106.711 0.2023 2
106.596 0.2033 2
106.116 0.2043 2
107.91 0.2053 2
107.058 0.2063 2
104.907 0.2073 2
96.1587 0.2083 2
94.5833 0.2093 2
91.7857 0.2103 2
86.7062 0.2113 2
78.4583 0.2123 2
74.1866 0.2133 2
70.3736 0.2143 2
62.453 0.2153 2
55.8346 0.2163 2
50.9636 0.2173 2
45.9153 0.2183 2
43.0467 0.2193 2
39.5718 0.2203 2
36.629 0.2213 2
33.4248 0.2223 2
28.9985 0.2233 2
28.0598 0.2243 2
27.8863 0.2253 2
27.7225 0.2263 2
28.3477 0.2273 2
28.8079 0.2283 2
28.9581 0.2293 2
29.4736 0.2303 2
30.0272 0.2313 2
31.1475 0.2323 2
31.986 0.2333 2
32.4227 0.2343 2
33.5862 0.2353 2
34.3882 0.2363 2
33.6408 0.2373 2
34.8811 0.2383 2
36.4145 0.2393 2
38.8408 0.2403 2
40.2378 0.2413 2
42.9305 0.2423 2
45.2406 0.2433 2
46.7138 0.2443 2
49.7292 0.2453 2
51.1902 0.2463 2
53.8561 0.2473 2
56.1556 0.2483 2
56.4078 0.2493 2
54.8272 0.2503 2
53.6034 0.2513 2
51.535 0.2523 2
53.3256 0.2533 2
53.3481 0.2543 2
46.9244 0.2553 2
45.1609 0.2563 2
43.4185 0.2573 2
41.4422 0.2583 2
39.8115 0.2593 2
37.5782 0.2603 2
35.886 0.2613 2
32.833 0.2623 2
31.5671 0.2633 2
29.979 0.2643 2
28.7961 0.2653 2
27.9531 0.2663 2
27.1471 0.2673 2
26.3811 0.2683 2
26.0129 0.2693 2
26.1421 0.2703 2
27.0718 0.2713 2
26.2549 0.2723 2
28.3646 0.2733 2
29.2469 0.2743 2
27.9398 0.2753 2
29.3336 0.2763 2
31.4672 0.2773 2
34.0717 0.2783 2
37.9605 0.2793 2
41.3065 0.2803 2
47.4345 0.2813 2
52.9119 0.2823 2
57.4037 0.2833 2
63.2871 0.2843 2
68.9147 0.2853 2
74.7551 0.2863 2
81.0407 0.2873 2
87.6835 0.2883 2
89.8645 0.2893 2
96.8073 0.2903 2
102.236 0.2913 2
105.623 0.2923 2
111.015 0.2933 2
114.434 0.2943 2
117.926 0.2953 2
122.375 0.2963 2
125.229 0.2973 2
122.72 0.2983 2
118.607 0.2993 2
116.527 0.3003 2
112.849 0.3013 2
107.098 0.3023 2
101.204 0.3033 2
95.5475 0.3043 2
88.5811 0.3053 2
81.08 0.3063 2
70.3956 0.3073 2
63.7584 0.3083 2
55.7228 0.3093 2
49.7619 0.3103 2
43.5941 0.3113 2
36.7392 0.3123 2
31.9958 0.3133 2
27.6188 0.3143 2
24.1288 0.3153 2
21.6214 0.3163 2
19.7969 0.3173 2
19.6232 0.3183 2
18.5425 0.3193 2
19.18 0.3203 2
19.4557 0.3213 2
19.5782 0.3223 2
20.9007 0.3233 2
22.9636 0.3243 2
25.484 0.3253 2
27.3366 0.3263 2
29.3187 0.3273 2
30.0534 0.3283 2
31.8667 0.3293 2
32.5955 0.3303 2
33.9527 0.3313 2
34.6735 0.3323 2
1257.28 0.0833 3
1387.44 0.0843 3
1492.57 0.0853 3
1566.76 0.0863 3
1606.25 0.0873 3
1609.64 0.0883 3
1578.02 0.0893 3
1514.8 0.0903 3
1425.4 0.0913 3
1316.74 0.0923 3
1196.69 0.0933 3
1073.37 0.0943 3
954.5 0.0953 3
846.83 0.0963 3
755.635 0.0973 3
684.386 0.0983 3
634.593 0.0993 3
605.825 0.1003 3
595.907 0.1013 3
601.31 0.1023 3
617.368 0.1033 3
639.269 0.1043 3
661.498 0.1053 3
680.393 0.1063 3
691.983 0.1073 3
693.969 0.1083 3
685.735 0.1093 3
669.602 0.1103 3
644.702 0.1113 3
612.204 0.1123 3
576.559 0.1133 3
542.182 0.1143 3
507.74 0.1153 3
483.309 0.1163 3
457.65 0.1173 3
449.618 0.1183 3
450.5 0.1193 3
465.408 0.1203 3
475.817 0.1213 3
488.215 0.1223 3
508.081 0.1233 3
526.444 0.1243 3
539.903 0.1253 3
541.991 0.1263 3
535.319 0.1273 3
528.85 0.1283 3
504.22 0.1293 3
476.38 0.1303 3
453.194 0.1313 3
418.996 0.1323 3
381.763 0.1333 3
334.095 0.1343 3
290.748 0.1353 3
258.158 0.1363 3
226.135 0.1373 3
198.49 0.1383 3
160.268 0.1393 3
144.543 0.1403 3
125.268 0.1413 3
124.594 0.1423 3
117.536 0.1433 3
109.797 0.1443 3
112.38 0.1453 3
105.44 0.1463 3
101.446 0.1473 3
98.5432 0.1483 3
89.1278 0.1493 3
86 0.1503 3
75.0691 0.1513 3
62.9578 0.1523 3
51.8773 0.1533 3
39.3271 0.1543 3
30.9143 0.1553 3
23.392 0.1563 3
16.4988 0.1573 3
12.5767 0.1583 3
10.0762 0.1593 3
10.5021 0.1603 3
10.8802 0.1613 3
17.027 0.1623 3
21.2671 0.1633 3
28.574 0.1643 3
35.4302 0.1653 3
43.2094 0.1663 3
59.3381 0.1673 3
70.863 0.1683 3
79.4397 0.1693 3
87.7783 0.1703 3
95.7512 0.1713 3
94.5678 0.1723 3
97.333 0.1733 3
101.357 0.1743 3
104.115 0.1753 3
105.553 0.1763 3
110.802 0.1773 3
103.559 0.1783 3
103.587 0.1793 3
103.201 0.1803 3
99.2695 0.1813 3
92.9632 0.1823 3
88.1024 0.1833 3
82.2713 0.1843 3
81.9055 0.1853 3
73.413 0.1863 3
66.8187 0.1873 3
59.114 0.1883 3
52.6527 0.1893 3
51.7235 0.1903 3
56.2346 0.1913 3
60.4487 0.1923 3
65.3361 0.1933 3
71.1076 0.1943 3
73.4827 0.1953 3
74.6335 0.1963 3
81.8951 0.1973 3
87.097 0.1983 3
99.2743 0.1993 3
106.152 0.2003 3
109.952 0.2013 3
122.909 0.2023 3
138.05 0.2033 3
150.272 0.2043 3
142.448 0.2053 3
145.675 0.2063 3
153.807 0.2073 3
155.214 0.2083 3
156.339 0.2093 3
149.206 0.2103 3
137.967 0.2113 3
131.963 0.2123 3
128.624 0.2133 3
126.6 0.2143 3
120.306 0.2153 3
109.916 0.2163 3
99.1825 0.2173 3
88.7914 0.2183 3
80.4649 0.2193 3
75.4678 0.2203 3
69.0639 0.2213 3
62.9135 0.2223 3
56.6831 0.2233 3
51.8437 0.2243 3
46.9035 0.2253 3
44.7401 0.2263 3
43.8656 0.2273 3
41.3585 0.2283 3
42.6478 0.2293 3
41.9994 0.2303 3
43.1624 0.2313 3
40.6505 0.2323 3
38.5842 0.2333 3
37.3036 0.2343 3
34.2319 0.2353 3
35.5945 0.2363 3
34.1008 0.2373 3
31.7977 0.2383 3
30.3343 0.2393 3
26.1022 0.2403 3
23.2717 0.2413 3
22.2323 0.2423 3
19.7927 0.2433 3
17.7426 0.2443 3
14.9688 0.2453 3
14.5782 0.2463 3
14.3357 0.2473 3
14.4964 0.2483 3
14.7503 0.2493 3
14.9576 0.2503 3
15.0393 0.2513 3
16.2756 0.2523 3
17.1617 0.2533 3
17.922 0.2543 3
18.1343 0.2553 3
18.2034 0.2563 3
18.1974 0.2573 3
17.9551 0.2583 3
18.0026 0.2593 3
17.7693 0.2603 3
17.6443 0.2613 3
17.8783 0.2623 3
18.3222 0.2633 3
18.5956 0.2643 3
19.8846 0.2653 3
23.7067 0.2663 3
24.0891 0.2673 3
25.4433 0.2683 3
27.0693 0.2693 3
29.7742 0.2703 3
34.5257 0.2713 3
34.9395 0.2723 3
35.8827 0.2733 3
37.5806 0.2743 3
37.1098 0.2753 3
38.3078 0.2763 3
38.5319 0.2773 3
38.6843 0.2783 3
38.8079 0.2793 3
37.556 0.2803 3
39.0753 0.2813 3
40.2714 0.2823 3
38.8111 0.2833 3
37.8999 0.2843 3
36.5282 0.2853 3
36.7496 0.2863 3
36.4616 0.2873 3
36.8797 0.2883 3
38.7758 0.2893 3
41.786 0.2903 3
42.7174 0.2913 3
45.3296 0.2923 3
48.5182 0.2933 3
53.0823 0.2943 3
54.9436 0.2953 3
58.8176 0.2963 3
62.0971 0.2973 3
65.4342 0.2983 3
69.952 0.2993 3
74.086 0.3003 3
78.4568 0.3013 3
80.7421 0.3023 3
83.7121 0.3033 3
85.6268 0.3043 3
88.1784 0.3053 3
89.1699 0.3063 3
91.531 0.3073 3
93.2542 0.3083 3
94.2276 0.3093 3
92.2613 0.3103 3
91.3414 0.3113 3
89.2476 0.3123 3
88.8563 0.3133 3
85.2916 0.3143 3
83.2668 0.3153 3
80.2387 0.3163 3
73.2878 0.3173 3
69.1072 0.3183 3
64.3576 0.3193 3
56.9671 0.3203 3
51.222 0.3213 3
45.323 0.3223 3
40.0705 0.3233 3
35.8864 0.3243 3
31.1319 0.3253 3
27.9428 0.3263 3
24.9727 0.3273 3
22.2367 0.3283 3
20.6765 0.3293 3
20.1189 0.3303 3
175.381 0.0833 4
184.783 0.0843 4
187.419 0.0853 4
187.107 0.0863 4
189.327 0.0873 4
182.919 0.0883 4
188.014 0.0893 4
190.011 0.0903 4
186.162 0.0913 4
174.941 0.0923 4
168.59 0.0933 4
160.209 0.0943 4
156.236 0.0953 4
166.255 0.0963 4
161.613 0.0973 4
159.869 0.0983 4
178.64 0.0993 4
191.176 0.1003 4
200.342 0.1013 4
219.297 0.1023 4
241.504 0.1033 4
301.136 0.1043 4
339.109 0.1053 4
403.742 0.1063 4
457.386 0.1073 4
516.351 0.1083 4
572.851 0.1093 4
659.116 0.1103 4
702.977 0.1113 4
768.1 0.1123 4
816.115 0.1133 4
866.48 0.1143 4
894.003 0.1153 4
905.245 0.1163 4
896.993 0.1173 4
884.812 0.1183 4
860.964 0.1193 4
820.267 0.1203 4
770.34 0.1213 4
718.725 0.1223 4
684.698 0.1233 4
622.588 0.1243 4
587.076 0.1253 4
526.865 0.1263 4
478.401 0.1273 4
422.666 0.1283 4
365.728 0.1293 4
327.58 0.1303 4
294.122 0.1313 4
272.39 0.1323 4
241.446 0.1333 4
213.659 0.1343 4
195.235 0.1353 4
181.98 0.1363 4
158.022 0.1373 4
138.912 0.1383 4
122.971 0.1393 4
110.614 0.1403 4
105.028 0.1413 4
92.9466 0.1423 4
85.5025 0.1433 4
83.6825 0.1443 4
76.23 0.1453 4
72.6297 0.1463 4
70.8617 0.1473 4
73.9409 0.1483 4
79.8662 0.1493 4
87.8925 0.1503 4
102.839 0.1513 4
111.738 0.1523 4
133.404 0.1533 4
145.057 0.1543 4
154.943 0.1553 4
163.034 0.1563 4
168.013 0.1573 4
170.254 0.1583 4
174.22 0.1593 4
171.257 0.1603 4
167.938 0.1613 4
157.477 0.1623 4
143.737 0.1633 4
133.588 0.1643 4
129.584 0.1653 4
122.18 0.1663 4
120.794 0.1673 4
121.109 0.1683 4
128.384 0.1693 4
137.543 0.1703 4
150.381 0.1713 4
165.882 0.1723 4
185.015 0.1733 4
202.941 0.1743 4
225.568 0.1753 4
247.528 0.1763 4
268.685 0.1773 4
288.138 0.1783 4
309.443 0.1793 4
322.044 0.1803 4
332.348 0.1813 4
338.695 0.1823 4
340.962 0.1833 4
339.198 0.1843 4
333.604 0.1853 4
333.415 0.1863 4
322.157 0.1873 4
307.935 0.1883 4
291.619 0.1893 4
276.954 0.1903 4
252.383 0.1913 4
233.718 0.1923 4
214.092 0.1933 4
194.362 0.1943 4
175.072 0.1953 4
153.902 0.1963 4
137.226 0.1973 4
119.824 0.1983 4
105.509 0.1993 4
92.6323 0.2003 4
80.8927 0.2013 4
72.5967 0.2023 4
66.4284 0.2033 4
61.9856 0.2043 4
58.4227 0.2053 4
54.7499 0.2063 4
52.9155 0.2073 4
52.339 0.2083 4
52.7312 0.2093 4
55.8566 0.2103 4
57.5227 0.2113 4
59.3367 0.2123 4
59.2267 0.2133 4
61.0214 0.2143 4
63.475 0.2153 4
65.2143 0.2163 4
65.0334 0.2173 4
65.7763 0.2183 4
66.1142 0.2193 4
67.9303 0.2203 4
69.2482 0.2213 4
67.8169 0.2223 4
67.6199 0.2233 4
66.4493 0.2243 4
65.8182 0.2253 4
64.2969 0.2263 4
62.9123 0.2273 4
61.5335 0.2283 4
59.5603 0.2293 4
57.3364 0.2303 4
56.2605 0.2313 4
53.9227 0.2323 4
52.5685 0.2333 4
50.413 0.2343 4
48.3928 0.2353 4
47.3156 0.2363 4
45.7214 0.2373 4
44.6148 0.2383 4
42.2177 0.2393 4
40.489 0.2403 4
42.5293 0.2413 4
42.0172 0.2423 4
42.5254 0.2433 4
44.6819 0.2443 4
45.2513 0.2453 4
46.0157 0.2463 4
46.392 0.2473 4
46.6021 0.2483 4
45.3375 0.2493 4
45.8388 0.2503 4
47.8803 0.2513 4
47.7859 0.2523 4
46.8664 0.2533 4
46.4811 0.2543 4
46.9949 0.2553 4
48.8429 0.2563 4
50.1291 0.2573 4
54.0517 0.2583 4
56.2567 0.2593 4
57.5403 0.2603 4
59.3941 0.2613 4
62.7064 0.2623 4
64.5666 0.2633 4
68.2071 0.2643 4
69.0814 0.2653 4
69.3287 0.2663 4
70.9498 0.2673 4
69.891 0.2683 4
70.0399 0.2693 4
69.8636 0.2703 4
69.6744 0.2713 4
68.9407 0.2723 4
68.98 0.2733 4
68.6377 0.2743 4
68.1632 0.2753 4
68.1932 0.2763 4
68.9068 0.2773 4
69.7573 0.2783 4
69.7243 0.2793 4
69.948 0.2803 4
68.345 0.2813 4
66.5517 0.2823 4
64.902 0.2833 4
62.7896 0.2843 4
59.2305 0.2853 4
55.0688 0.2863 4
50.1065 0.2873 4
44.5786 0.2883 4
39.7349 0.2893 4
37.1631 0.2903 4
33.7613 0.2913 4
31.7559 0.2923 4
30.7529 0.2933 4
30.8236 0.2943 4
32.0417 0.2953 4
32.9539 0.2963 4
34.7482 0.2973 4
36.7036 0.2983 4
39.7956 0.2993 4
42.2726 0.3003 4
44.1453 0.3013 4
46.2579 0.3023 4
47.1616 0.3033 4
47.8493 0.3043 4
48.1015 0.3053 4
48.8244 0.3063 4
47.8507 0.3073 4
47.2652 0.3083 4
46.219 0.3093 4
45.6101 0.3103 4
45.0494 0.3113 4
43.9437 0.3123 4
43.026 0.3133 4
42.4218 0.3143 4
41.6804 0.3153 4
41.2899 0.3163 4
40.1981 0.3173 4
39.0287 0.3183 4
37.5848 0.3193 4
35.273 0.3203 4
32.7524 0.3213 4
30.057 0.3223 4
27.0272 0.3233 4
23.9308 0.3243 4
20.7913 0.3253 4
18.0311 0.3263 4
15.559 0.3273 4
12.9768 0.3283 4
12.962 0.3293 4
46.8046 0.0833 5
47.8203 0.0843 5
50.8421 0.0853 5
55.2979 0.0863 5
60.5547 0.0873 5
65.9873 0.0883 5
71.0375 0.0893 5
75.2605 0.0903 5
78.3546 0.0913 5
80.1714 0.0923 5
80.7088 0.0933 5
80.0882 0.0943 5
78.5216 0.0953 5
76.2724 0.0963 5
73.6159 0.0973 5
70.8047 0.0983 5
68.0425 0.0993 5
65.469 0.1003 5
63.1566 0.1013 5
61.1184 0.1023 5
59.3249 0.1033 5
57.7251 0.1043 5
56.2702 0.1053 5
54.9336 0.1063 5
53.7244 0.1073 5
52.6937 0.1083 5
51.9294 0.1093 5
51.5438 0.1103 5
51.652 0.1113 5
52.3482 0.1123 5
53.6802 0.1133 5
55.6285 0.1143 5
58.0928 0.1153 5
60.8888 0.1163 5
63.7566 0.1173 5
66.3812 0.1183 5
68.4226 0.1193 5
69.5531 0.1203 5
69.4961 0.1213 5
68.0637 0.1223 5
65.1854 0.1233 5
60.9265 0.1243 5
55.4908 0.1253 5
49.2079 0.1263 5
42.5048 0.1273 5
36.1369 0.1283 5
30.5102 0.1293 5
25.5582 0.1303 5
22.3822 0.1313 5
20.3634 0.1323 5
19.5052 0.1333 5
20.0046 0.1343 5
22.7202 0.1353 5
25.3446 0.1363 5
28.6649 0.1373 5
34.0324 0.1383 5
40.1064 0.1393 5
42.7831 0.1403 5
42.4518 0.1413 5
41.8234 0.1423 5
42.442 0.1433 5
46.389 0.1443 5
48.9758 0.1453 5
41.1575 0.1463 5
37.0473 0.1473 5
41.0942 0.1483 5
42.4119 0.1493 5
42.1338 0.1503 5
43.3361 0.1513 5
49.4268 0.1523 5
54.0291 0.1533 5
64.1607 0.1543 5
77.5847 0.1553 5
83.4629 0.1563 5
104.066 0.1573 5
108.628 0.1583 5
115.859 0.1593 5
115.395 0.1603 5
114.071 0.1613 5
112.801 0.1623 5
111.547 0.1633 5
109.088 0.1643 5
103.064 0.1653 5
106.847 0.1663 5
113.788 0.1673 5
113.03 0.1683 5
122.134 0.1693 5
122.922 0.1703 5
125.347 0.1713 5
129.001 0.1723 5
138.97 0.1733 5
148.077 0.1743 5
145.191 0.1753 5
144.005 0.1763 5
141.383 0.1773 5
137.553 0.1783 5
131.869 0.1793 5
121.503 0.1803 5
108.072 0.1813 5
91.0767 0.1823 5
75.6457 0.1833 5
59.7934 0.1843 5
41.3599 0.1853 5
28.0931 0.1863 5
18.3423 0.1873 5
13.1847 0.1883 5
12.1266 0.1893 5
17.5528 0.1903 5
24.0173 0.1913 5
32.3619 0.1923 5
47.7458 0.1933 5
63.0778 0.1943 5
79.803 0.1953 5
93.4539 0.1963 5
105.49 0.1973 5
117.429 0.1983 5
127.776 0.1993 5
136.045 0.2003 5
137.062 0.2013 5
137.315 0.2023 5
138.444 0.2033 5
137.292 0.2043 5
138.737 0.2053 5
137.603 0.2063 5
135.312 0.2073 5
131.004 0.2083 5
131.431 0.2093 5
133.716 0.2103 5
129.424 0.2113 5
137.373 0.2123 5
138.576 0.2133 5
142.597 0.2143 5
141.578 0.2153 5
139.311 0.2163 5
130.107 0.2173 5
127.682 0.2183 5
124.113 0.2193 5
111.699 0.2203 5
102.299 0.2213 5
90.6287 0.2223 5
79.7579 0.2233 5
71.1332 0.2243 5
61.2116 0.2253 5
49.7405 0.2263 5
41.4181 0.2273 5
36.171 0.2283 5
29.4959 0.2293 5
22.7739 0.2303 5
18.6397 0.2313 5
14.643 0.2323 5
13.0858 0.2333 5
11.3486 0.2343 5
10.3272 0.2353 5
10.6458 0.2363 5
10.9857 0.2373 5
12.6174 0.2383 5
13.2547 0.2393 5
14.8483 0.2403 5
15.6248 0.2413 5
18.2644 0.2423 5
19.9423 0.2433 5
24.079 0.2443 5
26.416 0.2453 5
32.0131 0.2463 5
36.7332 0.2473 5
41.0343 0.2483 5
44.4361 0.2493 5
51.3547 0.2503 5
56.066 0.2513 5
58.9211 0.2523 5
62.7223 0.2533 5
65.55 0.2543 5
67.4741 0.2553 5
70.0264 0.2563 5
71.6539 0.2573 5
76.1984 0.2583 5
78.4366 0.2593 5
80.2076 0.2603 5
87.0162 0.2613 5
90.7371 0.2623 5
89.8789 0.2633 5
88.9474 0.2643 5
87.0292 0.2653 5
86.1192 0.2663 5
87.3591 0.2673 5
86.9531 0.2683 5
87.6474 0.2693 5
87.7746 0.2703 5
90.0757 0.2713 5
91.8 0.2723 5
93.8139 0.2733 5
96.0624 0.2743 5
95.7096 0.2753 5
97.5632 0.2763 5
99.6501 0.2773 5
99.5185 0.2783 5
101.102 0.2793 5
103.419 0.2803 5
103.869 0.2813 5
103.4 0.2823 5
102.781 0.2833 5
98.8558 0.2843 5
94.836 0.2853 5
89.0853 0.2863 5
82.4828 0.2873 5
78.3923 0.2883 5
74.403 0.2893 5
70.8035 0.2903 5
67.945 0.2913 5
66.2596 0.2923 5
65.8245 0.2933 5
66.8514 0.2943 5
68.6153 0.2953 5
71.183 0.2963 5
74.2023 0.2973 5
76.9792 0.2983 5
79.8592 0.2993 5
82.0378 0.3003 5
82.7098 0.3013 5
82.537 0.3023 5
81.1064 0.3033 5
77.8921 0.3043 5
73.3517 0.3053 5
67.6831 0.3063 5
61.2571 0.3073 5
54.3857 0.3083 5
47.4593 0.3093 5
41.3948 0.3103 5
36.294 0.3113 5
31.2424 0.3123 5
27.2735 0.3133 5
24.5253 0.3143 5
22.8564 0.3153 5
22.1723 0.3163 5
21.1881 0.3173 5
22.003 0.3183 5
23.2055 0.3193 5
24.5505 0.3203 5
25.8246 0.3213 5
27.2192 0.3223 5
28.0612 0.3233 5
28.5465 0.3243 5
29.1733 0.3253 5
28.7876 0.3263 5
92.7813 0.0833 6
102.609 0.0843 6
95.94 0.0853 6
108.491 0.0863 6
112.791 0.0873 6
115.946 0.0883 6
114.305 0.0893 6
113.321 0.0903 6
118.931 0.0913 6
120.709 0.0923 6
129.373 0.0933 6
127.539 0.0943 6
122.769 0.0953 6
115.955 0.0963 6
103.394 0.0973 6
96.801 0.0983 6
85.7887 0.0993 6
77.2636 0.1003 6
74.5826 0.1013 6
65.6517 0.1023 6
67.6566 0.1033 6
70.2444 0.1043 6
68.9644 0.1053 6
65.0515 0.1063 6
63.0012 0.1073 6
62.9163 0.1083 6
66.8 0.1093 6
71.7078 0.1103 6
76.8979 0.1113 6
86.2149 0.1123 6
88.3926 0.1133 6
86.8926 0.1143 6
89.1643 0.1153 6
90.1992 0.1163 6
87.122 0.1173 6
88.0685 0.1183 6
93.97 0.1193 6
93.4139 0.1203 6
89.9185 0.1213 6
87.246 0.1223 6
82.9994 0.1233 6
79.9968 0.1243 6
73.5874 0.1253 6
66.7694 0.1263 6
63.3484 0.1273 6
58.0081 0.1283 6
46.821 0.1293 6
40.4154 0.1303 6
30.8182 0.1313 6
26.1945 0.1323 6
23.4194 0.1333 6
20.5064 0.1343 6
19.6875 0.1353 6
20.6189 0.1363 6
22.1355 0.1373 6
20.9042 0.1383 6
24.0236 0.1393 6
27.496 0.1403 6
29.916 0.1413 6
35.5107 0.1423 6
40.0016 0.1433 6
48.5036 0.1443 6
49.6271 0.1453 6
54.2961 0.1463 6
60.7004 0.1473 6
65.0722 0.1483 6
68.0767 0.1493 6
73.2747 0.1503 6
81.9992 0.1513 6
89.6673 0.1523 6
96.1224 0.1533 6
103.189 0.1543 6
111.061 0.1553 6
112.769 0.1563 6
121.966 0.1573 6
131.831 0.1583 6
143.853 0.1593 6
151.98 0.1603 6
162.306 0.1613 6
172.295 0.1623 6
184.428 0.1633 6
189.782 0.1643 6
196.384 0.1653 6
202.41 0.1663 6
204.19 0.1673 6
203.18 0.1683 6
194.07 0.1693 6
181.988 0.1703 6
170.039 0.1713 6
155.715 0.1723 6
140.97 0.1733 6
124.577 0.1743 6
107.114 0.1753 6
87.2591 0.1763 6
70.8644 0.1773 6
54.1427 0.1783 6
38.9687 0.1793 6
25.8742 0.1803 6
14.8718 0.1813 6
7.33746 0.1823 6
2.81971 0.1833 6
1.11654 0.1843 6
2.46365 0.1853 6
6.51349 0.1863 6
11.9924 0.1873 6
19.1498 0.1883 6
28.342 0.1893 6
38.5401 0.1903 6
50.9452 0.1913 6
64.1926 0.1923 6
75.4395 0.1933 6
86.0914 0.1943 6
95.6803 0.1953 6
104.331 0.1963 6
111.907 0.1973 6
118.366 0.1983 6
123.149 0.1993 6
126.549 0.2003 6
128.69 0.2013 6
121.687 0.2023 6
121.3 0.2033 6
120.577 0.2043 6
117.485 0.2053 6
114.618 0.2063 6
107.71 0.2073 6
104.672 0.2083 6
97.6493 0.2093 6
91.4318 0.2103 6
85.7402 0.2113 6
81.6951 0.2123 6
77.5382 0.2133 6
72.7865 0.2143 6
66.1676 0.2153 6
59.8876 0.2163 6
55.4816 0.2173 6
51.9431 0.2183 6
49.4263 0.2193 6
47.6534 0.2203 6
50.0422 0.2213 6
47.2185 0.2223 6
47.4459 0.2233 6
50.81 0.2243 6
50.9967 0.2253 6
52.2416 0.2263 6
51.1613 0.2273 6
52.6146 0.2283 6
52.9348 0.2293 6
55.401 0.2303 6
56.6095 0.2313 6
55.9258 0.2323 6
55.8494 0.2333 6
54.6919 0.2343 6
57.555 0.2353 6
52.7276 0.2363 6
50.2309 0.2373 6
46.2937 0.2383 6
45.7257 0.2393 6
41.859 0.2403 6
40.927 0.2413 6
40.9215 0.2423 6
37.5509 0.2433 6
31.0182 0.2443 6
30.2733 0.2453 6
29.0046 0.2463 6
25.1784 0.2473 6
24.182 0.2483 6
23.3415 0.2493 6
23.5421 0.2503 6
24.4279 0.2513 6
25.9879 0.2523 6
29.8166 0.2533 6
34.9471 0.2543 6
40.8841 0.2553 6
48.2046 0.2563 6
58.1754 0.2573 6
66.46 0.2583 6
76.7988 0.2593 6
87.7147 0.2603 6
96.6218 0.2613 6
103.442 0.2623 6
111.333 0.2633 6
117.744 0.2643 6
124.555 0.2653 6
131.251 0.2663 6
134.965 0.2673 6
138.027 0.2683 6
140.09 0.2693 6
140.854 0.2703 6
142.848 0.2713 6
141.88 0.2723 6
140.204 0.2733 6
139.432 0.2743 6
137.641 0.2753 6
135.128 0.2763 6
132.307 0.2773 6
132.249 0.2783 6
127.498 0.2793 6
125.657 0.2803 6
123.215 0.2813 6
119.359 0.2823 6
116.113 0.2833 6
112.028 0.2843 6
106.769 0.2853 6
103.616 0.2863 6
98.9483 0.2873 6
97.5357 0.2883 6
94.5276 0.2893 6
92.2541 0.2903 6
90.4414 0.2913 6
86.8263 0.2923 6
86.0161 0.2933 6
85.5063 0.2943 6
82.4528 0.2953 6
80.7157 0.2963 6
79.5001 0.2973 6
76.3668 0.2983 6
75.1233 0.2993 6
72.6341 0.3003 6
68.3475 0.3013 6
64.449 0.3023 6
60.9711 0.3033 6
55.9968 0.3043 6
50.3679 0.3053 6
45.3282 0.3063 6
40.0457 0.3073 6
35.8782 0.3083 6
31.935 0.3093 6
29.5971 0.3103 6
27.4416 0.3113 6
24.6513 0.3123 6
23.1892 0.3133 6
22.4275 0.3143 6
22.2594 0.3153 6
23.949 0.3163 6
24.8268 0.3173 6
27.1209 0.3183 6
28.924 0.3193 6
31.2673 0.3203 6
33.9138 0.3213 6
36.7961 0.3223 6
38.4085 0.3233 6
41.515 0.3243 6
17.1262 0.0833 7
14.417 0.0843 7
11.96 0.0853 7
9.724 0.0863 7
7.69903 0.0873 7
5.92121 0.0883 7
4.49057 0.0893 7
3.57828 0.0903 7
3.42141 0.0913 7
4.30488 0.0923 7
6.53192 0.0933 7
10.3863 0.0943 7
16.0902 0.0953 7
23.7639 0.0963 7
33.3911 0.0973 7
44.7958 0.0983 7
57.6343 0.0993 7
71.4045 0.1003 7
85.4719 0.1013 7
99.1123 0.1023 7
111.566 0.1033 7
122.097 0.1043 7
130.059 0.1053 7
134.948 0.1063 7
136.449 0.1073 7
134.465 0.1083 7
129.125 0.1093 7
120.777 0.1103 7
109.95 0.1113 7
97.4684 0.1123 7
83.8074 0.1133 7
69.7178 0.1143 7
56.3487 0.1153 7
44.4621 0.1163 7
33.5655 0.1173 7
24.6538 0.1183 7
18.0984 0.1193 7
13.3759 0.1203 7
11.4229 0.1213 7
11.8521 0.1223 7
8.08126 0.1233 7
7.48356 0.1243 7
8.37424 0.1253 7
8.41264 0.1263 7
6.54876 0.1273 7
8.36302 0.1283 7
6.90146 0.1293 7
6.09003 0.1303 7
6.21447 0.1313 7
5.58391 0.1323 7
6.33871 0.1333 7
8.75948 0.1343 7
9.43356 0.1353 7
9.39568 0.1363 7
11.5384 0.1373 7
11.2811 0.1383 7
13.808 0.1393 7
13.2175 0.1403 7
14.3432 0.1413 7
14.4956 0.1423 7
14.6704 0.1433 7
15.8027 0.1443 7
17.7405 0.1453 7
16.9122 0.1463 7
19.5699 0.1473 7
24.1819 0.1483 7
31.0113 0.1493 7
38.5375 0.1503 7
47.1035 0.1513 7
58.5609 0.1523 7
67.7405 0.1533 7
82.7193 0.1543 7
94.1042 0.1553 7
102.517 0.1563 7
116.001 0.1573 7
122.622 0.1583 7
124.506 0.1593 7
129.271 0.1603 7
126.984 0.1613 7
122.411 0.1623 7
115.53 0.1633 7
102.412 0.1643 7
90.7949 0.1653 7
78.6569 0.1663 7
67.1349 0.1673 7
53.926 0.1683 7
39.9454 0.1693 7
28.8528 0.1703 7
20.3054 0.1713 7
16.1581 0.1723 7
13.402 0.1733 7
14.9482 0.1743 7
20.3171 0.1753 7
23.4435 0.1763 7
27.0803 0.1773 7
33.2615 0.1783 7
39.5707 0.1793 7
46.1788 0.1803 7
50.1205 0.1813 7
55.4279 0.1823 7
61.9534 0.1833 7
76.8517 0.1843 7
86.1118 0.1853 7
94.4929 0.1863 7
102.614 0.1873 7
112.114 0.1883 7
121.028 0.1893 7
125.205 0.1903 7
133.342 0.1913 7
153.268 0.1923 7
157.367 0.1933 7
168.59 0.1943 7
181.369 0.1953 7
194.898 0.1963 7
212.506 0.1973 7
218.37 0.1983 7
223.035 0.1993 7
223.233 0.2003 7
214.37 0.2013 7
210.317 0.2023 7
201.353 0.2033 7
191.575 0.2043 7
178.584 0.2053 7
168.564 0.2063 7
157.94 0.2073 7
141.709 0.2083 7
131.696 0.2093 7
123.328 0.2103 7
113.219 0.2113 7
108.201 0.2123 7
96.715 0.2133 7
87.347 0.2143 7
80.4995 0.2153 7
75.9907 0.2163 7
67.2712 0.2173 7
60.4344 0.2183 7
52.8737 0.2193 7
43.8664 0.2203 7
39.1301 0.2213 7
34.2907 0.2223 7
29.4904 0.2233 7
28.382 0.2243 7
28.2914 0.2253 7
28.9674 0.2263 7
29.5854 0.2273 7
34.2244 0.2283 7
33.2183 0.2293 7
34.9837 0.2303 7
37.8403 0.2313 7
40.2722 0.2323 7
46.0464 0.2333 7
50.5468 0.2343 7
52.9707 0.2353 7
55.4409 0.2363 7
57.1856 0.2373 7
59.8289 0.2383 7
62.5462 0.2393 7
65.6632 0.2403 7
70.4564 0.2413 7
73.2885 0.2423 7
75.874 0.2433 7
82.6021 0.2443 7
84.6332 0.2453 7
85.6187 0.2463 7
87.5875 0.2473 7
89.3824 0.2483 7
88.5596 0.2493 7
86.3331 0.2503 7
83.7903 0.2513 7
78.307 0.2523 7
75.4473 0.2533 7
69.8273 0.2543 7
67.2794 0.2553 7
63.1909 0.2563 7
60.7068 0.2573 7
58.9506 0.2583 7
58.22 0.2593 7
59.0153 0.2603 7
59.686 0.2613 7
61.894 0.2623 7
64.4708 0.2633 7
68.9452 0.2643 7
73.1332 0.2653 7
76.8406 0.2663 7
79.2466 0.2673 7
80.6988 0.2683 7
81.2804 0.2693 7
80.3055 0.2703 7
78.6654 0.2713 7
76.7226 0.2723 7
73.0329 0.2733 7
68.8464 0.2743 7
63.5893 0.2753 7
58.5982 0.2763 7
54.9464 0.2773 7
49.5473 0.2783 7
45.8506 0.2793 7
42.4022 0.2803 7
41.182 0.2813 7
40.249 0.2823 7
40.5247 0.2833 7
40.4054 0.2843 7
42.1704 0.2853 7
44.505 0.2863 7
47.5824 0.2873 7
49.0634 0.2883 7
51.0484 0.2893 7
52.7087 0.2903 7
55.4563 0.2913 7
56.5226 0.2923 7
55.9788 0.2933 7
54.2258 0.2943 7
52.977 0.2953 7
51.6971 0.2963 7
48.272 0.2973 7
44.7824 0.2983 7
41.5225 0.2993 7
37.7845 0.3003 7
34.0993 0.3013 7
29.7624 0.3023 7
27.8646 0.3033 7
24.9144 0.3043 7
23.2347 0.3053 7
23.634 0.3063 7
24.4636 0.3073 7
24.9199 0.3083 7
26.6879 0.3093 7
29.465 0.3103 7
32.7186 0.3113 7
35.7869 0.3123 7
38.5069 0.3133 7
40.5406 0.3143 7
43.6999 0.3153 7
48.0342 0.3163 7
50.6487 0.3173 7
52.8122 0.3183 7
53.992 0.3193 7
54.002 0.3203 7
9.01488 0.0833 8
13.7521 0.0843 8
17.0727 0.0853 8
21.9876 0.0863 8
27.0148 0.0873 8
31.9094 0.0883 8
37.368 0.0893 8
40.8993 0.0903 8
44.0621 0.0913 8
46.27 0.0923 8
47.4282 0.0933 8
47.5041 0.0943 8
46.5285 0.0953 8
45.2617 0.0963 8
42.6592 0.0973 8
39.5435 0.0983 8
35.5991 0.0993 8
31.4919 0.1003 8
28.0453 0.1013 8
24.4019 0.1023 8
22.4322 0.1033 8
23.0964 0.1043 8
18.7276 0.1053 8
17.6627 0.1063 8
18.8748 0.1073 8
20.8183 0.1083 8
25.2247 0.1093 8
20.7892 0.1103 8
21.9815 0.1113 8
17.1964 0.1123 8
15.957 0.1133 8
14.7153 0.1143 8
12.8162 0.1153 8
16.2911 0.1163 8
15.6845 0.1173 8
17.2905 0.1183 8
21.5352 0.1193 8
24.1514 0.1203 8
24.6984 0.1213 8
26.1075 0.1223 8
27.006 0.1233 8
31.4176 0.1243 8
33.7856 0.1253 8
39.2175 0.1263 8
40.3304 0.1273 8
42.3508 0.1283 8
45.2075 0.1293 8
45.6666 0.1303 8
45.5164 0.1313 8
45.1172 0.1323 8
41.406 0.1333 8
37.6323 0.1343 8
34.6341 0.1353 8
30.6638 0.1363 8
25.6402 0.1373 8
20.3251 0.1383 8
18.8352 0.1393 8
13.8328 0.1403 8
12.5067 0.1413 8
12.7217 0.1423 8
13.427 0.1433 8
15.2641 0.1443 8
18.4591 0.1453 8
21.3297 0.1463 8
25.9262 0.1473 8
31.6478 0.1483 8
36.8135 0.1493 8
39.7817 0.1503 8
42.4775 0.1513 8
45.19 0.1523 8
46.2037 0.1533 8
47.2615 0.1543 8
45.449 0.1553 8
44.3154 0.1563 8
42.1472 0.1573 8
35.434 0.1583 8
32.2351 0.1593 8
29.6351 0.1603 8
27.8571 0.1613 8
25.7499 0.1623 8
23.4342 0.1633 8
22.2165 0.1643 8
23.7674 0.1653 8
26.7765 0.1663 8
29.1142 0.1673 8
34.6448 0.1683 8
39.8664 0.1693 8
44.8983 0.1703 8
49.5875 0.1713 8
55.438 0.1723 8
57.7262 0.1733 8
61.0765 0.1743 8
60.5214 0.1753 8
62.3817 0.1763 8
60.519 0.1773 8
57.5759 0.1783 8
51.5096 0.1793 8
47.3822 0.1803 8
46.4407 0.1813 8
40.8887 0.1823 8
34.8301 0.1833 8
31.2466 0.1843 8
31.0805 0.1853 8
32.2692 0.1863 8
37.7625 0.1873 8
47.831 0.1883 8
56.7061 0.1893 8
68.5249 0.1903 8
76.4854 0.1913 8
89.9998 0.1923 8
102.192 0.1933 8
114.134 0.1943 8
126.541 0.1953 8
147.101 0.1963 8
158.012 0.1973 8
167.164 0.1983 8
177.126 0.1993 8
173.315 0.2003 8
179.579 0.2013 8
177.052 0.2023 8
172.722 0.2033 8
163.474 0.2043 8
150.324 0.2053 8
132.659 0.2063 8
114.678 0.2073 8
101.005 0.2083 8
86.8432 0.2093 8
70.9076 0.2103 8
56.1788 0.2113 8
47.6426 0.2123 8
40.1721 0.2133 8
37.1465 0.2143 8
37.1425 0.2153 8
43.8501 0.2163 8
53.0099 0.2173 8
64.4308 0.2183 8
73.7374 0.2193 8
85.6501 0.2203 8
98.2963 0.2213 8
113.49 0.2223 8
120.924 0.2233 8
132.375 0.2243 8
138.261 0.2253 8
144.608 0.2263 8
148.86 0.2273 8
150.792 0.2283 8
153.324 0.2293 8
146.999 0.2303 8
142.16 0.2313 8
138.311 0.2323 8
134.023 0.2333 8
128.645 0.2343 8
123.782 0.2353 8
123.731 0.2363 8
122.449 0.2373 8
117.159 0.2383 8
114.622 0.2393 8
113.335 0.2403 8
111.852 0.2413 8
109.837 0.2423 8
108.001 0.2433 8
107.976 0.2443 8
105.887 0.2453 8
102.353 0.2463 8
99.0382 0.2473 8
95.7597 0.2483 8
92.7835 0.2493 8
90.2201 0.2503 8
87.2963 0.2513 8
85.8684 0.2523 8
84.6463 0.2533 8
83.7034 0.2543 8
82.3925 0.2553 8
82.5586 0.2563 8
83.253 0.2573 8
84.463 0.2583 8
83.7252 0.2593 8
88.0364 0.2603 8
89.9688 0.2613 8
91.149 0.2623 8
91.7845 0.2633 8
94.1666 0.2643 8
94.5001 0.2653 8
91.7595 0.2663 8
88.3481 0.2673 8
85.1661 0.2683 8
83.6084 0.2693 8
80.4763 0.2703 8
76.8378 0.2713 8
73.2795 0.2723 8
67.5577 0.2733 8
62.1838 0.2743 8
58.9596 0.2753 8
55.3651 0.2763 8
52.4607 0.2773 8
50.4029 0.2783 8
48.1418 0.2793 8
44.4027 0.2803 8
43.5682 0.2813 8
42.1721 0.2823 8
40.3371 0.2833 8
38.5494 0.2843 8
36.2792 0.2853 8
34.6354 0.2863 8
33.8656 0.2873 8
33.6238 0.2883 8
32.2586 0.2893 8
32.6856 0.2903 8
32.5534 0.2913 8
32.2832 0.2923 8
31.3494 0.2933 8
31.2556 0.2943 8
30.9726 0.2953 8
30.6938 0.2963 8
31.8467 0.2973 8
32.575 0.2983 8
34.6131 0.2993 8
37.1011 0.3003 8
40.0135 0.3013 8
41.7966 0.3023 8
45.3011 0.3033 8
47.2869 0.3043 8
50.4562 0.3053 8
52.3814 0.3063 8
53.1351 0.3073 8
52.2667 0.3083 8
52.8791 0.3093 8
51.5399 0.3103 8
50.0218 0.3113 8
47.0726 0.3123 8
44.1002 0.3133 8
40.6352 0.3143 8
36.0603 0.3153 8
31.7673 0.3163 8
32.5564 0.0833 9
37.2201 0.0843 9
42.8638 0.0853 9
47.5404 0.0863 9
51.087 0.0873 9
52.4855 0.0883 9
55.8434 0.0893 9
55.6534 0.0903 9
51.8078 0.0913 9
46.0741 0.0923 9
41.3122 0.0933 9
34.643 0.0943 9
24.4565 0.0953 9
21.4857 0.0963 9
15.1714 0.0973 9
14.2679 0.0983 9
16.0538 0.0993 9
19.8197 0.1003 9
20.0238 0.1013 9
28.4332 0.1023 9
40.4963 0.1033 9
60.9686 0.1043 9
80.4857 0.1053 9
102.008 0.1063 9
123.273 0.1073 9
145.683 0.1083 9
167.675 0.1093 9
185.083 0.1103 9
191.072 0.1113 9
209.398 0.1123 9
220.723 0.1133 9
226.01 0.1143 9
224.406 0.1153 9
221.863 0.1163 9
225.396 0.1173 9
212.535 0.1183 9
204.814 0.1193 9
190.813 0.1203 9
175.826 0.1213 9
169.025 0.1223 9
158.225 0.1233 9
148.68 0.1243 9
133.264 0.1253 9
122.409 0.1263 9
111.875 0.1273 9
102.315 0.1283 9
96.3616 0.1293 9
85.1537 0.1303 9
74.298 0.1313 9
62.9507 0.1323 9
54.5547 0.1333 9
49.6501 0.1343 9
42.065 0.1353 9
33.1076 0.1363 9
25.6244 0.1373 9
21.1763 0.1383 9
16.7413 0.1393 9
11.9412 0.1403 9
8.3555 0.1413 9
8.31155 0.1423 9
9.8926 0.1433 9
11.9046 0.1443 9
14.6924 0.1453 9
20.6265 0.1463 9
28.035 0.1473 9
36.9487 0.1483 9
43.0709 0.1493 9
47.2078 0.1503 9
56.2778 0.1513 9
65.5282 0.1523 9
70.7118 0.1533 9
78.6298 0.1543 9
86.7421 0.1553 9
96.044 0.1563 9
102.28 0.1573 9
111.691 0.1583 9
130.056 0.1593 9
140.897 0.1603 9
150.882 0.1613 9
164.43 0.1623 9
182.628 0.1633 9
191.153 0.1643 9
203.08 0.1653 9
215.156 0.1663 9
220.161 0.1673 9
229.507 0.1683 9
230.37 0.1693 9
229.629 0.1703 9
232.942 0.1713 9
234.613 0.1723 9
227.757 0.1733 9
219.732 0.1743 9
210.968 0.1753 9
197.866 0.1763 9
190.464 0.1773 9
180.876 0.1783 9
163.903 0.1793 9
152.964 0.1803 9
145.339 0.1813 9
138.208 0.1823 9
133.907 0.1833 9
129.416 0.1843 9
131.972 0.1853 9
134.039 0.1863 9
145.289 0.1873 9
157.227 0.1883 9
171.588 0.1893 9
187.022 0.1903 9
202.794 0.1913 9
217.282 0.1923 9
229.657 0.1933 9
238.731 0.1943 9
243.858 0.1953 9
244.441 0.1963 9
239.015 0.1973 9
229.017 0.1983 9
213.47 0.1993 9
194.878 0.2003 9
172.215 0.2013 9
148.616 0.2023 9
125.561 0.2033 9
103.018 0.2043 9
82.562 0.2053 9
64.674 0.2063 9
52.5637 0.2073 9
43.6911 0.2083 9
43.212 0.2093 9
45.1927 0.2103 9
57.5766 0.2113 9
71.2358 0.2123 9
87.8174 0.2133 9
107.289 0.2143 9
130.608 0.2153 9
148.759 0.2163 9
167.001 0.2173 9
182.261 0.2183 9
193.023 0.2193 9
198.945 0.2203 9
205.323 0.2213 9
206.463 0.2223 9
203.481 0.2233 9
198.627 0.2243 9
192.377 0.2253 9
186.653 0.2263 9
178.137 0.2273 9
169.495 0.2283 9
162.841 0.2293 9
154.116 0.2303 9
154.158 0.2313 9
152.018 0.2323 9
145.491 0.2333 9
141.959 0.2343 9
136.338 0.2353 9
141.773 0.2363 9
142.814 0.2373 9
142.48 0.2383 9
135.529 0.2393 9
129.927 0.2403 9
123.864 0.2413 9
119.689 0.2423 9
113.797 0.2433 9
110.117 0.2443 9
102.632 0.2453 9
95.2542 0.2463 9
90.4746 0.2473 9
86.9055 0.2483 9
81.4897 0.2493 9
79.8175 0.2503 9
79.9384 0.2513 9
79.9956 0.2523 9
77.3338 0.2533 9
74.2212 0.2543 9
72.9114 0.2553 9
70.5059 0.2563 9
66.2603 0.2573 9
61.6066 0.2583 9
57.9944 0.2593 9
54.8383 0.2603 9
50.6911 0.2613 9
44.3663 0.2623 9
37.5557 0.2633 9
35.4404 0.2643 9
31.1356 0.2653 9
30.8337 0.2663 9
31.2633 0.2673 9
31.9415 0.2683 9
35.675 0.2693 9
41.5286 0.2703 9
47.795 0.2713 9
53.0231 0.2723 9
63.2688 0.2733 9
71.0757 0.2743 9
78.4885 0.2753 9
84.6192 0.2763 9
91.0962 0.2773 9
96.478 0.2783 9
99.6018 0.2793 9
102.287 0.2803 9
102.947 0.2813 9
102.302 0.2823 9
98.3524 0.2833 9
97.0412 0.2843 9
91.279 0.2853 9
85.7781 0.2863 9
77.6957 0.2873 9
71.3408 0.2883 9
62.4618 0.2893 9
56.4414 0.2903 9
51.4763 0.2913 9
45.0319 0.2923 9
41.0898 0.2933 9
36.5769 0.2943 9
35.5525 0.2953 9
36.7394 0.2963 9
40.4462 0.2973 9
40.0797 0.2983 9
44.6587 0.2993 9
50.1204 0.3003 9
56.0144 0.3013 9
62.8388 0.3023 9
67.8662 0.3033 9
72.1048 0.3043 9
75.9736 0.3053 9
77.583 0.3063 9
77.6634 0.3073 9
75.9564 0.3083 9
72.8735 0.3093 9
68.1519 0.3103 9
62.2411 0.3113 9
54.7666 0.3123 9
28.9892 0.0833 10
29.1466 0.0843 10
29.1309 0.0853 10
28.8878 0.0863 10
28.3862 0.0873 10
27.6245 0.0883 10
26.6333 0.0893 10
25.4764 0.0903 10
24.2484 0.0913 10
23.0686 0.0923 10
22.0715 0.0933 10
21.3943 0.0943 10
21.1637 0.0953 10
21.4812 0.0963 10
22.4105 0.0973 10
23.9674 0.0983 10
26.1135 0.0993 10
28.7554 0.1003 10
31.7491 0.1013 10
34.9094 0.1023 10
38.0238 0.1033 10
40.8704 0.1043 10
43.2361 0.1053 10
44.935 0.1063 10
45.8249 0.1073 10
45.8192 0.1083 10
44.8939 0.1093 10
43.0889 0.1103 10
40.5027 0.1113 10
37.283 0.1123 10
33.6117 0.1133 10
29.6887 0.1143 10
25.7142 0.1153 10
21.873 0.1163 10
18.3216 0.1173 10
15.1793 0.1183 10
12.5246 0.1193 10
10.3969 0.1203 10
8.80199 0.1213 10
7.8696 0.1223 10
7.27934 0.1233 10
7.15854 0.1243 10
7.5498 0.1253 10
8.05379 0.1263 10
9.28765 0.1273 10
11.1033 0.1283 10
13.7238 0.1293 10
16.7373 0.1303 10
19.7837 0.1313 10
26.4895 0.1323 10
30.9391 0.1333 10
35.6712 0.1343 10
39.572 0.1353 10
44.485 0.1363 10
46.2297 0.1373 10
53.5969 0.1383 10
57.1999 0.1393 10
60.7464 0.1403 10
58.7823 0.1413 10
59.7855 0.1423 10
61.1666 0.1433 10
58.5312 0.1443 10
60.6905 0.1453 10
63.8374 0.1463 10
66.7367 0.1473 10
65.4073 0.1483 10
66.2328 0.1493 10
70.8675 0.1503 10
77.7791 0.1513 10
88.5569 0.1523 10
98.0184 0.1533 10
110.015 0.1543 10
127.146 0.1553 10
144.21 0.1563 10
157.185 0.1573 10
170.618 0.1583 10
175.787 0.1593 10
181.207 0.1603 10
184.943 0.1613 10
188.107 0.1623 10
187.314 0.1633 10
184.062 0.1643 10
173.517 0.1653 10
161.714 0.1663 10
153.965 0.1673 10
147.5 0.1683 10
144.379 0.1693 10
149.432 0.1703 10
147.268 0.1713 10
150.464 0.1723 10
162.353 0.1733 10
177.731 0.1743 10
199.364 0.1753 10
225.473 0.1763 10
243.851 0.1773 10
265.633 0.1783 10
281.904 0.1793 10
306.891 0.1803 10
322.945 0.1813 10
334.18 0.1823 10
352.04 0.1833 10
363.45 0.1843 10
362.09 0.1853 10
354.771 0.1863 10
350.339 0.1873 10
353.63 0.1883 10
339.111 0.1893 10
325.454 0.1903 10
308.078 0.1913 10
288.14 0.1923 10
274.502 0.1933 10
255.466 0.1943 10
241.68 0.1953 10
223.358 0.1963 10
216.871 0.1973 10
209.189 0.1983 10
197.384 0.1993 10
191.958 0.2003 10
199.657 0.2013 10
211.914 0.2023 10
213.644 0.2033 10
215.973 0.2043 10
210.442 0.2053 10
207.235 0.2063 10
205.146 0.2073 10
204.531 0.2083 10
198.428 0.2093 10
193.052 0.2103 10
180.329 0.2113 10
169.347 0.2123 10
152.32 0.2133 10
137.156 0.2143 10
126.068 0.2153 10
109.545 0.2163 10
92.7876 0.2173 10
76.7932 0.2183 10
63.9551 0.2193 10
55.3553 0.2203 10
49.4957 0.2213 10
46.6515 0.2223 10
43.3492 0.2233 10
44.4793 0.2243 10
47.0306 0.2253 10
53.2121 0.2263 10
59.7639 0.2273 10
66.4497 0.2283 10
74.2187 0.2293 10
80.8486 0.2303 10
88.8324 0.2313 10
90.6588 0.2323 10
92.2552 0.2333 10
91.9919 0.2343 10
89.1876 0.2353 10
86.2661 0.2363 10
79.6886 0.2373 10
73.3126 0.2383 10
68.0753 0.2393 10
62.0502 0.2403 10
56.1445 0.2413 10
50.7449 0.2423 10
46.2999 0.2433 10
41.6029 0.2443 10
38.2594 0.2453 10
35.1782 0.2463 10
32.0212 0.2473 10
29.8832 0.2483 10
27.6068 0.2493 10
25.0536 0.2503 10
23.3412 0.2513 10
20.4659 0.2523 10
18.3976 0.2533 10
17.0703 0.2543 10
15.8629 0.2553 10
14.8846 0.2563 10
15.1098 0.2573 10
15.9078 0.2583 10
18.9643 0.2593 10
21.9737 0.2603 10
26.645 0.2613 10
31.6682 0.2623 10
36.5019 0.2633 10
40.7111 0.2643 10
45.1066 0.2653 10
48.7862 0.2663 10
51.9395 0.2673 10
54.5344 0.2683 10
54.9862 0.2693 10
53.9171 0.2703 10
51.0995 0.2713 10
47.3537 0.2723 10
43.4717 0.2733 10
39.7139 0.2743 10
35.2821 0.2753 10
32.9305 0.2763 10
29.832 0.2773 10
27.3231 0.2783 10
25.6512 0.2793 10
24.3767 0.2803 10
23.7145 0.2813 10
23.9803 0.2823 10
25.0965 0.2833 10
27.3877 0.2843 10
28.8727 0.2853 10
29.6097 0.2863 10
30.2508 0.2873 10
30.1551 0.2883 10
29.1543 0.2893 10
27.826 0.2903 10
25.1098 0.2913 10
22.6405 0.2923 10
20.6129 0.2933 10
17.6757 0.2943 10
15.2889 0.2953 10
13.3512 0.2963 10
12.2486 0.2973 10
11.6212 0.2983 10
11.849 0.2993 10
13.1739 0.3003 10
13.8926 0.3013 10
15.8401 0.3023 10
18.1082 0.3033 10
20.7908 0.3043 10
23.5857 0.3053 10
25.8943 0.3063 10
27.8431 0.3073 10
56.5126 0.0833 11
61.1014 0.0843 11
60.5927 0.0853 11
66.8272 0.0863 11
68.8595 0.0873 11
70.9607 0.0883 11
78.3063 0.0893 11
74.6539 0.0903 11
77.3487 0.0913 11
81.3542 0.0923 11
94.8263 0.0933 11
100.481 0.0943 11
97.736 0.0953 11
104.77 0.0963 11
101.534 0.0973 11
102.494 0.0983 11
101.52 0.0993 11
100.878 0.1003 11
86.786 0.1013 11
82.6523 0.1023 11
82.9986 0.1033 11
75.6406 0.1043 11
68.9447 0.1053 11
60.723 0.1063 11
53.49 0.1073 11
53.2893 0.1083 11
46.7383 0.1093 11
45.8871 0.1103 11
46.2188 0.1113 11
44.6517 0.1123 11
42.161 0.1133 11
47.6782 0.1143 11
49.9898 0.1153 11
59.0072 0.1163 11
67.1281 0.1173 11
76.0316 0.1183 11
86.6644 0.1193 11
100.217 0.1203 11
108.306 0.1213 11
114.61 0.1223 11
109.589 0.1233 11
115.905 0.1243 11
118.918 0.1253 11
121.567 0.1263 11
120.266 0.1273 11
118.186 0.1283 11
115.856 0.1293 11
108.861 0.1303 11
99.4126 0.1313 11
95.9238 0.1323 11
87.9926 0.1333 11
82.0651 0.1343 11
76.7929 0.1353 11
75.1552 0.1363 11
74.3732 0.1373 11
77.1929 0.1383 11
79.8979 0.1393 11
82.8277 0.1403 11
89.9246 0.1413 11
100.575 0.1423 11
109.382 0.1433 11
128.327 0.1443 11
141.337 0.1453 11
153.727 0.1463 11
165.118 0.1473 11
175.096 0.1483 11
186.925 0.1493 11
192.463 0.1503 11
199.538 0.1513 11
202.947 0.1523 11
212.59 0.1533 11
213.531 0.1543 11
213.576 0.1553 11
209.32 0.1563 11
212.295 0.1573 11
209.171 0.1583 11
211.622 0.1593 11
211.421 0.1603 11
211.556 0.1613 11
212.061 0.1623 11
211.092 0.1633 11
212.442 0.1643 11
211.464 0.1653 11
210.04 0.1663 11
207.661 0.1673 11
204.125 0.1683 11
199.299 0.1693 11
193.376 0.1703 11
185.741 0.1713 11
176.954 0.1723 11
170.952 0.1733 11
157.886 0.1743 11
146.719 0.1753 11
134.483 0.1763 11
126.771 0.1773 11
117.652 0.1783 11
105.359 0.1793 11
99.5389 0.1803 11
89.8303 0.1813 11
81.8972 0.1823 11
74.7386 0.1833 11
68.2787 0.1843 11
64.2986 0.1853 11
59.4052 0.1863 11
55.8529 0.1873 11
51.1997 0.1883 11
46.7827 0.1893 11
42.588 0.1903 11
37.0775 0.1913 11
32.8914 0.1923 11
28.3946 0.1933 11
25.665 0.1943 11
23.5567 0.1953 11
22.0389 0.1963 11
19.6882 0.1973 11
19.4671 0.1983 11
19.6187 0.1993 11
20.4489 0.2003 11
21.6989 0.2013 11
23.8715 0.2023 11
25.4916 0.2033 11
27.5793 0.2043 11
28.8948 0.2053 11
29.8687 0.2063 11
30.4372 0.2073 11
30.619 0.2083 11
30.7287 0.2093 11
30.1155 0.2103 11
29.4907 0.2113 11
28.7458 0.2123 11
28.9334 0.2133 11
29.0836 0.2143 11
29.4036 0.2153 11
30.6153 0.2163 11
31.499 0.2173 11
34.2056 0.2183 11
37.0535 0.2193 11
40.9839 0.2203 11
45.3416 0.2213 11
49.2329 0.2223 11
52.9717 0.2233 11
55.7961 0.2243 11
57.8883 0.2253 11
59.1096 0.2263 11
59.9451 0.2273 11
60.413 0.2283 11
60.017 0.2293 11
57.6541 0.2303 11
54.2197 0.2313 11
50.0381 0.2323 11
46.5242 0.2333 11
41.6963 0.2343 11
37.6247 0.2353 11
34.2217 0.2363 11
29.9261 0.2373 11
26.609 0.2383 11
24.7618 0.2393 11
23.5315 0.2403 11
21.0133 0.2413 11
20.2563 0.2423 11
19.8919 0.2433 11
19.5233 0.2443 11
20.1131 0.2453 11
21.1469 0.2463 11
22.2305 0.2473 11
23.3756 0.2483 11
24.7135 0.2493 11
25.4246 0.2503 11
26.6036 0.2513 11
28.5747 0.2523 11
26.8561 0.2533 11
27.1232 0.2543 11
27.5858 0.2553 11
27.6261 0.2563 11
27.7414 0.2573 11
30.3351 0.2583 11
31.8923 0.2593 11
33.8517 0.2603 11
34.7356 0.2613 11
35.8332 0.2623 11
39.8152 0.2633 11
37.1361 0.2643 11
36.0992 0.2653 11
35.8904 0.2663 11
34.3182 0.2673 11
33.4778 0.2683 11
31.2307 0.2693 11
30.7012 0.2703 11
31.6512 0.2713 11
29.0029 0.2723 11
27.582 0.2733 11
24.8785 0.2743 11
23.5984 0.2753 11
22.4496 0.2763 11
20.8486 0.2773 11
20.5005 0.2783 11
19.5509 0.2793 11
19.6403 0.2803 11
19.0133 0.2813 11
18.88 0.2823 11
18.6357 0.2833 11
18.8043 0.2843 11
19.3557 0.2853 11
20.0185 0.2863 11
20.6239 0.2873 11
20.6598 0.2883 11
21.7266 0.2893 11
24.1584 0.2903 11
25.2992 0.2913 11
28.3085 0.2923 11
31.2032 0.2933 11
36.9676 0.2943 11
41.1493 0.2953 11
45.1955 0.2963 11
51.2711 0.2973 11
55.6668 0.2983 11
60.1829 0.2993 11
63.5371 0.3003 11
67.1831 0.3013 11
96.426 0.0833 12
100.919 0.0843 12
103.745 0.0853 12
104.96 0.0863 12
104.687 0.0873 12
103.096 0.0883 12
100.378 0.0893 12
96.7263 0.0903 12
92.3166 0.0913 12
87.3005 0.0923 12
81.8027 0.0933 12
75.9264 0.0943 12
69.7637 0.0953 12
63.409 0.0963 12
56.9732 0.0973 12
50.5951 0.0983 12
44.4486 0.0993 12
38.7424 0.1003 12
33.7136 0.1013 12
29.6132 0.1023 12
26.6861 0.1033 12
25.1481 0.1043 12
25.1612 0.1053 12
26.8122 0.1063 12
30.0964 0.1073 12
34.9099 0.1083 12
41.051 0.1093 12
48.2334 0.1103 12
56.1084 0.1113 12
64.2955 0.1123 12
72.419 0.1133 12
80.1457 0.1143 12
87.2202 0.1153 12
93.4943 0.1163 12
98.9968 0.1173 12
104.081 0.1183 12
108.423 0.1193 12
112.882 0.1203 12
117.13 0.1213 12
122.737 0.1223 12
128.732 0.1233 12
136.932 0.1243 12
146.894 0.1253 12
157.644 0.1263 12
173.574 0.1273 12
188.52 0.1283 12
207.116 0.1293 12
223.89 0.1303 12
239.321 0.1313 12
254.212 0.1323 12
264.941 0.1333 12
272.171 0.1343 12
276.797 0.1353 12
284.9 0.1363 12
284.516 0.1373 12
278.418 0.1383 12
274.445 0.1393 12
260.405 0.1403 12
244.865 0.1413 12
232.773 0.1423 12
218.039 0.1433 12
198.261 0.1443 12
182.517 0.1453 12
165.018 0.1463 12
154.497 0.1473 12
144.625 0.1483 12
138.915 0.1493 12
139.797 0.1503 12
139.956 0.1513 12
137.007 0.1523 12
147.368 0.1533 12
153.662 0.1543 12
162.034 0.1553 12
171.361 0.1563 12
178.615 0.1573 12
182.267 0.1583 12
184.26 0.1593 12
182.484 0.1603 12
168.886 0.1613 12
159.692 0.1623 12
146.276 0.1633 12
134.852 0.1643 12
118.442 0.1653 12
105.813 0.1663 12
87.3173 0.1673 12
71.0674 0.1683 12
57.0459 0.1693 12
47.5267 0.1703 12
38.0822 0.1713 12
29.4229 0.1723 12
19.5693 0.1733 12
16.1742 0.1743 12
16.0211 0.1753 12
19.2571 0.1763 12
21.2752 0.1773 12
26.2909 0.1783 12
31.3696 0.1793 12
36.3122 0.1803 12
41.1871 0.1813 12
44.2508 0.1823 12
49.5897 0.1833 12
53.9639 0.1843 12
56.0461 0.1853 12
56.5602 0.1863 12
54.6076 0.1873 12
57.6694 0.1883 12
56.5138 0.1893 12
59.9749 0.1903 12
60.8746 0.1913 12
61.7535 0.1923 12
62.8107 0.1933 12
63.2973 0.1943 12
64.7102 0.1953 12
68.9891 0.1963 12
74.1854 0.1973 12
77.9468 0.1983 12
79.2584 0.1993 12
81.4076 0.2003 12
80.1751 0.2013 12
81.0307 0.2023 12
77.7126 0.2033 12
70.3968 0.2043 12
63.6829 0.2053 12
58.7393 0.2063 12
49.2365 0.2073 12
40.8536 0.2083 12
32.5024 0.2093 12
25.3828 0.2103 12
19.6384 0.2113 12
14.4553 0.2123 12
11.1975 0.2133 12
10.9583 0.2143 12
10.637 0.2153 12
14.0291 0.2163 12
18.7786 0.2173 12
27.5665 0.2183 12
36.5272 0.2193 12
45.6069 0.2203 12
58.4049 0.2213 12
67.47 0.2223 12
79.6373 0.2233 12
94.3337 0.2243 12
108.397 0.2253 12
118.45 0.2263 12
126.002 0.2273 12
133.789 0.2283 12
137.746 0.2293 12
139.257 0.2303 12
138.14 0.2313 12
136.404 0.2323 12
127.945 0.2333 12
122.78 0.2343 12
114.961 0.2353 12
109.718 0.2363 12
98.1529 0.2373 12
89.2261 0.2383 12
79.7315 0.2393 12
67.5827 0.2403 12
57.0469 0.2413 12
48.8803 0.2423 12
40.0333 0.2433 12
31.4164 0.2443 12
26.8398 0.2453 12
21.7659 0.2463 12
18.179 0.2473 12
15.6054 0.2483 12
13.9597 0.2493 12
13.268 0.2503 12
13.3187 0.2513 12
13.9992 0.2523 12
14.147 0.2533 12
14.1371 0.2543 12
14.9442 0.2553 12
15.2684 0.2563 12
17.4077 0.2573 12
17.065 0.2583 12
16.7945 0.2593 12
15.7124 0.2603 12
14.211 0.2613 12
13.1063 0.2623 12
11.6414 0.2633 12
9.93255 0.2643 12
8.39197 0.2653 12
7.10819 0.2663 12
6.69109 0.2673 12
6.37989 0.2683 12
6.0091 0.2693 12
5.90648 0.2703 12
5.80044 0.2713 12
6.30731 0.2723 12
6.56378 0.2733 12
6.27764 0.2743 12
6.43895 0.2753 12
6.52289 0.2763 12
6.52253 0.2773 12
5.78128 0.2783 12
5.92945 0.2793 12
5.87013 0.2803 12
5.90067 0.2813 12
5.87526 0.2823 12
6.0022 0.2833 12
6.53414 0.2843 12
7.46103 0.2853 12
8.0684 0.2863 12
8.90069 0.2873 12
9.44134 0.2883 12
10.1906 0.2893 12
10.7654 0.2903 12
11.4651 0.2913 12
12.0239 0.2923 12
12.647 0.2933 12
13.1999 0.2943 12
13.6741 0.2953 12
69.1261 0.0833 13
69.8582 0.0843 13
65.777 0.0853 13
67.2976 0.0863 13
69.1443 0.0873 13
70.729 0.0883 13
75.9161 0.0893 13
81.3141 0.0903 13
84.9362 0.0913 13
88.8049 0.0923 13
89.1507 0.0933 13
93.3041 0.0943 13
96.5533 0.0953 13
100.858 0.0963 13
104.929 0.0973 13
103.083 0.0983 13
105.128 0.0993 13
103.549 0.1003 13
105.022 0.1013 13
105.173 0.1023 13
100.029 0.1033 13
95.9803 0.1043 13
90.4826 0.1053 13
83.8919 0.1063 13
76.4218 0.1073 13
72.0081 0.1083 13
68.4343 0.1093 13
65.3027 0.1103 13
63.4309 0.1113 13
62.0743 0.1123 13
60.501 0.1133 13
59.7946 0.1143 13
59.8913 0.1153 13
58.6301 0.1163 13
57.7787 0.1173 13
56.4185 0.1183 13
57.0505 0.1193 13
57.1145 0.1203 13
58.5785 0.1213 13
62.4928 0.1223 13
65.897 0.1233 13
70.0765 0.1243 13
74.3963 0.1253 13
76.4919 0.1263 13
83.61 0.1273 13
93.103 0.1283 13
96.0711 0.1293 13
96.2673 0.1303 13
97.8959 0.1313 13
106.588 0.1323 13
103.723 0.1333 13
103.794 0.1343 13
103.207 0.1353 13
102.423 0.1363 13
99.4645 0.1373 13
96.808 0.1383 13
94.0957 0.1393 13
90.8404 0.1403 13
90.2334 0.1413 13
88.2299 0.1423 13
92.6548 0.1433 13
99.7376 0.1443 13
108.066 0.1453 13
113.543 0.1463 13
121.633 0.1473 13
131.867 0.1483 13
137.012 0.1493 13
146.99 0.1503 13
155.49 0.1513 13
162.901 0.1523 13
169.101 0.1533 13
173.027 0.1543 13
175.803 0.1553 13
178.486 0.1563 13
178.775 0.1573 13
178.703 0.1583 13
187.576 0.1593 13
189.163 0.1603 13
190.779 0.1613 13
196.266 0.1623 13
195.608 0.1633 13
201.496 0.1643 13
206.515 0.1653 13
215.056 0.1663 13
221.587 0.1673 13
227.698 0.1683 13
240.477 0.1693 13
244.582 0.1703 13
238.881 0.1713 13
242.027 0.1723 13
231.836 0.1733 13
226.613 0.1743 13
218.451 0.1753 13
208.384 0.1763 13
195.927 0.1773 13
183.87 0.1783 13
171.846 0.1793 13
162.166 0.1803 13
152.957 0.1813 13
145.215 0.1823 13
142.061 0.1833 13
136.265 0.1843 13
135.022 0.1853 13
135.775 0.1863 13
137.197 0.1873 13
139.855 0.1883 13
135.331 0.1893 13
142.47 0.1903 13
143.145 0.1913 13
142.908 0.1923 13
140.287 0.1933 13
135.142 0.1943 13
129.637 0.1953 13
120.061 0.1963 13
110.436 0.1973 13
98.5907 0.1983 13
88.1058 0.1993 13
75.66 0.2003 13
63.1627 0.2013 13
51.5868 0.2023 13
39.4721 0.2033 13
34.9095 0.2043 13
28.6745 0.2053 13
25.021 0.2063 13
23.2183 0.2073 13
22.3628 0.2083 13
23.853 0.2093 13
25.8781 0.2103 13
26.8017 0.2113 13
29.6544 0.2123 13
32.3398 0.2133 13
32.5073 0.2143 13
34.8764 0.2153 13
36.1992 0.2163 13
37.5345 0.2173 13
34.9378 0.2183 13
35.7105 0.2193 13
36.2309 0.2203 13
37.1861 0.2213 13
38.4304 0.2223 13
41.175 0.2233 13
43.9892 0.2243 13
44.9367 0.2253 13
46.7918 0.2263 13
47.8274 0.2273 13
50.0186 0.2283 13
51.5356 0.2293 13
54.5501 0.2303 13
52.7323 0.2313 13
51.5986 0.2323 13
52.0212 0.2333 13
52.0798 0.2343 13
50.3028 0.2353 13
50.3176 0.2363 13
48.8222 0.2373 13
48.6879 0.2383 13
48.1278 0.2393 13
48.2936 0.2403 13
47.6334 0.2413 13
47.7954 0.2423 13
47.718 0.2433 13
48.6586 0.2443 13
50.4512 0.2453 13
50.8605 0.2463 13
51.0859 0.2473 13
50.4239 0.2483 13
51.0645 0.2493 13
49.1932 0.2503 13
47.1086 0.2513 13
45.8032 0.2523 13
43.3226 0.2533 13
42.117 0.2543 13
40.2761 0.2553 13
38.3675 0.2563 13
36.739 0.2573 13
34.2571 0.2583 13
32.2695 0.2593 13
29.993 0.2603 13
28.4841 0.2613 13
26.7463 0.2623 13
24.5251 0.2633 13
24.1702 0.2643 13
22.4809 0.2653 13
21.3178 0.2663 13
19.5474 0.2673 13
18.4378 0.2683 13
17.9682 0.2693 13
16.2746 0.2703 13
16.3695 0.2713 13
16.8829 0.2723 13
17.5904 0.2733 13
17.9688 0.2743 13
20.2625 0.2753 13
21.5636 0.2763 13
22.3939 0.2773 13
23.8208 0.2783 13
24.2021 0.2793 13
24.289 0.2803 13
23.8185 0.2813 13
23.6074 0.2823 13
23.2805 0.2833 13
22.0267 0.2843 13
20.4444 0.2853 13
19.1309 0.2863 13
16.8023 0.2873 13
16.9939 0.2883 13
78.411 0.0833 14
72.9723 0.0843 14
71.0775 0.0853 14
65.5671 0.0863 14
55.1148 0.0873 14
47.949 0.0883 14
40.3448 0.0893 14
37.1586 0.0903 14
33.1078 0.0913 14
29.2782 0.0923 14
23.7458 0.0933 14
21.1915 0.0943 14
19.9287 0.0953 14
18.2505 0.0963 14
17.7217 0.0973 14
19.4072 0.0983 14
22.3529 0.0993 14
24.248 0.1003 14
27.3179 0.1013 14
35.0001 0.1023 14
41.9573 0.1033 14
40.9298 0.1043 14
43.3653 0.1053 14
40.5231 0.1063 14
44.5133 0.1073 14
47.8082 0.1083 14
55.4022 0.1093 14
60.3769 0.1103 14
64.698 0.1113 14
79.1137 0.1123 14
92.9546 0.1133 14
103.953 0.1143 14
103.936 0.1153 14
109.27 0.1163 14
117.022 0.1173 14
126.078 0.1183 14
135.999 0.1193 14
135.77 0.1203 14
132.68 0.1213 14
131.138 0.1223 14
125.388 0.1233 14
113.666 0.1243 14
109.452 0.1253 14
105.169 0.1263 14
102.058 0.1273 14
90.2607 0.1283 14
83.3505 0.1293 14
78.0552 0.1303 14
73.4391 0.1313 14
66.0596 0.1323 14
65.7429 0.1333 14
68.5855 0.1343 14
71.7619 0.1353 14
77.4664 0.1363 14
86.0848 0.1373 14
96.6492 0.1383 14
102.204 0.1393 14
120.963 0.1403 14
132.849 0.1413 14
139.326 0.1423 14
154.892 0.1433 14
164.56 0.1443 14
187.139 0.1453 14
186.605 0.1463 14
191.001 0.1473 14
193.861 0.1483 14
198.987 0.1493 14
196.704 0.1503 14
188.816 0.1513 14
178.322 0.1523 14
165.456 0.1533 14
150.42 0.1543 14
133.494 0.1553 14
113.458 0.1563 14
99.4371 0.1573 14
89.6438 0.1583 14
78.3985 0.1593 14
70.5601 0.1603 14
64.689 0.1613 14
60.8686 0.1623 14
59.8478 0.1633 14
62.0497 0.1643 14
68.3423 0.1653 14
74.2547 0.1663 14
81.7529 0.1673 14
89.7952 0.1683 14
98.6183 0.1693 14
105.81 0.1703 14
107.374 0.1713 14
110.301 0.1723 14
107.609 0.1733 14
105.931 0.1743 14
103.25 0.1753 14
98.7139 0.1763 14
96.5477 0.1773 14
88.9961 0.1783 14
80.515 0.1793 14
72.625 0.1803 14
62.6688 0.1813 14
55.2828 0.1823 14
49.6127 0.1833 14
44.7413 0.1843 14
39.9132 0.1853 14
36.4706 0.1863 14
33.5827 0.1873 14
30.3866 0.1883 14
28.6598 0.1893 14
29.9056 0.1903 14
30.9088 0.1913 14
31.331 0.1923 14
32.1732 0.1933 14
32.8912 0.1943 14
31.3507 0.1953 14
30.8442 0.1963 14
29.5757 0.1973 14
26.6768 0.1983 14
25.3611 0.1993 14
22.834 0.2003 14
20.6729 0.2013 14
18.7539 0.2023 14
18.6259 0.2033 14
18.0552 0.2043 14
18.7236 0.2053 14
20.5863 0.2063 14
23.3734 0.2073 14
26.8245 0.2083 14
31.2392 0.2093 14
35.8129 0.2103 14
40.9088 0.2113 14
44.6535 0.2123 14
48.0039 0.2133 14
50.5956 0.2143 14
52.156 0.2153 14
52.6554 0.2163 14
50.7941 0.2173 14
48.2121 0.2183 14
44.9297 0.2193 14
41.0872 0.2203 14
37.0879 0.2213 14
33.3149 0.2223 14
30.7454 0.2233 14
27.7525 0.2243 14
26.6921 0.2253 14
27.5133 0.2263 14
28.9858 0.2273 14
29.4723 0.2283 14
31.1588 0.2293 14
35.3345 0.2303 14
38.3333 0.2313 14
41.7611 0.2323 14
44.2068 0.2333 14
46.0627 0.2343 14
46.6123 0.2353 14
46.5477 0.2363 14
44.6103 0.2373 14
42.1891 0.2383 14
38.3455 0.2393 14
35.1666 0.2403 14
28.9494 0.2413 14
24.1019 0.2423 14
19.2133 0.2433 14
15.3298 0.2443 14
12.2819 0.2453 14
9.96077 0.2463 14
8.61838 0.2473 14
8.78713 0.2483 14
11.4837 0.2493 14
14.5537 0.2503 14
18.4722 0.2513 14
22.6636 0.2523 14
26.519 0.2533 14
30.6952 0.2543 14
33.3833 0.2553 14
35.505 0.2563 14
37.6257 0.2573 14
38.8755 0.2583 14
38.7996 0.2593 14
37.6663 0.2603 14
36.2844 0.2613 14
33.8086 0.2623 14
31.5896 0.2633 14
27.9438 0.2643 14
25.0932 0.2653 14
22.6372 0.2663 14
20.8237 0.2673 14
18.974 0.2683 14
17.4492 0.2693 14
16.7803 0.2703 14
16.6338 0.2713 14
16.3265 0.2723 14
17.2642 0.2733 14
19.1446 0.2743 14
20.6978 0.2753 14
22.1989 0.2763 14
23.7332 0.2773 14
24.4062 0.2783 14
24.512 0.2793 14
25.5094 0.2803 14
26.099 0.2813 14
66.9148 0.0833 15
56.8245 0.0843 15
48.5439 0.0853 15
41.7918 0.0863 15
36.2832 0.0873 15
31.7517 0.0883 15
27.9669 0.0893 15
24.743 0.0903 15
21.9424 0.0913 15
19.4723 0.0923 15
17.2784 0.0933 15
15.3357 0.0943 15
13.6388 0.0953 15
12.1933 0.0963 15
11.0086 0.0973 15
10.0941 0.0983 15
9.45703 0.0993 15
9.10372 0.1003 15
9.04197 0.1013 15
9.2844 0.1023 15
9.8515 0.1033 15
10.7737 0.1043 15
12.0912 0.1053 15
13.8523 0.1063 15
16.1084 0.1073 15
18.9075 0.1083 15
22.2865 0.1093 15
26.2628 0.1103 15
30.8261 0.1113 15
35.9321 0.1123 15
41.4991 0.1133 15
47.4065 0.1143 15
53.4978 0.1153 15
59.5864 0.1163 15
65.4732 0.1173 15
71.1516 0.1183 15
76.0088 0.1193 15
80.0044 0.1203 15
83.0481 0.1213 15
85.2255 0.1223 15
86.8084 0.1233 15
86.9051 0.1243 15
85.2678 0.1253 15
84.269 0.1263 15
79.4401 0.1273 15
75.2915 0.1283 15
70.3127 0.1293 15
66.21 0.1303 15
59.2686 0.1313 15
51.4087 0.1323 15
45.5652 0.1333 15
40.4183 0.1343 15
37.6881 0.1353 15
34.2918 0.1363 15
32.9394 0.1373 15
33.6737 0.1383 15
36.7292 0.1393 15
38.9855 0.1403 15
41.8016 0.1413 15
45.5468 0.1423 15
48.0067 0.1433 15
49.7639 0.1443 15
55.7756 0.1453 15
61.6895 0.1463 15
66.4943 0.1473 15
65.653 0.1483 15
73.7903 0.1493 15
79.3078 0.1503 15
85.6221 0.1513 15
84.9431 0.1523 15
87.296 0.1533 15
89.5734 0.1543 15
85.9532 0.1553 15
84.278 0.1563 15
82.9723 0.1573 15
79.2425 0.1583 15
73.2151 0.1593 15
68.7851 0.1603 15
66.621 0.1613 15
64.09 0.1623 15
60.8015 0.1633 15
57.7632 0.1643 15
55.4006 0.1653 15
53.1861 0.1663 15
50.8279 0.1673 15
48.0746 0.1683 15
44.7749 0.1693 15
44.2052 0.1703 15
44.8939 0.1713 15
43.995 0.1723 15
45.1533 0.1733 15
43.359 0.1743 15
42.1808 0.1753 15
49.7385 0.1763 15
50.6568 0.1773 15
47.1994 0.1783 15
45.744 0.1793 15
42.0548 0.1803 15
46.7978 0.1813 15
49.5308 0.1823 15
46.445 0.1833 15
47.5821 0.1843 15
47.387 0.1853 15
50.3345 0.1863 15
51.8838 0.1873 15
55.9947 0.1883 15
58.3837 0.1893 15
62.487 0.1903 15
67.5267 0.1913 15
66.2134 0.1923 15
65.3668 0.1933 15
66.9252 0.1943 15
67.2061 0.1953 15
64.3713 0.1963 15
60.3787 0.1973 15
57.3109 0.1983 15
54.2102 0.1993 15
49.8011 0.2003 15
45.499 0.2013 15
42.6598 0.2023 15
39.3788 0.2033 15
34.3254 0.2043 15
31.0572 0.2053 15
29.2071 0.2063 15
29.7086 0.2073 15
34.0452 0.2083 15
35.9286 0.2093 15
40.4301 0.2103 15
46.6633 0.2113 15
52.16 0.2123 15
57.4103 0.2133 15
62.6938 0.2143 15
70.3437 0.2153 15
74.5585 0.2163 15
78.7299 0.2173 15
79.1741 0.2183 15
79.6026 0.2193 15
79.9872 0.2203 15
76.5303 0.2213 15
72.8705 0.2223 15
67.7139 0.2233 15
64.2789 0.2243 15
55.9359 0.2253 15
48.4798 0.2263 15
41.848 0.2273 15
36.0633 0.2283 15
32.6264 0.2293 15
28.0235 0.2303 15
23.8979 0.2313 15
20.5661 0.2323 15
16.6639 0.2333 15
14.8843 0.2343 15
14.261 0.2353 15
14.1591 0.2363 15
14.5455 0.2373 15
15.0267 0.2383 15
14.415 0.2393 15
13.7021 0.2403 15
13.5972 0.2413 15
13.5585 0.2423 15
13.2129 0.2433 15
13.2104 0.2443 15
12.5166 0.2453 15
13.3478 0.2463 15
14.1302 0.2473 15
15.0662 0.2483 15
16.2037 0.2493 15
17.6574 0.2503 15
19.4173 0.2513 15
20.2961 0.2523 15
21.5994 0.2533 15
23.7349 0.2543 15
25.0252 0.2553 15
27.2593 0.2563 15
30.2579 0.2573 15
32.0976 0.2583 15
33.756 0.2593 15
34.7283 0.2603 15
35.6943 0.2613 15
36.0906 0.2623 15
35.8755 0.2633 15
35.5193 0.2643 15
34.8665 0.2653 15
34.0304 0.2663 15
32.9799 0.2673 15
32.4696 0.2683 15
31.0291 0.2693 15
29.711 0.2703 15
28.6227 0.2713 15
27.3686 0.2723 15
63.93 0.0833 16
67.454 0.0843 16
73.5991 0.0853 16
81.1613 0.0863 16
87.8901 0.0873 16
91.8117 0.0883 16
100.234 0.0893 16
104.423 0.0903 16
114.539 0.0913 16
114.224 0.0923 16
122.189 0.0933 16
114.298 0.0943 16
111.276 0.0953 16
123.817 0.0963 16
128.254 0.0973 16
132.565 0.0983 16
127.113 0.0993 16
124.13 0.1003 16
118.099 0.1013 16
118.076 0.1023 16
124.344 0.1033 16
124.384 0.1043 16
123.96 0.1053 16
116.033 0.1063 16
112.749 0.1073 16
109.57 0.1083 16
118.212 0.1093 16
109.557 0.1103 16
103.711 0.1113 16
109.054 0.1123 16
109.087 0.1133 16
108.56 0.1143 16
106.161 0.1153 16
105.345 0.1163 16
108.036 0.1173 16
110.663 0.1183 16
116.946 0.1193 16
121.736 0.1203 16
123.722 0.1213 16
124.645 0.1223 16
121.551 0.1233 16
122.438 0.1243 16
127.321 0.1253 16
126.485 0.1263 16
123.701 0.1273 16
121.421 0.1283 16
117.8 0.1293 16
115.141 0.1303 16
109.186 0.1313 16
109.497 0.1323 16
109.921 0.1333 16
102.264 0.1343 16
101.186 0.1353 16
98.4179 0.1363 16
99.5225 0.1373 16
99.1905 0.1383 16
98.9845 0.1393 16
101.055 0.1403 16
103.347 0.1413 16
105.666 0.1423 16
109.367 0.1433 16
110.642 0.1443 16
110.299 0.1453 16
108.117 0.1463 16
104.427 0.1473 16
99.3231 0.1483 16
93.5626 0.1493 16
87.4991 0.1503 16
81.0202 0.1513 16
75.2512 0.1523 16
69.8928 0.1533 16
64.0378 0.1543 16
59.3823 0.1553 16
56.0295 0.1563 16
55.3377 0.1573 16
54.8075 0.1583 16
58.432 0.1593 16
60.7731 0.1603 16
63.8364 0.1613 16
68.43 0.1623 16
73.1042 0.1633 16
74.263 0.1643 16
73.7947 0.1653 16
73.3812 0.1663 16
71.1188 0.1673 16
66.9613 0.1683 16
61.0421 0.1693 16
52.5281 0.1703 16
43.3833 0.1713 16
34.7845 0.1723 16
26.5955 0.1733 16
19.0887 0.1743 16
12.9172 0.1753 16
8.3474 0.1763 16
7.55656 0.1773 16
9.43101 0.1783 16
13.5382 0.1793 16
19.2351 0.1803 16
28.5847 0.1813 16
39.3466 0.1823 16
51.1455 0.1833 16
63.2269 0.1843 16
76.4964 0.1853 16
87.4201 0.1863 16
96.1462 0.1873 16
102.359 0.1883 16
105.782 0.1893 16
106.27 0.1903 16
102.413 0.1913 16
96.7251 0.1923 16
88.4304 0.1933 16
79.7171 0.1943 16
70.6505 0.1953 16
60.8708 0.1963 16
51.0813 0.1973 16
42.7985 0.1983 16
36.9588 0.1993 16
32.0491 0.2003 16
29.1669 0.2013 16
27.7697 0.2023 16
28.6125 0.2033 16
31.4023 0.2043 16
35.4102 0.2053 16
40.3105 0.2063 16
45.5938 0.2073 16
50.8588 0.2083 16
55.756 0.2093 16
59.8087 0.2103 16
62.62 0.2113 16
63.8437 0.2123 16
62.1652 0.2133 16
60.7967 0.2143 16
57.9646 0.2153 16
54.2917 0.2163 16
48.054 0.2173 16
43.1081 0.2183 16
37.9248 0.2193 16
32.5757 0.2203 16
27.7238 0.2213 16
23.2868 0.2223 16
19.0899 0.2233 16
15.8754 0.2243 16
13.6229 0.2253 16
11.8013 0.2263 16
11.0961 0.2273 16
10.8528 0.2283 16
11.3207 0.2293 16
12.5036 0.2303 16
13.9626 0.2313 16
15.8978 0.2323 16
17.8563 0.2333 16
20.6366 0.2343 16
23.1536 0.2353 16
25.1031 0.2363 16
27.3481 0.2373 16
29.2731 0.2383 16
31.29 0.2393 16
32.7018 0.2403 16
33.4836 0.2413 16
33.9913 0.2423 16
34.1297 0.2433 16
34.331 0.2443 16
34.1284 0.2453 16
34.169 0.2463 16
32.0517 0.2473 16
30.3557 0.2483 16
29.1451 0.2493 16
27.3864 0.2503 16
25.4303 0.2513 16
23.5383 0.2523 16
21.5366 0.2533 16
19.7435 0.2543 16
17.9523 0.2553 16
16.3051 0.2563 16
14.7004 0.2573 16
14.0296 0.2583 16
13.8804 0.2593 16
14.1218 0.2603 16
14.6182 0.2613 16
15.5298 0.2623 16
16.6658 0.2633 16
173.236 0.0833 17
203.674 0.0843 17
234.235 0.0853 17
263.576 0.0863 17
290.472 0.0873 17
313.898 0.0883 17
333.085 0.0893 17
347.564 0.0903 17
357.171 0.0913 17
362.038 0.0923 17
362.55 0.0933 17
359.29 0.0943 17
352.967 0.0953 17
344.338 0.0963 17
334.135 0.0973 17
323.003 0.0983 17
311.448 0.0993 17
299.811 0.1003 17
288.264 0.1013 17
276.823 0.1023 17
265.378 0.1033 17
253.748 0.1043 17
241.727 0.1053 17
229.143 0.1063 17
215.901 0.1073 17
202.023 0.1083 17
187.666 0.1093 17
173.121 0.1103 17
158.795 0.1113 17
145.179 0.1123 17
132.799 0.1133 17
122.162 0.1143 17
113.704 0.1153 17
107.735 0.1163 17
104.407 0.1173 17
103.681 0.1183 17
105.332 0.1193 17
108.952 0.1203 17
113.984 0.1213 17
119.877 0.1223 17
125.701 0.1233 17
130.872 0.1243 17
134.842 0.1253 17
136.908 0.1263 17
136.616 0.1273 17
134.297 0.1283 17
129.272 0.1293 17
121.945 0.1303 17
112.886 0.1313 17
102.346 0.1323 17
91.4704 0.1333 17
79.6867 0.1343 17
69.5954 0.1353 17
58.9768 0.1363 17
49.395 0.1373 17
42.1517 0.1383 17
37.6653 0.1393 17
33.0715 0.1403 17
29.8028 0.1413 17
27.3785 0.1423 17
27.3867 0.1433 17
26.8753 0.1443 17
27.221 0.1453 17
30.2511 0.1463 17
31.5682 0.1473 17
34.2727 0.1483 17
35.6704 0.1493 17
36.842 0.1503 17
35.0708 0.1513 17
36.1725 0.1523 17
36.8612 0.1533 17
36.9961 0.1543 17
34.794 0.1553 17
34.4209 0.1563 17
32.0432 0.1573 17
31.1709 0.1583 17
34.5779 0.1593 17
31.8102 0.1603 17
32.2303 0.1613 17
30.0724 0.1623 17
30.2579 0.1633 17
29.731 0.1643 17
28.086 0.1653 17
28.2012 0.1663 17
26.0582 0.1673 17
27.5965 0.1683 17
24.9978 0.1693 17
24.0455 0.1703 17
20.2843 0.1713 17
18.1879 0.1723 17
16.2148 0.1733 17
15.3505 0.1743 17
13.7187 0.1753 17
12.3431 0.1763 17
11.7299 0.1773 17
11.7914 0.1783 17
11.3641 0.1793 17
11.1781 0.1803 17
11.8113 0.1813 17
12.5932 0.1823 17
15.2173 0.1833 17
15.4872 0.1843 17
17.3949 0.1853 17
16.7465 0.1863 17
20.3029 0.1873 17
18.6325 0.1883 17
19.616 0.1893 17
19.7612 0.1903 17
19.7509 0.1913 17
21.2498 0.1923 17
22.3602 0.1933 17
23.1888 0.1943 17
24.9008 0.1953 17
25.3783 0.1963 17
26.5157 0.1973 17
27.0278 0.1983 17
27.0146 0.1993 17
25.8807 0.2003 17
26.9619 0.2013 17
28.4387 0.2023 17
29.8266 0.2033 17
31.4282 0.2043 17
31.8836 0.2053 17
31.733 0.2063 17
31.8619 0.2073 17
33.3614 0.2083 17
31.8908 0.2093 17
32.4687 0.2103 17
31.4844 0.2113 17
30.7633 0.2123 17
30.0299 0.2133 17
28.9002 0.2143 17
26.5344 0.2153 17
25.9037 0.2163 17
24.1428 0.2173 17
22.1684 0.2183 17
20.1127 0.2193 17
15.7259 0.2203 17
14.6853 0.2213 17
12.7592 0.2223 17
13.0934 0.2233 17
12.5182 0.2243 17
11.8663 0.2253 17
12.1163 0.2263 17
12.8572 0.2273 17
13.2432 0.2283 17
14.8447 0.2293 17
16.9428 0.2303 17
19.2906 0.2313 17
21.9403 0.2323 17
23.714 0.2333 17
25.8789 0.2343 17
27.7948 0.2353 17
29.8078 0.2363 17
30.8781 0.2373 17
31.6813 0.2383 17
34.1066 0.2393 17
32.6503 0.2403 17
32.1948 0.2413 17
31.4147 0.2423 17
28.6363 0.2433 17
26.8488 0.2443 17
25.5624 0.2453 17
23.9471 0.2463 17
22.1522 0.2473 17
18.7371 0.2483 17
17.5012 0.2493 17
19.4355 0.2503 17
18.1539 0.2513 17
17.1942 0.2523 17
77.2157 0.0833 18
75.5954 0.0843 18
76.5601 0.0853 18
76.8682 0.0863 18
79.2066 0.0873 18
78.5263 0.0883 18
80.4748 0.0893 18
78.4782 0.0903 18
75.0494 0.0913 18
72.7983 0.0923 18
70.7757 0.0933 18
67.0662 0.0943 18
61.28 0.0953 18
56.8361 0.0963 18
54.1024 0.0973 18
52.9788 0.0983 18
51.193 0.0993 18
55.814 0.1003 18
57.4058 0.1013 18
63.3628 0.1023 18
73.1365 0.1033 18
78.7117 0.1043 18
88.7973 0.1053 18
101.12 0.1063 18
111.568 0.1073 18
122.629 0.1083 18
136.052 0.1093 18
144.115 0.1103 18
152.078 0.1113 18
155.3 0.1123 18
158.077 0.1133 18
161.202 0.1143 18
167.021 0.1153 18
166.689 0.1163 18
163.3 0.1173 18
154.008 0.1183 18
145.039 0.1193 18
137.087 0.1203 18
126.749 0.1213 18
117.734 0.1223 18
105.192 0.1233 18
93.259 0.1243 18
84.6061 0.1253 18
72.6214 0.1263 18
62.3036 0.1273 18
53.0808 0.1283 18
45.1235 0.1293 18
37.6598 0.1303 18
31.1047 0.1313 18
24.8998 0.1323 18
20.8086 0.1333 18
18.8965 0.1343 18
17.7196 0.1353 18
18.2603 0.1363 18
18.5625 0.1373 18
19.6528 0.1383 18
20.7474 0.1393 18
22.2142 0.1403 18
23.8695 0.1413 18
25.6936 0.1423 18
27.3771 0.1433 18
28.2893 0.1443 18
29.8515 0.1453 18
30.0028 0.1463 18
29.6036 0.1473 18
28.6417 0.1483 18
27.6584 0.1493 18
25.7782 0.1503 18
24.1119 0.1513 18
22.1727 0.1523 18
18.5206 0.1533 18
15.8506 0.1543 18
13.8961 0.1553 18
11.5603 0.1563 18
9.8454 0.1573 18
7.8554 0.1583 18
6.66944 0.1593 18
5.22317 0.1603 18
3.79976 0.1613 18
3.00631 0.1623 18
2.6821 0.1633 18
3.33784 0.1643 18
4.60426 0.1653 18
6.87618 0.1663 18
10.6124 0.1673 18
14.3534 0.1683 18
18.5438 0.1693 18
22.9869 0.1703 18
28.1221 0.1713 18
31.8056 0.1723 18
38.4578 0.1733 18
42.9768 0.1743 18
46.7122 0.1753 18
51.7149 0.1763 18
52.2631 0.1773 18
53.0529 0.1783 18
54.6646 0.1793 18
54.3599 0.1803 18
52.9797 0.1813 18
50.4925 0.1823 18
47.0508 0.1833 18
42.7316 0.1843 18
37.981 0.1853 18
33.2127 0.1863 18
27.6896 0.1873 18
22.9235 0.1883 18
18.5705 0.1893 18
14.7134 0.1903 18
11.9382 0.1913 18
8.9268 0.1923 18
7.33557 0.1933 18
6.4402 0.1943 18
5.98704 0.1953 18
5.78024 0.1963 18
6.13737 0.1973 18
5.97144 0.1983 18
6.49658 0.1993 18
6.99594 0.2003 18
7.18464 0.2013 18
7.18759 0.2023 18
6.88521 0.2033 18
7.14558 0.2043 18
6.51266 0.2053 18
5.53755 0.2063 18
4.84094 0.2073 18
4.6379 0.2083 18
4.29175 0.2093 18
4.62053 0.2103 18
5.0276 0.2113 18
5.88982 0.2123 18
6.23818 0.2133 18
7.19898 0.2143 18
7.58488 0.2153 18
8.20516 0.2163 18
9.5021 0.2173 18
10.7088 0.2183 18
11.8948 0.2193 18
13.1247 0.2203 18
14.2151 0.2213 18
14.5163 0.2223 18
15.7743 0.2233 18
17.4264 0.2243 18
18.0572 0.2253 18
19.6442 0.2263 18
21.6947 0.2273 18
23.9121 0.2283 18
26.2135 0.2293 18
26.8767 0.2303 18
30.8638 0.2313 18
33.7678 0.2323 18
36.1761 0.2333 18
38.6292 0.2343 18
40.9611 0.2353 18
42.256 0.2363 18
41.9482 0.2373 18
41.4207 0.2383 18
40.3107 0.2393 18
38.3772 0.2403 18
36.0941 0.2413 18
55.9247 0.0833 19
63.5712 0.0843 19
67.4552 0.0853 19
71.0866 0.0863 19
73.5842 0.0873 19
74.8425 0.0883 19
73.8101 0.0893 19
70.8497 0.0903 19
68.2562 0.0913 19
64.6317 0.0923 19
60.158 0.0933 19
55.0494 0.0943 19
49.5401 0.0953 19
43.8843 0.0963 19
38.2881 0.0973 19
33.0018 0.0983 19
28.1378 0.0993 19
23.9093 0.1003 19
20.4468 0.1013 19
17.7717 0.1023 19
15.996 0.1033 19
15.0181 0.1043 19
14.9465 0.1053 19
15.5388 0.1063 19
16.8565 0.1073 19
19.2622 0.1083 19
21.8346 0.1093 19
26.1314 0.1103 19
28.4719 0.1113 19
30.3005 0.1123 19
33.3974 0.1133 19
36.1104 0.1143 19
38.9752 0.1153 19
40.4217 0.1163 19
39.9416 0.1173 19
39.5721 0.1183 19
41.0847 0.1193 19
40.3069 0.1203 19
38.614 0.1213 19
34.1372 0.1223 19
31.9999 0.1233 19
27.3895 0.1243 19
24.068 0.1253 19
23.7546 0.1263 19
23.5884 0.1273 19
25.8522 0.1283 19
28.4636 0.1293 19
33.3721 0.1303 19
39.0431 0.1313 19
43.104 0.1323 19
52.8263 0.1333 19
58.5187 0.1343 19
64.2971 0.1353 19
70.05 0.1363 19
72.7383 0.1373 19
75.3821 0.1383 19
76.4954 0.1393 19
76.4659 0.1403 19
72.4818 0.1413 19
68.4735 0.1423 19
63.9566 0.1433 19
57.7685 0.1443 19
50.2026 0.1453 19
45.6192 0.1463 19
37.6477 0.1473 19
33.8361 0.1483 19
29.1425 0.1493 19
28.5849 0.1503 19
27.4168 0.1513 19
26.5742 0.1523 19
29.1262 0.1533 19
29.5187 0.1543 19
30.8712 0.1553 19
32.7176 0.1563 19
33.921 0.1573 19
36.8096 0.1583 19
37.4773 0.1593 19
36.7034 0.1603 19
35.1132 0.1613 19
33.3795 0.1623 19
30.7263 0.1633 19
26.9255 0.1643 19
24.0962 0.1653 19
20.9211 0.1663 19
17.959 0.1673 19
15.9865 0.1683 19
14.5377 0.1693 19
14.0285 0.1703 19
14.2115 0.1713 19
15.2023 0.1723 19
16.5307 0.1733 19
19.0873 0.1743 19
21.8011 0.1753 19
23.2733 0.1763 19
25.1117 0.1773 19
26.6656 0.1783 19
27.3886 0.1793 19
27.6921 0.1803 19
29.0099 0.1813 19
28.3127 0.1823 19
27.2255 0.1833 19
26.0935 0.1843 19
25.3465 0.1853 19
23.9169 0.1863 19
24.1882 0.1873 19
22.7969 0.1883 19
21.8093 0.1893 19
20.8951 0.1903 19
19.3618 0.1913 19
19.3522 0.1923 19
17.9983 0.1933 19
16.5766 0.1943 19
15.3267 0.1953 19
14.7024 0.1963 19
14.6587 0.1973 19
13.8105 0.1983 19
12.3353 0.1993 19
12.3535 0.2003 19
13.4814 0.2013 19
13.4787 0.2023 19
13.8933 0.2033 19
14.5767 0.2043 19
14.7343 0.2053 19
14.9095 0.2063 19
15.2581 0.2073 19
15.0946 0.2083 19
15.5817 0.2093 19
16.351 0.2103 19
17.5679 0.2113 19
18.1074 0.2123 19
17.6077 0.2133 19
17.3723 0.2143 19
16.7584 0.2153 19
16.8651 0.2163 19
16.1433 0.2173 19
16.1033 0.2183 19
16.2696 0.2193 19
17.1003 0.2203 19
19.7702 0.2213 19
21.7833 0.2223 19
25.5976 0.2233 19
28.7976 0.2243 19
30.8057 0.2253 19
33.2549 0.2263 19
35.251 0.2273 19
37.7034 0.2283 19
