3.18885e+07 0.085 0
1.92425e+07 0.0875 0
7.08801e+06 0.09 0
617583 0.0925 0
865324 0.095 0
4.95302e+06 0.0975 0
8.59346e+06 0.1 0
8.9505e+06 0.1025 0
6.06104e+06 0.105 0
2.21901e+06 0.1075 0
78917.9 0.11 0
884059 0.1125 0
3.88669e+06 0.115 0
7.09481e+06 0.1175 0
8.64289e+06 0.12 0
7.84193e+06 0.1225 0
5.34798e+06 0.125 0
2.53342e+06 0.1275 0
599891 0.13 0
43.206 0.1325 0
417331 0.135 0
1.16479e+06 0.1375 0
1.65877e+06 0.14 0
1.67937e+06 0.1425 0
1.34367e+06 0.145 0
895206 0.1475 0
543778 0.15 0
338947 0.1525 0
272638 0.155 0
367409 0.1575 0
514739 0.16 0
711562 0.1625 0
1.01394e+06 0.165 0
1.26229e+06 0.1675 0
1.45172e+06 0.17 0
1.46416e+06 0.1725 0
1.25167e+06 0.175 0
930882 0.1775 0
612310 0.18 0
396045 0.1825 0
271160 0.185 0
303421 0.1875 0
577035 0.19 0
1.00108e+06 0.1925 0
1.21944e+06 0.195 0
1.66723e+06 0.1975 0
1.89164e+06 0.2 0
1.77972e+06 0.2025 0
1.74238e+06 0.205 0
1.52764e+06 0.2075 0
1.31222e+06 0.21 0
1.03886e+06 0.2125 0
719489 0.215 0
472739 0.2175 0
302856 0.22 0
256760 0.2225 0
306390 0.225 0
486253 0.2275 0
714430 0.23 0
966076 0.2325 0
1.05529e+06 0.235 0
983905 0.2375 0
922636 0.24 0
834030 0.2425 0
683016 0.245 0
548974 0.2475 0
440440 0.25 0
359725 0.2525 0
414737 0.255 0
383868 0.2575 0
317835 0.26 0
234701 0.2625 0
146777 0.265 0
83078.2 0.2675 0
51186.7 0.27 0
44627.2 0.2725 0
78659.6 0.275 0
154354 0.2775 0
216910 0.28 0
229774 0.2825 0
243966 0.285 0
190699 0.2875 0
167016 0.29 0
161546 0.2925 0
170926 0.295 0
182936 0.2975 0
170314 0.3 0
185183 0.3025 0
148149 0.305 0
123744 0.3075 0
100667 0.31 0
105403 0.3125 0
126337 0.315 0
1.13529e+07 0.0825 1
1.50037e+07 0.085 1
2.17152e+07 0.0875 1
3.02255e+07 0.09 1
3.74333e+07 0.0925 1
4.28819e+07 0.095 1
4.51141e+07 0.0975 1
4.26646e+07 0.1 1
3.75754e+07 0.1025 1
2.9736e+07 0.105 1
2.19821e+07 0.1075 1
1.46823e+07 0.11 1
8.98932e+06 0.1125 1
5.46601e+06 0.115 1
3.41197e+06 0.1175 1
2.06058e+06 0.12 1
1.40828e+06 0.1225 1
985169 0.125 1
928635 0.1275 1
752518 0.13 1
794779 0.1325 1
823197 0.135 1
827816 0.1375 1
805689 0.14 1
661894 0.1425 1
511701 0.145 1
342006 0.1475 1
250444 0.15 1
245171 0.1525 1
306857 0.155 1
341735 0.1575 1
328662 0.16 1
288474 0.1625 1
346321 0.165 1
567544 0.1675 1
905310 0.17 1
1.50588e+06 0.1725 1
2.28178e+06 0.175 1
2.87175e+06 0.1775 1
3.10376e+06 0.18 1
2.93917e+06 0.1825 1
2.4835e+06 0.185 1
1.72767e+06 0.1875 1
997461 0.19 1
568715 0.1925 1
520965 0.195 1
745173 0.1975 1
1.09746e+06 0.2 1
1.36599e+06 0.2025 1
1.44007e+06 0.205 1
1.18858e+06 0.2075 1
807974 0.21 1
507647 0.2125 1
360000 0.215 1
496543 0.2175 1
812830 0.22 1
1.2199e+06 0.2225 1
1.58038e+06 0.225 1
1.6839e+06 0.2275 1
1.56308e+06 0.23 1
1.23482e+06 0.2325 1
1.02871e+06 0.235 1
902000 0.2375 1
1.02576e+06 0.24 1
1.29426e+06 0.2425 1
1.71305e+06 0.245 1
2.24735e+06 0.2475 1
2.57567e+06 0.25 1
2.60411e+06 0.2525 1
2.34225e+06 0.255 1
1.88995e+06 0.2575 1
1.33364e+06 0.26 1
832050 0.2625 1
493183 0.265 1
326808 0.2675 1
248764 0.27 1
261354 0.2725 1
292820 0.275 1
323850 0.2775 1
343443 0.28 1
437017 0.2825 1
599145 0.285 1
846167 0.2875 1
1.04699e+06 0.29 1
1.14525e+06 0.2925 1
1.16256e+06 0.295 1
1.06284e+06 0.2975 1
824360 0.3 1
580637 0.3025 1
386682 0.305 1
277758 0.3075 1
291964 0.31 1
416791 0.3125 1
591329 0.315 1
2.07748e+06 0.08 2
2.00818e+06 0.0825 2
1.63122e+06 0.085 2
1.34331e+06 0.0875 2
921384 0.09 2
525091 0.0925 2
276127 0.095 2
159647 0.0975 2
104268 0.1 2
165159 0.1025 2
300909 0.105 2
449977 0.1075 2
859747 0.11 2
1.37444e+06 0.1125 2
1.58746e+06 0.115 2
1.66577e+06 0.1175 2
1.80115e+06 0.12 2
2.21646e+06 0.1225 2
2.06375e+06 0.125 2
2.08928e+06 0.1275 2
2.24272e+06 0.13 2
2.77921e+06 0.1325 2
3.13018e+06 0.135 2
3.03773e+06 0.1375 2
2.79649e+06 0.14 2
2.24703e+06 0.1425 2
1.65788e+06 0.145 2
1.40366e+06 0.1475 2
1.54965e+06 0.15 2
2.03292e+06 0.1525 2
2.85978e+06 0.155 2
3.80738e+06 0.1575 2
4.44582e+06 0.16 2
4.84213e+06 0.1625 2
4.93396e+06 0.165 2
4.82066e+06 0.1675 2
4.50738e+06 0.17 2
4.11098e+06 0.1725 2
3.6916e+06 0.175 2
3.29823e+06 0.1775 2
2.77267e+06 0.18 2
2.26532e+06 0.1825 2
2.07769e+06 0.185 2
1.91182e+06 0.1875 2
1.78123e+06 0.19 2
1.5289e+06 0.1925 2
1.26679e+06 0.195 2
984870 0.1975 2
643151 0.2 2
332036 0.2025 2
167389 0.205 2
105908 0.2075 2
171817 0.21 2
278060 0.2125 2
362850 0.215 2
510161 0.2175 2
624021 0.22 2
663741 0.2225 2
779374 0.225 2
881536 0.2275 2
793916 0.23 2
814344 0.2325 2
810046 0.235 2
871506 0.2375 2
926533 0.24 2
1.00468e+06 0.2425 2
1.10761e+06 0.245 2
1.23167e+06 0.2475 2
1.25716e+06 0.25 2
1.34018e+06 0.2525 2
1.37017e+06 0.255 2
1.33816e+06 0.2575 2
1.20156e+06 0.26 2
1.01273e+06 0.2625 2
800028 0.265 2
616825 0.2675 2
519842 0.27 2
621222 0.2725 2
863032 0.275 2
1.13818e+06 0.2775 2
1.43824e+06 0.28 2
1.56273e+06 0.2825 2
1.51633e+06 0.285 2
1.32518e+06 0.2875 2
1.00169e+06 0.29 2
691277 0.2925 2
473448 0.295 2
440497 0.2975 2
434263 0.3 2
530073 0.3025 2
664951 0.305 2
785254 0.3075 2
854437 0.31 2
813841 0.3125 2
702320 0.315 2
2.10866e+07 0.0775 3
1.85848e+07 0.08 3
1.35214e+07 0.0825 3
8.00458e+06 0.085 3
4.36179e+06 0.0875 3
3.97363e+06 0.09 3
6.57781e+06 0.0925 3
1.04538e+07 0.095 3
1.33911e+07 0.0975 3
1.38819e+07 0.1 3
1.18536e+07 0.1025 3
8.5484e+06 0.105 3
5.67817e+06 0.1075 3
4.40129e+06 0.11 3
4.73757e+06 0.1125 3
5.72309e+06 0.115 3
6.13545e+06 0.1175 3
5.29061e+06 0.12 3
3.41894e+06 0.1225 3
1.4367e+06 0.125 3
318788 0.1275 3
499733 0.13 3
1.66247e+06 0.1325 3
2.99527e+06 0.135 3
3.70392e+06 0.1375 3
3.44719e+06 0.14 3
2.43901e+06 0.1425 3
1.22514e+06 0.145 3
358744 0.1475 3
126152 0.15 3
415200 0.1525 3
926924 0.155 3
1.24235e+06 0.1575 3
1.22633e+06 0.16 3
1.50103e+06 0.1625 3
1.40829e+06 0.165 3
1.4869e+06 0.1675 3
1.7108e+06 0.17 3
2.00045e+06 0.1725 3
2.3595e+06 0.175 3
2.19018e+06 0.1775 3
2.24478e+06 0.18 3
2.08104e+06 0.1825 3
1.79014e+06 0.185 3
1.58725e+06 0.1875 3
1.13523e+06 0.19 3
775555 0.1925 3
510618 0.195 3
303111 0.1975 3
267310 0.2 3
372495 0.2025 3
606372 0.205 3
970207 0.2075 3
1.17236e+06 0.21 3
1.30518e+06 0.2125 3
1.54615e+06 0.215 3
1.53945e+06 0.2175 3
1.48022e+06 0.22 3
1.28275e+06 0.2225 3
1.05784e+06 0.225 3
790813 0.2275 3
484484 0.23 3
278817 0.2325 3
129176 0.235 3
86587.9 0.2375 3
130879 0.24 3
246579 0.2425 3
439591 0.245 3
614405 0.2475 3
832542 0.25 3
1.0585e+06 0.2525 3
1.30033e+06 0.255 3
1.4545e+06 0.2575 3
1.54352e+06 0.26 3
1.50411e+06 0.2625 3
1.5247e+06 0.265 3
1.41015e+06 0.2675 3
1.28767e+06 0.27 3
1.17424e+06 0.2725 3
1.19649e+06 0.275 3
1.20199e+06 0.2775 3
1.28888e+06 0.28 3
1.32148e+06 0.2825 3
1.28432e+06 0.285 3
1.12294e+06 0.2875 3
842081 0.29 3
632410 0.2925 3
462874 0.295 3
396406 0.2975 3
384002 0.3 3
399143 0.3025 3
399977 0.305 3
357571 0.3075 3
274242 0.31 3
189340 0.3125 3
146087 0.315 3
1.36038e+07 0.07 4
1.65224e+07 0.0725 4
1.72103e+07 0.075 4
1.67584e+07 0.0775 4
1.4939e+07 0.08 4
1.21504e+07 0.0825 4
8.51589e+06 0.085 4
5.72708e+06 0.0875 4
4.53511e+06 0.09 4
4.58906e+06 0.0925 4
6.87042e+06 0.095 4
1.03024e+07 0.0975 4
1.45098e+07 0.1 4
1.70558e+07 0.1025 4
1.86453e+07 0.105 4
1.86149e+07 0.1075 4
1.7004e+07 0.11 4
1.50015e+07 0.1125 4
1.26779e+07 0.115 4
1.09353e+07 0.1175 4
9.85744e+06 0.12 4
9.75962e+06 0.1225 4
9.46344e+06 0.125 4
8.81759e+06 0.1275 4
7.57248e+06 0.13 4
5.67838e+06 0.1325 4
3.7722e+06 0.135 4
1.96551e+06 0.1375 4
985279 0.14 4
738909 0.1425 4
1.056e+06 0.145 4
1.72905e+06 0.1475 4
2.34605e+06 0.15 4
2.73825e+06 0.1525 4
2.99394e+06 0.155 4
2.9541e+06 0.1575 4
2.73869e+06 0.16 4
2.67497e+06 0.1625 4
2.63846e+06 0.165 4
2.64029e+06 0.1675 4
2.49737e+06 0.17 4
2.43944e+06 0.1725 4
2.23483e+06 0.175 4
1.92313e+06 0.1775 4
1.52536e+06 0.18 4
1.19487e+06 0.1825 4
928231 0.185 4
778888 0.1875 4
724312 0.19 4
815342 0.1925 4
916008 0.195 4
1.03178e+06 0.1975 4
1.15825e+06 0.2 4
1.22644e+06 0.2025 4
1.20638e+06 0.205 4
1.08655e+06 0.2075 4
926356 0.21 4
752074 0.2125 4
615363 0.215 4
520088 0.2175 4
537496 0.22 4
576752 0.2225 4
546191 0.225 4
648579 0.2275 4
655459 0.23 4
708184 0.2325 4
871878 0.235 4
1.01979e+06 0.2375 4
1.08836e+06 0.24 4
1.01182e+06 0.2425 4
899819 0.245 4
689064 0.2475 4
558689 0.25 4
329313 0.2525 4
286621 0.255 4
382346 0.2575 4
616142 0.26 4
865778 0.2625 4
1.16871e+06 0.265 4
1.45784e+06 0.2675 4
1.55965e+06 0.27 4
1.63771e+06 0.2725 4
1.53877e+06 0.275 4
1.33732e+06 0.2775 4
1.07369e+06 0.28 4
814686 0.2825 4
593532 0.285 4
443701 0.2875 4
372600 0.29 4
395104 0.2925 4
465143 0.295 4
479605 0.2975 4
514215 0.3 4
477595 0.3025 4
416512 0.305 4
398617 0.3075 4
379178 0.31 4
466119 0.3125 4
2.97813e+06 0.06 5
3.24836e+06 0.0625 5
3.64616e+06 0.065 5
4.38646e+06 0.0675 5
4.47932e+06 0.07 5
4.47536e+06 0.0725 5
4.22486e+06 0.075 5
3.54471e+06 0.0775 5
2.69702e+06 0.08 5
1.96732e+06 0.0825 5
1.48367e+06 0.085 5
1.30317e+06 0.0875 5
1.77361e+06 0.09 5
2.83658e+06 0.0925 5
4.21032e+06 0.095 5
5.55855e+06 0.0975 5
6.3684e+06 0.1 5
6.79685e+06 0.1025 5
6.48005e+06 0.105 5
5.66925e+06 0.1075 5
4.59961e+06 0.11 5
3.68494e+06 0.1125 5
3.09758e+06 0.115 5
2.77839e+06 0.1175 5
2.6448e+06 0.12 5
2.60333e+06 0.1225 5
2.36255e+06 0.125 5
2.01732e+06 0.1275 5
1.35123e+06 0.13 5
1.0196e+06 0.1325 5
779732 0.135 5
734494 0.1375 5
884129 0.14 5
831752 0.1425 5
822486 0.145 5
925083 0.1475 5
966503 0.15 5
1.32276e+06 0.1525 5
1.66435e+06 0.155 5
2.17264e+06 0.1575 5
2.70736e+06 0.16 5
2.80843e+06 0.1625 5
2.70993e+06 0.165 5
2.41173e+06 0.1675 5
1.94865e+06 0.17 5
1.54055e+06 0.1725 5
1.20121e+06 0.175 5
1.01928e+06 0.1775 5
1.07562e+06 0.18 5
1.22205e+06 0.1825 5
1.45225e+06 0.185 5
1.66954e+06 0.1875 5
1.95609e+06 0.19 5
2.25199e+06 0.1925 5
2.13649e+06 0.195 5
1.90416e+06 0.1975 5
1.48399e+06 0.2 5
1.13334e+06 0.2025 5
833926 0.205 5
746161 0.2075 5
889743 0.21 5
1.28205e+06 0.2125 5
1.70148e+06 0.215 5
2.01131e+06 0.2175 5
2.13595e+06 0.22 5
2.00128e+06 0.2225 5
1.79498e+06 0.225 5
1.50921e+06 0.2275 5
1.22334e+06 0.23 5
980927 0.2325 5
806603 0.235 5
632760 0.2375 5
529337 0.24 5
497469 0.2425 5
561202 0.245 5
681388 0.2475 5
810152 0.25 5
908549 0.2525 5
923597 0.255 5
788858 0.2575 5
649988 0.26 5
467743 0.2625 5
407788 0.265 5
448395 0.2675 5
612628 0.27 5
810851 0.2725 5
1.00997e+06 0.275 5
1.10884e+06 0.2775 5
1.10081e+06 0.28 5
956187 0.2825 5
748773 0.285 5
551221 0.2875 5
390327 0.29 5
306773 0.2925 5
315706 0.295 5
337366 0.2975 5
375004 0.3 5
417432 0.3025 5
469893 0.305 5
544784 0.3075 5
701079 0.31 5
6.19405e+06 0.045 6
3.56189e+06 0.0475 6
1.37285e+06 0.05 6
208369 0.0525 6
125425 0.055 6
721336 0.0575 6
1.40613e+06 0.06 6
1.72021e+06 0.0625 6
1.53073e+06 0.065 6
1.025e+06 0.0675 6
538224 0.07 6
336423 0.0725 6
481104 0.075 6
836267 0.0775 6
1.18721e+06 0.08 6
1.38087e+06 0.0825 6
1.39994e+06 0.085 6
1.33779e+06 0.0875 6
1.30813e+06 0.09 6
1.35877e+06 0.0925 6
1.4456e+06 0.095 6
1.47467e+06 0.0975 6
1.37432e+06 0.1 6
1.14443e+06 0.1025 6
852972 0.105 6
590623 0.1075 6
420930 0.11 6
360520 0.1125 6
395053 0.115 6
507573 0.1175 6
689009 0.12 6
920792 0.1225 6
1.14937e+06 0.125 6
1.28626e+06 0.1275 6
1.25096e+06 0.13 6
1.0374e+06 0.1325 6
770493 0.135 6
629261 0.1375 6
793604 0.14 6
1.34805e+06 0.1425 6
2.21441e+06 0.145 6
2.96105e+06 0.1475 6
3.3365e+06 0.15 6
3.19634e+06 0.1525 6
2.53882e+06 0.155 6
1.50923e+06 0.1575 6
807299 0.16 6
594239 0.1625 6
968930 0.165 6
1.45732e+06 0.1675 6
1.93473e+06 0.17 6
1.98397e+06 0.1725 6
1.83684e+06 0.175 6
1.47588e+06 0.1775 6
1.10981e+06 0.18 6
993566 0.1825 6
1.27825e+06 0.185 6
1.41766e+06 0.1875 6
1.42541e+06 0.19 6
1.075e+06 0.1925 6
678690 0.195 6
213676 0.1975 6
59651.3 0.2 6
227812 0.2025 6
624055 0.205 6
1.0256e+06 0.2075 6
1.3802e+06 0.21 6
1.56931e+06 0.2125 6
1.5667e+06 0.215 6
1.52373e+06 0.2175 6
1.41385e+06 0.22 6
1.5136e+06 0.2225 6
1.67141e+06 0.225 6
1.68199e+06 0.2275 6
1.59273e+06 0.23 6
1.31661e+06 0.2325 6
1.0693e+06 0.235 6
867356 0.2375 6
745751 0.24 6
626171 0.2425 6
686929 0.245 6
735637 0.2475 6
744176 0.25 6
823787 0.2525 6
817773 0.255 6
700886 0.2575 6
557074 0.26 6
475845 0.2625 6
467171 0.265 6
516908 0.2675 6
691366 0.27 6
922357 0.2725 6
1.15294e+06 0.275 6
1.38898e+06 0.2775 6
1.72164e+06 0.28 6
1.95905e+06 0.2825 6
2.0893e+06 0.285 6
2.02347e+06 0.2875 6
1.82619e+06 0.29 6
1.55989e+06 0.2925 6
1.11152e+06 0.295 6
740090 0.2975 6
517046 0.3 6
533044 0.3025 6
643858 0.305 6
777288 0.3075 6
0 0.0125 7
0 0.015 7
0 0.0175 7
0 0.02 7
0 0.0225 7
0 0.025 7
0 0.0275 7
0 0.03 7
0 0.0325 7
0 0.035 7
0 0.0375 7
0 0.04 7
0 0.0425 7
0 0.045 7
0 0.0475 7
0 0.05 7
0 0.0525 7
1266.21 0.055 7
1901.76 0.0575 7
6868.73 0.06 7
22618.3 0.0625 7
149.912 0.065 7
14978.7 0.0675 7
147.269 0.07 7
24698.5 0.0725 7
51907.2 0.075 7
78924.8 0.0775 7
116943 0.08 7
228389 0.0825 7
312133 0.085 7
421170 0.0875 7
595658 0.09 7
681726 0.0925 7
719145 0.095 7
953230 0.0975 7
1.19504e+06 0.1 7
1.5363e+06 0.1025 7
1.60526e+06 0.105 7
1.77676e+06 0.1075 7
1.68441e+06 0.11 7
1.91907e+06 0.1125 7
2.12994e+06 0.115 7
2.11773e+06 0.1175 7
2.11669e+06 0.12 7
2.03868e+06 0.1225 7
1.69276e+06 0.125 7
1.4613e+06 0.1275 7
1.17358e+06 0.13 7
885330 0.1325 7
835730 0.135 7
1.06158e+06 0.1375 7
1.41339e+06 0.14 7
1.75827e+06 0.1425 7
2.30302e+06 0.145 7
2.64153e+06 0.1475 7
2.99835e+06 0.15 7
2.79409e+06 0.1525 7
2.70804e+06 0.155 7
2.55568e+06 0.1575 7
2.05074e+06 0.16 7
1.75445e+06 0.1625 7
1.49566e+06 0.165 7
1.30823e+06 0.1675 7
1.27404e+06 0.17 7
1.32517e+06 0.1725 7
1.48548e+06 0.175 7
1.74519e+06 0.1775 7
1.86094e+06 0.18 7
2.06611e+06 0.1825 7
2.18533e+06 0.185 7
2.17141e+06 0.1875 7
2.0199e+06 0.19 7
1.65363e+06 0.1925 7
1.15933e+06 0.195 7
662065 0.1975 7
355250 0.2 7
314122 0.2025 7
574802 0.205 7
990763 0.2075 7
1.41524e+06 0.21 7
1.68146e+06 0.2125 7
1.8132e+06 0.215 7
1.68795e+06 0.2175 7
1.44866e+06 0.22 7
1.21758e+06 0.2225 7
1.07055e+06 0.225 7
851984 0.2275 7
767260 0.23 7
744244 0.2325 7
747683 0.235 7
778526 0.2375 7
759944 0.24 7
725225 0.2425 7
704742 0.245 7
633471 0.2475 7
488723 0.25 7
368881 0.2525 7
262313 0.255 7
149884 0.2575 7
167921 0.26 7
309822 0.2625 7
548352 0.265 7
860442 0.2675 7
1.13146e+06 0.27 7
1.31321e+06 0.2725 7
1.34487e+06 0.275 7
1.23624e+06 0.2775 7
1.07717e+06 0.28 7
971071 0.2825 7
989355 0.285 7
1.17914e+06 0.2875 7
1.4509e+06 0.29 7
1.75045e+06 0.2925 7
1.92057e+06 0.295 7
1.92876e+06 0.2975 7
1.71312e+06 0.3 7
1.3921e+06 0.3025 7
1.08324e+06 0.305 7
0 0.01 8
0 0.0125 8
0 0.015 8
0 0.0175 8
0 0.02 8
0 0.0225 8
0 0.025 8
239.79 0.0275 8
62786 0.03 8
175830 0.0325 8
426536 0.035 8
807883 0.0375 8
1.26294e+06 0.04 8
1.80477e+06 0.0425 8
2.55954e+06 0.045 8
2.99022e+06 0.0475 8
3.11796e+06 0.05 8
3.04792e+06 0.0525 8
2.6809e+06 0.055 8
2.014e+06 0.0575 8
1.15586e+06 0.06 8
449933 0.0625 8
37570.4 0.065 8
91705.3 0.0675 8
484241 0.07 8
966122 0.0725 8
1.32695e+06 0.075 8
1.45318e+06 0.0775 8
1.35502e+06 0.08 8
1.02373e+06 0.0825 8
682017 0.085 8
463797 0.0875 8
425445 0.09 8
564444 0.0925 8
706226 0.095 8
768736 0.0975 8
707570 0.1 8
551308 0.1025 8
370381 0.105 8
230139 0.1075 8
153722 0.11 8
133038 0.1125 8
151192 0.115 8
160104 0.1175 8
169863 0.12 8
171752 0.1225 8
240095 0.125 8
348329 0.1275 8
378589 0.13 8
526470 0.1325 8
664174 0.135 8
672398 0.1375 8
815407 0.14 8
948646 0.1425 8
971763 0.145 8
935578 0.1475 8
698866 0.15 8
426068 0.1525 8
209678 0.155 8
197647 0.1575 8
285117 0.16 8
465515 0.1625 8
706596 0.165 8
802883 0.1675 8
873719 0.17 8
834208 0.1725 8
822808 0.175 8
1.01162e+06 0.1775 8
1.20907e+06 0.18 8
1.37155e+06 0.1825 8
1.51691e+06 0.185 8
1.57039e+06 0.1875 8
1.53068e+06 0.19 8
1.4031e+06 0.1925 8
1.37205e+06 0.195 8
1.36177e+06 0.1975 8
1.38428e+06 0.2 8
1.13203e+06 0.2025 8
849027 0.205 8
586440 0.2075 8
428324 0.21 8
524667 0.2125 8
847392 0.215 8
1.20702e+06 0.2175 8
1.41642e+06 0.22 8
1.3351e+06 0.2225 8
1.10288e+06 0.225 8
842738 0.2275 8
888613 0.23 8
1.33781e+06 0.2325 8
2.13838e+06 0.235 8
3.12666e+06 0.2375 8
3.98776e+06 0.24 8
4.53406e+06 0.2425 8
4.56541e+06 0.245 8
4.21949e+06 0.2475 8
3.64666e+06 0.25 8
2.96809e+06 0.2525 8
2.39106e+06 0.255 8
1.93918e+06 0.2575 8
1.77058e+06 0.26 8
1.68034e+06 0.2625 8
1.63747e+06 0.265 8
1.57834e+06 0.2675 8
1.45674e+06 0.27 8
1.27676e+06 0.2725 8
1.10227e+06 0.275 8
874373 0.2775 8
694657 0.28 8
624159 0.2825 8
652299 0.285 8
714601 0.2875 8
754777 0.29 8
711114 0.2925 8
613337 0.295 8
493168 0.2975 8
233313 0.01 9
631371 0.0125 9
1.41606e+06 0.015 9
2.55679e+06 0.0175 9
3.89306e+06 0.02 9
5.03363e+06 0.0225 9
5.55061e+06 0.025 9
5.21121e+06 0.0275 9
4.145e+06 0.03 9
2.85641e+06 0.0325 9
2.03261e+06 0.035 9
2.21988e+06 0.0375 9
3.52877e+06 0.04 9
5.53174e+06 0.0425 9
7.42629e+06 0.045 9
8.39642e+06 0.0475 9
7.99344e+06 0.05 9
6.34002e+06 0.0525 9
4.05199e+06 0.055 9
1.92336e+06 0.0575 9
546308 0.06 9
67686.5 0.0625 9
201150 0.065 9
466879 0.0675 9
505474 0.07 9
280055 0.0725 9
56924.8 0.075 9
192017 0.0775 9
864960 0.08 9
1.92824e+06 0.0825 9
2.96372e+06 0.085 9
3.51106e+06 0.0875 9
3.33028e+06 0.09 9
2.54324e+06 0.0925 9
1.57283e+06 0.095 9
917279 0.0975 9
888801 0.1 9
1.46014e+06 0.1025 9
2.29558e+06 0.105 9
2.93869e+06 0.1075 9
3.04771e+06 0.11 9
2.55389e+06 0.1125 9
1.67022e+06 0.115 9
761999 0.1175 9
159027 0.12 9
8084.03 0.1225 9
231481 0.125 9
597796 0.1275 9
862605 0.13 9
874163 0.1325 9
667039 0.135 9
380949 0.1375 9
249138 0.14 9
358375 0.1425 9
894577 0.145 9
1.51705e+06 0.1475 9
2.13499e+06 0.15 9
2.51636e+06 0.1525 9
2.484e+06 0.155 9
2.13419e+06 0.1575 9
1.49318e+06 0.16 9
975450 0.1625 9
619226 0.165 9
576179 0.1675 9
879932 0.17 9
1.10199e+06 0.1725 9
1.34779e+06 0.175 9
1.47294e+06 0.1775 9
1.56936e+06 0.18 9
1.40236e+06 0.1825 9
1.26907e+06 0.185 9
1.24477e+06 0.1875 9
1.18723e+06 0.19 9
1.08384e+06 0.1925 9
948411 0.195 9
742803 0.1975 9
622791 0.2 9
531084 0.2025 9
539703 0.205 9
541434 0.2075 9
633280 0.21 9
689039 0.2125 9
793116 0.215 9
945363 0.2175 9
999159 0.22 9
1.04643e+06 0.2225 9
1.02056e+06 0.225 9
980663 0.2275 9
931334 0.23 9
1.00221e+06 0.2325 9
1.04067e+06 0.235 9
1.17298e+06 0.2375 9
1.30557e+06 0.24 9
1.33729e+06 0.2425 9
1.35478e+06 0.245 9
1.43598e+06 0.2475 9
1.40037e+06 0.25 9
1.31703e+06 0.2525 9
1.25565e+06 0.255 9
1.17948e+06 0.2575 9
1.14499e+06 0.26 9
1.0914e+06 0.2625 9
1.03559e+06 0.265 9
997163 0.2675 9
982220 0.27 9
1.03626e+06 0.2725 9
1.15639e+06 0.275 9
1.26764e+06 0.2775 9
1.35459e+06 0.28 9
1.26899e+06 0.2825 9
1.10587e+06 0.285 9
842478 0.2875 9
597143 0.29 9
406775 0.2925 9
0 0.01 10
0 0.0125 10
0 0.015 10
0 0.0175 10
0 0.02 10
0 0.0225 10
0 0.025 10
0 0.0275 10
0 0.03 10
0 0.0325 10
0 0.035 10
0 0.0375 10
0 0.04 10
0 0.0425 10
0 0.045 10
0 0.0475 10
0 0.05 10
0 0.0525 10
0 0.055 10
0 0.0575 10
9115.02 0.06 10
10724.4 0.0625 10
33282.4 0.065 10
61017.4 0.0675 10
201877 0.07 10
534279 0.0725 10
590336 0.075 10
728877 0.0775 10
1.02255e+06 0.08 10
1.39346e+06 0.0825 10
1.81725e+06 0.085 10
1.99734e+06 0.0875 10
2.08912e+06 0.09 10
2.16144e+06 0.0925 10
2.28177e+06 0.095 10
2.06185e+06 0.0975 10
1.73669e+06 0.1 10
1.74607e+06 0.1025 10
1.68398e+06 0.105 10
1.70312e+06 0.1075 10
1.81011e+06 0.11 10
1.8023e+06 0.1125 10
1.80234e+06 0.115 10
1.71398e+06 0.1175 10
1.48911e+06 0.12 10
1.41938e+06 0.1225 10
1.24895e+06 0.125 10
1.11662e+06 0.1275 10
949038 0.13 10
848589 0.1325 10
768358 0.135 10
745363 0.1375 10
808982 0.14 10
923837 0.1425 10
1.20432e+06 0.145 10
1.52378e+06 0.1475 10
1.81996e+06 0.15 10
2.1071e+06 0.1525 10
2.20634e+06 0.155 10
2.27764e+06 0.1575 10
2.4091e+06 0.16 10
2.49361e+06 0.1625 10
2.51461e+06 0.165 10
2.61228e+06 0.1675 10
2.56825e+06 0.17 10
2.56992e+06 0.1725 10
2.45792e+06 0.175 10
2.37005e+06 0.1775 10
2.19538e+06 0.18 10
2.1854e+06 0.1825 10
2.39971e+06 0.185 10
2.89183e+06 0.1875 10
3.43793e+06 0.19 10
3.88889e+06 0.1925 10
4.26436e+06 0.195 10
4.40796e+06 0.1975 10
4.23561e+06 0.2 10
3.97336e+06 0.2025 10
3.6104e+06 0.205 10
3.33238e+06 0.2075 10
3.01303e+06 0.21 10
2.66252e+06 0.2125 10
2.27707e+06 0.215 10
1.82637e+06 0.2175 10
1.33502e+06 0.22 10
832572 0.2225 10
408191 0.225 10
162048 0.2275 10
100280 0.23 10
213492 0.2325 10
408245 0.235 10
606606 0.2375 10
701941 0.24 10
737339 0.2425 10
707507 0.245 10
687619 0.2475 10
667334 0.25 10
694453 0.2525 10
719411 0.255 10
732681 0.2575 10
706330 0.26 10
718443 0.2625 10
769957 0.265 10
773241 0.2675 10
825696 0.27 10
905080 0.2725 10
836347 0.275 10
792165 0.2775 10
708836 0.28 10
659078 0.2825 10
641898 0.285 10
666461 0.2875 10
0 0.01 11
0 0.0125 11
0 0.015 11
0 0.0175 11
0 0.02 11
6364.39 0.0225 11
474.66 0.025 11
13390.2 0.0275 11
55237.1 0.03 11
87444.5 0.0325 11
184310 0.035 11
347776 0.0375 11
503674 0.04 11
440562 0.0425 11
488976 0.045 11
588937 0.0475 11
595081 0.05 11
572568 0.0525 11
577882 0.055 11
504306 0.0575 11
389876 0.06 11
310943 0.0625 11
189380 0.065 11
103795 0.0675 11
40886.6 0.07 11
9825.45 0.0725 11
24915.5 0.075 11
77282.6 0.0775 11
152353 0.08 11
221906 0.0825 11
253184 0.085 11
226609 0.0875 11
155481 0.09 11
96756.3 0.0925 11
142562 0.095 11
388991 0.0975 11
890048 0.1 11
1.61542e+06 0.1025 11
2.43464e+06 0.105 11
3.14294e+06 0.1075 11
3.52687e+06 0.11 11
3.4499e+06 0.1125 11
2.91091e+06 0.115 11
2.0552e+06 0.1175 11
1.13873e+06 0.12 11
427549 0.1225 11
58647.6 0.125 11
81567.9 0.1275 11
323708 0.13 11
584889 0.1325 11
708918 0.135 11
632776 0.1375 11
473684 0.14 11
283612 0.1425 11
163026 0.145 11
110176 0.1475 11
89652.1 0.15 11
39663.8 0.1525 11
10305.7 0.155 11
105594 0.1575 11
462444 0.16 11
1.15088e+06 0.1625 11
2.0858e+06 0.165 11
2.92377e+06 0.1675 11
3.35679e+06 0.17 11
3.14454e+06 0.1725 11
2.29576e+06 0.175 11
1.15873e+06 0.1775 11
330634 0.18 11
224658 0.1825 11
1.00172e+06 0.185 11
2.35818e+06 0.1875 11
3.73508e+06 0.19 11
4.55927e+06 0.1925 11
4.45998e+06 0.195 11
3.54994e+06 0.1975 11
2.30008e+06 0.2 11
1.14584e+06 0.2025 11
495004 0.205 11
643264 0.2075 11
1.35079e+06 0.21 11
2.14043e+06 0.2125 11
2.68806e+06 0.215 11
2.74484e+06 0.2175 11
2.43228e+06 0.22 11
1.97479e+06 0.2225 11
1.66466e+06 0.225 11
1.46874e+06 0.2275 11
1.17901e+06 0.23 11
1.07669e+06 0.2325 11
864186 0.235 11
601994 0.2375 11
322804 0.24 11
220571 0.2425 11
274758 0.245 11
415456 0.2475 11
565872 0.25 11
677364 0.2525 11
646804 0.255 11
559005 0.2575 11
559090 0.26 11
565341 0.2625 11
626178 0.265 11
635699 0.2675 11
611996 0.27 11
562039 0.2725 11
443193 0.275 11
345008 0.2775 11
277207 0.28 11
321334 0.2825 11
0 0.01 12
6514.24 0.0125 12
161797 0.015 12
542886 0.0175 12
1.27425e+06 0.02 12
2.52692e+06 0.0225 12
4.37864e+06 0.025 12
6.5829e+06 0.0275 12
8.4155e+06 0.03 12
9.98201e+06 0.0325 12
1.05005e+07 0.035 12
1.03585e+07 0.0375 12
9.273e+06 0.04 12
7.57217e+06 0.0425 12
5.64888e+06 0.045 12
3.86878e+06 0.0475 12
2.46552e+06 0.05 12
1.5072e+06 0.0525 12
933866 0.055 12
632183 0.0575 12
503626 0.06 12
496436 0.0625 12
598422 0.065 12
808903 0.0675 12
1.11356e+06 0.07 12
1.47638e+06 0.0725 12
1.84798e+06 0.075 12
2.17982e+06 0.0775 12
2.43393e+06 0.08 12
2.58484e+06 0.0825 12
2.6171e+06 0.085 12
2.52424e+06 0.0875 12
2.31149e+06 0.09 12
2.00002e+06 0.0925 12
1.62789e+06 0.095 12
1.2445e+06 0.0975 12
899206 0.1 12
628201 0.1025 12
444960 0.105 12
338191 0.1075 12
278542 0.11 12
232140 0.1125 12
176225 0.115 12
110446 0.1175 12
57891.8 0.12 12
55259.4 0.1225 12
125159 0.125 12
271747 0.1275 12
461441 0.13 12
666955 0.1325 12
800213 0.135 12
839680 0.1375 12
725855 0.14 12
571353 0.1425 12
456236 0.145 12
419891 0.1475 12
385734 0.15 12
481845 0.1525 12
535742 0.155 12
699078 0.1575 12
960344 0.16 12
1.29501e+06 0.1625 12
1.6644e+06 0.165 12
1.93654e+06 0.1675 12
1.99486e+06 0.17 12
1.75369e+06 0.1725 12
1.52812e+06 0.175 12
1.38103e+06 0.1775 12
1.54756e+06 0.18 12
1.87988e+06 0.1825 12
2.44886e+06 0.185 12
3.07351e+06 0.1875 12
3.35374e+06 0.19 12
3.17446e+06 0.1925 12
2.54373e+06 0.195 12
1.84679e+06 0.1975 12
1.53977e+06 0.2 12
1.99881e+06 0.2025 12
2.78966e+06 0.205 12
3.98734e+06 0.2075 12
4.90969e+06 0.21 12
5.41032e+06 0.2125 12
5.16258e+06 0.215 12
4.13966e+06 0.2175 12
3.16748e+06 0.22 12
2.41607e+06 0.2225 12
2.05873e+06 0.225 12
2.16122e+06 0.2275 12
2.23578e+06 0.23 12
2.25351e+06 0.2325 12
1.85017e+06 0.235 12
1.15256e+06 0.2375 12
676478 0.24 12
457326 0.2425 12
562152 0.245 12
941672 0.2475 12
1.33844e+06 0.25 12
1.53789e+06 0.2525 12
1.53106e+06 0.255 12
1.20972e+06 0.2575 12
878750 0.26 12
626446 0.2625 12
505889 0.265 12
487561 0.2675 12
480134 0.27 12
450315 0.2725 12
406374 0.275 12
0 0.01 13
0 0.0125 13
0 0.015 13
0 0.0175 13
0 0.02 13
0 0.0225 13
0 0.025 13
0 0.0275 13
0 0.03 13
0 0.0325 13
0 0.035 13
0 0.0375 13
0 0.04 13
0 0.0425 13
0 0.045 13
0 0.0475 13
0 0.05 13
0 0.0525 13
0 0.055 13
0 0.0575 13
0 0.06 13
0 0.0625 13
10722.1 0.065 13
49531.4 0.0675 13
193741 0.07 13
360118 0.0725 13
351425 0.075 13
503918 0.0775 13
778353 0.08 13
1.00024e+06 0.0825 13
1.0234e+06 0.085 13
969221 0.0875 13
1.09739e+06 0.09 13
899643 0.0925 13
656011 0.095 13
517225 0.0975 13
518779 0.1 13
633018 0.1025 13
1.08838e+06 0.105 13
1.74486e+06 0.1075 13
2.38863e+06 0.11 13
3.05554e+06 0.1125 13
3.84451e+06 0.115 13
4.16513e+06 0.1175 13
4.16163e+06 0.12 13
4.34772e+06 0.1225 13
4.16289e+06 0.125 13
3.91241e+06 0.1275 13
3.77633e+06 0.13 13
3.60361e+06 0.1325 13
3.48175e+06 0.135 13
2.99929e+06 0.1375 13
2.57159e+06 0.14 13
2.07244e+06 0.1425 13
1.47175e+06 0.145 13
970706 0.1475 13
635183 0.15 13
538544 0.1525 13
572483 0.155 13
753049 0.1575 13
1.11561e+06 0.16 13
1.51088e+06 0.1625 13
1.89028e+06 0.165 13
2.32959e+06 0.1675 13
2.58205e+06 0.17 13
2.75997e+06 0.1725 13
2.76746e+06 0.175 13
2.57755e+06 0.1775 13
2.34213e+06 0.18 13
2.03424e+06 0.1825 13
1.85975e+06 0.185 13
1.88488e+06 0.1875 13
1.92806e+06 0.19 13
2.1226e+06 0.1925 13
2.23476e+06 0.195 13
2.16902e+06 0.1975 13
1.85373e+06 0.2 13
1.35012e+06 0.2025 13
835351 0.205 13
380861 0.2075 13
104550 0.21 13
22853.6 0.2125 13
86184.9 0.215 13
181658 0.2175 13
266071 0.22 13
298372 0.2225 13
284984 0.225 13
244176 0.2275 13
199714 0.23 13
169254 0.2325 13
162455 0.235 13
178002 0.2375 13
241070 0.24 13
334917 0.2425 13
487703 0.245 13
684814 0.2475 13
810264 0.25 13
844716 0.2525 13
798727 0.255 13
658145 0.2575 13
432674 0.26 13
267858 0.2625 13
198446 0.265 13
256265 0.2675 13
11502.3 0.02 14
26020.5 0.0225 14
52997 0.025 14
41353.6 0.0275 14
76132.4 0.03 14
103979 0.0325 14
121546 0.035 14
116064 0.0375 14
115672 0.04 14
149896 0.0425 14
192064 0.045 14
309011 0.0475 14
445826 0.05 14
684282 0.0525 14
883168 0.055 14
1.01881e+06 0.0575 14
1.02965e+06 0.06 14
911455 0.0625 14
704822 0.065 14
478853 0.0675 14
301169 0.07 14
208641 0.0725 14
193655 0.075 14
213050 0.0775 14
215085 0.08 14
170269 0.0825 14
89881.8 0.085 14
22686.3 0.0875 14
31980 0.09 14
165307 0.0925 14
432402 0.095 14
801794 0.0975 14
1.21615e+06 0.1 14
1.61683e+06 0.1025 14
1.96448e+06 0.105 14
2.24591e+06 0.1075 14
2.46622e+06 0.11 14
2.63294e+06 0.1125 14
2.74269e+06 0.115 14
2.78065e+06 0.1175 14
2.72955e+06 0.12 14
2.55546e+06 0.1225 14
2.29896e+06 0.125 14
2.0228e+06 0.1275 14
1.7721e+06 0.13 14
1.49237e+06 0.1325 14
1.19077e+06 0.135 14
992720 0.1375 14
1.17283e+06 0.14 14
1.25438e+06 0.1425 14
1.34069e+06 0.145 14
1.36101e+06 0.1475 14
1.59717e+06 0.15 14
1.71202e+06 0.1525 14
1.85769e+06 0.155 14
1.9345e+06 0.1575 14
1.83773e+06 0.16 14
1.57793e+06 0.1625 14
1.32729e+06 0.165 14
1.13952e+06 0.1675 14
1.03585e+06 0.17 14
1.00711e+06 0.1725 14
1.00967e+06 0.175 14
980319 0.1775 14
999495 0.18 14
1.08663e+06 0.1825 14
945521 0.185 14
822961 0.1875 14
659419 0.19 14
445547 0.1925 14
223958 0.195 14
202670 0.1975 14
217230 0.2 14
411150 0.2025 14
671886 0.205 14
1.00911e+06 0.2075 14
1.21193e+06 0.21 14
1.4104e+06 0.2125 14
1.49347e+06 0.215 14
1.47585e+06 0.2175 14
1.47145e+06 0.22 14
1.15931e+06 0.2225 14
995543 0.225 14
787425 0.2275 14
656037 0.23 14
587189 0.2325 14
566430 0.235 14
634545 0.2375 14
769690 0.24 14
892131 0.2425 14
907175 0.245 14
945795 0.2475 14
893232 0.25 14
759878 0.2525 14
627654 0.255 14
470940 0.2575 14
0 0.0125 15
0 0.015 15
6428.55 0.0175 15
50608.9 0.02 15
59309.5 0.0225 15
109193 0.025 15
168447 0.0275 15
320028 0.03 15
506911 0.0325 15
747250 0.035 15
794138 0.0375 15
745753 0.04 15
723827 0.0425 15
508147 0.045 15
423083 0.0475 15
338169 0.05 15
371894 0.0525 15
454819 0.055 15
662149 0.0575 15
1.05357e+06 0.06 15
1.68502e+06 0.0625 15
2.56654e+06 0.065 15
3.61678e+06 0.0675 15
4.64808e+06 0.07 15
5.40506e+06 0.0725 15
5.65253e+06 0.075 15
5.27783e+06 0.0775 15
4.35639e+06 0.08 15
3.14122e+06 0.0825 15
1.97303e+06 0.085 15
1.14972e+06 0.0875 15
817869 0.09 15
939040 0.0925 15
1.34399e+06 0.095 15
1.84028e+06 0.0975 15
2.31024e+06 0.1 15
2.74471e+06 0.1025 15
3.19779e+06 0.105 15
3.69711e+06 0.1075 15
4.17202e+06 0.11 15
4.45186e+06 0.1125 15
4.34406e+06 0.115 15
3.75139e+06 0.1175 15
2.7582e+06 0.12 15
1.63651e+06 0.1225 15
743592 0.125 15
301334 0.1275 15
448061 0.13 15
1.02183e+06 0.1325 15
1.76158e+06 0.135 15
2.30372e+06 0.1375 15
2.48061e+06 0.14 15
2.22497e+06 0.1425 15
1.71371e+06 0.145 15
1.27968e+06 0.1475 15
875450 0.15 15
793190 0.1525 15
792175 0.155 15
766145 0.1575 15
775260 0.16 15
548214 0.1625 15
335226 0.165 15
289448 0.1675 15
395684 0.17 15
600525 0.1725 15
844893 0.175 15
1.06965e+06 0.1775 15
1.17756e+06 0.18 15
1.08543e+06 0.1825 15
1.05892e+06 0.185 15
1.00691e+06 0.1875 15
965211 0.19 15
1.00707e+06 0.1925 15
1.07836e+06 0.195 15
1.12359e+06 0.1975 15
1.13186e+06 0.2 15
1.05062e+06 0.2025 15
827851 0.205 15
647763 0.2075 15
416149 0.21 15
284067 0.2125 15
218994 0.215 15
206522 0.2175 15
252942 0.22 15
309694 0.2225 15
369600 0.225 15
413248 0.2275 15
461985 0.23 15
513975 0.2325 15
503031 0.235 15
474072 0.2375 15
440807 0.24 15
395228 0.2425 15
343061 0.245 15
281915 0.2475 15
0 0.0025 16
0 0.005 16
0 0.0075 16
0 0.01 16
0 0.0125 16
0 0.015 16
0 0.0175 16
0 0.02 16
0 0.0225 16
0 0.025 16
0 0.0275 16
0 0.03 16
0 0.0325 16
0 0.035 16
0 0.0375 16
0 0.04 16
0 0.0425 16
0 0.045 16
0 0.0475 16
0 0.05 16
0 0.0525 16
0 0.055 16
0 0.0575 16
0 0.06 16
0 0.0625 16
1657.32 0.065 16
49225.3 0.0675 16
51855.1 0.07 16
150587 0.0725 16
218503 0.075 16
265172 0.0775 16
373910 0.08 16
476545 0.0825 16
635973 0.085 16
547850 0.0875 16
651773 0.09 16
665177 0.0925 16
768071 0.095 16
843552 0.0975 16
975020 0.1 16
1.09818e+06 0.1025 16
1.08378e+06 0.105 16
981964 0.1075 16
956714 0.11 16
924473 0.1125 16
820558 0.115 16
635930 0.1175 16
511133 0.12 16
416272 0.1225 16
447895 0.125 16
571057 0.1275 16
826260 0.13 16
1.0906e+06 0.1325 16
1.17741e+06 0.135 16
1.47356e+06 0.1375 16
1.63499e+06 0.14 16
1.63881e+06 0.1425 16
1.52036e+06 0.145 16
1.47647e+06 0.1475 16
1.46509e+06 0.15 16
1.49405e+06 0.1525 16
1.51345e+06 0.155 16
1.77026e+06 0.1575 16
2.04176e+06 0.16 16
2.29501e+06 0.1625 16
2.48719e+06 0.165 16
2.58853e+06 0.1675 16
2.56773e+06 0.17 16
2.35993e+06 0.1725 16
1.89169e+06 0.175 16
1.45681e+06 0.1775 16
1.08939e+06 0.18 16
959976 0.1825 16
1.04299e+06 0.185 16
1.36008e+06 0.1875 16
1.71016e+06 0.19 16
1.9162e+06 0.1925 16
1.90421e+06 0.195 16
1.62107e+06 0.1975 16
1.17048e+06 0.2 16
627371 0.2025 16
280300 0.205 16
143859 0.2075 16
254062 0.21 16
546885 0.2125 16
913629 0.215 16
1.21672e+06 0.2175 16
1.42772e+06 0.22 16
1.45859e+06 0.2225 16
1.35542e+06 0.225 16
1.15549e+06 0.2275 16
897747 0.23 16
635227 0.2325 16
411178 0.235 16
265234 0.2375 16
0 0.0025 17
0 0.005 17
0 0.0075 17
0 0.01 17
43049.5 0.0125 17
59240.1 0.015 17
117247 0.0175 17
218578 0.02 17
433977 0.0225 17
673591 0.025 17
698357 0.0275 17
727108 0.03 17
679176 0.0325 17
677995 0.035 17
879071 0.0375 17
1.31772e+06 0.04 17
1.98786e+06 0.0425 17
2.72428e+06 0.045 17
3.27948e+06 0.0475 17
3.43886e+06 0.05 17
3.13627e+06 0.0525 17
2.50123e+06 0.055 17
1.80381e+06 0.0575 17
1.32259e+06 0.06 17
1.20999e+06 0.0625 17
1.43353e+06 0.065 17
1.82678e+06 0.0675 17
2.21502e+06 0.07 17
2.5329e+06 0.0725 17
2.85573e+06 0.075 17
3.3219e+06 0.0775 17
3.99687e+06 0.08 17
4.77147e+06 0.0825 17
5.37012e+06 0.085 17
5.47815e+06 0.0875 17
4.9204e+06 0.09 17
3.78664e+06 0.0925 17
2.42464e+06 0.095 17
1.29589e+06 0.0975 17
766913 0.1 17
945084 0.1025 17
1.64214e+06 0.105 17
2.47756e+06 0.1075 17
3.06095e+06 0.11 17
3.15778e+06 0.1125 17
2.7614e+06 0.115 17
2.05192e+06 0.1175 17
1.28124e+06 0.12 17
655928 0.1225 17
264450 0.125 17
87085.2 0.1275 17
61131.1 0.13 17
89549.7 0.1325 17
202874 0.135 17
332647 0.1375 17
551005 0.14 17
689267 0.1425 17
815941 0.145 17
908863 0.1475 17
958444 0.15 17
975593 0.1525 17
861178 0.155 17
614501 0.1575 17
525260 0.16 17
491852 0.1625 17
465753 0.165 17
420981 0.1675 17
392062 0.17 17
416524 0.1725 17
445226 0.175 17
515894 0.1775 17
546420 0.18 17
641829 0.1825 17
716331 0.185 17
756919 0.1875 17
799791 0.19 17
720823 0.1925 17
690336 0.195 17
629916 0.1975 17
543790 0.2 17
472297 0.2025 17
402553 0.205 17
336101 0.2075 17
346448 0.21 17
362087 0.2125 17
419085 0.215 17
404801 0.2175 17
443201 0.22 17
467381 0.2225 17
526802 0.225 17
0 0.0025 18
0 0.005 18
0 0.0075 18
0 0.01 18
0 0.0125 18
0 0.015 18
0 0.0175 18
0 0.02 18
238.967 0.0225 18
30820.8 0.025 18
120091 0.0275 18
277275 0.03 18
824465 0.0325 18
1.46911e+06 0.035 18
2.26902e+06 0.0375 18
3.47396e+06 0.04 18
4.52453e+06 0.0425 18
5.45489e+06 0.045 18
6.25576e+06 0.0475 18
6.5333e+06 0.05 18
6.22839e+06 0.0525 18
5.70947e+06 0.055 18
4.75566e+06 0.0575 18
3.92546e+06 0.06 18
3.23687e+06 0.0625 18
2.81066e+06 0.065 18
2.57538e+06 0.0675 18
2.49165e+06 0.07 18
2.35658e+06 0.0725 18
2.23637e+06 0.075 18
2.01978e+06 0.0775 18
1.70363e+06 0.08 18
1.32688e+06 0.0825 18
948950 0.085 18
626117 0.0875 18
393928 0.09 18
259689 0.0925 18
205300 0.095 18
198216 0.0975 18
206395 0.1 18
211691 0.1025 18
216022 0.105 18
236961 0.1075 18
294179 0.11 18
397417 0.1125 18
524404 0.115 18
649551 0.1175 18
718780 0.12 18
724570 0.1225 18
693308 0.125 18
617188 0.1275 18
566756 0.13 18
630272 0.1325 18
640071 0.135 18
674082 0.1375 18
747180 0.14 18
732894 0.1425 18
672394 0.145 18
670286 0.1475 18
745279 0.15 18
875013 0.1525 18
937507 0.155 18
971343 0.1575 18
935503 0.16 18
759570 0.1625 18
543653 0.165 18
352209 0.1675 18
253313 0.17 18
251105 0.1725 18
333133 0.175 18
442553 0.1775 18
534547 0.18 18
609513 0.1825 18
640642 0.185 18
629792 0.1875 18
614585 0.19 18
562618 0.1925 18
533786 0.195 18
484222 0.1975 18
357918 0.2 18
238813 0.2025 18
177224 0.205 18
221054 0.2075 18
282394 0.21 18
328672 0.2125 18
0 0.0025 19
0 0.005 19
0 0.0075 19
0 0.01 19
0 0.0125 19
0 0.015 19
0 0.0175 19
0 0.02 19
0 0.0225 19
0 0.025 19
0 0.0275 19
0 0.03 19
0 0.0325 19
0 0.035 19
0 0.0375 19
0 0.04 19
0 0.0425 19
0 0.045 19
0 0.0475 19
0 0.05 19
0 0.0525 19
0 0.055 19
0 0.0575 19
7053.86 0.06 19
52301.8 0.0625 19
67727.8 0.065 19
68151.3 0.0675 19
139182 0.07 19
195562 0.0725 19
319331 0.075 19
355488 0.0775 19
416351 0.08 19
382831 0.0825 19
377034 0.085 19
313247 0.0875 19
299320 0.09 19
445720 0.0925 19
495671 0.095 19
715352 0.0975 19
1.14325e+06 0.1 19
1.7622e+06 0.1025 19
2.27074e+06 0.105 19
2.56375e+06 0.1075 19
3.16833e+06 0.11 19
3.43438e+06 0.1125 19
3.50695e+06 0.115 19
3.47479e+06 0.1175 19
3.27124e+06 0.12 19
2.7631e+06 0.1225 19
2.63109e+06 0.125 19
2.16411e+06 0.1275 19
1.81288e+06 0.13 19
1.23333e+06 0.1325 19
989287 0.135 19
798928 0.1375 19
658576 0.14 19
565696 0.1425 19
489775 0.145 19
347621 0.1475 19
179112 0.15 19
55702 0.1525 19
21095.3 0.155 19
84834.6 0.1575 19
253240 0.16 19
418857 0.1625 19
527653 0.165 19
546118 0.1675 19
474739 0.17 19
340985 0.1725 19
231315 0.175 19
199690 0.1775 19
216711 0.18 19
256143 0.1825 19
282845 0.185 19
244240 0.1875 19
156747 0.19 19
54647.8 0.1925 19
8085.09 0.195 19
26413 0.1975 19
0 0.0025 20
0 0.005 20
1979.35 0.0075 20
6526.57 0.01 20
5045.7 0.0125 20
13598.4 0.015 20
19919 0.0175 20
16178.5 0.02 20
6819.3 0.0225 20
8688.41 0.025 20
46557 0.0275 20
139538 0.03 20
283231 0.0325 20
441190 0.035 20
555634 0.0375 20
575918 0.04 20
490256 0.0425 20
341051 0.045 20
211822 0.0475 20
190313 0.05 20
327329 0.0525 20
613941 0.055 20
988727 0.0575 20
1.36885e+06 0.06 20
1.68603e+06 0.0625 20
1.90851e+06 0.065 20
2.04155e+06 0.0675 20
2.11279e+06 0.07 20
2.15461e+06 0.0725 20
2.19217e+06 0.075 20
2.23692e+06 0.0775 20
2.28129e+06 0.08 20
2.29393e+06 0.0825 20
2.222e+06 0.085 20
2.00975e+06 0.0875 20
1.63329e+06 0.09 20
1.13687e+06 0.0925 20
645212 0.095 20
332883 0.0975 20
354001 0.1 20
762599 0.1025 20
1.46694e+06 0.105 20
2.24866e+06 0.1075 20
2.84467e+06 0.11 20
3.05438e+06 0.1125 20
2.81974e+06 0.115 20
2.23932e+06 0.1175 20
1.51342e+06 0.12 20
852700 0.1225 20
397619 0.125 20
184134 0.1275 20
160160 0.13 20
231876 0.1325 20
315569 0.135 20
357782 0.1375 20
346876 0.14 20
293006 0.1425 20
221170 0.145 20
163224 0.1475 20
160473 0.15 20
272702 0.1525 20
486575 0.155 20
689095 0.1575 20
867424 0.16 20
1.02897e+06 0.1625 20
1.00157e+06 0.165 20
829938 0.1675 20
675333 0.17 20
516858 0.1725 20
487462 0.175 20
437130 0.1775 20
0 0.0025 21
0 0.005 21
0 0.0075 21
0 0.01 21
0 0.0125 21
0 0.015 21
0 0.0175 21
0 0.02 21
0 0.0225 21
0 0.025 21
979.445 0.0275 21
1379.83 0.03 21
4618.78 0.0325 21
11480.2 0.035 21
10426 0.0375 21
8533.85 0.04 21
51746.8 0.0425 21
143717 0.045 21
230849 0.0475 21
345147 0.05 21
386437 0.0525 21
439842 0.055 21
482920 0.0575 21
486600 0.06 21
420042 0.0625 21
325882 0.065 21
195566 0.0675 21
116864 0.07 21
85472.6 0.0725 21
74465.4 0.075 21
110109 0.0775 21
172450 0.08 21
275977 0.0825 21
343707 0.085 21
413185 0.0875 21
460426 0.09 21
510621 0.0925 21
575635 0.095 21
648546 0.0975 21
732442 0.1 21
833078 0.1025 21
957596 0.105 21
1.10881e+06 0.1075 21
1.2749e+06 0.11 21
1.40739e+06 0.1125 21
1.46537e+06 0.115 21
1.39789e+06 0.1175 21
1.1812e+06 0.12 21
846854 0.1225 21
492111 0.125 21
216304 0.1275 21
137695 0.13 21
303151 0.1325 21
685443 0.135 21
1.19247e+06 0.1375 21
1.65151e+06 0.14 21
1.97994e+06 0.1425 21
2.06638e+06 0.145 21
1.93947e+06 0.1475 21
1.66898e+06 0.15 21
1.35573e+06 0.1525 21
1.0699e+06 0.155 21
839569 0.1575 21
673371 0.16 21
0 0.0025 22
0 0.005 22
0 0.0075 22
0 0.01 22
0 0.0125 22
0 0.015 22
0 0.0175 22
0 0.02 22
0 0.0225 22
0 0.025 22
0 0.0275 22
0 0.03 22
0 0.0325 22
0 0.035 22
0 0.0375 22
0 0.04 22
0 0.0425 22
0 0.045 22
0 0.0475 22
0 0.05 22
0 0.0525 22
11705.7 0.055 22
32656.9 0.0575 22
31630.5 0.06 22
40606.8 0.0625 22
84006.2 0.065 22
110766 0.0675 22
117279 0.07 22
172642 0.0725 22
219908 0.075 22
240564 0.0775 22
244801 0.08 22
268668 0.0825 22
271059 0.085 22
163596 0.0875 22
100554 0.09 22
63046.4 0.0925 22
84003.9 0.095 22
65237.7 0.0975 22
64487.1 0.1 22
43842.6 0.1025 22
92895.9 0.105 22
208607 0.1075 22
252930 0.11 22
300799 0.1125 22
372174 0.115 22
464706 0.1175 22
466616 0.12 22
488008 0.1225 22
538955 0.125 22
511691 0.1275 22
535603 0.13 22
548719 0.1325 22
499163 0.135 22
386760 0.1375 22
156.527 0.0025 23
2426.31 0.005 23
11715.3 0.0075 23
34983.8 0.01 23
80337.8 0.0125 23
156125 0.015 23
268837 0.0175 23
418811 0.02 23
594776 0.0225 23
770742 0.025 23
909385 0.0275 23
973226 0.03 23
939881 0.0325 23
813702 0.035 23
626581 0.0375 23
426107 0.04 23
256583 0.0425 23
142803 0.045 23
84840.8 0.0475 23
65292.6 0.05 23
63014.2 0.0525 23
64300.4 0.055 23
65572.5 0.0575 23
68345.5 0.06 23
72529.4 0.0625 23
74247.4 0.065 23
69655.9 0.0675 23
60703.8 0.07 23
56855.6 0.0725 23
70038.4 0.075 23
105814 0.0775 23
157403 0.08 23
207651 0.0825 23
238376 0.085 23
240983 0.0875 23
221095 0.09 23
194083 0.0925 23
174827 0.095 23
168847 0.0975 23
170597 0.1 23
169201 0.1025 23
