2.63038e+07 0.085 0
1.58725e+07 0.0875 0
5.84667e+06 0.09 0
509424 0.0925 0
713778 0.095 0
4.08558e+06 0.0975 0
7.08846e+06 0.1 0
7.38297e+06 0.1025 0
4.99955e+06 0.105 0
1.83039e+06 0.1075 0
65096.8 0.11 0
729232 0.1125 0
3.20601e+06 0.115 0
5.85228e+06 0.1175 0
7.12924e+06 0.12 0
6.46855e+06 0.1225 0
4.41137e+06 0.125 0
2.08973e+06 0.1275 0
494831 0.13 0
35.6392 0.1325 0
344243 0.135 0
960798 0.1375 0
1.36827e+06 0.14 0
1.38525e+06 0.1425 0
1.10835e+06 0.145 0
738426 0.1475 0
448545 0.15 0
279587 0.1525 0
224890 0.155 0
303064 0.1575 0
424591 0.16 0
586944 0.1625 0
836364 0.165 0
1.04123e+06 0.1675 0
1.19748e+06 0.17 0
1.20774e+06 0.1725 0
1.03246e+06 0.175 0
767855 0.1775 0
505074 0.18 0
326685 0.1825 0
223671 0.185 0
250282 0.1875 0
475978 0.19 0
825758 0.1925 0
1.00588e+06 0.195 0
1.37525e+06 0.1975 0
1.56035e+06 0.2 0
1.46803e+06 0.2025 0
1.43723e+06 0.205 0
1.2601e+06 0.2075 0
1.0824e+06 0.21 0
856921 0.2125 0
593483 0.215 0
389947 0.2175 0
249816 0.22 0
211793 0.2225 0
252731 0.225 0
401094 0.2275 0
589310 0.23 0
796885 0.2325 0
870476 0.235 0
811591 0.2375 0
761052 0.24 0
687965 0.2425 0
563398 0.245 0
452831 0.2475 0
363305 0.25 0
296726 0.2525 0
342103 0.255 0
316640 0.2575 0
262172 0.26 0
193597 0.2625 0
121071 0.265 0
68528.5 0.2675 0
42222.2 0.27 0
36811.6 0.2725 0
64883.8 0.275 0
127322 0.2775 0
178922 0.28 0
189533 0.2825 0
201239 0.285 0
157301 0.2875 0
137766 0.29 0
133254 0.2925 0
140992 0.295 0
150898 0.2975 0
140486 0.3 0
152752 0.3025 0
122204 0.305 0
102073 0.3075 0
83036.9 0.31 0
86943.8 0.3125 0
104212 0.315 0
5.25594e+06 0.0825 1
6.78974e+06 0.085 1
1.03843e+07 0.0875 1
1.24652e+07 0.09 1
1.12301e+07 0.0925 1
7.40851e+06 0.095 1
3.29413e+06 0.0975 1
986732 0.1 1
1.09731e+06 0.1025 1
2.64764e+06 0.105 1
4.00494e+06 0.1075 1
4.0631e+06 0.11 1
2.86719e+06 0.1125 1
1.37771e+06 0.115 1
676058 0.1175 1
1.21765e+06 0.12 1
2.60347e+06 0.1225 1
3.93011e+06 0.125 1
4.40375e+06 0.1275 1
3.79145e+06 0.13 1
2.47123e+06 0.1325 1
1.11661e+06 0.135 1
272613 0.1375 1
121433 0.14 1
437967 0.1425 1
813982 0.145 1
991085 0.1475 1
957189 0.15 1
707273 0.1525 1
454010 0.155 1
359100 0.1575 1
374540 0.16 1
529374 0.1625 1
563809 0.165 1
527553 0.1675 1
560045 0.17 1
623388 0.1725 1
568587 0.175 1
676850 0.1775 1
555990 0.18 1
462761 0.1825 1
466847 0.185 1
332481 0.1875 1
288014 0.19 1
273303 0.1925 1
283073 0.195 1
394614 0.1975 1
505112 0.2 1
734780 0.2025 1
937376 0.205 1
1.13652e+06 0.2075 1
1.24494e+06 0.21 1
1.16982e+06 0.2125 1
1.16386e+06 0.215 1
1.1062e+06 0.2175 1
1.04546e+06 0.22 1
965539 0.2225 1
816781 0.225 1
785907 0.2275 1
807530 0.23 1
873592 0.2325 1
898204 0.235 1
946407 0.2375 1
913658 0.24 1
856340 0.2425 1
843842 0.245 1
817800 0.2475 1
724472 0.25 1
597140 0.2525 1
482473 0.255 1
361562 0.2575 1
246972 0.26 1
178887 0.2625 1
114057 0.265 1
97722.6 0.2675 1
62577.2 0.27 1
66257 0.2725 1
75655.3 0.275 1
80585.5 0.2775 1
93942.7 0.28 1
104208 0.2825 1
121224 0.285 1
150753 0.2875 1
209656 0.29 1
271634 0.2925 1
332725 0.295 1
407194 0.2975 1
462038 0.3 1
462474 0.3025 1
439876 0.305 1
368875 0.3075 1
264907 0.31 1
154929 0.3125 1
64640.1 0.315 1
5.8309e+07 0.08 2
3.3237e+07 0.0825 2
1.4615e+07 0.085 2
4.73096e+06 0.0875 2
2.30412e+06 0.09 2
3.91784e+06 0.0925 2
6.04233e+06 0.095 2
6.56822e+06 0.0975 2
5.23359e+06 0.1 2
3.02315e+06 0.1025 2
1.13277e+06 0.105 2
178741 0.1075 2
22817.7 0.11 2
135861 0.1125 2
121221 0.115 2
6765.96 0.1175 2
162329 0.12 2
988841 0.1225 2
2.47133e+06 0.125 2
4.23461e+06 0.1275 2
5.66813e+06 0.13 2
6.34211e+06 0.1325 2
6.00489e+06 0.135 2
4.86058e+06 0.1375 2
3.43749e+06 0.14 2
2.30037e+06 0.1425 2
1.40447e+06 0.145 2
981318 0.1475 2
1.01501e+06 0.15 2
1.16304e+06 0.1525 2
1.35079e+06 0.155 2
1.26988e+06 0.1575 2
1.06068e+06 0.16 2
874058 0.1625 2
515056 0.165 2
351687 0.1675 2
313245 0.17 2
453093 0.1725 2
684907 0.175 2
967492 0.1775 2
1.18113e+06 0.18 2
1.42167e+06 0.1825 2
1.41053e+06 0.185 2
1.31918e+06 0.1875 2
1.21129e+06 0.19 2
1.00369e+06 0.1925 2
719727 0.195 2
492338 0.1975 2
290741 0.2 2
288498 0.2025 2
459766 0.205 2
731696 0.2075 2
1.02956e+06 0.21 2
1.40466e+06 0.2125 2
1.63412e+06 0.215 2
1.83307e+06 0.2175 2
1.7508e+06 0.22 2
1.48923e+06 0.2225 2
1.17398e+06 0.225 2
771090 0.2275 2
492385 0.23 2
296856 0.2325 2
261785 0.235 2
318043 0.2375 2
473936 0.24 2
700092 0.2425 2
921397 0.245 2
1.03128e+06 0.2475 2
1.03438e+06 0.25 2
1.02093e+06 0.2525 2
904626 0.255 2
773752 0.2575 2
593405 0.26 2
434819 0.2625 2
275802 0.265 2
224824 0.2675 2
206626 0.27 2
273735 0.2725 2
354658 0.275 2
406763 0.2775 2
433971 0.28 2
387303 0.2825 2
327271 0.285 2
244591 0.2875 2
182423 0.29 2
152903 0.2925 2
180409 0.295 2
246365 0.2975 2
332387 0.3 2
393448 0.3025 2
388912 0.305 2
341645 0.3075 2
262695 0.31 2
194073 0.3125 2
156618 0.315 2
2.92312e+07 0.0775 3
2.35784e+07 0.08 3
2.32806e+07 0.0825 3
2.73637e+07 0.085 3
3.3792e+07 0.0875 3
3.96614e+07 0.09 3
4.18677e+07 0.0925 3
4.01451e+07 0.095 3
3.40856e+07 0.0975 3
2.56023e+07 0.1 3
1.66964e+07 0.1025 3
9.64152e+06 0.105 3
5.4963e+06 0.1075 3
4.21854e+06 0.11 3
4.55028e+06 0.1125 3
5.37536e+06 0.115 3
5.87512e+06 0.1175 3
5.537e+06 0.12 3
4.63311e+06 0.1225 3
3.36165e+06 0.125 3
2.34928e+06 0.1275 3
1.80299e+06 0.13 3
1.59825e+06 0.1325 3
1.71628e+06 0.135 3
1.84726e+06 0.1375 3
1.78596e+06 0.14 3
1.7313e+06 0.1425 3
1.52936e+06 0.145 3
1.4037e+06 0.1475 3
1.28199e+06 0.15 3
1.12801e+06 0.1525 3
1.0261e+06 0.155 3
1.03876e+06 0.1575 3
1.10661e+06 0.16 3
1.23069e+06 0.1625 3
1.27994e+06 0.165 3
1.25108e+06 0.1675 3
1.08382e+06 0.17 3
906379 0.1725 3
579254 0.175 3
306365 0.1775 3
122866 0.18 3
154131 0.1825 3
371942 0.185 3
710894 0.1875 3
1.13353e+06 0.19 3
1.4038e+06 0.1925 3
1.65193e+06 0.195 3
1.78875e+06 0.1975 3
1.74484e+06 0.2 3
1.527e+06 0.2025 3
1.3458e+06 0.205 3
1.09541e+06 0.2075 3
953557 0.21 3
811376 0.2125 3
735901 0.215 3
752140 0.2175 3
852727 0.22 3
1.06067e+06 0.2225 3
1.17079e+06 0.225 3
1.23908e+06 0.2275 3
1.09197e+06 0.23 3
925385 0.2325 3
623056 0.235 3
405740 0.2375 3
187655 0.24 3
107971 0.2425 3
132928 0.245 3
191820 0.2475 3
289861 0.25 3
399882 0.2525 3
464215 0.255 3
474254 0.2575 3
426091 0.26 3
374135 0.2625 3
367880 0.265 3
385215 0.2675 3
401908 0.27 3
497390 0.2725 3
568274 0.275 3
688713 0.2775 3
797779 0.28 3
824126 0.2825 3
824734 0.285 3
755448 0.2875 3
602123 0.29 3
469884 0.2925 3
334500 0.295 3
302940 0.2975 3
304819 0.3 3
340239 0.3025 3
397103 0.305 3
455435 0.3075 3
418527 0.31 3
393451 0.3125 3
362413 0.315 3
7.33771e+06 0.07 4
1.03727e+07 0.0725 4
1.35535e+07 0.075 4
1.62659e+07 0.0775 4
1.90363e+07 0.08 4
2.0202e+07 0.0825 4
1.96965e+07 0.085 4
1.78221e+07 0.0875 4
1.4935e+07 0.09 4
1.11472e+07 0.0925 4
8.24457e+06 0.095 4
6.17969e+06 0.0975 4
5.94098e+06 0.1 4
7.00802e+06 0.1025 4
9.95244e+06 0.105 4
1.32133e+07 0.1075 4
1.61696e+07 0.11 4
1.76531e+07 0.1125 4
1.79952e+07 0.115 4
1.6737e+07 0.1175 4
1.46368e+07 0.12 4
1.1803e+07 0.1225 4
9.22619e+06 0.125 4
6.60184e+06 0.1275 4
4.79784e+06 0.13 4
3.36318e+06 0.1325 4
2.63954e+06 0.135 4
2.2611e+06 0.1375 4
1.89393e+06 0.14 4
1.48775e+06 0.1425 4
1.37362e+06 0.145 4
1.43811e+06 0.1475 4
1.50404e+06 0.15 4
1.74081e+06 0.1525 4
1.81848e+06 0.155 4
1.72137e+06 0.1575 4
1.37275e+06 0.16 4
1.07981e+06 0.1625 4
812553 0.165 4
602404 0.1675 4
734974 0.17 4
1.03616e+06 0.1725 4
1.49378e+06 0.175 4
1.94893e+06 0.1775 4
2.33211e+06 0.18 4
2.42737e+06 0.1825 4
2.35452e+06 0.185 4
2.10212e+06 0.1875 4
1.70751e+06 0.19 4
1.25344e+06 0.1925 4
791650 0.195 4
421964 0.1975 4
176550 0.2 4
77431.1 0.2025 4
124065 0.205 4
247466 0.2075 4
401260 0.21 4
545049 0.2125 4
663298 0.215 4
675431 0.2175 4
703148 0.22 4
712656 0.2225 4
688010 0.225 4
654565 0.2275 4
584865 0.23 4
438313 0.2325 4
333633 0.235 4
243419 0.2375 4
249132 0.24 4
359693 0.2425 4
584133 0.245 4
801407 0.2475 4
1.0414e+06 0.25 4
1.24009e+06 0.2525 4
1.35185e+06 0.255 4
1.35392e+06 0.2575 4
1.28034e+06 0.26 4
1.17454e+06 0.2625 4
1.05162e+06 0.265 4
945542 0.2675 4
836357 0.27 4
746499 0.2725 4
697574 0.275 4
611373 0.2775 4
560302 0.28 4
514120 0.2825 4
480218 0.285 4
462545 0.2875 4
453213 0.29 4
423834 0.2925 4
412281 0.295 4
403089 0.2975 4
441807 0.3 4
511914 0.3025 4
566067 0.305 4
589279 0.3075 4
601550 0.31 4
543972 0.3125 4
0 0.06 5
0 0.0625 5
2494.77 0.065 5
2360.49 0.0675 5
10335.4 0.07 5
40358.8 0.0725 5
147878 0.075 5
259398 0.0775 5
616309 0.08 5
1.28487e+06 0.0825 5
2.73133e+06 0.085 5
3.75066e+06 0.0875 5
4.69042e+06 0.09 5
5.85303e+06 0.0925 5
6.82253e+06 0.095 5
7.5936e+06 0.0975 5
7.72674e+06 0.1 5
7.65919e+06 0.1025 5
7.49275e+06 0.105 5
6.35713e+06 0.1075 5
4.93351e+06 0.11 5
3.89995e+06 0.1125 5
2.9792e+06 0.115 5
2.59667e+06 0.1175 5
2.64725e+06 0.12 5
3.16239e+06 0.1225 5
4.0916e+06 0.125 5
4.99209e+06 0.1275 5
5.78925e+06 0.13 5
5.51714e+06 0.1325 5
4.90524e+06 0.135 5
4.07873e+06 0.1375 5
3.02608e+06 0.14 5
2.2185e+06 0.1425 5
1.50121e+06 0.145 5
1.22667e+06 0.1475 5
1.49555e+06 0.15 5
2.06233e+06 0.1525 5
2.92135e+06 0.155 5
3.64498e+06 0.1575 5
4.09682e+06 0.16 5
4.2784e+06 0.1625 5
3.95722e+06 0.165 5
3.42812e+06 0.1675 5
2.77355e+06 0.17 5
2.10784e+06 0.1725 5
1.66e+06 0.175 5
1.50391e+06 0.1775 5
1.33339e+06 0.18 5
1.28315e+06 0.1825 5
1.21663e+06 0.185 5
1.0589e+06 0.1875 5
944673 0.19 5
798042 0.1925 5
677345 0.195 5
638989 0.1975 5
692682 0.2 5
843883 0.2025 5
1.00536e+06 0.205 5
1.19074e+06 0.2075 5
1.33121e+06 0.21 5
1.38987e+06 0.2125 5
1.28303e+06 0.215 5
1.14656e+06 0.2175 5
997453 0.22 5
955982 0.2225 5
1.06858e+06 0.225 5
1.28754e+06 0.2275 5
1.58128e+06 0.23 5
1.84553e+06 0.2325 5
1.99527e+06 0.235 5
2.0456e+06 0.2375 5
1.89306e+06 0.24 5
1.61964e+06 0.2425 5
1.2886e+06 0.245 5
966869 0.2475 5
658462 0.25 5
470316 0.2525 5
298234 0.255 5
244709 0.2575 5
279549 0.26 5
344760 0.2625 5
420845 0.265 5
474668 0.2675 5
482467 0.27 5
479426 0.2725 5
422302 0.275 5
371619 0.2775 5
365434 0.28 5
390469 0.2825 5
504178 0.285 5
595834 0.2875 5
686064 0.29 5
753697 0.2925 5
772298 0.295 5
789133 0.2975 5
741246 0.3 5
667966 0.3025 5
581851 0.305 5
466727 0.3075 5
368634 0.31 5
0 0.045 6
0 0.0475 6
3397.87 0.05 6
8990.13 0.0525 6
13280.4 0.055 6
33577.5 0.0575 6
71128.9 0.06 6
221475 0.0625 6
314674 0.065 6
330655 0.0675 6
445953 0.07 6
473631 0.0725 6
702310 0.075 6
900078 0.0775 6
996911 0.08 6
1.03615e+06 0.0825 6
1.11993e+06 0.085 6
1.22912e+06 0.0875 6
1.3635e+06 0.09 6
1.38292e+06 0.0925 6
1.29955e+06 0.095 6
1.23521e+06 0.0975 6
1.19581e+06 0.1 6
1.23881e+06 0.1025 6
1.62054e+06 0.105 6
1.70705e+06 0.1075 6
1.9224e+06 0.11 6
2.15026e+06 0.1125 6
2.42929e+06 0.115 6
2.59087e+06 0.1175 6
2.61286e+06 0.12 6
2.59811e+06 0.1225 6
2.43407e+06 0.125 6
2.39963e+06 0.1275 6
2.46677e+06 0.13 6
2.17732e+06 0.1325 6
1.82891e+06 0.135 6
1.54433e+06 0.1375 6
1.3309e+06 0.14 6
1.54832e+06 0.1425 6
1.96652e+06 0.145 6
2.76817e+06 0.1475 6
3.80872e+06 0.15 6
4.67138e+06 0.1525 6
5.22633e+06 0.155 6
5.33032e+06 0.1575 6
4.74051e+06 0.16 6
4.06408e+06 0.1625 6
2.9613e+06 0.165 6
1.87914e+06 0.1675 6
1.30488e+06 0.17 6
1.11237e+06 0.1725 6
1.23643e+06 0.175 6
1.73094e+06 0.1775 6
2.36023e+06 0.18 6
2.96009e+06 0.1825 6
3.27867e+06 0.185 6
3.33534e+06 0.1875 6
3.21995e+06 0.19 6
2.98162e+06 0.1925 6
2.65629e+06 0.195 6
2.392e+06 0.1975 6
2.31697e+06 0.2 6
2.38597e+06 0.2025 6
2.46075e+06 0.205 6
2.58119e+06 0.2075 6
2.54929e+06 0.21 6
2.34143e+06 0.2125 6
1.90794e+06 0.215 6
1.32963e+06 0.2175 6
788307 0.22 6
375758 0.2225 6
214890 0.225 6
220294 0.2275 6
377833 0.23 6
475396 0.2325 6
501410 0.235 6
439310 0.2375 6
304233 0.24 6
176308 0.2425 6
130796 0.245 6
172517 0.2475 6
236582 0.25 6
371269 0.2525 6
493550 0.255 6
618485 0.2575 6
678204 0.26 6
735259 0.2625 6
753345 0.265 6
763134 0.2675 6
798865 0.27 6
775962 0.2725 6
855516 0.275 6
932438 0.2775 6
1.06213e+06 0.28 6
1.20455e+06 0.2825 6
1.27196e+06 0.285 6
1.21893e+06 0.2875 6
1.06588e+06 0.29 6
862825 0.2925 6
634108 0.295 6
442170 0.2975 6
309440 0.3 6
239421 0.3025 6
224186 0.305 6
228477 0.3075 6
0 0.0125 7
0 0.015 7
0 0.0175 7
0 0.02 7
0 0.0225 7
0 0.025 7
0 0.0275 7
0 0.03 7
3945.65 0.0325 7
25848.3 0.035 7
23939.4 0.0375 7
69673.9 0.04 7
215913 0.0425 7
268590 0.045 7
296189 0.0475 7
527657 0.05 7
772487 0.0525 7
689319 0.055 7
691874 0.0575 7
773422 0.06 7
735338 0.0625 7
596866 0.065 7
406555 0.0675 7
291554 0.07 7
170916 0.0725 7
122214 0.075 7
75870 0.0775 7
55870 0.08 7
66029.9 0.0825 7
86620.4 0.085 7
106207 0.0875 7
149380 0.09 7
244417 0.0925 7
352993 0.095 7
421049 0.0975 7
457077 0.1 7
416553 0.1025 7
340272 0.105 7
220845 0.1075 7
163014 0.11 7
76344 0.1125 7
51501.4 0.115 7
126454 0.1175 7
230469 0.12 7
495747 0.1225 7
784716 0.125 7
1.0451e+06 0.1275 7
1.24857e+06 0.13 7
1.35445e+06 0.1325 7
1.40398e+06 0.135 7
1.32159e+06 0.1375 7
1.18283e+06 0.14 7
1.11506e+06 0.1425 7
1.21279e+06 0.145 7
1.38837e+06 0.1475 7
1.56605e+06 0.15 7
1.63446e+06 0.1525 7
1.52312e+06 0.155 7
1.24689e+06 0.1575 7
891115 0.16 7
633110 0.1625 7
543237 0.165 7
912640 0.1675 7
1.41176e+06 0.17 7
1.88006e+06 0.1725 7
2.39899e+06 0.175 7
2.91569e+06 0.1775 7
3.57999e+06 0.18 7
3.68371e+06 0.1825 7
3.83525e+06 0.185 7
3.62781e+06 0.1875 7
3.18631e+06 0.19 7
2.73377e+06 0.1925 7
2.01192e+06 0.195 7
1.27938e+06 0.1975 7
790837 0.2 7
579578 0.2025 7
652829 0.205 7
935129 0.2075 7
1.0775e+06 0.21 7
1.29412e+06 0.2125 7
1.2426e+06 0.215 7
1.10022e+06 0.2175 7
1.02569e+06 0.22 7
1.01245e+06 0.2225 7
1.01471e+06 0.225 7
928959 0.2275 7
772877 0.23 7
576182 0.2325 7
407678 0.235 7
379175 0.2375 7
475287 0.24 7
696790 0.2425 7
942823 0.245 7
1.17041e+06 0.2475 7
1.2673e+06 0.25 7
1.28703e+06 0.2525 7
1.29615e+06 0.255 7
1.3069e+06 0.2575 7
1.35325e+06 0.26 7
1.41994e+06 0.2625 7
1.38695e+06 0.265 7
1.26947e+06 0.2675 7
1.07965e+06 0.27 7
904546 0.2725 7
666362 0.275 7
505630 0.2775 7
411119 0.28 7
382474 0.2825 7
350472 0.285 7
328274 0.2875 7
274654 0.29 7
225696 0.2925 7
212865 0.295 7
274899 0.2975 7
386566 0.3 7
525518 0.3025 7
655398 0.305 7
0 0.01 8
0 0.0125 8
0 0.015 8
24381.5 0.0175 8
49185.3 0.02 8
191142 0.0225 8
413945 0.025 8
682318 0.0275 8
913474 0.03 8
1.45891e+06 0.0325 8
1.88382e+06 0.035 8
2.00825e+06 0.0375 8
1.91874e+06 0.04 8
1.67261e+06 0.0425 8
1.18409e+06 0.045 8
716384 0.0475 8
287093 0.05 8
118322 0.0525 8
187154 0.055 8
366365 0.0575 8
511746 0.06 8
528155 0.0625 8
412254 0.065 8
247142 0.0675 8
148097 0.07 8
192196 0.0725 8
373180 0.075 8
606575 0.0775 8
779176 0.08 8
811103 0.0825 8
693668 0.085 8
484108 0.0875 8
266147 0.09 8
104571 0.0925 8
21090.4 0.095 8
473.751 0.0975 8
14746.6 0.1 8
44245.1 0.1025 8
82340.8 0.105 8
127308 0.1075 8
175650 0.11 8
227343 0.1125 8
298686 0.115 8
427494 0.1175 8
649525 0.12 8
981203 0.1225 8
1.35374e+06 0.125 8
1.67784e+06 0.1275 8
1.73119e+06 0.13 8
1.53751e+06 0.1325 8
1.11469e+06 0.135 8
634141 0.1375 8
302702 0.14 8
236976 0.1425 8
393151 0.145 8
760671 0.1475 8
1.01954e+06 0.15 8
1.06813e+06 0.1525 8
867566 0.155 8
564488 0.1575 8
314629 0.16 8
191932 0.1625 8
253066 0.165 8
402224 0.1675 8
511936 0.17 8
557015 0.1725 8
521158 0.175 8
391299 0.1775 8
339567 0.18 8
348040 0.1825 8
414859 0.185 8
505310 0.1875 8
600655 0.19 8
703906 0.1925 8
1.14717e+06 0.195 8
1.4618e+06 0.1975 8
1.66354e+06 0.2 8
1.92603e+06 0.2025 8
2.13608e+06 0.205 8
1.95385e+06 0.2075 8
1.7379e+06 0.21 8
1.5792e+06 0.2125 8
1.54137e+06 0.215 8
1.71361e+06 0.2175 8
1.85573e+06 0.22 8
1.88802e+06 0.2225 8
1.77308e+06 0.225 8
1.58388e+06 0.2275 8
1.37795e+06 0.23 8
1.3871e+06 0.2325 8
1.69509e+06 0.235 8
2.23593e+06 0.2375 8
2.76688e+06 0.24 8
3.21731e+06 0.2425 8
3.40219e+06 0.245 8
3.30785e+06 0.2475 8
2.99154e+06 0.25 8
2.57813e+06 0.2525 8
2.18945e+06 0.255 8
1.89977e+06 0.2575 8
1.64981e+06 0.26 8
1.41646e+06 0.2625 8
1.1606e+06 0.265 8
955781 0.2675 8
759214 0.27 8
611724 0.2725 8
497279 0.275 8
444858 0.2775 8
446775 0.28 8
449861 0.2825 8
443149 0.285 8
429984 0.2875 8
415591 0.29 8
400018 0.2925 8
403830 0.295 8
457513 0.2975 8
2.72646e+06 0.01 9
5.3599e+06 0.0125 9
8.50082e+06 0.015 9
1.14205e+07 0.0175 9
1.33695e+07 0.02 9
1.38834e+07 0.0225 9
1.29515e+07 0.025 9
1.09769e+07 0.0275 9
8.56949e+06 0.03 9
6.29499e+06 0.0325 9
4.50631e+06 0.035 9
3.31465e+06 0.0375 9
2.672e+06 0.04 9
2.48015e+06 0.0425 9
2.64929e+06 0.045 9
3.08432e+06 0.0475 9
3.63811e+06 0.05 9
4.09458e+06 0.0525 9
4.21865e+06 0.055 9
3.85589e+06 0.0575 9
3.02197e+06 0.06 9
1.92111e+06 0.0625 9
873178 0.065 9
183432 0.0675 9
21687.9 0.07 9
369261 0.0725 9
1.0508e+06 0.075 9
1.82266e+06 0.0775 9
2.46709e+06 0.08 9
2.85132e+06 0.0825 9
2.93998e+06 0.085 9
2.7749e+06 0.0875 9
2.44412e+06 0.09 9
2.05207e+06 0.0925 9
1.69183e+06 0.095 9
1.41851e+06 0.0975 9
1.23186e+06 0.1 9
1.08299e+06 0.1025 9
912602 0.105 9
706241 0.1075 9
531595 0.11 9
523161 0.1125 9
807912 0.115 9
1.40761e+06 0.1175 9
2.1799e+06 0.12 9
2.84829e+06 0.1225 9
3.12147e+06 0.125 9
2.84405e+06 0.1275 9
2.09238e+06 0.13 9
1.15312e+06 0.1325 9
389259 0.135 9
62778 0.1375 9
214901 0.14 9
667868 0.1425 9
1.16105e+06 0.145 9
1.39943e+06 0.1475 9
1.37742e+06 0.15 9
1.1412e+06 0.1525 9
903788 0.155 9
781365 0.1575 9
775828 0.16 9
752623 0.1625 9
796953 0.165 9
790822 0.1675 9
659740 0.17 9
564608 0.1725 9
566106 0.175 9
604254 0.1775 9
532002 0.18 9
463696 0.1825 9
294147 0.185 9
134623 0.1875 9
79280.9 0.19 9
235439 0.1925 9
488230 0.195 9
888632 0.1975 9
1.17814e+06 0.2 9
1.29661e+06 0.2025 9
1.57297e+06 0.205 9
1.87104e+06 0.2075 9
2.25685e+06 0.21 9
2.69851e+06 0.2125 9
3.21657e+06 0.215 9
3.38206e+06 0.2175 9
3.46538e+06 0.22 9
3.33624e+06 0.2225 9
3.13465e+06 0.225 9
2.88649e+06 0.2275 9
2.84282e+06 0.23 9
2.93634e+06 0.2325 9
2.9354e+06 0.235 9
2.83347e+06 0.2375 9
2.47995e+06 0.24 9
2.00715e+06 0.2425 9
1.50688e+06 0.245 9
1.01242e+06 0.2475 9
627662 0.25 9
392800 0.2525 9
308820 0.255 9
368830 0.2575 9
492288 0.26 9
658499 0.2625 9
830137 0.265 9
986787 0.2675 9
1.17134e+06 0.27 9
1.30561e+06 0.2725 9
1.46608e+06 0.275 9
1.57956e+06 0.2775 9
1.71761e+06 0.28 9
1.66891e+06 0.2825 9
1.57568e+06 0.285 9
1.41409e+06 0.2875 9
1.21008e+06 0.29 9
1.00344e+06 0.2925 9
8.07102e+06 0.01 10
9.55427e+06 0.0125 10
9.80404e+06 0.015 10
8.99977e+06 0.0175 10
7.62651e+06 0.02 10
6.22852e+06 0.0225 10
5.18562e+06 0.025 10
4.60499e+06 0.0275 10
4.35315e+06 0.03 10
4.18395e+06 0.0325 10
3.8832e+06 0.035 10
3.36011e+06 0.0375 10
2.65755e+06 0.04 10
1.89853e+06 0.0425 10
1.21274e+06 0.045 10
683986 0.0475 10
337011 0.05 10
156525 0.0525 10
117048 0.055 10
203499 0.0575 10
413676 0.06 10
745758 0.0625 10
1.18048e+06 0.065 10
1.66796e+06 0.0675 10
2.12606e+06 0.07 10
2.45353e+06 0.0725 10
2.55683e+06 0.075 10
2.38382e+06 0.0775 10
1.95198e+06 0.08 10
1.35598e+06 0.0825 10
744818 0.085 10
272059 0.0875 10
38298.3 0.09 10
53480.5 0.0925 10
239943 0.095 10
476673 0.0975 10
661764 0.1 10
758315 0.1025 10
797944 0.105 10
841813 0.1075 10
925928 0.11 10
1.02788e+06 0.1125 10
1.07829e+06 0.115 10
1.01029e+06 0.1175 10
813797 0.12 10
556678 0.1225 10
355869 0.125 10
314537 0.1275 10
464534 0.13 10
750296 0.1325 10
1.06306e+06 0.135 10
1.30135e+06 0.1375 10
1.42096e+06 0.14 10
1.43217e+06 0.1425 10
1.37639e+06 0.145 10
1.29272e+06 0.1475 10
1.18063e+06 0.15 10
1.01138e+06 0.1525 10
762954 0.155 10
614935 0.1575 10
552647 0.16 10
694102 0.1625 10
1.00807e+06 0.165 10
1.36987e+06 0.1675 10
1.528e+06 0.17 10
1.51285e+06 0.1725 10
1.25217e+06 0.175 10
1.04451e+06 0.1775 10
867826 0.18 10
1.10612e+06 0.1825 10
1.80143e+06 0.185 10
2.52409e+06 0.1875 10
3.23101e+06 0.19 10
3.83481e+06 0.1925 10
3.90919e+06 0.195 10
3.74877e+06 0.1975 10
3.54107e+06 0.2 10
3.0238e+06 0.2025 10
2.79097e+06 0.205 10
2.63035e+06 0.2075 10
2.55526e+06 0.21 10
2.49368e+06 0.2125 10
2.25091e+06 0.215 10
1.93977e+06 0.2175 10
1.6642e+06 0.22 10
1.4868e+06 0.2225 10
1.33029e+06 0.225 10
1.28571e+06 0.2275 10
1.29425e+06 0.23 10
1.21891e+06 0.2325 10
1.12483e+06 0.235 10
891081 0.2375 10
615922 0.24 10
406013 0.2425 10
312808 0.245 10
432257 0.2475 10
749048 0.25 10
1.15686e+06 0.2525 10
1.52337e+06 0.255 10
1.78042e+06 0.2575 10
1.89697e+06 0.26 10
1.77355e+06 0.2625 10
1.49283e+06 0.265 10
1.15627e+06 0.2675 10
905692 0.27 10
784502 0.2725 10
775391 0.275 10
779045 0.2775 10
748569 0.28 10
675482 0.2825 10
560262 0.285 10
400467 0.2875 10
0 0.01 11
67.043 0.0125 11
20318.1 0.015 11
20828.3 0.0175 11
62228.8 0.02 11
124752 0.0225 11
151952 0.025 11
192661 0.0275 11
215664 0.03 11
217462 0.0325 11
215642 0.035 11
182981 0.0375 11
148873 0.04 11
133924 0.0425 11
134333 0.045 11
134930 0.0475 11
120121 0.05 11
85754.4 0.0525 11
44022.4 0.055 11
17817.3 0.0575 11
27805.4 0.06 11
80253.2 0.0625 11
163113 0.065 11
252507 0.0675 11
325277 0.07 11
370034 0.0725 11
390948 0.075 11
403623 0.0775 11
426925 0.08 11
475685 0.0825 11
556716 0.085 11
667390 0.0875 11
794874 0.09 11
915835 0.0925 11
998940 0.095 11
1.01265e+06 0.0975 11
937686 0.1 11
778779 0.1025 11
568149 0.105 11
355936 0.1075 11
190215 0.11 11
96357.3 0.1125 11
67449.3 0.115 11
71954.1 0.1175 11
74647.3 0.12 11
60446.9 0.1225 11
35898.3 0.125 11
32922.3 0.1275 11
89890.1 0.13 11
238838 0.1325 11
432503 0.135 11
627918 0.1375 11
846650 0.14 11
1.01292e+06 0.1425 11
1.3232e+06 0.145 11
1.70944e+06 0.1475 11
2.02588e+06 0.15 11
2.44258e+06 0.1525 11
2.72666e+06 0.155 11
2.83532e+06 0.1575 11
2.59851e+06 0.16 11
2.22911e+06 0.1625 11
1.80519e+06 0.165 11
1.45612e+06 0.1675 11
1.55319e+06 0.17 11
1.83331e+06 0.1725 11
2.45795e+06 0.175 11
3.17449e+06 0.1775 11
3.50186e+06 0.18 11
3.63549e+06 0.1825 11
3.31323e+06 0.185 11
2.81097e+06 0.1875 11
2.33761e+06 0.19 11
1.82549e+06 0.1925 11
1.48714e+06 0.195 11
1.37377e+06 0.1975 11
1.50129e+06 0.2 11
2.01014e+06 0.2025 11
2.31592e+06 0.205 11
2.54377e+06 0.2075 11
2.47344e+06 0.21 11
2.24412e+06 0.2125 11
1.91564e+06 0.215 11
1.57298e+06 0.2175 11
1.22143e+06 0.22 11
1.12165e+06 0.2225 11
979449 0.225 11
993854 0.2275 11
945091 0.23 11
906015 0.2325 11
782406 0.235 11
623044 0.2375 11
560120 0.24 11
528347 0.2425 11
515558 0.245 11
504260 0.2475 11
472656 0.25 11
433124 0.2525 11
410282 0.255 11
406256 0.2575 11
534612 0.26 11
645322 0.2625 11
744079 0.265 11
772542 0.2675 11
692125 0.27 11
524503 0.2725 11
377109 0.275 11
327084 0.2775 11
345108 0.28 11
436554 0.2825 11
0 0.01 12
0 0.0125 12
0 0.015 12
0 0.0175 12
0 0.02 12
0 0.0225 12
0 0.025 12
3725.76 0.0275 12
46693.8 0.03 12
89811 0.0325 12
344373 0.035 12
455579 0.0375 12
620919 0.04 12
993413 0.0425 12
1.4907e+06 0.045 12
1.74502e+06 0.0475 12
1.80171e+06 0.05 12
1.91128e+06 0.0525 12
1.67415e+06 0.055 12
1.62153e+06 0.0575 12
1.2407e+06 0.06 12
1.01802e+06 0.0625 12
915777 0.065 12
727323 0.0675 12
598433 0.07 12
595483 0.0725 12
382540 0.075 12
223131 0.0775 12
73240.8 0.08 12
4090 0.0825 12
33648.8 0.085 12
137574 0.0875 12
238305 0.09 12
319378 0.0925 12
323704 0.095 12
277643 0.0975 12
228461 0.1 12
225177 0.1025 12
291211 0.105 12
413309 0.1075 12
547481 0.11 12
645680 0.1125 12
717372 0.115 12
679645 0.1175 12
578584 0.12 12
473384 0.1225 12
312410 0.125 12
268747 0.1275 12
148484 0.13 12
121890 0.1325 12
133898 0.135 12
180130 0.1375 12
228970 0.14 12
338975 0.1425 12
498762 0.145 12
814456 0.1475 12
1.21549e+06 0.15 12
1.8e+06 0.1525 12
2.36063e+06 0.155 12
2.78566e+06 0.1575 12
2.8064e+06 0.16 12
2.59932e+06 0.1625 12
2.26242e+06 0.165 12
1.89621e+06 0.1675 12
1.42631e+06 0.17 12
1.18447e+06 0.1725 12
1.27484e+06 0.175 12
1.59582e+06 0.1775 12
1.866e+06 0.18 12
2.13981e+06 0.1825 12
2.49998e+06 0.185 12
2.70041e+06 0.1875 12
2.97354e+06 0.19 12
3.12623e+06 0.1925 12
3.01986e+06 0.195 12
2.58775e+06 0.1975 12
1.88989e+06 0.2 12
1.09214e+06 0.2025 12
474307 0.205 12
135909 0.2075 12
184130 0.21 12
556048 0.2125 12
1.11311e+06 0.215 12
1.60607e+06 0.2175 12
1.83489e+06 0.22 12
1.78076e+06 0.2225 12
1.5439e+06 0.225 12
1.28442e+06 0.2275 12
1.04554e+06 0.23 12
1.04781e+06 0.2325 12
1.08667e+06 0.235 12
1.08757e+06 0.2375 12
1.06574e+06 0.24 12
945294 0.2425 12
802549 0.245 12
673946 0.2475 12
632423 0.25 12
612454 0.2525 12
639303 0.255 12
597164 0.2575 12
458468 0.26 12
355664 0.2625 12
333987 0.265 12
414721 0.2675 12
542138 0.27 12
719313 0.2725 12
816841 0.275 12
0 0.01 13
0 0.0125 13
0 0.015 13
0 0.0175 13
0 0.02 13
0 0.0225 13
0 0.025 13
0 0.0275 13
0 0.03 13
0 0.0325 13
0 0.035 13
0 0.0375 13
0 0.04 13
386.506 0.0425 13
27009.1 0.045 13
162523 0.0475 13
237453 0.05 13
441034 0.0525 13
847109 0.055 13
1.11398e+06 0.0575 13
1.39442e+06 0.06 13
1.63711e+06 0.0625 13
1.8269e+06 0.065 13
2.13817e+06 0.0675 13
2.19707e+06 0.07 13
2.37819e+06 0.0725 13
2.00519e+06 0.075 13
1.79346e+06 0.0775 13
1.74362e+06 0.08 13
2.03261e+06 0.0825 13
2.19234e+06 0.085 13
2.31164e+06 0.0875 13
2.53958e+06 0.09 13
2.31405e+06 0.0925 13
1.79229e+06 0.095 13
1.08092e+06 0.0975 13
572348 0.1 13
310996 0.1025 13
179707 0.105 13
289334 0.1075 13
586154 0.11 13
796633 0.1125 13
835210 0.115 13
713920 0.1175 13
547523 0.12 13
362095 0.1225 13
238224 0.125 13
232557 0.1275 13
387227 0.13 13
682651 0.1325 13
831100 0.135 13
966195 0.1375 13
979046 0.14 13
979695 0.1425 13
884316 0.145 13
957778 0.1475 13
969608 0.15 13
1.03048e+06 0.1525 13
1.09748e+06 0.155 13
1.32108e+06 0.1575 13
1.74226e+06 0.16 13
2.12163e+06 0.1625 13
2.4062e+06 0.165 13
2.81044e+06 0.1675 13
3.25439e+06 0.17 13
3.39042e+06 0.1725 13
3.33123e+06 0.175 13
2.99348e+06 0.1775 13
2.4199e+06 0.18 13
1.86415e+06 0.1825 13
1.2593e+06 0.185 13
707336 0.1875 13
441370 0.19 13
536696 0.1925 13
904706 0.195 13
1.4169e+06 0.1975 13
1.86053e+06 0.2 13
2.0627e+06 0.2025 13
2.05304e+06 0.205 13
1.77073e+06 0.2075 13
1.43247e+06 0.21 13
1.24884e+06 0.2125 13
1.25003e+06 0.215 13
1.55344e+06 0.2175 13
1.88699e+06 0.22 13
2.11614e+06 0.2225 13
2.04931e+06 0.225 13
1.72508e+06 0.2275 13
1.22367e+06 0.23 13
689978 0.2325 13
355767 0.235 13
258013 0.2375 13
315543 0.24 13
456593 0.2425 13
575150 0.245 13
660459 0.2475 13
609177 0.25 13
590466 0.2525 13
596742 0.255 13
599011 0.2575 13
607806 0.26 13
591149 0.2625 13
566843 0.265 13
477773 0.2675 13
0 0.02 14
0 0.0225 14
0 0.025 14
0 0.0275 14
0 0.03 14
0 0.0325 14
0 0.035 14
0 0.0375 14
0 0.04 14
0 0.0425 14
0 0.045 14
0 0.0475 14
0 0.05 14
0 0.0525 14
0 0.055 14
0 0.0575 14
11436.9 0.06 14
52023.3 0.0625 14
227379 0.065 14
418986 0.0675 14
576718 0.07 14
723434 0.0725 14
1.06409e+06 0.075 14
1.49886e+06 0.0775 14
1.6073e+06 0.08 14
1.62154e+06 0.0825 14
1.5949e+06 0.085 14
1.49155e+06 0.0875 14
1.24377e+06 0.09 14
1.23608e+06 0.0925 14
1.24086e+06 0.095 14
1.52981e+06 0.0975 14
2.04726e+06 0.1 14
2.53256e+06 0.1025 14
3.05534e+06 0.105 14
3.28753e+06 0.1075 14
3.56424e+06 0.11 14
3.5194e+06 0.1125 14
2.80643e+06 0.115 14
2.16089e+06 0.1175 14
1.64719e+06 0.12 14
1.0242e+06 0.1225 14
628893 0.125 14
469315 0.1275 14
477861 0.13 14
669616 0.1325 14
945857 0.135 14
1.30964e+06 0.1375 14
1.89185e+06 0.14 14
2.57037e+06 0.1425 14
3.42129e+06 0.145 14
4.38541e+06 0.1475 14
5.11939e+06 0.15 14
5.36298e+06 0.1525 14
5.31041e+06 0.155 14
4.66098e+06 0.1575 14
3.70221e+06 0.16 14
2.75092e+06 0.1625 14
1.7849e+06 0.165 14
1.05008e+06 0.1675 14
629979 0.17 14
366599 0.1725 14
250227 0.175 14
145892 0.1775 14
86810.5 0.18 14
54214.5 0.1825 14
131437 0.185 14
304955 0.1875 14
604560 0.19 14
937286 0.1925 14
1.24342e+06 0.195 14
1.44364e+06 0.1975 14
1.59261e+06 0.2 14
1.51983e+06 0.2025 14
1.37167e+06 0.205 14
1.179e+06 0.2075 14
936327 0.21 14
730163 0.2125 14
624542 0.215 14
686341 0.2175 14
867945 0.22 14
1.13588e+06 0.2225 14
1.3801e+06 0.225 14
1.52756e+06 0.2275 14
1.49101e+06 0.23 14
1.26684e+06 0.2325 14
923844 0.235 14
574270 0.2375 14
332933 0.24 14
269587 0.2425 14
369353 0.245 14
577700 0.2475 14
795313 0.25 14
931084 0.2525 14
930656 0.255 14
805957 0.2575 14
0 0.0125 15
0 0.015 15
0 0.0175 15
0 0.02 15
0 0.0225 15
0 0.025 15
0 0.0275 15
0 0.03 15
0 0.0325 15
0 0.035 15
0 0.0375 15
0 0.04 15
0 0.0425 15
0 0.045 15
0 0.0475 15
0 0.05 15
0 0.0525 15
0 0.055 15
0 0.0575 15
968.12 0.06 15
28116.8 0.0625 15
26130.6 0.065 15
128443 0.0675 15
136951 0.07 15
233439 0.0725 15
251881 0.075 15
267875 0.0775 15
334641 0.08 15
683507 0.0825 15
872940 0.085 15
1.0511e+06 0.0875 15
1.20941e+06 0.09 15
1.34099e+06 0.0925 15
1.51437e+06 0.095 15
1.6261e+06 0.0975 15
1.68147e+06 0.1 15
1.46859e+06 0.1025 15
1.14215e+06 0.105 15
876363 0.1075 15
557591 0.11 15
421516 0.1125 15
595775 0.115 15
1.16107e+06 0.1175 15
2.0954e+06 0.12 15
3.32233e+06 0.1225 15
4.67289e+06 0.125 15
5.62725e+06 0.1275 15
5.69343e+06 0.13 15
5.79307e+06 0.1325 15
4.87643e+06 0.135 15
3.86193e+06 0.1375 15
2.74784e+06 0.14 15
1.81e+06 0.1425 15
1.30456e+06 0.145 15
1.03406e+06 0.1475 15
1.07857e+06 0.15 15
1.12503e+06 0.1525 15
1.03992e+06 0.155 15
828521 0.1575 15
575719 0.16 15
460127 0.1625 15
576213 0.165 15
883063 0.1675 15
1.27338e+06 0.17 15
1.57684e+06 0.1725 15
1.75578e+06 0.175 15
1.71104e+06 0.1775 15
1.46126e+06 0.18 15
1.10129e+06 0.1825 15
804359 0.185 15
655309 0.1875 15
736310 0.19 15
926822 0.1925 15
1.10988e+06 0.195 15
1.20149e+06 0.1975 15
1.1943e+06 0.2 15
1.0414e+06 0.2025 15
893099 0.205 15
843104 0.2075 15
791481 0.21 15
807397 0.2125 15
838618 0.215 15
794947 0.2175 15
791182 0.22 15
784973 0.2225 15
791573 0.225 15
824453 0.2275 15
836502 0.23 15
767716 0.2325 15
623130 0.235 15
380137 0.2375 15
176974 0.24 15
52663.2 0.2425 15
84458.1 0.245 15
265808 0.2475 15
0 0.0025 16
0 0.005 16
0 0.0075 16
0 0.01 16
0 0.0125 16
0 0.015 16
0 0.0175 16
0 0.02 16
0 0.0225 16
0 0.025 16
0 0.0275 16
0 0.03 16
0 0.0325 16
0 0.035 16
0 0.0375 16
0 0.04 16
323.937 0.0425 16
23245.4 0.045 16
51581.7 0.0475 16
164455 0.05 16
251432 0.0525 16
227396 0.055 16
263596 0.0575 16
433697 0.06 16
535133 0.0625 16
544241 0.065 16
621250 0.0675 16
547697 0.07 16
494575 0.0725 16
385008 0.075 16
256921 0.0775 16
114791 0.08 16
49637.9 0.0825 16
10251.1 0.085 16
31936.7 0.0875 16
119989 0.09 16
305399 0.0925 16
643048 0.095 16
1.12907e+06 0.0975 16
1.78999e+06 0.1 16
2.38108e+06 0.1025 16
3.07573e+06 0.105 16
3.34709e+06 0.1075 16
3.2728e+06 0.11 16
2.97282e+06 0.1125 16
2.37877e+06 0.115 16
2.00414e+06 0.1175 16
1.65442e+06 0.12 16
1.48962e+06 0.1225 16
1.58162e+06 0.125 16
1.75419e+06 0.1275 16
1.87694e+06 0.13 16
1.84584e+06 0.1325 16
1.71664e+06 0.135 16
1.43878e+06 0.1375 16
1.17626e+06 0.14 16
988440 0.1425 16
989560 0.145 16
1.00845e+06 0.1475 16
1.32804e+06 0.15 16
1.37669e+06 0.1525 16
1.37439e+06 0.155 16
1.11444e+06 0.1575 16
1.09461e+06 0.16 16
902272 0.1625 16
766844 0.165 16
723860 0.1675 16
691701 0.17 16
548565 0.1725 16
394064 0.175 16
205293 0.1775 16
137325 0.18 16
199693 0.1825 16
428489 0.185 16
776379 0.1875 16
1.15286e+06 0.19 16
1.47975e+06 0.1925 16
1.64268e+06 0.195 16
1.57215e+06 0.1975 16
1.31212e+06 0.2 16
932675 0.2025 16
595748 0.205 16
350048 0.2075 16
236177 0.21 16
225642 0.2125 16
289431 0.215 16
396520 0.2175 16
465915 0.22 16
500675 0.2225 16
526468 0.225 16
479521 0.2275 16
442902 0.23 16
375765 0.2325 16
325288 0.235 16
311545 0.2375 16
0 0.0025 17
0 0.005 17
0 0.0075 17
0 0.01 17
0 0.0125 17
0 0.015 17
0 0.0175 17
0 0.02 17
0 0.0225 17
0 0.025 17
8382.03 0.0275 17
55263.6 0.03 17
128394 0.0325 17
154697 0.035 17
326013 0.0375 17
465200 0.04 17
824559 0.0425 17
1.24754e+06 0.045 17
1.66701e+06 0.0475 17
1.87579e+06 0.05 17
1.70179e+06 0.0525 17
1.96804e+06 0.055 17
1.70728e+06 0.0575 17
1.45007e+06 0.06 17
1.18036e+06 0.0625 17
941771 0.065 17
861879 0.0675 17
825216 0.07 17
912630 0.0725 17
1.09219e+06 0.075 17
1.40613e+06 0.0775 17
1.84344e+06 0.08 17
2.33641e+06 0.0825 17
2.58647e+06 0.085 17
2.57969e+06 0.0875 17
2.33529e+06 0.09 17
1.89691e+06 0.0925 17
1.34623e+06 0.095 17
918315 0.0975 17
740022 0.1 17
819873 0.1025 17
1.04423e+06 0.105 17
1.24144e+06 0.1075 17
1.26603e+06 0.11 17
1.11325e+06 0.1125 17
867660 0.115 17
782779 0.1175 17
926887 0.12 17
1.44933e+06 0.1225 17
2.14268e+06 0.125 17
2.90441e+06 0.1275 17
3.54061e+06 0.13 17
3.81425e+06 0.1325 17
3.74209e+06 0.135 17
3.35904e+06 0.1375 17
2.97674e+06 0.14 17
2.48266e+06 0.1425 17
2.00914e+06 0.145 17
1.60413e+06 0.1475 17
1.21665e+06 0.15 17
876220 0.1525 17
598140 0.155 17
383611 0.1575 17
305643 0.16 17
318305 0.1625 17
379369 0.165 17
450008 0.1675 17
457073 0.17 17
430420 0.1725 17
424089 0.175 17
494879 0.1775 17
561862 0.18 17
670201 0.1825 17
729824 0.185 17
908095 0.1875 17
953277 0.19 17
895200 0.1925 17
849518 0.195 17
757849 0.1975 17
660346 0.2 17
552913 0.2025 17
476354 0.205 17
457735 0.2075 17
503433 0.21 17
585137 0.2125 17
675997 0.215 17
675385 0.2175 17
678883 0.22 17
675192 0.2225 17
536997 0.225 17
0 0.0025 18
0 0.005 18
0 0.0075 18
0 0.01 18
29476.2 0.0125 18
73058.2 0.015 18
221721 0.0175 18
550846 0.02 18
807004 0.0225 18
1.18579e+06 0.025 18
1.7143e+06 0.0275 18
2.01308e+06 0.03 18
2.15578e+06 0.0325 18
2.05202e+06 0.035 18
1.77394e+06 0.0375 18
1.49917e+06 0.04 18
1.32367e+06 0.0425 18
1.29111e+06 0.045 18
1.35296e+06 0.0475 18
1.40056e+06 0.05 18
1.3302e+06 0.0525 18
1.10246e+06 0.055 18
762178 0.0575 18
411276 0.06 18
155257 0.0625 18
57175.7 0.065 18
122898 0.0675 18
317667 0.07 18
594256 0.0725 18
910738 0.075 18
1.23041e+06 0.0775 18
1.51431e+06 0.08 18
1.72287e+06 0.0825 18
1.83301e+06 0.085 18
1.85885e+06 0.0875 18
1.85522e+06 0.09 18
1.89185e+06 0.0925 18
2.00881e+06 0.095 18
2.18229e+06 0.0975 18
2.32956e+06 0.1 18
2.35816e+06 0.1025 18
2.23333e+06 0.105 18
2.0195e+06 0.1075 18
1.86274e+06 0.11 18
1.91614e+06 0.1125 18
2.2476e+06 0.115 18
2.78493e+06 0.1175 18
3.33489e+06 0.12 18
3.67204e+06 0.1225 18
3.64192e+06 0.125 18
3.24146e+06 0.1275 18
2.61366e+06 0.13 18
1.95183e+06 0.1325 18
1.48082e+06 0.135 18
1.22658e+06 0.1375 18
1.1989e+06 0.14 18
1.19691e+06 0.1425 18
1.15951e+06 0.145 18
1.11271e+06 0.1475 18
994541 0.15 18
846791 0.1525 18
737732 0.155 18
612547 0.1575 18
590306 0.16 18
547294 0.1625 18
482450 0.165 18
389565 0.1675 18
293021 0.17 18
178712 0.1725 18
97003.4 0.175 18
63538.9 0.1775 18
70355.1 0.18 18
96504.1 0.1825 18
118456 0.185 18
138328 0.1875 18
146184 0.19 18
166455 0.1925 18
177187 0.195 18
179779 0.1975 18
226947 0.2 18
343192 0.2025 18
438330 0.205 18
507828 0.2075 18
584626 0.21 18
586969 0.2125 18
383773 0.0025 19
1.36775e+06 0.005 19
2.53428e+06 0.0075 19
3.42078e+06 0.01 19
3.73228e+06 0.0125 19
3.44987e+06 0.015 19
2.79035e+06 0.0175 19
2.05982e+06 0.02 19
1.49687e+06 0.0225 19
1.19152e+06 0.025 19
1.10612e+06 0.0275 19
1.1581e+06 0.03 19
1.29462e+06 0.0325 19
1.50954e+06 0.035 19
1.8046e+06 0.0375 19
2.13855e+06 0.04 19
2.41332e+06 0.0425 19
2.51412e+06 0.045 19
2.37746e+06 0.0475 19
2.03885e+06 0.05 19
1.62521e+06 0.0525 19
1.29422e+06 0.055 19
1.15727e+06 0.0575 19
1.23123e+06 0.06 19
1.4432e+06 0.0625 19
1.67932e+06 0.065 19
1.84481e+06 0.0675 19
1.90234e+06 0.07 19
1.87471e+06 0.0725 19
1.81983e+06 0.075 19
1.79756e+06 0.0775 19
1.84409e+06 0.08 19
1.95959e+06 0.0825 19
2.10741e+06 0.085 19
2.22337e+06 0.0875 19
2.23645e+06 0.09 19
2.10023e+06 0.0925 19
1.82583e+06 0.095 19
1.49798e+06 0.0975 19
1.25692e+06 0.1 19
1.24387e+06 0.1025 19
1.53098e+06 0.105 19
2.07215e+06 0.1075 19
2.70646e+06 0.11 19
3.21986e+06 0.1125 19
3.43781e+06 0.115 19
3.30167e+06 0.1175 19
2.88866e+06 0.12 19
2.36589e+06 0.1225 19
1.90533e+06 0.125 19
1.60692e+06 0.1275 19
1.46907e+06 0.13 19
1.41626e+06 0.1325 19
1.36032e+06 0.135 19
1.25578e+06 0.1375 19
1.11974e+06 0.14 19
1.00411e+06 0.1425 19
952668 0.145 19
967027 0.1475 19
1.00452e+06 0.15 19
1.00728e+06 0.1525 19
925950 0.155 19
772756 0.1575 19
565066 0.16 19
366888 0.1625 19
248814 0.165 19
284203 0.1675 19
399117 0.17 19
570429 0.1725 19
699206 0.175 19
741391 0.1775 19
750570 0.18 19
669438 0.1825 19
574925 0.185 19
463582 0.1875 19
389770 0.19 19
345264 0.1925 19
225463 0.195 19
189937 0.1975 19
1167.09 0.0025 20
17357.6 0.005 20
77812.1 0.0075 20
207547 0.01 20
407964 0.0125 20
651080 0.015 20
890915 0.0175 20
1.08522e+06 0.02 20
1.21549e+06 0.0225 20
1.29555e+06 0.025 20
1.36609e+06 0.0275 20
1.47937e+06 0.03 20
1.68059e+06 0.0325 20
1.9911e+06 0.035 20
2.39597e+06 0.0375 20
2.83869e+06 0.04 20
3.22664e+06 0.0425 20
3.45088e+06 0.045 20
3.41876e+06 0.0475 20
3.09011e+06 0.05 20
2.50135e+06 0.0525 20
1.76344e+06 0.055 20
1.02986e+06 0.0575 20
445948 0.06 20
101218 0.0625 20
5726.77 0.065 20
99505.9 0.0675 20
287377 0.07 20
480106 0.0725 20
622707 0.075 20
700734 0.0775 20
728272 0.08 20
729139 0.0825 20
722102 0.085 20
714489 0.0875 20
702358 0.09 20
673659 0.0925 20
613143 0.095 20
510054 0.0975 20
368542 0.1 20
216416 0.1025 20
104764 0.105 20
93272.8 0.1075 20
224301 0.11 20
497914 0.1125 20
863122 0.115 20
1.23372e+06 0.1175 20
1.52334e+06 0.12 20
1.6819e+06 0.1225 20
1.71356e+06 0.125 20
1.66601e+06 0.1275 20
1.59803e+06 0.13 20
1.54504e+06 0.1325 20
1.50477e+06 0.135 20
1.44368e+06 0.1375 20
1.33127e+06 0.14 20
1.17096e+06 0.1425 20
1.005e+06 0.145 20
898852 0.1475 20
902862 0.15 20
1.03161e+06 0.1525 20
1.24147e+06 0.155 20
1.44404e+06 0.1575 20
1.56987e+06 0.16 20
1.54481e+06 0.1625 20
1.38695e+06 0.165 20
1.10215e+06 0.1675 20
782055 0.17 20
506894 0.1725 20
274087 0.175 20
196146 0.1775 20
0 0.0025 21
0 0.005 21
0 0.0075 21
0 0.01 21
0 0.0125 21
0 0.015 21
147.889 0.0175 21
4714.26 0.02 21
1258.33 0.0225 21
10690.5 0.025 21
26657.1 0.0275 21
48190.4 0.03 21
42366.2 0.0325 21
89652.1 0.035 21
120820 0.0375 21
149505 0.04 21
190650 0.0425 21
157455 0.045 21
111435 0.0475 21
64824.3 0.05 21
21860 0.0525 21
21005.8 0.055 21
79229.5 0.0575 21
204624 0.06 21
385062 0.0625 21
589788 0.065 21
779966 0.0675 21
923356 0.07 21
1.00617e+06 0.0725 21
1.03615e+06 0.075 21
1.03542e+06 0.0775 21
1.0272e+06 0.08 21
1.02378e+06 0.0825 21
1.02191e+06 0.085 21
1.00739e+06 0.0875 21
964941 0.09 21
886960 0.0925 21
776300 0.095 21
642914 0.0975 21
498370 0.1 21
353072 0.1025 21
217915 0.105 21
107640 0.1075 21
40922.4 0.11 21
34294.9 0.1125 21
92138.3 0.115 21
201184 0.1175 21
325251 0.12 21
429291 0.1225 21
485758 0.125 21
493961 0.1275 21
480407 0.13 21
469004 0.1325 21
480033 0.135 21
516049 0.1375 21
539003 0.14 21
523043 0.1425 21
460712 0.145 21
371462 0.1475 21
306192 0.15 21
305681 0.1525 21
440623 0.155 21
628789 0.1575 21
867025 0.16 21
0 0.0025 22
0 0.005 22
0 0.0075 22
0 0.01 22
0 0.0125 22
0 0.015 22
0 0.0175 22
0 0.02 22
0 0.0225 22
0 0.025 22
0 0.0275 22
0 0.03 22
1283.49 0.0325 22
956.954 0.035 22
4695.99 0.0375 22
31766.6 0.04 22
22798.5 0.0425 22
41046.9 0.045 22
70702.9 0.0475 22
133649 0.05 22
155716 0.0525 22
177826 0.055 22
216142 0.0575 22
177790 0.06 22
157182 0.0625 22
101541 0.065 22
48991.8 0.0675 22
11295.8 0.07 22
11762.2 0.0725 22
46859.3 0.075 22
121233 0.0775 22
198888 0.08 22
300991 0.0825 22
403666 0.085 22
412211 0.0875 22
380120 0.09 22
306849 0.0925 22
222759 0.095 22
186267 0.0975 22
146955 0.1 22
174396 0.1025 22
254082 0.105 22
336745 0.1075 22
436589 0.11 22
502523 0.1125 22
536037 0.115 22
502854 0.1175 22
455194 0.12 22
371868 0.1225 22
280190 0.125 22
204014 0.1275 22
124368 0.13 22
118799 0.1325 22
183801 0.135 22
231903 0.1375 22
0 0.0025 23
0 0.005 23
0 0.0075 23
0 0.01 23
0 0.0125 23
0 0.015 23
0 0.0175 23
0 0.02 23
0 0.0225 23
0 0.025 23
0 0.0275 23
0 0.03 23
0 0.0325 23
0 0.035 23
0 0.0375 23
0 0.04 23
0 0.0425 23
0 0.045 23
0 0.0475 23
1532.68 0.05 23
4998.16 0.0525 23
16691.6 0.055 23
21320.1 0.0575 23
67265.8 0.06 23
65295.9 0.0625 23
71447.5 0.065 23
122998 0.0675 23
158777 0.07 23
217623 0.0725 23
241721 0.075 23
211900 0.0775 23
261547 0.08 23
254259 0.0825 23
181452 0.085 23
146240 0.0875 23
150463 0.09 23
152483 0.0925 23
127251 0.095 23
139122 0.0975 23
126405 0.1 23
114714 0.1025 23
