2.69927e+07 0.085 0
1.62882e+07 0.0875 0
5.9998e+06 0.09 0
522766 0.0925 0
732472 0.095 0
4.19259e+06 0.0975 0
7.27411e+06 0.1 0
7.57634e+06 0.1025 0
5.13049e+06 0.105 0
1.87833e+06 0.1075 0
66801.7 0.11 0
748331 0.1125 0
3.28997e+06 0.115 0
6.00555e+06 0.1175 0
7.31596e+06 0.12 0
6.63797e+06 0.1225 0
4.52691e+06 0.125 0
2.14446e+06 0.1275 0
507790 0.13 0
36.5726 0.1325 0
353259 0.135 0
985962 0.1375 0
1.4041e+06 0.14 0
1.42153e+06 0.1425 0
1.13738e+06 0.145 0
757766 0.1475 0
460293 0.15 0
286909 0.1525 0
230780 0.155 0
311001 0.1575 0
435712 0.16 0
602316 0.1625 0
858268 0.165 0
1.0685e+06 0.1675 0
1.22884e+06 0.17 0
1.23937e+06 0.1725 0
1.0595e+06 0.175 0
787965 0.1775 0
518302 0.18 0
335241 0.1825 0
229529 0.185 0
256837 0.1875 0
488444 0.19 0
847385 0.1925 0
1.03222e+06 0.195 0
1.41127e+06 0.1975 0
1.60122e+06 0.2 0
1.50648e+06 0.2025 0
1.47487e+06 0.205 0
1.29311e+06 0.2075 0
1.11075e+06 0.21 0
879364 0.2125 0
609026 0.215 0
400160 0.2175 0
256359 0.22 0
217340 0.2225 0
259350 0.225 0
411599 0.2275 0
604744 0.23 0
817756 0.2325 0
893274 0.235 0
832847 0.2375 0
780985 0.24 0
705983 0.2425 0
578154 0.245 0
464691 0.2475 0
372820 0.25 0
304497 0.2525 0
351063 0.255 0
324933 0.2575 0
269038 0.26 0
198667 0.2625 0
124242 0.265 0
70323.3 0.2675 0
43328 0.27 0
37775.7 0.2725 0
66583.1 0.275 0
130656 0.2775 0
183608 0.28 0
194497 0.2825 0
206510 0.285 0
161421 0.2875 0
141374 0.29 0
136744 0.2925 0
144684 0.295 0
154850 0.2975 0
144166 0.3 0
156752 0.3025 0
125404 0.305 0
104746 0.3075 0
85211.7 0.31 0
89220.9 0.3125 0
106941 0.315 0
2.80456e+06 0.0825 1
2.69988e+06 0.085 1
2.23904e+06 0.0875 1
1.76752e+06 0.09 1
1.20329e+06 0.0925 1
899692 0.095 1
731594 0.0975 1
1.11204e+06 0.1 1
1.97261e+06 0.1025 1
3.18636e+06 0.105 1
4.65485e+06 0.1075 1
5.68937e+06 0.11 1
6.7534e+06 0.1125 1
6.46588e+06 0.115 1
6.21925e+06 0.1175 1
5.30555e+06 0.12 1
4.55255e+06 0.1225 1
3.83783e+06 0.125 1
3.23691e+06 0.1275 1
2.76317e+06 0.13 1
2.60762e+06 0.1325 1
2.47411e+06 0.135 1
2.31233e+06 0.1375 1
1.945e+06 0.14 1
1.8496e+06 0.1425 1
1.60881e+06 0.145 1
1.54784e+06 0.1475 1
1.40654e+06 0.15 1
1.28885e+06 0.1525 1
1.17664e+06 0.155 1
1.03827e+06 0.1575 1
886775 0.16 1
669802 0.1625 1
423562 0.165 1
240075 0.1675 1
150647 0.17 1
172924 0.1725 1
251037 0.175 1
393285 0.1775 1
592889 0.18 1
722201 0.1825 1
834148 0.185 1
804140 0.1875 1
764117 0.19 1
705405 0.1925 1
668174 0.195 1
655619 0.1975 1
645923 0.2 1
617372 0.2025 1
603411 0.205 1
547554 0.2075 1
570544 0.21 1
659697 0.2125 1
848692 0.215 1
1.15231e+06 0.2175 1
1.43388e+06 0.22 1
1.6279e+06 0.2225 1
1.71349e+06 0.225 1
1.63911e+06 0.2275 1
1.36711e+06 0.23 1
1.0696e+06 0.2325 1
823363 0.235 1
666606 0.2375 1
616961 0.24 1
673165 0.2425 1
757365 0.245 1
759402 0.2475 1
709333 0.25 1
613717 0.2525 1
478650 0.255 1
362084 0.2575 1
341937 0.26 1
419027 0.2625 1
627799 0.265 1
886510 0.2675 1
1.1671e+06 0.27 1
1.34279e+06 0.2725 1
1.3034e+06 0.275 1
1.16826e+06 0.2775 1
939421 0.28 1
665199 0.2825 1
534510 0.285 1
538806 0.2875 1
647926 0.29 1
847307 0.2925 1
1.05688e+06 0.295 1
1.12581e+06 0.2975 1
1.09724e+06 0.3 1
978811 0.3025 1
819918 0.305 1
666751 0.3075 1
588315 0.31 1
525759 0.3125 1
528536 0.315 1
2.13538e+07 0.08 2
1.6451e+07 0.0825 2
1.27153e+07 0.085 2
1.15473e+07 0.0875 2
1.3225e+07 0.09 2
1.67263e+07 0.0925 2
2.02255e+07 0.095 2
2.20044e+07 0.0975 2
2.12729e+07 0.1 2
1.84488e+07 0.1025 2
1.47741e+07 0.105 2
1.15361e+07 0.1075 2
9.37966e+06 0.11 2
8.09979e+06 0.1125 2
6.98335e+06 0.115 2
5.42024e+06 0.1175 2
3.36486e+06 0.12 2
1.36188e+06 0.1225 2
155872 0.125 2
172504 0.1275 2
1.22724e+06 0.13 2
2.59633e+06 0.1325 2
3.47685e+06 0.135 2
3.43039e+06 0.1375 2
2.66566e+06 0.14 2
1.51697e+06 0.1425 2
756707 0.145 2
749600 0.1475 2
1.56996e+06 0.15 2
2.27791e+06 0.1525 2
2.9271e+06 0.155 2
3.09905e+06 0.1575 2
2.87393e+06 0.16 2
2.18795e+06 0.1625 2
1.5888e+06 0.165 2
1.14733e+06 0.1675 2
783010 0.17 2
606548 0.1725 2
528538 0.175 2
459897 0.1775 2
566332 0.18 2
632270 0.1825 2
820077 0.185 2
1.12952e+06 0.1875 2
1.2338e+06 0.19 2
1.31475e+06 0.1925 2
1.43864e+06 0.195 2
1.43453e+06 0.1975 2
1.4582e+06 0.2 2
1.30485e+06 0.2025 2
1.13584e+06 0.205 2
924511 0.2075 2
674198 0.21 2
465356 0.2125 2
330393 0.215 2
303070 0.2175 2
311216 0.22 2
293357 0.2225 2
305642 0.225 2
334080 0.2275 2
345005 0.23 2
368698 0.2325 2
413848 0.235 2
398558 0.2375 2
382493 0.24 2
384880 0.2425 2
372351 0.245 2
388327 0.2475 2
384582 0.25 2
369111 0.2525 2
422547 0.255 2
417277 0.2575 2
434842 0.26 2
371248 0.2625 2
328319 0.265 2
257213 0.2675 2
246006 0.27 2
270078 0.2725 2
324623 0.275 2
396136 0.2775 2
461070 0.28 2
514748 0.2825 2
492259 0.285 2
429486 0.2875 2
363640 0.29 2
334435 0.2925 2
391523 0.295 2
494508 0.2975 2
596556 0.3 2
723654 0.3025 2
759199 0.305 2
661560 0.3075 2
535832 0.31 2
384052 0.3125 2
264369 0.315 2
6.75137e+07 0.0775 3
5.77044e+07 0.08 3
4.57709e+07 0.0825 3
3.46299e+07 0.085 3
2.60286e+07 0.0875 3
2.16436e+07 0.09 3
2.16205e+07 0.0925 3
2.36275e+07 0.095 3
2.6415e+07 0.0975 3
2.80265e+07 0.1 3
2.70231e+07 0.1025 3
2.27271e+07 0.105 3
1.67302e+07 0.1075 3
1.07006e+07 0.11 3
5.5374e+06 0.1125 3
2.44707e+06 0.115 3
923495 0.1175 3
886713 0.12 3
1.59386e+06 0.1225 3
2.17397e+06 0.125 3
2.33908e+06 0.1275 3
2.18396e+06 0.13 3
1.80907e+06 0.1325 3
1.43584e+06 0.135 3
1.35339e+06 0.1375 3
1.76339e+06 0.14 3
2.2293e+06 0.1425 3
2.55983e+06 0.145 3
2.83287e+06 0.1475 3
2.9271e+06 0.15 3
2.93482e+06 0.1525 3
2.92341e+06 0.155 3
2.51602e+06 0.1575 3
2.09892e+06 0.16 3
1.6394e+06 0.1625 3
977297 0.165 3
473299 0.1675 3
149283 0.17 3
24006.9 0.1725 3
154002 0.175 3
444482 0.1775 3
748833 0.18 3
1.10996e+06 0.1825 3
1.33612e+06 0.185 3
1.49795e+06 0.1875 3
1.40374e+06 0.19 3
1.3256e+06 0.1925 3
1.13085e+06 0.195 3
1.01444e+06 0.1975 3
918697 0.2 3
907717 0.2025 3
982919 0.205 3
1.06472e+06 0.2075 3
1.14662e+06 0.21 3
1.20625e+06 0.2125 3
1.1733e+06 0.215 3
1.02807e+06 0.2175 3
800324 0.22 3
589172 0.2225 3
449609 0.225 3
490353 0.2275 3
612332 0.23 3
823524 0.2325 3
968824 0.235 3
1.06101e+06 0.2375 3
1.02569e+06 0.24 3
885898 0.2425 3
666891 0.245 3
431847 0.2475 3
258208 0.25 3
183595 0.2525 3
158654 0.255 3
273966 0.2575 3
448768 0.26 3
648828 0.2625 3
817625 0.265 3
942997 0.2675 3
1.00238e+06 0.27 3
985834 0.2725 3
857160 0.275 3
711528 0.2775 3
529546 0.28 3
418437 0.2825 3
374667 0.285 3
426783 0.2875 3
491458 0.29 3
576632 0.2925 3
620449 0.295 3
599099 0.2975 3
549452 0.3 3
463727 0.3025 3
440188 0.305 3
438410 0.3075 3
498270 0.31 3
572931 0.3125 3
696830 0.315 3
1.95385e+06 0.07 4
2.70187e+06 0.0725 4
3.45076e+06 0.075 4
4.05291e+06 0.0775 4
4.42253e+06 0.08 4
4.53374e+06 0.0825 4
4.42358e+06 0.085 4
4.16978e+06 0.0875 4
3.85568e+06 0.09 4
3.54064e+06 0.0925 4
3.24962e+06 0.095 4
2.98326e+06 0.0975 4
2.73695e+06 0.1 4
2.51348e+06 0.1025 4
2.32027e+06 0.105 4
2.15533e+06 0.1075 4
1.99547e+06 0.11 4
1.81186e+06 0.1125 4
1.54336e+06 0.115 4
1.23605e+06 0.1175 4
854777 0.12 4
502468 0.1225 4
256537 0.125 4
147495 0.1275 4
155878 0.13 4
280514 0.1325 4
512482 0.135 4
584010 0.1375 4
552520 0.14 4
381694 0.1425 4
261148 0.145 4
206393 0.1475 4
228709 0.15 4
422862 0.1525 4
716229 0.155 4
1.19558e+06 0.1575 4
1.55739e+06 0.16 4
1.90307e+06 0.1625 4
1.97554e+06 0.165 4
1.95197e+06 0.1675 4
1.79609e+06 0.17 4
1.6222e+06 0.1725 4
1.50064e+06 0.175 4
1.61666e+06 0.1775 4
1.98514e+06 0.18 4
2.26811e+06 0.1825 4
2.74608e+06 0.185 4
2.82259e+06 0.1875 4
2.53992e+06 0.19 4
2.2368e+06 0.1925 4
1.79321e+06 0.195 4
1.36813e+06 0.1975 4
1.11716e+06 0.2 4
819653 0.2025 4
629616 0.205 4
540932 0.2075 4
593935 0.21 4
633520 0.2125 4
701796 0.215 4
715857 0.2175 4
715805 0.22 4
676509 0.2225 4
594202 0.225 4
541085 0.2275 4
556641 0.23 4
580036 0.2325 4
580485 0.235 4
606356 0.2375 4
625780 0.24 4
641236 0.2425 4
667854 0.245 4
682703 0.2475 4
695965 0.25 4
697636 0.2525 4
593837 0.255 4
435732 0.2575 4
269399 0.26 4
151759 0.2625 4
122138 0.265 4
175663 0.2675 4
270660 0.27 4
384553 0.2725 4
474844 0.275 4
585692 0.2775 4
698563 0.28 4
814152 0.2825 4
899665 0.285 4
897559 0.2875 4
801624 0.29 4
651728 0.2925 4
491721 0.295 4
386181 0.2975 4
385691 0.3 4
484291 0.3025 4
598619 0.305 4
672197 0.3075 4
618785 0.31 4
502591 0.3125 4
6.0893e+06 0.06 5
5.34293e+06 0.0625 5
4.22562e+06 0.065 5
2.86757e+06 0.0675 5
1.5258e+06 0.07 5
551838 0.0725 5
152994 0.075 5
261659 0.0775 5
832664 0.08 5
1.42917e+06 0.0825 5
1.9665e+06 0.085 5
2.14617e+06 0.0875 5
1.89764e+06 0.09 5
1.43663e+06 0.0925 5
846423 0.095 5
408724 0.0975 5
244211 0.1 5
322128 0.1025 5
495573 0.105 5
604900 0.1075 5
555441 0.11 5
390308 0.1125 5
281591 0.115 5
373937 0.1175 5
797926 0.12 5
1.29811e+06 0.1225 5
1.97635e+06 0.125 5
2.22173e+06 0.1275 5
2.16172e+06 0.13 5
2.00849e+06 0.1325 5
1.62799e+06 0.135 5
1.50365e+06 0.1375 5
1.62245e+06 0.14 5
1.98949e+06 0.1425 5
2.40517e+06 0.145 5
2.58664e+06 0.1475 5
2.52148e+06 0.15 5
2.11655e+06 0.1525 5
1.52857e+06 0.155 5
977335 0.1575 5
541090 0.16 5
461015 0.1625 5
667007 0.165 5
1.04757e+06 0.1675 5
1.50335e+06 0.17 5
1.78607e+06 0.1725 5
1.77589e+06 0.175 5
1.47961e+06 0.1775 5
1.10635e+06 0.18 5
764155 0.1825 5
557811 0.185 5
533582 0.1875 5
467691 0.19 5
424962 0.1925 5
407202 0.195 5
442273 0.1975 5
430410 0.2 5
510257 0.2025 5
630181 0.205 5
771807 0.2075 5
912030 0.21 5
1.01541e+06 0.2125 5
849675 0.215 5
696957 0.2175 5
581154 0.22 5
529653 0.2225 5
433393 0.225 5
339396 0.2275 5
242806 0.23 5
181876 0.2325 5
262677 0.235 5
453831 0.2375 5
814463 0.24 5
1.25141e+06 0.2425 5
1.62121e+06 0.245 5
1.78151e+06 0.2475 5
1.73835e+06 0.25 5
1.46939e+06 0.2525 5
1.04774e+06 0.255 5
720044 0.2575 5
507702 0.26 5
454477 0.2625 5
470929 0.265 5
571064 0.2675 5
646522 0.27 5
645059 0.2725 5
612231 0.275 5
583912 0.2775 5
584170 0.28 5
632778 0.2825 5
710145 0.285 5
806839 0.2875 5
871402 0.29 5
870903 0.2925 5
785423 0.295 5
672418 0.2975 5
573498 0.3 5
479019 0.3025 5
414052 0.305 5
403167 0.3075 5
401560 0.31 5
14458.5 0.045 6
47890.2 0.0475 6
14254 0.05 6
13115.1 0.0525 6
8432.46 0.055 6
10224.8 0.0575 6
43951.8 0.06 6
104615 0.0625 6
234605 0.065 6
469941 0.0675 6
936711 0.07 6
1.40467e+06 0.0725 6
1.76912e+06 0.075 6
2.19576e+06 0.0775 6
2.32011e+06 0.08 6
2.51666e+06 0.0825 6
2.26333e+06 0.085 6
1.84595e+06 0.0875 6
1.37476e+06 0.09 6
914365 0.0925 6
491279 0.095 6
313400 0.0975 6
316088 0.1 6
473264 0.1025 6
706711 0.105 6
990860 0.1075 6
1.29784e+06 0.11 6
1.58562e+06 0.1125 6
1.97483e+06 0.115 6
2.58492e+06 0.1175 6
2.91693e+06 0.12 6
3.04913e+06 0.1225 6
3.16569e+06 0.125 6
3.43488e+06 0.1275 6
3.57797e+06 0.13 6
3.79765e+06 0.1325 6
3.99417e+06 0.135 6
4.04371e+06 0.1375 6
3.97239e+06 0.14 6
3.97824e+06 0.1425 6
3.75296e+06 0.145 6
3.14646e+06 0.1475 6
2.35034e+06 0.15 6
1.61281e+06 0.1525 6
1.08561e+06 0.155 6
708159 0.1575 6
676280 0.16 6
808727 0.1625 6
1.0213e+06 0.165 6
1.34672e+06 0.1675 6
1.56611e+06 0.17 6
1.80704e+06 0.1725 6
1.96763e+06 0.175 6
2.04962e+06 0.1775 6
1.96979e+06 0.18 6
1.76673e+06 0.1825 6
1.51729e+06 0.185 6
1.30404e+06 0.1875 6
1.1719e+06 0.19 6
1.23557e+06 0.1925 6
1.33819e+06 0.195 6
1.44611e+06 0.1975 6
1.45989e+06 0.2 6
1.5682e+06 0.2025 6
1.55111e+06 0.205 6
1.3804e+06 0.2075 6
1.27395e+06 0.21 6
1.2549e+06 0.2125 6
1.36958e+06 0.215 6
1.51563e+06 0.2175 6
1.6884e+06 0.22 6
1.83165e+06 0.2225 6
1.90072e+06 0.225 6
1.82745e+06 0.2275 6
1.53348e+06 0.23 6
1.19259e+06 0.2325 6
847878 0.235 6
493101 0.2375 6
285697 0.24 6
176301 0.2425 6
195020 0.245 6
228472 0.2475 6
302038 0.25 6
349576 0.2525 6
393312 0.255 6
392818 0.2575 6
419045 0.26 6
478957 0.2625 6
602625 0.265 6
706375 0.2675 6
758966 0.27 6
720355 0.2725 6
601054 0.275 6
506581 0.2775 6
445365 0.28 6
392270 0.2825 6
380653 0.285 6
415849 0.2875 6
477717 0.29 6
532359 0.2925 6
538209 0.295 6
503338 0.2975 6
455801 0.3 6
369849 0.3025 6
304085 0.305 6
283743 0.3075 6
22809.4 0.0125 7
106187 0.015 7
331095 0.0175 7
671938 0.02 7
1.4225e+06 0.0225 7
2.37624e+06 0.025 7
3.49593e+06 0.0275 7
4.37602e+06 0.03 7
5.03256e+06 0.0325 7
5.22655e+06 0.035 7
4.8236e+06 0.0375 7
3.949e+06 0.04 7
2.95835e+06 0.0425 7
2.18998e+06 0.045 7
1.87677e+06 0.0475 7
2.04988e+06 0.05 7
2.53327e+06 0.0525 7
3.0328e+06 0.055 7
3.27608e+06 0.0575 7
3.13422e+06 0.06 7
2.66731e+06 0.0625 7
2.07617e+06 0.065 7
1.5913e+06 0.0675 7
1.35906e+06 0.07 7
1.38176e+06 0.0725 7
1.53547e+06 0.075 7
1.64736e+06 0.0775 7
1.58682e+06 0.08 7
1.32379e+06 0.0825 7
931221 0.085 7
539787 0.0875 7
274240 0.09 7
203142 0.0925 7
319734 0.095 7
553643 0.0975 7
801470 0.1 7
962898 0.1025 7
973338 0.105 7
827559 0.1075 7
588073 0.11 7
370711 0.1125 7
303995 0.115 7
471081 0.1175 7
857965 0.12 7
1.34066e+06 0.1225 7
1.72732e+06 0.125 7
1.81825e+06 0.1275 7
1.55941e+06 0.13 7
1.05973e+06 0.1325 7
557947 0.135 7
264589 0.1375 7
457436 0.14 7
965296 0.1425 7
1.46311e+06 0.145 7
1.85808e+06 0.1475 7
1.83705e+06 0.15 7
1.45983e+06 0.1525 7
779434 0.155 7
253268 0.1575 7
142207 0.16 7
658631 0.1625 7
1.61821e+06 0.165 7
2.68211e+06 0.1675 7
3.43793e+06 0.17 7
3.59998e+06 0.1725 7
3.1015e+06 0.175 7
2.21967e+06 0.1775 7
1.3003e+06 0.18 7
653352 0.1825 7
477072 0.185 7
696970 0.1875 7
1.0569e+06 0.19 7
1.48347e+06 0.1925 7
1.76274e+06 0.195 7
1.87277e+06 0.1975 7
1.847e+06 0.2 7
1.59447e+06 0.2025 7
1.37626e+06 0.205 7
1.29124e+06 0.2075 7
1.03651e+06 0.21 7
886330 0.2125 7
751040 0.215 7
598282 0.2175 7
544625 0.22 7
529152 0.2225 7
685989 0.225 7
983129 0.2275 7
1.22768e+06 0.23 7
1.47226e+06 0.2325 7
1.73249e+06 0.235 7
1.78407e+06 0.2375 7
1.63732e+06 0.24 7
1.48087e+06 0.2425 7
1.22859e+06 0.245 7
981183 0.2475 7
750912 0.25 7
440886 0.2525 7
255981 0.255 7
167277 0.2575 7
172769 0.26 7
295643 0.2625 7
468288 0.265 7
602553 0.2675 7
674766 0.27 7
671593 0.2725 7
515346 0.275 7
298920 0.2775 7
129533 0.28 7
51086.3 0.2825 7
54411 0.285 7
148056 0.2875 7
306023 0.29 7
371674 0.2925 7
453165 0.295 7
480996 0.2975 7
479595 0.3 7
418294 0.3025 7
338148 0.305 7
0 0.01 8
0 0.0125 8
0 0.015 8
0 0.0175 8
0 0.02 8
0 0.0225 8
0 0.025 8
0 0.0275 8
0 0.03 8
0 0.0325 8
0 0.035 8
0 0.0375 8
0 0.04 8
0 0.0425 8
0 0.045 8
0 0.0475 8
0 0.05 8
0 0.0525 8
1945.39 0.055 8
19347.3 0.0575 8
82160.7 0.06 8
98321.3 0.0625 8
388621 0.065 8
729147 0.0675 8
754964 0.07 8
1.22767e+06 0.0725 8
1.70785e+06 0.075 8
2.26587e+06 0.0775 8
2.96621e+06 0.08 8
3.09523e+06 0.0825 8
2.86202e+06 0.085 8
2.62342e+06 0.0875 8
2.06063e+06 0.09 8
1.64894e+06 0.0925 8
1.27915e+06 0.095 8
823933 0.0975 8
736996 0.1 8
995885 0.1025 8
1.67475e+06 0.105 8
2.71348e+06 0.1075 8
3.79914e+06 0.11 8
4.43547e+06 0.1125 8
4.80401e+06 0.115 8
4.73331e+06 0.1175 8
4.18868e+06 0.12 8
3.64453e+06 0.1225 8
2.94908e+06 0.125 8
2.00735e+06 0.1275 8
1.35832e+06 0.13 8
785857 0.1325 8
523163 0.135 8
522301 0.1375 8
660208 0.14 8
1.10919e+06 0.1425 8
1.36164e+06 0.145 8
1.50321e+06 0.1475 8
1.57826e+06 0.15 8
1.4237e+06 0.1525 8
1.1897e+06 0.155 8
781397 0.1575 8
507953 0.16 8
416817 0.1625 8
553532 0.165 8
782291 0.1675 8
956320 0.17 8
1.14061e+06 0.1725 8
1.26697e+06 0.175 8
1.26509e+06 0.1775 8
1.3045e+06 0.18 8
1.37567e+06 0.1825 8
1.43052e+06 0.185 8
1.42884e+06 0.1875 8
1.3449e+06 0.19 8
1.17266e+06 0.1925 8
961514 0.195 8
775717 0.1975 8
560104 0.2 8
408906 0.2025 8
317976 0.205 8
293218 0.2075 8
304468 0.21 8
364650 0.2125 8
511972 0.215 8
736148 0.2175 8
1.04585e+06 0.22 8
1.37938e+06 0.2225 8
1.70658e+06 0.225 8
1.9316e+06 0.2275 8
2.02336e+06 0.23 8
1.90863e+06 0.2325 8
1.71521e+06 0.235 8
1.40478e+06 0.2375 8
1.06983e+06 0.24 8
855273 0.2425 8
801335 0.245 8
917443 0.2475 8
1.11044e+06 0.25 8
1.30133e+06 0.2525 8
1.49351e+06 0.255 8
1.45665e+06 0.2575 8
1.34822e+06 0.26 8
1.2225e+06 0.2625 8
1.18742e+06 0.265 8
1.22757e+06 0.2675 8
1.39004e+06 0.27 8
1.6344e+06 0.2725 8
1.70748e+06 0.275 8
1.58861e+06 0.2775 8
1.2913e+06 0.28 8
884167 0.2825 8
606367 0.285 8
526085 0.2875 8
653307 0.29 8
923243 0.2925 8
1.1899e+06 0.295 8
1.29286e+06 0.2975 8
782372 0.01 9
1.18793e+06 0.0125 9
2.27459e+06 0.015 9
4.49624e+06 0.0175 9
7.94906e+06 0.02 9
1.21448e+07 0.0225 9
1.60613e+07 0.025 9
1.84947e+07 0.0275 9
1.85666e+07 0.03 9
1.61401e+07 0.0325 9
1.19267e+07 0.035 9
7.21842e+06 0.0375 9
3.3651e+06 0.04 9
1.24554e+06 0.0425 9
976840 0.045 9
1.97838e+06 0.0475 9
3.32692e+06 0.05 9
4.20461e+06 0.0525 9
4.2191e+06 0.055 9
3.46743e+06 0.0575 9
2.36132e+06 0.06 9
1.34842e+06 0.0625 9
692277 0.065 9
410631 0.0675 9
364893 0.07 9
409759 0.0725 9
495710 0.075 9
667582 0.0775 9
979751 0.08 9
1.4021e+06 0.0825 9
1.79075e+06 0.085 9
1.94949e+06 0.0875 9
1.74633e+06 0.09 9
1.21321e+06 0.0925 9
565010 0.095 9
119583 0.0975 9
154544 0.1 9
770009 0.1025 9
1.82412e+06 0.105 9
2.97388e+06 0.1075 9
3.80636e+06 0.11 9
4.00586e+06 0.1125 9
3.48694e+06 0.115 9
2.43639e+06 0.1175 9
1.24305e+06 0.12 9
341155 0.1225 9
30866.8 0.125 9
353798 0.1275 9
1.08093e+06 0.13 9
1.82189e+06 0.1325 9
2.2073e+06 0.135 9
2.05867e+06 0.1375 9
1.4698e+06 0.14 9
733268 0.1425 9
202801 0.145 9
132370 0.1475 9
499536 0.15 9
1.06289e+06 0.1525 9
1.55542e+06 0.155 9
1.82631e+06 0.1575 9
1.64701e+06 0.16 9
1.23191e+06 0.1625 9
774723 0.165 9
459067 0.1675 9
244043 0.17 9
267935 0.1725 9
371268 0.175 9
562088 0.1775 9
677050 0.18 9
669848 0.1825 9
805079 0.185 9
833053 0.1875 9
989918 0.19 9
1.17671e+06 0.1925 9
1.40375e+06 0.195 9
1.52954e+06 0.1975 9
1.68148e+06 0.2 9
1.77786e+06 0.2025 9
1.74694e+06 0.205 9
1.48145e+06 0.2075 9
1.29442e+06 0.21 9
946209 0.2125 9
743192 0.215 9
778772 0.2175 9
1.00067e+06 0.22 9
1.34332e+06 0.2225 9
1.62379e+06 0.225 9
1.78499e+06 0.2275 9
1.80004e+06 0.23 9
1.63404e+06 0.2325 9
1.48087e+06 0.235 9
1.22495e+06 0.2375 9
1.05395e+06 0.24 9
1.00801e+06 0.2425 9
966531 0.245 9
1.0788e+06 0.2475 9
1.15125e+06 0.25 9
1.22758e+06 0.2525 9
1.26765e+06 0.255 9
1.32765e+06 0.2575 9
1.38637e+06 0.26 9
1.32203e+06 0.2625 9
1.23863e+06 0.265 9
1.09644e+06 0.2675 9
917117 0.27 9
761149 0.2725 9
680350 0.275 9
642358 0.2775 9
592736 0.28 9
586102 0.2825 9
576882 0.285 9
544123 0.2875 9
545384 0.29 9
497628 0.2925 9
0 0.01 10
0 0.0125 10
0 0.015 10
0 0.0175 10
0 0.02 10
0 0.0225 10
0 0.025 10
0 0.0275 10
0 0.03 10
0 0.0325 10
0 0.035 10
0 0.0375 10
0 0.04 10
0 0.0425 10
0 0.045 10
0 0.0475 10
0 0.05 10
0 0.0525 10
0 0.055 10
0 0.0575 10
0 0.06 10
0 0.0625 10
4207.68 0.065 10
11361.7 0.0675 10
16275.1 0.07 10
52778 0.0725 10
161093 0.075 10
490845 0.0775 10
963586 0.08 10
1.11247e+06 0.0825 10
1.50868e+06 0.085 10
1.95966e+06 0.0875 10
2.41893e+06 0.09 10
2.88405e+06 0.0925 10
3.21996e+06 0.095 10
3.34235e+06 0.0975 10
3.36996e+06 0.1 10
3.10328e+06 0.1025 10
2.55937e+06 0.105 10
2.26907e+06 0.1075 10
1.88504e+06 0.11 10
1.53042e+06 0.1125 10
1.41176e+06 0.115 10
1.45518e+06 0.1175 10
1.5571e+06 0.12 10
1.64507e+06 0.1225 10
1.47539e+06 0.125 10
1.25595e+06 0.1275 10
1.04589e+06 0.13 10
663317 0.1325 10
481965 0.135 10
365218 0.1375 10
275193 0.14 10
255025 0.1425 10
355165 0.145 10
580213 0.1475 10
885282 0.15 10
1.25625e+06 0.1525 10
1.56486e+06 0.155 10
1.7593e+06 0.1575 10
1.90568e+06 0.16 10
1.83716e+06 0.1625 10
1.47796e+06 0.165 10
1.02881e+06 0.1675 10
680144 0.17 10
553451 0.1725 10
916635 0.175 10
1.74382e+06 0.1775 10
2.88439e+06 0.18 10
4.24504e+06 0.1825 10
5.45034e+06 0.185 10
6.31912e+06 0.1875 10
6.77181e+06 0.19 10
6.53683e+06 0.1925 10
5.7792e+06 0.195 10
4.66676e+06 0.1975 10
3.32988e+06 0.2 10
2.06845e+06 0.2025 10
1.04308e+06 0.205 10
351890 0.2075 10
109800 0.21 10
231906 0.2125 10
624722 0.215 10
1.05337e+06 0.2175 10
1.43339e+06 0.22 10
1.58551e+06 0.2225 10
1.49205e+06 0.225 10
1.21095e+06 0.2275 10
833046 0.23 10
505911 0.2325 10
276131 0.235 10
192710 0.2375 10
209887 0.24 10
250221 0.2425 10
267589 0.245 10
226742 0.2475 10
198565 0.25 10
217502 0.2525 10
285755 0.255 10
470926 0.2575 10
697720 0.26 10
903638 0.2625 10
1.04435e+06 0.265 10
1.14021e+06 0.2675 10
1.1026e+06 0.27 10
1.12001e+06 0.2725 10
1.04913e+06 0.275 10
1.07515e+06 0.2775 10
1.06356e+06 0.28 10
1.00494e+06 0.2825 10
949846 0.285 10
832909 0.2875 10
2.66618e+06 0.01 11
5.28069e+06 0.0125 11
8.4481e+06 0.015 11
1.14568e+07 0.0175 11
1.35383e+07 0.02 11
1.41772e+07 0.0225 11
1.33138e+07 0.025 11
1.13517e+07 0.0275 11
8.98065e+06 0.03 11
6.90789e+06 0.0325 11
5.62094e+06 0.035 11
5.26816e+06 0.0375 11
5.67827e+06 0.04 11
6.47757e+06 0.0425 11
7.23868e+06 0.045 11
7.60574e+06 0.0475 11
7.37158e+06 0.05 11
6.50755e+06 0.0525 11
5.15472e+06 0.055 11
3.58095e+06 0.0575 11
2.10637e+06 0.06 11
1.00868e+06 0.0625 11
435659 0.065 11
361284 0.0675 11
609968 0.07 11
942702 0.0725 11
1.16503e+06 0.075 11
1.20217e+06 0.0775 11
1.10334e+06 0.08 11
978044 0.0825 11
907424 0.085 11
887941 0.0875 11
843021 0.09 11
693051 0.0925 11
434586 0.095 11
171417 0.0975 11
69703.7 0.1 11
258741 0.1025 11
736836 0.105 11
1.34362e+06 0.1075 11
1.82342e+06 0.11 11
1.95084e+06 0.1125 11
1.65122e+06 0.115 11
1.04884e+06 0.1175 11
414087 0.12 11
35480.6 0.1225 11
82268.9 0.125 11
527086 0.1275 11
1.16522e+06 0.13 11
1.71686e+06 0.1325 11
1.9597e+06 0.135 11
1.81864e+06 0.1375 11
1.39649e+06 0.14 11
886523 0.1425 11
524476 0.145 11
388657 0.1475 11
455189 0.15 11
681403 0.1525 11
803078 0.155 11
980620 0.1575 11
1.0231e+06 0.16 11
1.28674e+06 0.1625 11
1.49168e+06 0.165 11
1.9126e+06 0.1675 11
2.37385e+06 0.17 11
2.67352e+06 0.1725 11
2.90096e+06 0.175 11
2.70826e+06 0.1775 11
2.42797e+06 0.18 11
2.15549e+06 0.1825 11
2.21723e+06 0.185 11
2.78846e+06 0.1875 11
3.45249e+06 0.19 11
3.71378e+06 0.1925 11
3.75664e+06 0.195 11
3.22056e+06 0.1975 11
2.48832e+06 0.2 11
2.00836e+06 0.2025 11
1.82368e+06 0.205 11
2.08846e+06 0.2075 11
2.62002e+06 0.21 11
3.03455e+06 0.2125 11
3.14099e+06 0.215 11
2.61801e+06 0.2175 11
1.79516e+06 0.22 11
991958 0.2225 11
398118 0.225 11
314998 0.2275 11
475504 0.23 11
744565 0.2325 11
917696 0.235 11
955405 0.2375 11
929235 0.24 11
947302 0.2425 11
1.02718e+06 0.245 11
1.23757e+06 0.2475 11
1.44888e+06 0.25 11
1.53083e+06 0.2525 11
1.42108e+06 0.255 11
1.14361e+06 0.2575 11
863853 0.26 11
680182 0.2625 11
677382 0.265 11
726767 0.2675 11
851186 0.27 11
944406 0.2725 11
884931 0.275 11
749611 0.2775 11
615815 0.28 11
486209 0.2825 11
0 0.01 12
0 0.0125 12
0 0.015 12
0 0.0175 12
0 0.02 12
0 0.0225 12
0 0.025 12
0 0.0275 12
0 0.03 12
0 0.0325 12
0 0.035 12
0 0.0375 12
0 0.04 12
0 0.0425 12
0 0.045 12
0 0.0475 12
12889.3 0.05 12
68986.4 0.0525 12
93162.5 0.055 12
122991 0.0575 12
187315 0.06 12
247380 0.0625 12
206254 0.065 12
263390 0.0675 12
211534 0.07 12
150155 0.0725 12
68513.1 0.075 12
7894.69 0.0775 12
28847.2 0.08 12
97590.1 0.0825 12
216935 0.085 12
483877 0.0875 12
711451 0.09 12
826152 0.0925 12
1.01797e+06 0.095 12
1.12385e+06 0.0975 12
1.30372e+06 0.1 12
1.35483e+06 0.1025 12
1.40549e+06 0.105 12
1.50614e+06 0.1075 12
1.65317e+06 0.11 12
1.58336e+06 0.1125 12
1.43332e+06 0.115 12
1.20962e+06 0.1175 12
974204 0.12 12
644940 0.1225 12
434020 0.125 12
412981 0.1275 12
537884 0.13 12
1.00879e+06 0.1325 12
1.55104e+06 0.135 12
2.04865e+06 0.1375 12
2.77933e+06 0.14 12
3.55593e+06 0.1425 12
4.26977e+06 0.145 12
4.67021e+06 0.1475 12
4.64281e+06 0.15 12
4.46653e+06 0.1525 12
3.86366e+06 0.155 12
2.99458e+06 0.1575 12
1.95126e+06 0.16 12
1.07548e+06 0.1625 12
535969 0.165 12
366796 0.1675 12
458354 0.17 12
684407 0.1725 12
891945 0.175 12
1.03659e+06 0.1775 12
1.05108e+06 0.18 12
1.11697e+06 0.1825 12
1.24921e+06 0.185 12
1.50989e+06 0.1875 12
1.76318e+06 0.19 12
2.05012e+06 0.1925 12
2.14307e+06 0.195 12
2.07085e+06 0.1975 12
1.92646e+06 0.2 12
1.57243e+06 0.2025 12
1.32871e+06 0.205 12
1.06731e+06 0.2075 12
896804 0.21 12
765696 0.2125 12
684902 0.215 12
644209 0.2175 12
639665 0.22 12
712954 0.2225 12
786857 0.225 12
832529 0.2275 12
843013 0.23 12
754577 0.2325 12
619677 0.235 12
469858 0.2375 12
323488 0.24 12
234158 0.2425 12
213978 0.245 12
250394 0.2475 12
316424 0.25 12
348735 0.2525 12
328392 0.255 12
259569 0.2575 12
230061 0.26 12
176060 0.2625 12
153983 0.265 12
129995 0.2675 12
122301 0.27 12
115171 0.2725 12
124123 0.275 12
0 0.01 13
0 0.0125 13
0 0.015 13
2154.51 0.0175 13
37294.1 0.02 13
58644 0.0225 13
117796 0.025 13
210860 0.0275 13
290772 0.03 13
280090 0.0325 13
216170 0.035 13
156324 0.0375 13
61338.6 0.04 13
6461.6 0.0425 13
37654.5 0.045 13
170287 0.0475 13
435579 0.05 13
719180 0.0525 13
968310 0.055 13
1.05547e+06 0.0575 13
946365 0.06 13
677290 0.0625 13
352937 0.065 13
100862 0.0675 13
13964.7 0.07 13
110681 0.0725 13
332912 0.075 13
580602 0.0775 13
761690 0.08 13
829209 0.0825 13
787699 0.085 13
671849 0.0875 13
517754 0.09 13
349966 0.0925 13
193611 0.095 13
99912.8 0.0975 13
159877 0.1 13
485073 0.1025 13
1.15515e+06 0.105 13
2.15644e+06 0.1075 13
3.34862e+06 0.11 13
4.48692e+06 0.1125 13
5.2999e+06 0.115 13
5.59325e+06 0.1175 13
5.33013e+06 0.12 13
4.62117e+06 0.1225 13
3.73587e+06 0.125 13
2.93548e+06 0.1275 13
2.44287e+06 0.13 13
2.16643e+06 0.1325 13
2.06861e+06 0.135 13
2.13084e+06 0.1375 13
2.23404e+06 0.14 13
2.26789e+06 0.1425 13
2.20349e+06 0.145 13
2.0854e+06 0.1475 13
2.12276e+06 0.15 13
2.09773e+06 0.1525 13
2.17064e+06 0.155 13
2.22128e+06 0.1575 13
2.07643e+06 0.16 13
1.65e+06 0.1625 13
1.2846e+06 0.165 13
937103 0.1675 13
636921 0.17 13
479964 0.1725 13
377247 0.175 13
343182 0.1775 13
343809 0.18 13
340310 0.1825 13
329354 0.185 13
319763 0.1875 13
404119 0.19 13
607741 0.1925 13
708949 0.195 13
871798 0.1975 13
826889 0.2 13
827113 0.2025 13
711492 0.205 13
632454 0.2075 13
487610 0.21 13
534354 0.2125 13
640063 0.215 13
764738 0.2175 13
1.03009e+06 0.22 13
1.38356e+06 0.2225 13
1.77972e+06 0.225 13
2.01673e+06 0.2275 13
2.17263e+06 0.23 13
2.15499e+06 0.2325 13
1.89091e+06 0.235 13
1.51328e+06 0.2375 13
1.09798e+06 0.24 13
752125 0.2425 13
471773 0.245 13
344370 0.2475 13
297876 0.25 13
336556 0.2525 13
343833 0.255 13
326522 0.2575 13
272769 0.26 13
181779 0.2625 13
112103 0.265 13
62573.4 0.2675 13
0 0.02 14
0 0.0225 14
0 0.025 14
0 0.0275 14
0 0.03 14
4691.27 0.0325 14
54903.3 0.035 14
151210 0.0375 14
166008 0.04 14
376411 0.0425 14
677846 0.045 14
872967 0.0475 14
989232 0.05 14
1.04667e+06 0.0525 14
901162 0.055 14
901250 0.0575 14
766053 0.06 14
639673 0.0625 14
563229 0.065 14
504227 0.0675 14
479548 0.07 14
652589 0.0725 14
779955 0.075 14
844887 0.0775 14
923711 0.08 14
875645 0.0825 14
825010 0.085 14
892084 0.0875 14
1.0551e+06 0.09 14
1.20105e+06 0.0925 14
1.29395e+06 0.095 14
1.40237e+06 0.0975 14
1.44173e+06 0.1 14
1.4516e+06 0.1025 14
1.31811e+06 0.105 14
1.17992e+06 0.1075 14
1.09225e+06 0.11 14
1.04906e+06 0.1125 14
997845 0.115 14
946703 0.1175 14
856653 0.12 14
812301 0.1225 14
877358 0.125 14
957527 0.1275 14
1.08693e+06 0.13 14
1.09544e+06 0.1325 14
1.11762e+06 0.135 14
1.16461e+06 0.1375 14
1.26421e+06 0.14 14
1.54166e+06 0.1425 14
1.91527e+06 0.145 14
2.44874e+06 0.1475 14
2.96103e+06 0.15 14
3.24149e+06 0.1525 14
3.24875e+06 0.155 14
2.8959e+06 0.1575 14
2.42726e+06 0.16 14
1.90755e+06 0.1625 14
1.63987e+06 0.165 14
1.65142e+06 0.1675 14
1.90122e+06 0.17 14
2.17885e+06 0.1725 14
2.3636e+06 0.175 14
2.28083e+06 0.1775 14
2.05343e+06 0.18 14
1.66917e+06 0.1825 14
1.3216e+06 0.185 14
1.04684e+06 0.1875 14
897321 0.19 14
796413 0.1925 14
755132 0.195 14
803826 0.1975 14
837073 0.2 14
993682 0.2025 14
1.15683e+06 0.205 14
1.21008e+06 0.2075 14
1.15732e+06 0.21 14
1.00619e+06 0.2125 14
735907 0.215 14
498462 0.2175 14
327568 0.22 14
276783 0.2225 14
294174 0.225 14
354238 0.2275 14
401916 0.23 14
375811 0.2325 14
418477 0.235 14
529911 0.2375 14
689025 0.24 14
877884 0.2425 14
1.0795e+06 0.245 14
1.14748e+06 0.2475 14
1.07783e+06 0.25 14
884818 0.2525 14
637603 0.255 14
429545 0.2575 14
0 0.0125 15
0 0.015 15
0 0.0175 15
0 0.02 15
0 0.0225 15
0 0.025 15
0 0.0275 15
0 0.03 15
37.7914 0.0325 15
5979.15 0.035 15
65623.4 0.0375 15
106167 0.04 15
258312 0.0425 15
420523 0.045 15
704443 0.0475 15
923314 0.05 15
1.26298e+06 0.0525 15
1.56345e+06 0.055 15
1.70878e+06 0.0575 15
1.9332e+06 0.06 15
1.94377e+06 0.0625 15
1.99989e+06 0.065 15
1.85853e+06 0.0675 15
1.7029e+06 0.07 15
1.66161e+06 0.0725 15
1.58124e+06 0.075 15
1.41289e+06 0.0775 15
1.23267e+06 0.08 15
1.12423e+06 0.0825 15
986500 0.085 15
721455 0.0875 15
505396 0.09 15
357484 0.0925 15
215992 0.095 15
117614 0.0975 15
56894.5 0.1 15
26022.9 0.1025 15
18262.6 0.105 15
83710.6 0.1075 15
288433 0.11 15
556765 0.1125 15
1.03335e+06 0.115 15
1.35207e+06 0.1175 15
1.62731e+06 0.12 15
1.78292e+06 0.1225 15
1.79312e+06 0.125 15
1.82408e+06 0.1275 15
1.43828e+06 0.13 15
1.08321e+06 0.1325 15
750792 0.135 15
491014 0.1375 15
479097 0.14 15
609866 0.1425 15
889592 0.145 15
1.21724e+06 0.1475 15
1.64544e+06 0.15 15
2.00335e+06 0.1525 15
2.37651e+06 0.155 15
2.53833e+06 0.1575 15
2.36629e+06 0.16 15
2.20633e+06 0.1625 15
1.80937e+06 0.165 15
1.40454e+06 0.1675 15
1.09331e+06 0.17 15
856793 0.1725 15
775110 0.175 15
835209 0.1775 15
1.03112e+06 0.18 15
1.16622e+06 0.1825 15
1.3501e+06 0.185 15
1.36081e+06 0.1875 15
1.34543e+06 0.19 15
1.0191e+06 0.1925 15
714584 0.195 15
404367 0.1975 15
162871 0.2 15
61502.1 0.2025 15
100841 0.205 15
229172 0.2075 15
416754 0.21 15
580071 0.2125 15
676829 0.215 15
712197 0.2175 15
698281 0.22 15
708383 0.2225 15
680626 0.225 15
708359 0.2275 15
696159 0.23 15
677875 0.2325 15
590541 0.235 15
511740 0.2375 15
431716 0.24 15
342290 0.2425 15
320406 0.245 15
329515 0.2475 15
0 0.0025 16
0 0.005 16
0 0.0075 16
0 0.01 16
0 0.0125 16
0 0.015 16
687.86 0.0175 16
35761.8 0.02 16
116752 0.0225 16
164147 0.025 16
322483 0.0275 16
476786 0.03 16
631004 0.0325 16
682576 0.035 16
885252 0.0375 16
1.17507e+06 0.04 16
1.74077e+06 0.0425 16
2.33738e+06 0.045 16
3.32734e+06 0.0475 16
4.4931e+06 0.05 16
5.93287e+06 0.0525 16
7.32638e+06 0.055 16
8.48805e+06 0.0575 16
9.22907e+06 0.06 16
9.42425e+06 0.0625 16
9.06835e+06 0.065 16
8.27315e+06 0.0675 16
7.22082e+06 0.07 16
6.09508e+06 0.0725 16
5.02236e+06 0.075 16
4.04947e+06 0.0775 16
3.16481e+06 0.08 16
2.34669e+06 0.0825 16
1.60824e+06 0.085 16
1.01134e+06 0.0875 16
640945 0.09 16
554560 0.0925 16
736879 0.095 16
1.08743e+06 0.0975 16
1.4509e+06 0.1 16
1.67618e+06 0.1025 16
1.67465e+06 0.105 16
1.449e+06 0.1075 16
1.0805e+06 0.11 16
684385 0.1125 16
358351 0.115 16
149920 0.1175 16
53636.5 0.12 16
36696.9 0.1225 16
55194.5 0.125 16
68080.1 0.1275 16
95219 0.13 16
70633.2 0.1325 16
110855 0.135 16
204375 0.1375 16
390984 0.14 16
625513 0.1425 16
805989 0.145 16
1.15513e+06 0.1475 16
1.45582e+06 0.15 16
1.68548e+06 0.1525 16
1.81975e+06 0.155 16
1.74502e+06 0.1575 16
1.40647e+06 0.16 16
1.05262e+06 0.1625 16
670746 0.165 16
420784 0.1675 16
346001 0.17 16
520430 0.1725 16
795450 0.175 16
1.07129e+06 0.1775 16
1.22592e+06 0.18 16
1.24234e+06 0.1825 16
1.17687e+06 0.185 16
1.007e+06 0.1875 16
803704 0.19 16
615547 0.1925 16
450472 0.195 16
331641 0.1975 16
310420 0.2 16
414374 0.2025 16
461598 0.205 16
627859 0.2075 16
780746 0.21 16
900123 0.2125 16
974851 0.215 16
937442 0.2175 16
743838 0.22 16
472360 0.2225 16
215498 0.225 16
81635.9 0.2275 16
96863.5 0.23 16
222436 0.2325 16
428089 0.235 16
595126 0.2375 16
0 0.0025 17
0 0.005 17
0 0.0075 17
0 0.01 17
0 0.0125 17
0 0.015 17
0 0.0175 17
0 0.02 17
0 0.0225 17
0 0.025 17
0 0.0275 17
0 0.03 17
0 0.0325 17
0 0.035 17
0 0.0375 17
0 0.04 17
0 0.0425 17
0 0.045 17
0 0.0475 17
20262.4 0.05 17
45291.7 0.0525 17
115152 0.055 17
115092 0.0575 17
121391 0.06 17
165573 0.0625 17
236478 0.065 17
240772 0.0675 17
226555 0.07 17
211978 0.0725 17
190583 0.075 17
151537 0.0775 17
256861 0.08 17
344069 0.0825 17
628943 0.085 17
890806 0.0875 17
1.12763e+06 0.09 17
1.16402e+06 0.0925 17
1.15321e+06 0.095 17
1.16288e+06 0.0975 17
1.10923e+06 0.1 17
850108 0.1025 17
597573 0.105 17
468792 0.1075 17
452821 0.11 17
502207 0.1125 17
515624 0.115 17
518676 0.1175 17
368707 0.12 17
247801 0.1225 17
257580 0.125 17
283090 0.1275 17
359928 0.13 17
532072 0.1325 17
588372 0.135 17
607286 0.1375 17
575179 0.14 17
540317 0.1425 17
572561 0.145 17
678123 0.1475 17
828186 0.15 17
1.06302e+06 0.1525 17
1.14154e+06 0.155 17
1.17963e+06 0.1575 17
1.19827e+06 0.16 17
1.13913e+06 0.1625 17
999748 0.165 17
1.04158e+06 0.1675 17
1.0872e+06 0.17 17
1.11437e+06 0.1725 17
968928 0.175 17
800270 0.1775 17
622523 0.18 17
514552 0.1825 17
545507 0.185 17
683224 0.1875 17
913529 0.19 17
1.14926e+06 0.1925 17
1.18172e+06 0.195 17
1.0238e+06 0.1975 17
691560 0.2 17
365179 0.2025 17
137718 0.205 17
88961.6 0.2075 17
200998 0.21 17
365965 0.2125 17
534312 0.215 17
638946 0.2175 17
583483 0.22 17
446270 0.2225 17
283965 0.225 17
1750.2 0.0025 18
24837.5 0.005 18
102426 0.0075 18
240064 0.01 18
389818 0.0125 18
470170 0.015 18
424170 0.0175 18
274577 0.02 18
130679 0.0225 18
133069 0.025 18
368448 0.0275 18
812851 0.03 18
1.34669e+06 0.0325 18
1.83628e+06 0.035 18
2.22717e+06 0.0375 18
2.58092e+06 0.04 18
3.02192e+06 0.0425 18
3.62335e+06 0.045 18
4.30959e+06 0.0475 18
4.8504e+06 0.05 18
4.96767e+06 0.0525 18
4.50085e+06 0.055 18
3.53187e+06 0.0575 18
2.38535e+06 0.06 18
1.49038e+06 0.0625 18
1.17282e+06 0.065 18
1.49194e+06 0.0675 18
2.21261e+06 0.07 18
2.92866e+06 0.0725 18
3.26822e+06 0.075 18
3.0694e+06 0.0775 18
2.43627e+06 0.08 18
1.65626e+06 0.0825 18
1.03598e+06 0.085 18
750164 0.0875 18
779814 0.09 18
958205 0.0925 18
1.08308e+06 0.095 18
1.02563e+06 0.0975 18
781156 0.1 18
448066 0.1025 18
162058 0.105 18
28860.9 0.1075 18
87628.3 0.11 18
311553 0.1125 18
631353 0.115 18
962297 0.1175 18
1.22418e+06 0.12 18
1.35514e+06 0.1225 18
1.32432e+06 0.125 18
1.14332e+06 0.1275 18
869018 0.13 18
589473 0.1325 18
396081 0.135 18
334905 0.1375 18
397489 0.14 18
518948 0.1425 18
615237 0.145 18
627162 0.1475 18
545954 0.15 18
373990 0.1525 18
195550 0.155 18
79747.9 0.1575 18
26141.1 0.16 18
40211 0.1625 18
65264.7 0.165 18
86854.2 0.1675 18
103651 0.17 18
95448.1 0.1725 18
103708 0.175 18
128703 0.1775 18
209614 0.18 18
274300 0.1825 18
289260 0.185 18
338250 0.1875 18
367982 0.19 18
373120 0.1925 18
341899 0.195 18
286397 0.1975 18
246195 0.2 18
215572 0.2025 18
169921 0.205 18
111168 0.2075 18
80476.7 0.21 18
74770.9 0.2125 18
0 0.0025 19
0 0.005 19
0 0.0075 19
0 0.01 19
0 0.0125 19
0 0.015 19
0 0.0175 19
0 0.02 19
0 0.0225 19
0 0.025 19
0 0.0275 19
0 0.03 19
0 0.0325 19
0 0.035 19
0 0.0375 19
0 0.04 19
0 0.0425 19
0 0.045 19
0 0.0475 19
0 0.05 19
0 0.0525 19
0 0.055 19
0 0.0575 19
0 0.06 19
0 0.0625 19
3454.96 0.065 19
42166.3 0.0675 19
67088.2 0.07 19
42608.8 0.0725 19
144987 0.075 19
177467 0.0775 19
281865 0.08 19
377928 0.0825 19
488330 0.085 19
745056 0.0875 19
794831 0.09 19
965242 0.0925 19
1.33634e+06 0.095 19
1.59387e+06 0.0975 19
1.82972e+06 0.1 19
2.22868e+06 0.1025 19
2.49374e+06 0.105 19
2.70949e+06 0.1075 19
2.969e+06 0.11 19
2.82651e+06 0.1125 19
2.85903e+06 0.115 19
2.5283e+06 0.1175 19
2.13837e+06 0.12 19
1.58262e+06 0.1225 19
1.21141e+06 0.125 19
878100 0.1275 19
643498 0.13 19
517244 0.1325 19
387627 0.135 19
340640 0.1375 19
260948 0.14 19
226276 0.1425 19
188542 0.145 19
187755 0.1475 19
210756 0.15 19
204029 0.1525 19
234319 0.155 19
242387 0.1575 19
247737 0.16 19
274092 0.1625 19
293213 0.165 19
314019 0.1675 19
299672 0.17 19
267367 0.1725 19
196316 0.175 19
109540 0.1775 19
54244.1 0.18 19
65725.3 0.1825 19
147988 0.185 19
266440 0.1875 19
365137 0.19 19
448768 0.1925 19
433533 0.195 19
341437 0.1975 19
80902.7 0.0025 20
314885 0.005 20
679317 0.0075 20
1.14432e+06 0.01 20
1.67462e+06 0.0125 20
2.22319e+06 0.015 20
2.723e+06 0.0175 20
3.08901e+06 0.02 20
3.23845e+06 0.0225 20
3.12405e+06 0.025 20
2.76246e+06 0.0275 20
2.23841e+06 0.03 20
1.6774e+06 0.0325 20
1.19863e+06 0.035 20
872544 0.0375 20
704572 0.04 20
650210 0.0425 20
648102 0.045 20
649495 0.0475 20
629547 0.05 20
581626 0.0525 20
507654 0.055 20
416816 0.0575 20
333285 0.06 20
301545 0.0625 20
376301 0.065 20
595297 0.0675 20
949131 0.07 20
1.36954e+06 0.0725 20
1.74927e+06 0.075 20
1.98686e+06 0.0775 20
2.03228e+06 0.08 20
1.90672e+06 0.0825 20
1.68494e+06 0.085 20
1.45191e+06 0.0875 20
1.26052e+06 0.09 20
1.11511e+06 0.0925 20
987294 0.095 20
849708 0.0975 20
703424 0.1 20
581509 0.1025 20
528877 0.105 20
573816 0.1075 20
709844 0.11 20
897215 0.1125 20
1.07971e+06 0.115 20
1.20451e+06 0.1175 20
1.23517e+06 0.12 20
1.15618e+06 0.1225 20
973924 0.125 20
718497 0.1275 20
444087 0.13 20
221337 0.1325 20
117236 0.135 20
167543 0.1375 20
356535 0.14 20
615771 0.1425 20
848784 0.145 20
977640 0.1475 20
974969 0.15 20
879057 0.1525 20
737308 0.155 20
634207 0.1575 20
561955 0.16 20
515892 0.1625 20
508142 0.165 20
513210 0.1675 20
487133 0.17 20
454878 0.1725 20
481647 0.175 20
587488 0.1775 20
0 0.0025 21
0 0.005 21
0 0.0075 21
0 0.01 21
0 0.0125 21
0 0.015 21
0 0.0175 21
0 0.02 21
0 0.0225 21
0 0.025 21
0 0.0275 21
0 0.03 21
0 0.0325 21
0 0.035 21
0 0.0375 21
0 0.04 21
0 0.0425 21
0 0.045 21
0 0.0475 21
0 0.05 21
0 0.0525 21
439.133 0.055 21
4219.38 0.0575 21
5434.77 0.06 21
5637.38 0.0625 21
31869.3 0.065 21
36888.8 0.0675 21
56164.5 0.07 21
105993 0.0725 21
107039 0.075 21
188960 0.0775 21
228629 0.08 21
275184 0.0825 21
229859 0.085 21
257854 0.0875 21
253452 0.09 21
217101 0.0925 21
190900 0.095 21
160953 0.0975 21
146224 0.1 21
104774 0.1025 21
90687.6 0.105 21
108009 0.1075 21
181118 0.11 21
284315 0.1125 21
427580 0.115 21
591025 0.1175 21
729366 0.12 21
888608 0.1225 21
1.09875e+06 0.125 21
1.25874e+06 0.1275 21
1.32192e+06 0.13 21
1.3605e+06 0.1325 21
1.31875e+06 0.135 21
1.18414e+06 0.1375 21
1.07525e+06 0.14 21
914938 0.1425 21
884424 0.145 21
827469 0.1475 21
805852 0.15 21
849511 0.1525 21
865074 0.155 21
881939 0.1575 21
802353 0.16 21
0 0.0025 22
0 0.005 22
0 0.0075 22
0 0.01 22
2181.24 0.0125 22
5730.8 0.015 22
29712.7 0.0175 22
45940.8 0.02 22
69788.6 0.0225 22
88009 0.025 22
133078 0.0275 22
166111 0.03 22
188821 0.0325 22
212584 0.035 22
228065 0.0375 22
256483 0.04 22
297283 0.0425 22
341759 0.045 22
376907 0.0475 22
393031 0.05 22
389396 0.0525 22
374167 0.055 22
358873 0.0575 22
351500 0.06 22
353101 0.0625 22
359983 0.065 22
369182 0.0675 22
382557 0.07 22
406193 0.0725 22
445803 0.075 22
502175 0.0775 22
570584 0.08 22
644540 0.0825 22
720182 0.085 22
796639 0.0875 22
870967 0.09 22
931403 0.0925 22
955546 0.095 22
917657 0.0975 22
802852 0.1 22
619941 0.1025 22
403821 0.105 22
203935 0.1075 22
63951.2 0.11 22
3645.89 0.1125 22
12942.2 0.115 22
60667.8 0.1175 22
111950 0.12 22
144182 0.1225 22
152178 0.125 22
144783 0.1275 22
141442 0.13 22
142638 0.1325 22
163533 0.135 22
205439 0.1375 22
0 0.0025 23
0 0.005 23
0 0.0075 23
0 0.01 23
0 0.0125 23
0 0.015 23
0 0.0175 23
0 0.02 23
0 0.0225 23
0 0.025 23
0 0.0275 23
0 0.03 23
0 0.0325 23
0 0.035 23
1164.4 0.0375 23
5970.16 0.04 23
4607.73 0.0425 23
13959.9 0.045 23
42912.2 0.0475 23
54097.3 0.05 23
112916 0.0525 23
163517 0.055 23
225480 0.0575 23
202574 0.06 23
299990 0.0625 23
419318 0.065 23
397843 0.0675 23
428375 0.07 23
395289 0.0725 23
327353 0.075 23
271773 0.0775 23
193273 0.08 23
134792 0.0825 23
60185 0.085 23
22512.7 0.0875 23
23057.6 0.09 23
53755.3 0.0925 23
109719 0.095 23
167094 0.0975 23
283432 0.1 23
379172 0.1025 23
