2.05578e+07 0.085 0
1.24186e+07 0.0875 0
4.57948e+06 0.09 0
399468 0.0925 0
560370 0.095 0
3.21136e+06 0.0975 0
5.57857e+06 0.1 0
5.8177e+06 0.1025 0
3.94471e+06 0.105 0
1.44612e+06 0.1075 0
51500.4 0.11 0
577724 0.1125 0
2.54353e+06 0.115 0
4.64974e+06 0.1175 0
5.67272e+06 0.12 0
5.15482e+06 0.1225 0
3.52088e+06 0.125 0
1.67053e+06 0.1275 0
396204 0.13 0
28.5827 0.1325 0
279524 0.135 0
777665 0.1375 0
1.10754e+06 0.14 0
1.13523e+06 0.1425 0
945612 0.145 0
664575 0.1475 0
405086 0.15 0
260567 0.1525 0
269935 0.155 0
329724 0.1575 0
429709 0.16 0
619627 0.1625 0
791420 0.165 0
960463 0.1675 0
1.09912e+06 0.17 0
1.08719e+06 0.1725 0
1.03816e+06 0.175 0
760976 0.1775 0
476390 0.18 0
243441 0.1825 0
68022 0.185 0
78961.2 0.1875 0
170303 0.19 0
322462 0.1925 0
534383 0.195 0
769115 0.1975 0
962329 0.2 0
1.13446e+06 0.2025 0
1.29934e+06 0.205 0
1.41173e+06 0.2075 0
1.36423e+06 0.21 0
1.30486e+06 0.2125 0
1.2171e+06 0.215 0
1.03655e+06 0.2175 0
742538 0.22 0
538662 0.2225 0
370877 0.225 0
307766 0.2275 0
328551 0.23 0
391475 0.2325 0
425029 0.235 0
474653 0.2375 0
471917 0.24 0
458769 0.2425 0
379457 0.245 0
269773 0.2475 0
195177 0.25 0
136333 0.2525 0
181707 0.255 0
280212 0.2575 0
385057 0.26 0
409480 0.2625 0
460969 0.265 0
391929 0.2675 0
331986 0.27 0
196759 0.2725 0
99600 0.275 0
29287.4 0.2775 0
3731.02 0.28 0
20242.6 0.2825 0
55609.7 0.285 0
97469.7 0.2875 0
124132 0.29 0
98363 0.2925 0
68130.5 0.295 0
37220.1 0.2975 0
18538.2 0.3 0
12139.3 0.3025 0
25631.5 0.305 0
53931.6 0.3075 0
77228.2 0.31 0
119731 0.3125 0
168379 0.315 0
1.15594e+07 0.0825 1
7.20093e+06 0.085 1
4.18739e+06 0.0875 1
4.30515e+06 0.09 1
7.21264e+06 0.0925 1
1.08801e+07 0.095 1
1.29884e+07 0.0975 1
1.23145e+07 0.1 1
9.28013e+06 0.1025 1
5.46693e+06 0.105 1
2.54695e+06 0.1075 1
1.35526e+06 0.11 1
1.62062e+06 0.1125 1
2.38337e+06 0.115 1
2.72577e+06 0.1175 1
2.30319e+06 0.12 1
1.41526e+06 0.1225 1
651826 0.125 1
486350 0.1275 1
949004 0.13 1
1.64352e+06 0.1325 1
2.05852e+06 0.135 1
2.03597e+06 0.1375 1
1.5675e+06 0.14 1
937857 0.1425 1
403204 0.145 1
188167 0.1475 1
202538 0.15 1
298611 0.1525 1
345507 0.155 1
336102 0.1575 1
255059 0.16 1
195829 0.1625 1
164831 0.165 1
258125 0.1675 1
508312 0.17 1
740210 0.1725 1
962551 0.175 1
1.19023e+06 0.1775 1
1.44826e+06 0.18 1
1.56053e+06 0.1825 1
1.49524e+06 0.185 1
1.42279e+06 0.1875 1
1.22952e+06 0.19 1
906485 0.1925 1
654941 0.195 1
374460 0.1975 1
247174 0.2 1
254429 0.2025 1
285333 0.205 1
378398 0.2075 1
515349 0.21 1
574366 0.2125 1
543778 0.215 1
527536 0.2175 1
526109 0.22 1
544938 0.2225 1
649267 0.225 1
792519 0.2275 1
975191 0.23 1
1.02953e+06 0.2325 1
1.05316e+06 0.235 1
931877 0.2375 1
755929 0.24 1
506046 0.2425 1
291641 0.245 1
151437 0.2475 1
164983 0.25 1
341874 0.2525 1
565793 0.255 1
806616 0.2575 1
1.01787e+06 0.26 1
1.09088e+06 0.2625 1
1.04785e+06 0.265 1
961915 0.2675 1
755659 0.27 1
564531 0.2725 1
396492 0.275 1
291375 0.2775 1
202035 0.28 1
125465 0.2825 1
92834.3 0.285 1
92793.5 0.2875 1
133084 0.29 1
202151 0.2925 1
305397 0.295 1
384445 0.2975 1
423344 0.3 1
414974 0.3025 1
413165 0.305 1
339962 0.3075 1
297616 0.31 1
292552 0.3125 1
315441 0.315 1
1.95896e+07 0.08 2
1.88777e+07 0.0825 2
2.11828e+07 0.085 2
2.30101e+07 0.0875 2
2.20459e+07 0.09 2
1.85714e+07 0.0925 2
1.35747e+07 0.095 2
8.08377e+06 0.0975 2
3.90839e+06 0.1 2
1.76388e+06 0.1025 2
1.19987e+06 0.105 2
1.32284e+06 0.1075 2
1.37394e+06 0.11 2
1.03017e+06 0.1125 2
545078 0.115 2
236158 0.1175 2
318459 0.12 2
827588 0.1225 2
1.49774e+06 0.125 2
2.00063e+06 0.1275 2
2.11447e+06 0.13 2
1.85436e+06 0.1325 2
1.39032e+06 0.135 2
1.07474e+06 0.1375 2
1.14436e+06 0.14 2
1.6281e+06 0.1425 2
2.25082e+06 0.145 2
3.01257e+06 0.1475 2
3.4492e+06 0.15 2
3.55753e+06 0.1525 2
3.39386e+06 0.155 2
2.92117e+06 0.1575 2
2.19953e+06 0.16 2
1.48284e+06 0.1625 2
976422 0.165 2
595818 0.1675 2
550081 0.17 2
545150 0.1725 2
617121 0.175 2
772696 0.1775 2
908026 0.18 2
861106 0.1825 2
678113 0.185 2
443790 0.1875 2
259047 0.19 2
224669 0.1925 2
347787 0.195 2
712106 0.1975 2
1.15988e+06 0.2 2
1.72268e+06 0.2025 2
2.16573e+06 0.205 2
2.36569e+06 0.2075 2
2.30557e+06 0.21 2
1.97232e+06 0.2125 2
1.52612e+06 0.215 2
1.19511e+06 0.2175 2
759997 0.22 2
529644 0.2225 2
420023 0.225 2
415664 0.2275 2
504028 0.23 2
667956 0.2325 2
801486 0.235 2
940184 0.2375 2
1.0773e+06 0.24 2
1.17964e+06 0.2425 2
1.24881e+06 0.245 2
1.28118e+06 0.2475 2
1.16218e+06 0.25 2
943606 0.2525 2
756873 0.255 2
559724 0.2575 2
385511 0.26 2
342937 0.2625 2
324178 0.265 2
412672 0.2675 2
539093 0.27 2
691005 0.2725 2
755479 0.275 2
773682 0.2775 2
726699 0.28 2
702556 0.2825 2
702529 0.285 2
726706 0.2875 2
752626 0.29 2
707057 0.2925 2
642316 0.295 2
548897 0.2975 2
468201 0.3 2
460825 0.3025 2
485677 0.305 2
530583 0.3075 2
558452 0.31 2
575372 0.3125 2
536758 0.315 2
2.08506e+07 0.075 3
2.75991e+07 0.0775 3
3.27332e+07 0.08 3
3.69617e+07 0.0825 3
3.98347e+07 0.085 3
4.0243e+07 0.0875 3
3.86732e+07 0.09 3
3.41759e+07 0.0925 3
2.89491e+07 0.095 3
2.23197e+07 0.0975 3
1.63804e+07 0.1 3
1.20235e+07 0.1025 3
9.31318e+06 0.105 3
7.99631e+06 0.1075 3
7.5312e+06 0.11 3
7.80694e+06 0.1125 3
8.32148e+06 0.115 3
8.25308e+06 0.1175 3
7.86141e+06 0.12 3
7.35404e+06 0.1225 3
6.32018e+06 0.125 3
5.21452e+06 0.1275 3
4.50508e+06 0.13 3
3.5419e+06 0.1325 3
2.87222e+06 0.135 3
2.3178e+06 0.1375 3
1.86107e+06 0.14 3
1.52442e+06 0.1425 3
1.30587e+06 0.145 3
1.16777e+06 0.1475 3
1.02563e+06 0.15 3
771953 0.1525 3
500395 0.155 3
256036 0.1575 3
155202 0.16 3
290066 0.1625 3
706395 0.165 3
1.39934e+06 0.1675 3
2.11273e+06 0.17 3
2.76472e+06 0.1725 3
3.10685e+06 0.175 3
3.19271e+06 0.1775 3
2.80891e+06 0.18 3
2.13288e+06 0.1825 3
1.37535e+06 0.185 3
809918 0.1875 3
507309 0.19 3
473666 0.1925 3
594196 0.195 3
768830 0.1975 3
878923 0.2 3
808203 0.2025 3
699361 0.205 3
555402 0.2075 3
406465 0.21 3
404345 0.2125 3
464444 0.215 3
647395 0.2175 3
815655 0.22 3
1.05799e+06 0.2225 3
1.24666e+06 0.225 3
1.42652e+06 0.2275 3
1.4802e+06 0.23 3
1.49496e+06 0.2325 3
1.32414e+06 0.235 3
1.10155e+06 0.2375 3
827573 0.24 3
603977 0.2425 3
437257 0.245 3
418571 0.2475 3
544604 0.25 3
778964 0.2525 3
1.02469e+06 0.255 3
1.28527e+06 0.2575 3
1.45096e+06 0.26 3
1.50224e+06 0.2625 3
1.4374e+06 0.265 3
1.29591e+06 0.2675 3
1.13072e+06 0.27 3
994520 0.2725 3
960264 0.275 3
943278 0.2775 3
937263 0.28 3
892983 0.2825 3
863261 0.285 3
830646 0.2875 3
762661 0.29 3
694014 0.2925 3
706763 0.295 3
690995 0.2975 3
689812 0.3 3
630570 0.3025 3
538766 0.305 3
380240 0.3075 3
262956 0.31 3
189807 0.3125 3
202686 0.315 3
234131 0.0675 4
327586 0.07 4
401452 0.0725 4
647951 0.075 4
705789 0.0775 4
982311 0.08 4
1.51079e+06 0.0825 4
2.04098e+06 0.085 4
2.77073e+06 0.0875 4
3.96419e+06 0.09 4
4.96225e+06 0.0925 4
6.05709e+06 0.095 4
7.16025e+06 0.0975 4
8.03323e+06 0.1 4
9.00581e+06 0.1025 4
9.50192e+06 0.105 4
9.99729e+06 0.1075 4
1.00184e+07 0.11 4
9.87351e+06 0.1125 4
9.80624e+06 0.115 4
9.49226e+06 0.1175 4
8.9986e+06 0.12 4
7.91462e+06 0.1225 4
6.7706e+06 0.125 4
5.34811e+06 0.1275 4
3.7259e+06 0.13 4
2.72668e+06 0.1325 4
2.10876e+06 0.135 4
1.84559e+06 0.1375 4
2.02567e+06 0.14 4
2.4564e+06 0.1425 4
2.8762e+06 0.145 4
3.02749e+06 0.1475 4
2.91904e+06 0.15 4
2.3672e+06 0.1525 4
1.86293e+06 0.155 4
1.51141e+06 0.1575 4
1.36022e+06 0.16 4
1.29177e+06 0.1625 4
1.35563e+06 0.165 4
1.43704e+06 0.1675 4
1.45321e+06 0.17 4
1.47823e+06 0.1725 4
1.64548e+06 0.175 4
1.90558e+06 0.1775 4
2.13856e+06 0.18 4
2.51106e+06 0.1825 4
2.79291e+06 0.185 4
3.01887e+06 0.1875 4
3.13596e+06 0.19 4
3.04764e+06 0.1925 4
2.79033e+06 0.195 4
2.41964e+06 0.1975 4
1.92817e+06 0.2 4
1.46243e+06 0.2025 4
1.03997e+06 0.205 4
696600 0.2075 4
520116 0.21 4
492973 0.2125 4
620299 0.215 4
836677 0.2175 4
1.00772e+06 0.22 4
1.11681e+06 0.2225 4
1.06878e+06 0.225 4
1.0302e+06 0.2275 4
955565 0.23 4
865763 0.2325 4
823147 0.235 4
785906 0.2375 4
769238 0.24 4
731633 0.2425 4
637532 0.245 4
516505 0.2475 4
415740 0.25 4
371802 0.2525 4
338906 0.255 4
409815 0.2575 4
491539 0.26 4
575049 0.2625 4
626086 0.265 4
658891 0.2675 4
699638 0.27 4
755279 0.2725 4
802682 0.275 4
870165 0.2775 4
920359 0.28 4
942120 0.2825 4
1.0236e+06 0.285 4
1.07194e+06 0.2875 4
1.08431e+06 0.29 4
1.02599e+06 0.2925 4
923479 0.295 4
794952 0.2975 4
687490 0.3 4
596494 0.3025 4
520418 0.305 4
470789 0.3075 4
404387 0.31 4
337067 0.3125 4
2.98549e+06 0.055 5
3.57532e+06 0.0575 5
3.97017e+06 0.06 5
4.28303e+06 0.0625 5
4.37263e+06 0.065 5
4.3275e+06 0.0675 5
4.11347e+06 0.07 5
3.61791e+06 0.0725 5
2.95476e+06 0.075 5
2.20358e+06 0.0775 5
1.70592e+06 0.08 5
1.48541e+06 0.0825 5
1.68893e+06 0.085 5
2.09328e+06 0.0875 5
2.62154e+06 0.09 5
3.00839e+06 0.0925 5
3.23651e+06 0.095 5
3.20189e+06 0.0975 5
2.95865e+06 0.1 5
2.62918e+06 0.1025 5
2.32021e+06 0.105 5
2.09899e+06 0.1075 5
2.00901e+06 0.11 5
1.93868e+06 0.1125 5
1.91238e+06 0.115 5
1.94007e+06 0.1175 5
1.80489e+06 0.12 5
1.53878e+06 0.1225 5
1.49479e+06 0.125 5
1.79975e+06 0.1275 5
1.99162e+06 0.13 5
2.34869e+06 0.1325 5
2.45263e+06 0.135 5
2.40916e+06 0.1375 5
2.30721e+06 0.14 5
2.25033e+06 0.1425 5
2.07567e+06 0.145 5
1.96912e+06 0.1475 5
1.84587e+06 0.15 5
1.67766e+06 0.1525 5
1.387e+06 0.155 5
1.04287e+06 0.1575 5
853865 0.16 5
676460 0.1625 5
634695 0.165 5
752151 0.1675 5
905870 0.17 5
1.09324e+06 0.1725 5
1.18766e+06 0.175 5
1.16203e+06 0.1775 5
1.06323e+06 0.18 5
916709 0.1825 5
861976 0.185 5
730821 0.1875 5
646593 0.19 5
616481 0.1925 5
505623 0.195 5
427977 0.1975 5
323957 0.2 5
316938 0.2025 5
304773 0.205 5
333636 0.2075 5
429335 0.21 5
549766 0.2125 5
767916 0.215 5
1.0556e+06 0.2175 5
1.36136e+06 0.22 5
1.67943e+06 0.2225 5
1.87008e+06 0.225 5
1.83978e+06 0.2275 5
1.61388e+06 0.23 5
1.24289e+06 0.2325 5
820097 0.235 5
435657 0.2375 5
192400 0.24 5
128923 0.2425 5
187003 0.245 5
326729 0.2475 5
431982 0.25 5
506277 0.2525 5
540832 0.255 5
518966 0.2575 5
486828 0.26 5
451893 0.2625 5
435741 0.265 5
375447 0.2675 5
322644 0.27 5
244558 0.2725 5
197931 0.275 5
187129 0.2775 5
265341 0.28 5
379144 0.2825 5
522130 0.285 5
627882 0.2875 5
689446 0.29 5
661467 0.2925 5
584486 0.295 5
499272 0.2975 5
383817 0.3 5
321570 0.3025 5
348750 0.305 5
374714 0.3075 5
356538 0.31 5
7.78622e+06 0.035 6
7.75662e+06 0.0375 6
7.51994e+06 0.04 6
6.97873e+06 0.0425 6
6.03727e+06 0.045 6
4.7012e+06 0.0475 6
3.13689e+06 0.05 6
1.64378e+06 0.0525 6
543453 0.055 6
39901 0.0575 6
126550 0.06 6
591941 0.0625 6
1.12207e+06 0.065 6
1.44448e+06 0.0675 6
1.43877e+06 0.07 6
1.16053e+06 0.0725 6
776815 0.075 6
458858 0.0775 6
295255 0.08 6
269010 0.0825 6
299265 0.085 6
311321 0.0875 6
287521 0.09 6
270236 0.0925 6
321583 0.095 6
470713 0.0975 6
683824 0.1 6
874837 0.1025 6
949052 0.105 6
854210 0.1075 6
611928 0.11 6
315328 0.1125 6
96145.8 0.115 6
79234.8 0.1175 6
330056 0.12 6
853635 0.1225 6
1.5352e+06 0.125 6
2.22117e+06 0.1275 6
2.73772e+06 0.13 6
2.98144e+06 0.1325 6
2.83714e+06 0.135 6
2.3649e+06 0.1375 6
1.72414e+06 0.14 6
1.05586e+06 0.1425 6
583087 0.145 6
405481 0.1475 6
440953 0.15 6
708047 0.1525 6
1.06034e+06 0.155 6
1.30493e+06 0.1575 6
1.34836e+06 0.16 6
1.26917e+06 0.1625 6
1.08398e+06 0.165 6
883370 0.1675 6
873460 0.17 6
865256 0.1725 6
878078 0.175 6
983880 0.1775 6
1.08935e+06 0.18 6
956760 0.1825 6
759391 0.185 6
537966 0.1875 6
287086 0.19 6
133482 0.1925 6
115873 0.195 6
285662 0.1975 6
591301 0.2 6
836586 0.2025 6
1.01317e+06 0.205 6
923595 0.2075 6
744250 0.21 6
479082 0.2125 6
227983 0.215 6
77206.4 0.2175 6
78442.8 0.22 6
275976 0.2225 6
560965 0.225 6
852113 0.2275 6
1.03218e+06 0.23 6
1.14409e+06 0.2325 6
1.1253e+06 0.235 6
986565 0.2375 6
841597 0.24 6
716047 0.2425 6
734059 0.245 6
825073 0.2475 6
1.03913e+06 0.25 6
1.22453e+06 0.2525 6
1.36797e+06 0.255 6
1.42604e+06 0.2575 6
1.38547e+06 0.26 6
1.17808e+06 0.2625 6
918991 0.265 6
676266 0.2675 6
469268 0.27 6
341024 0.2725 6
261609 0.275 6
218857 0.2775 6
248830 0.28 6
269880 0.2825 6
291992 0.285 6
308504 0.2875 6
314893 0.29 6
336533 0.2925 6
318021 0.295 6
268794 0.2975 6
228003 0.3 6
163884 0.3025 6
107528 0.305 6
83446.4 0.3075 6
2.05697e+06 0.0125 7
1.62064e+06 0.015 7
1.40101e+06 0.0175 7
1.85172e+06 0.02 7
3.10729e+06 0.0225 7
4.87888e+06 0.025 7
6.58417e+06 0.0275 7
7.63782e+06 0.03 7
7.73857e+06 0.0325 7
6.99546e+06 0.035 7
5.83187e+06 0.0375 7
4.73482e+06 0.04 7
4.00049e+06 0.0425 7
3.62e+06 0.045 7
3.35829e+06 0.0475 7
2.96217e+06 0.05 7
2.36051e+06 0.0525 7
1.73155e+06 0.055 7
1.39907e+06 0.0575 7
1.62435e+06 0.06 7
2.42278e+06 0.0625 7
3.51673e+06 0.065 7
4.45373e+06 0.0675 7
4.82343e+06 0.07 7
4.453e+06 0.0725 7
3.478e+06 0.075 7
2.25931e+06 0.0775 7
1.20078e+06 0.08 7
569039 0.0825 7
404388 0.085 7
553205 0.0875 7
785176 0.09 7
921179 0.0925 7
905201 0.095 7
795430 0.0975 7
697035 0.1 7
685390 0.1025 7
763434 0.105 7
869275 0.1075 7
919742 0.11 7
859342 0.1125 7
687559 0.115 7
454330 0.1175 7
231725 0.12 7
79798.4 0.1225 7
23380.4 0.125 7
48324 0.1275 7
122755 0.13 7
192724 0.1325 7
227301 0.135 7
218534 0.1375 7
197800 0.14 7
166109 0.1425 7
225274 0.145 7
212160 0.1475 7
166631 0.15 7
226395 0.1525 7
283593 0.155 7
227757 0.1575 7
229782 0.16 7
214018 0.1625 7
181826 0.165 7
209357 0.1675 7
286142 0.17 7
373770 0.1725 7
513199 0.175 7
635972 0.1775 7
720350 0.18 7
676119 0.1825 7
559476 0.185 7
387998 0.1875 7
243837 0.19 7
176192 0.1925 7
310753 0.195 7
615437 0.1975 7
1.04848e+06 0.2 7
1.42045e+06 0.2025 7
1.80666e+06 0.205 7
1.9388e+06 0.2075 7
1.99345e+06 0.21 7
1.78881e+06 0.2125 7
1.64596e+06 0.215 7
1.35653e+06 0.2175 7
1.30004e+06 0.22 7
1.18885e+06 0.2225 7
1.17433e+06 0.225 7
1.09505e+06 0.2275 7
874230 0.23 7
690013 0.2325 7
531142 0.235 7
453336 0.2375 7
480093 0.24 7
479435 0.2425 7
633574 0.245 7
762016 0.2475 7
910451 0.25 7
953043 0.2525 7
903313 0.255 7
886077 0.2575 7
731220 0.26 7
663359 0.2625 7
437428 0.265 7
248128 0.2675 7
116063 0.27 7
54285.8 0.2725 7
83200.6 0.275 7
208657 0.2775 7
386572 0.28 7
634524 0.2825 7
799033 0.285 7
893181 0.2875 7
991860 0.29 7
935956 0.2925 7
848687 0.295 7
732457 0.2975 7
618538 0.3 7
575789 0.3025 7
563146 0.305 7
0 0.01 8
0 0.0125 8
0 0.015 8
3310.81 0.0175 8
37320.6 0.02 8
113668 0.0225 8
198467 0.025 8
397700 0.0275 8
671896 0.03 8
938225 0.0325 8
1.20538e+06 0.035 8
1.43405e+06 0.0375 8
1.45947e+06 0.04 8
1.22551e+06 0.0425 8
959073 0.045 8
541035 0.0475 8
201487 0.05 8
20587.9 0.0525 8
41460.7 0.055 8
211776 0.0575 8
414293 0.06 8
526421 0.0625 8
481736 0.065 8
306068 0.0675 8
105952 0.07 8
13184.4 0.0725 8
113403 0.075 8
396604 0.0775 8
756928 0.08 8
1.0429e+06 0.0825 8
1.13198e+06 0.085 8
990164 0.0875 8
685664 0.09 8
351320 0.0925 8
117617 0.095 8
52839.5 0.0975 8
140367 0.1 8
300757 0.1025 8
441525 0.105 8
512597 0.1075 8
497963 0.11 8
451943 0.1125 8
444993 0.115 8
442318 0.1175 8
458231 0.12 8
506853 0.1225 8
424952 0.125 8
348038 0.1275 8
293766 0.13 8
250105 0.1325 8
209558 0.135 8
149398 0.1375 8
282001 0.14 8
294728 0.1425 8
305717 0.145 8
338038 0.1475 8
353972 0.15 8
325004 0.1525 8
323961 0.155 8
310241 0.1575 8
266930 0.16 8
192691 0.1625 8
149460 0.165 8
69436.9 0.1675 8
75232 0.17 8
196347 0.1725 8
493195 0.175 8
769829 0.1775 8
1.10243e+06 0.18 8
1.3229e+06 0.1825 8
1.46837e+06 0.185 8
1.35669e+06 0.1875 8
1.15935e+06 0.19 8
863556 0.1925 8
546226 0.195 8
392600 0.1975 8
340483 0.2 8
463165 0.2025 8
657994 0.205 8
863201 0.2075 8
1.19485e+06 0.21 8
1.40158e+06 0.2125 8
1.55824e+06 0.215 8
1.56351e+06 0.2175 8
1.66237e+06 0.22 8
1.5447e+06 0.2225 8
1.42325e+06 0.225 8
1.1583e+06 0.2275 8
823445 0.23 8
587716 0.2325 8
393954 0.235 8
424297 0.2375 8
645510 0.24 8
912454 0.2425 8
1.1997e+06 0.245 8
1.49767e+06 0.2475 8
1.61526e+06 0.25 8
1.57161e+06 0.2525 8
1.37876e+06 0.255 8
1.11861e+06 0.2575 8
896759 0.26 8
730889 0.2625 8
572603 0.265 8
446040 0.2675 8
393205 0.27 8
477559 0.2725 8
586355 0.275 8
701638 0.2775 8
814062 0.28 8
902382 0.2825 8
890632 0.285 8
809874 0.2875 8
719030 0.29 8
567191 0.2925 8
475002 0.295 8
374084 0.2975 8
0 0.01 9
0 0.0125 9
0 0.015 9
0 0.0175 9
0 0.02 9
0 0.0225 9
0 0.025 9
0 0.0275 9
0 0.03 9
0 0.0325 9
0 0.035 9
3033.78 0.0375 9
2719.06 0.04 9
4611.82 0.0425 9
10366.3 0.045 9
36209.9 0.0475 9
40764.9 0.05 9
83756.3 0.0525 9
125454 0.055 9
205669 0.0575 9
239771 0.06 9
332167 0.0625 9
427351 0.065 9
593241 0.0675 9
647630 0.07 9
499135 0.0725 9
294199 0.075 9
170385 0.0775 9
77737.6 0.08 9
19144.4 0.0825 9
21159.2 0.085 9
88612.6 0.0875 9
188048 0.09 9
367258 0.0925 9
513510 0.095 9
686306 0.0975 9
570089 0.1 9
544561 0.1025 9
639247 0.105 9
668016 0.1075 9
647897 0.11 9
888826 0.1125 9
1.0717e+06 0.115 9
1.39746e+06 0.1175 9
1.74325e+06 0.12 9
2.10894e+06 0.1225 9
2.49233e+06 0.125 9
2.68113e+06 0.1275 9
2.78958e+06 0.13 9
2.77099e+06 0.1325 9
2.41148e+06 0.135 9
1.83917e+06 0.1375 9
1.26609e+06 0.14 9
751460 0.1425 9
413635 0.145 9
304082 0.1475 9
455531 0.15 9
700329 0.1525 9
989177 0.155 9
1.25074e+06 0.1575 9
1.44933e+06 0.16 9
1.44475e+06 0.1625 9
1.32109e+06 0.165 9
1.09584e+06 0.1675 9
853431 0.17 9
757698 0.1725 9
740807 0.175 9
801458 0.1775 9
1.02242e+06 0.18 9
1.19988e+06 0.1825 9
1.26786e+06 0.185 9
1.22863e+06 0.1875 9
1.06405e+06 0.19 9
738895 0.1925 9
521380 0.195 9
392068 0.1975 9
397586 0.2 9
557740 0.2025 9
822396 0.205 9
1.12673e+06 0.2075 9
1.4752e+06 0.21 9
1.8809e+06 0.2125 9
2.14429e+06 0.215 9
2.39627e+06 0.2175 9
2.38631e+06 0.22 9
2.32342e+06 0.2225 9
2.13314e+06 0.225 9
1.81136e+06 0.2275 9
1.47387e+06 0.23 9
1.15832e+06 0.2325 9
811577 0.235 9
565247 0.2375 9
377622 0.24 9
233926 0.2425 9
135704 0.245 9
73467.5 0.2475 9
35145 0.25 9
44281.7 0.2525 9
100097 0.255 9
211603 0.2575 9
340758 0.26 9
540537 0.2625 9
794515 0.265 9
1.0246e+06 0.2675 9
1.30179e+06 0.27 9
1.50738e+06 0.2725 9
1.60651e+06 0.275 9
1.6168e+06 0.2775 9
1.57439e+06 0.28 9
1.38797e+06 0.2825 9
1.13227e+06 0.285 9
828742 0.2875 9
606490 0.29 9
470395 0.2925 9
0 0.01 10
0 0.0125 10
0 0.015 10
0 0.0175 10
0 0.02 10
0 0.0225 10
0 0.025 10
0 0.0275 10
0 0.03 10
0 0.0325 10
0 0.035 10
0 0.0375 10
0 0.04 10
0 0.0425 10
0 0.045 10
0 0.0475 10
0 0.05 10
0 0.0525 10
0 0.055 10
0 0.0575 10
8222.65 0.06 10
14340.6 0.0625 10
24884.5 0.065 10
23837.7 0.0675 10
80495.9 0.07 10
208038 0.0725 10
168001 0.075 10
287944 0.0775 10
427887 0.08 10
436772 0.0825 10
628443 0.085 10
690469 0.0875 10
905981 0.09 10
980059 0.0925 10
1.11159e+06 0.095 10
1.12172e+06 0.0975 10
1.22739e+06 0.1 10
1.15771e+06 0.1025 10
1.07178e+06 0.105 10
982104 0.1075 10
927935 0.11 10
755659 0.1125 10
581049 0.115 10
450958 0.1175 10
365850 0.12 10
270592 0.1225 10
278817 0.125 10
336141 0.1275 10
442472 0.13 10
466726 0.1325 10
425540 0.135 10
426304 0.1375 10
401742 0.14 10
327627 0.1425 10
298480 0.145 10
419246 0.1475 10
734917 0.15 10
1.22245e+06 0.1525 10
1.84344e+06 0.155 10
2.46992e+06 0.1575 10
3.24829e+06 0.16 10
3.87449e+06 0.1625 10
4.30458e+06 0.165 10
4.54494e+06 0.1675 10
4.53624e+06 0.17 10
4.3977e+06 0.1725 10
4.13789e+06 0.175 10
3.74342e+06 0.1775 10
3.19598e+06 0.18 10
2.59376e+06 0.1825 10
1.90749e+06 0.185 10
1.25079e+06 0.1875 10
690638 0.19 10
283761 0.1925 10
124455 0.195 10
138707 0.1975 10
250970 0.2 10
416229 0.2025 10
557100 0.205 10
613406 0.2075 10
598587 0.21 10
527640 0.2125 10
448669 0.215 10
379012 0.2175 10
354593 0.22 10
371195 0.2225 10
397750 0.225 10
431967 0.2275 10
457056 0.23 10
456205 0.2325 10
475810 0.235 10
477429 0.2375 10
500399 0.24 10
506288 0.2425 10
562285 0.245 10
668738 0.2475 10
763442 0.25 10
893056 0.2525 10
973879 0.255 10
1.09273e+06 0.2575 10
1.11224e+06 0.26 10
1.01662e+06 0.2625 10
887657 0.265 10
704478 0.2675 10
544253 0.27 10
398098 0.2725 10
258574 0.275 10
172201 0.2775 10
121538 0.28 10
139535 0.2825 10
255726 0.285 10
421215 0.2875 10
0 0.01 11
0 0.0125 11
0 0.015 11
0 0.0175 11
0 0.02 11
0 0.0225 11
0 0.025 11
0 0.0275 11
0 0.03 11
0 0.0325 11
0 0.035 11
0 0.0375 11
0 0.04 11
326.831 0.0425 11
3334.39 0.045 11
24923.1 0.0475 11
84413.8 0.05 11
133423 0.0525 11
177600 0.055 11
262205 0.0575 11
426328 0.06 11
536791 0.0625 11
666760 0.065 11
886296 0.0675 11
956162 0.07 11
984808 0.0725 11
900902 0.075 11
791582 0.0775 11
703795 0.08 11
492334 0.0825 11
513067 0.085 11
463442 0.0875 11
532995 0.09 11
474177 0.0925 11
520338 0.095 11
486321 0.0975 11
487173 0.1 11
430357 0.1025 11
480254 0.105 11
571223 0.1075 11
527473 0.11 11
486034 0.1125 11
528431 0.115 11
604574 0.1175 11
755073 0.12 11
1.01408e+06 0.1225 11
1.45568e+06 0.125 11
1.93507e+06 0.1275 11
2.50919e+06 0.13 11
2.93106e+06 0.1325 11
3.19044e+06 0.135 11
3.16387e+06 0.1375 11
2.87265e+06 0.14 11
2.46482e+06 0.1425 11
2.10844e+06 0.145 11
1.85758e+06 0.1475 11
1.79105e+06 0.15 11
1.89903e+06 0.1525 11
2.05722e+06 0.155 11
2.18092e+06 0.1575 11
2.17092e+06 0.16 11
2.05351e+06 0.1625 11
1.78056e+06 0.165 11
1.42322e+06 0.1675 11
1.05812e+06 0.17 11
732906 0.1725 11
473012 0.175 11
298689 0.1775 11
149340 0.18 11
72739.8 0.1825 11
47837 0.185 11
78029.3 0.1875 11
160687 0.19 11
281031 0.1925 11
455147 0.195 11
649546 0.1975 11
852468 0.2 11
1.03996e+06 0.2025 11
1.22007e+06 0.205 11
1.37795e+06 0.2075 11
1.47061e+06 0.21 11
1.50806e+06 0.2125 11
1.52391e+06 0.215 11
1.44626e+06 0.2175 11
1.32069e+06 0.22 11
1.11941e+06 0.2225 11
886759 0.225 11
740529 0.2275 11
598806 0.23 11
560519 0.2325 11
512202 0.235 11
471759 0.2375 11
377730 0.24 11
359053 0.2425 11
367897 0.245 11
336591 0.2475 11
347069 0.25 11
337310 0.2525 11
323612 0.255 11
291627 0.2575 11
293528 0.26 11
300476 0.2625 11
336597 0.265 11
371791 0.2675 11
397847 0.27 11
406939 0.2725 11
328438 0.275 11
270986 0.2775 11
195938 0.28 11
140595 0.2825 11
0 0.01 12
0 0.0125 12
0 0.015 12
0 0.0175 12
0 0.02 12
1620.64 0.0225 12
33535.5 0.025 12
37206.1 0.0275 12
79862.1 0.03 12
118822 0.0325 12
252717 0.035 12
330063 0.0375 12
414432 0.04 12
360484 0.0425 12
274754 0.045 12
185874 0.0475 12
113274 0.05 12
122818 0.0525 12
209290 0.055 12
386004 0.0575 12
600773 0.06 12
757194 0.0625 12
850254 0.065 12
774504 0.0675 12
662972 0.07 12
459566 0.0725 12
273686 0.075 12
165804 0.0775 12
163683 0.08 12
256694 0.0825 12
410862 0.085 12
590941 0.0875 12
774558 0.09 12
950139 0.0925 12
1.10268e+06 0.095 12
1.2014e+06 0.0975 12
1.20355e+06 0.1 12
1.08452e+06 0.1025 12
856722 0.105 12
604425 0.1075 12
485381 0.11 12
656093 0.1125 12
1.11708e+06 0.115 12
1.92711e+06 0.1175 12
3.01437e+06 0.12 12
4.02812e+06 0.1225 12
4.87496e+06 0.125 12
5.06982e+06 0.1275 12
4.8678e+06 0.13 12
4.39845e+06 0.1325 12
3.71562e+06 0.135 12
2.95454e+06 0.1375 12
2.22168e+06 0.14 12
1.67961e+06 0.1425 12
1.34821e+06 0.145 12
1.16856e+06 0.1475 12
951641 0.15 12
746187 0.1525 12
583252 0.155 12
545329 0.1575 12
477430 0.16 12
518225 0.1625 12
523006 0.165 12
505668 0.1675 12
480328 0.17 12
371510 0.1725 12
338074 0.175 12
336749 0.1775 12
393574 0.18 12
497671 0.1825 12
615878 0.185 12
728269 0.1875 12
806337 0.19 12
824352 0.1925 12
924345 0.195 12
1.01045e+06 0.1975 12
1.03999e+06 0.2 12
1.09382e+06 0.2025 12
1.29582e+06 0.205 12
1.36486e+06 0.2075 12
1.43553e+06 0.21 12
1.30879e+06 0.2125 12
1.25072e+06 0.215 12
1.11466e+06 0.2175 12
935311 0.22 12
770623 0.2225 12
623126 0.225 12
453840 0.2275 12
363456 0.23 12
347996 0.2325 12
436729 0.235 12
543173 0.2375 12
681524 0.24 12
724912 0.2425 12
767529 0.245 12
701739 0.2475 12
573979 0.25 12
428652 0.2525 12
289260 0.255 12
174040 0.2575 12
107195 0.26 12
89746.1 0.2625 12
115203 0.265 12
165866 0.2675 12
193086 0.27 12
190326 0.2725 12
206792 0.275 12
62283.7 0.01 13
96493.3 0.0125 13
107241 0.015 13
82221 0.0175 13
34818.7 0.02 13
2657.39 0.0225 13
26542.9 0.025 13
121837 0.0275 13
262069 0.03 13
388455 0.0325 13
442084 0.035 13
399227 0.0375 13
286359 0.04 13
163858 0.0425 13
88210.8 0.045 13
77744.6 0.0475 13
105367 0.05 13
123637 0.0525 13
104705 0.055 13
66043.7 0.0575 13
61453.4 0.06 13
140705 0.0625 13
304714 0.065 13
489582 0.0675 13
596262 0.07 13
552538 0.0725 13
369667 0.075 13
154534 0.0775 13
62379.5 0.08 13
211533 0.0825 13
607703 0.085 13
1.12411e+06 0.0875 13
1.55423e+06 0.09 13
1.71259e+06 0.0925 13
1.53042e+06 0.095 13
1.09381e+06 0.0975 13
602982 0.1 13
274089 0.1025 13
235573 0.105 13
472603 0.1075 13
845253 0.11 13
1.16602e+06 0.1125 13
1.29241e+06 0.115 13
1.18656e+06 0.1175 13
915935 0.12 13
603878 0.1225 13
363354 0.125 13
237635 0.1275 13
209586 0.13 13
238701 0.1325 13
337773 0.135 13
386635 0.1375 13
368539 0.14 13
462304 0.1425 13
620100 0.145 13
812691 0.1475 13
1.06498e+06 0.15 13
1.05666e+06 0.1525 13
1.11977e+06 0.155 13
1.12067e+06 0.1575 13
1.13016e+06 0.16 13
1.07875e+06 0.1625 13
1.06175e+06 0.165 13
948980 0.1675 13
815230 0.17 13
673471 0.1725 13
553569 0.175 13
507832 0.1775 13
618625 0.18 13
786582 0.1825 13
822357 0.185 13
1.00128e+06 0.1875 13
1.21251e+06 0.19 13
1.16543e+06 0.1925 13
1.05304e+06 0.195 13
886717 0.1975 13
622966 0.2 13
409333 0.2025 13
292420 0.205 13
229131 0.2075 13
253115 0.21 13
313174 0.2125 13
467260 0.215 13
646863 0.2175 13
807410 0.22 13
935623 0.2225 13
983487 0.225 13
991786 0.2275 13
892903 0.23 13
687344 0.2325 13
607548 0.235 13
521277 0.2375 13
501978 0.24 13
565866 0.2425 13
669662 0.245 13
788450 0.2475 13
902481 0.25 13
977703 0.2525 13
944757 0.255 13
921050 0.2575 13
835864 0.26 13
768993 0.2625 13
693893 0.265 13
621342 0.2675 13
286354 0.02 14
495864 0.0225 14
754654 0.025 14
1.00001e+06 0.0275 14
1.1438e+06 0.03 14
1.11098e+06 0.0325 14
884686 0.035 14
531806 0.0375 14
188544 0.04 14
6730.99 0.0425 14
85715.9 0.045 14
427102 0.0475 14
939955 0.05 14
1.49601e+06 0.0525 14
2.0036e+06 0.055 14
2.45502e+06 0.0575 14
2.91537e+06 0.06 14
3.45587e+06 0.0625 14
4.07134e+06 0.065 14
4.63605e+06 0.0675 14
4.93534e+06 0.07 14
4.76693e+06 0.0725 14
4.06288e+06 0.075 14
2.96403e+06 0.0775 14
1.79811e+06 0.08 14
961011 0.0825 14
752770 0.085 14
1.24589e+06 0.0875 14
2.25018e+06 0.09 14
3.39082e+06 0.0925 14
4.26151e+06 0.095 14
4.58046e+06 0.0975 14
4.28046e+06 0.1 14
3.50154e+06 0.1025 14
2.50311e+06 0.105 14
1.54701e+06 0.1075 14
807369 0.11 14
339318 0.1125 14
103993 0.115 14
21180.5 0.1175 14
16111.6 0.12 14
41143.6 0.1225 14
75991.6 0.125 14
109007 0.1275 14
155968 0.13 14
201709 0.1325 14
241601 0.135 14
352034 0.1375 14
533324 0.14 14
764399 0.1425 14
1.04123e+06 0.145 14
1.20729e+06 0.1475 14
1.20896e+06 0.15 14
1.0712e+06 0.1525 14
820916 0.155 14
607457 0.1575 14
545405 0.16 14
597868 0.1625 14
746624 0.165 14
1.12392e+06 0.1675 14
1.43004e+06 0.17 14
1.56621e+06 0.1725 14
1.61647e+06 0.175 14
1.42398e+06 0.1775 14
1.12074e+06 0.18 14
921197 0.1825 14
834898 0.185 14
753323 0.1875 14
705100 0.19 14
738881 0.1925 14
756297 0.195 14
675275 0.1975 14
648781 0.2 14
659468 0.2025 14
652319 0.205 14
682178 0.2075 14
673548 0.21 14
662284 0.2125 14
673339 0.215 14
651438 0.2175 14
614943 0.22 14
665276 0.2225 14
579466 0.225 14
509402 0.2275 14
396552 0.23 14
308768 0.2325 14
250026 0.235 14
254424 0.2375 14
284958 0.24 14
357933 0.2425 14
453361 0.245 14
505029 0.2475 14
479895 0.25 14
455433 0.2525 14
398921 0.255 14
338619 0.2575 14
0 0.0125 15
0 0.015 15
0 0.0175 15
0 0.02 15
333.946 0.0225 15
20902.4 0.025 15
76350.7 0.0275 15
192215 0.03 15
265405 0.0325 15
355495 0.035 15
621801 0.0375 15
764055 0.04 15
861678 0.0425 15
819815 0.045 15
889629 0.0475 15
1.04659e+06 0.05 15
1.39119e+06 0.0525 15
1.89091e+06 0.055 15
2.71589e+06 0.0575 15
3.45382e+06 0.06 15
4.56929e+06 0.0625 15
5.61771e+06 0.065 15
6.49208e+06 0.0675 15
7.08e+06 0.07 15
7.26539e+06 0.0725 15
7.12742e+06 0.075 15
6.74483e+06 0.0775 15
6.20777e+06 0.08 15
5.57896e+06 0.0825 15
4.87889e+06 0.085 15
4.10034e+06 0.0875 15
3.24201e+06 0.09 15
2.34029e+06 0.0925 15
1.47868e+06 0.095 15
766869 0.0975 15
298673 0.1 15
113072 0.1025 15
172970 0.105 15
390383 0.1075 15
598517 0.11 15
727751 0.1125 15
682859 0.115 15
589818 0.1175 15
462526 0.12 15
314398 0.1225 15
165722 0.125 15
130624 0.1275 15
113812 0.13 15
169200 0.1325 15
235490 0.135 15
319655 0.1375 15
367309 0.14 15
414887 0.1425 15
432600 0.145 15
352989 0.1475 15
287271 0.15 15
272850 0.1525 15
407629 0.155 15
596765 0.1575 15
935881 0.16 15
1.28798e+06 0.1625 15
1.52934e+06 0.165 15
1.5878e+06 0.1675 15
1.43395e+06 0.17 15
1.11771e+06 0.1725 15
783564 0.175 15
440187 0.1775 15
272071 0.18 15
293886 0.1825 15
446303 0.185 15
682473 0.1875 15
934243 0.19 15
1.11785e+06 0.1925 15
1.27918e+06 0.195 15
1.28476e+06 0.1975 15
1.16671e+06 0.2 15
1.10389e+06 0.2025 15
791373 0.205 15
569071 0.2075 15
408074 0.21 15
312912 0.2125 15
268570 0.215 15
286954 0.2175 15
346046 0.22 15
417706 0.2225 15
481179 0.225 15
573824 0.2275 15
631019 0.23 15
686576 0.2325 15
727707 0.235 15
842506 0.2375 15
936000 0.24 15
964380 0.2425 15
948110 0.245 15
852327 0.2475 15
0 0.0025 16
0 0.005 16
0 0.0075 16
0 0.01 16
0 0.0125 16
0 0.015 16
0 0.0175 16
0 0.02 16
0 0.0225 16
0 0.025 16
0 0.0275 16
0 0.03 16
0 0.0325 16
0 0.035 16
0 0.0375 16
0 0.04 16
253.261 0.0425 16
958.094 0.045 16
771.468 0.0475 16
38286.7 0.05 16
113417 0.0525 16
307133 0.055 16
543989 0.0575 16
946709 0.06 16
1.32434e+06 0.0625 16
1.77908e+06 0.065 16
2.20886e+06 0.0675 16
2.42191e+06 0.07 16
3.05069e+06 0.0725 16
3.45462e+06 0.075 16
3.54531e+06 0.0775 16
3.40835e+06 0.08 16
3.25574e+06 0.0825 16
3.26482e+06 0.085 16
3.19312e+06 0.0875 16
3.21529e+06 0.09 16
3.29509e+06 0.0925 16
3.48543e+06 0.095 16
3.6055e+06 0.0975 16
3.71674e+06 0.1 16
3.72289e+06 0.1025 16
3.4915e+06 0.105 16
3.19305e+06 0.1075 16
2.64845e+06 0.11 16
2.0866e+06 0.1125 16
1.46828e+06 0.115 16
986544 0.1175 16
632755 0.12 16
404435 0.1225 16
239253 0.125 16
214711 0.1275 16
266054 0.13 16
380374 0.1325 16
512122 0.135 16
645221 0.1375 16
784161 0.14 16
891086 0.1425 16
946291 0.145 16
941150 0.1475 16
976714 0.15 16
1.00325e+06 0.1525 16
878772 0.155 16
808029 0.1575 16
681591 0.16 16
576185 0.1625 16
492848 0.165 16
502123 0.1675 16
562287 0.17 16
667353 0.1725 16
769461 0.175 16
830025 0.1775 16
877862 0.18 16
823762 0.1825 16
734089 0.185 16
625261 0.1875 16
555173 0.19 16
473940 0.1925 16
414892 0.195 16
347072 0.1975 16
270235 0.2 16
215649 0.2025 16
184761 0.205 16
228850 0.2075 16
304711 0.21 16
425461 0.2125 16
558797 0.215 16
631453 0.2175 16
665867 0.22 16
620232 0.2225 16
483799 0.225 16
414840 0.2275 16
317045 0.23 16
268496 0.2325 16
303061 0.235 16
336548 0.2375 16
0 0.0025 17
0 0.005 17
0 0.0075 17
0 0.01 17
0 0.0125 17
0 0.015 17
0 0.0175 17
0 0.02 17
0 0.0225 17
0 0.025 17
0 0.0275 17
0 0.03 17
0 0.0325 17
0 0.035 17
0 0.0375 17
0 0.04 17
0 0.0425 17
0 0.045 17
0 0.0475 17
0 0.05 17
0 0.0525 17
0 0.055 17
0 0.0575 17
4998.4 0.06 17
43326.5 0.0625 17
44993 0.065 17
65775.9 0.0675 17
95641.7 0.07 17
150766 0.0725 17
232906 0.075 17
261875 0.0775 17
490546 0.08 17
731379 0.0825 17
921470 0.085 17
1.26195e+06 0.0875 17
1.75451e+06 0.09 17
2.04457e+06 0.0925 17
2.54009e+06 0.095 17
3.00466e+06 0.0975 17
3.18566e+06 0.1 17
3.44692e+06 0.1025 17
3.18731e+06 0.105 17
3.27564e+06 0.1075 17
3.07085e+06 0.11 17
2.55436e+06 0.1125 17
2.10014e+06 0.115 17
1.78773e+06 0.1175 17
1.46838e+06 0.12 17
1.29214e+06 0.1225 17
1.16124e+06 0.125 17
986634 0.1275 17
769198 0.13 17
637694 0.1325 17
504271 0.135 17
424017 0.1375 17
417034 0.14 17
410673 0.1425 17
453425 0.145 17
492650 0.1475 17
459120 0.15 17
325740 0.1525 17
210157 0.155 17
159504 0.1575 17
221751 0.16 17
331549 0.1625 17
486888 0.165 17
619019 0.1675 17
661818 0.17 17
625686 0.1725 17
503606 0.175 17
422446 0.1775 17
298010 0.18 17
196857 0.1825 17
129964 0.185 17
67420.4 0.1875 17
32307.4 0.19 17
18434.6 0.1925 17
32691.8 0.195 17
82198.3 0.1975 17
163601 0.2 17
252108 0.2025 17
315253 0.205 17
342991 0.2075 17
327707 0.21 17
275723 0.2125 17
208356 0.215 17
155503 0.2175 17
146531 0.22 17
172252 0.2225 17
237476 0.225 17
0 0.0025 18
0 0.005 18
0 0.0075 18
0 0.01 18
0 0.0125 18
0 0.015 18
0 0.0175 18
0 0.02 18
0 0.0225 18
0 0.025 18
0 0.0275 18
0 0.03 18
0 0.0325 18
0 0.035 18
1853.07 0.0375 18
30190.2 0.04 18
27922.6 0.0425 18
52785.1 0.045 18
84773.3 0.0475 18
102345 0.05 18
183684 0.0525 18
214702 0.055 18
266635 0.0575 18
236407 0.06 18
173293 0.0625 18
99000.8 0.065 18
19720.5 0.0675 18
10766.5 0.07 18
34392.4 0.0725 18
86297.3 0.075 18
149439 0.0775 18
188514 0.08 18
218562 0.0825 18
227364 0.085 18
182196 0.0875 18
132345 0.09 18
114842 0.0925 18
122006 0.095 18
181668 0.0975 18
273328 0.1 18
462402 0.1025 18
742151 0.105 18
1.12109e+06 0.1075 18
1.52431e+06 0.11 18
1.86735e+06 0.1125 18
2.2203e+06 0.115 18
2.42525e+06 0.1175 18
2.52074e+06 0.12 18
2.39331e+06 0.1225 18
2.24641e+06 0.125 18
2.1149e+06 0.1275 18
2.05649e+06 0.13 18
1.90262e+06 0.1325 18
1.92549e+06 0.135 18
1.70611e+06 0.1375 18
1.38915e+06 0.14 18
1.21522e+06 0.1425 18
949825 0.145 18
779524 0.1475 18
681604 0.15 18
796041 0.1525 18
983290 0.155 18
1.10288e+06 0.1575 18
1.1051e+06 0.16 18
993509 0.1625 18
778647 0.165 18
538489 0.1675 18
334776 0.17 18
208585 0.1725 18
167381 0.175 18
171868 0.1775 18
200442 0.18 18
252525 0.1825 18
307756 0.185 18
368842 0.1875 18
421138 0.19 18
446357 0.1925 18
445378 0.195 18
425693 0.1975 18
412275 0.2 18
398984 0.2025 18
392103 0.205 18
360117 0.2075 18
324746 0.21 18
261967 0.2125 18
0 0.0025 19
0 0.005 19
0 0.0075 19
0 0.01 19
0 0.0125 19
0 0.015 19
4659.61 0.0175 19
6361.76 0.02 19
23687.1 0.0225 19
54037.9 0.025 19
44588.8 0.0275 19
78269.8 0.03 19
96247.8 0.0325 19
119059 0.035 19
122236 0.0375 19
95874.5 0.04 19
80908.8 0.0425 19
73029.9 0.045 19
113059 0.0475 19
154943 0.05 19
212527 0.0525 19
251682 0.055 19
289092 0.0575 19
319875 0.06 19
352550 0.0625 19
390363 0.065 19
424907 0.0675 19
438137 0.07 19
412733 0.0725 19
344789 0.075 19
250603 0.0775 19
162761 0.08 19
117321 0.0825 19
139277 0.085 19
233771 0.0875 19
386064 0.09 19
567673 0.0925 19
743671 0.095 19
878410 0.0975 19
941039 0.1 19
913770 0.1025 19
802525 0.105 19
644052 0.1075 19
499482 0.11 19
432824 0.1125 19
478552 0.115 19
614986 0.1175 19
774125 0.12 19
885291 0.1225 19
806413 0.125 19
628333 0.1275 19
382583 0.13 19
230983 0.1325 19
254151 0.135 19
483112 0.1375 19
819392 0.14 19
1.25972e+06 0.1425 19
1.56766e+06 0.145 19
1.69227e+06 0.1475 19
1.63481e+06 0.15 19
1.39272e+06 0.1525 19
1.08813e+06 0.155 19
817146 0.1575 19
623356 0.16 19
505902 0.1625 19
379916 0.165 19
334308 0.1675 19
259565 0.17 19
192030 0.1725 19
116261 0.175 19
97938.4 0.1775 19
67998 0.18 19
55647.5 0.1825 19
70923.9 0.185 19
110708 0.1875 19
173570 0.19 19
255963 0.1925 19
334745 0.195 19
346194 0.1975 19
5976.4 0.0025 20
24776.6 0.005 20
58474.9 0.0075 20
108748 0.01 20
174520 0.0125 20
249877 0.015 20
323801 0.0175 20
382759 0.02 20
415570 0.0225 20
418127 0.025 20
395150 0.0275 20
357673 0.03 20
317748 0.0325 20
283644 0.035 20
258297 0.0375 20
241095 0.04 20
230474 0.0425 20
224458 0.045 20
218732 0.0475 20
205005 0.05 20
173447 0.0525 20
120212 0.055 20
56265.5 0.0575 20
10496 0.06 20
21828.1 0.0625 20
121445 0.065 20
313446 0.0675 20
565148 0.07 20
814142 0.0725 20
990246 0.075 20
1.04216e+06 0.0775 20
956182 0.08 20
759253 0.0825 20
506943 0.085 20
263883 0.0875 20
85190.9 0.09 20
3930.83 0.0925 20
25245.6 0.095 20
126148 0.0975 20
261327 0.1 20
376537 0.1025 20
428871 0.105 20
407520 0.1075 20
343810 0.11 20
300759 0.1125 20
342128 0.115 20
494206 0.1175 20
721786 0.12 20
935612 0.1225 20
1.03233e+06 0.125 20
948564 0.1275 20
698935 0.13 20
376884 0.1325 20
116215 0.135 20
18913.7 0.1375 20
121374 0.14 20
367055 0.1425 20
657938 0.145 20
867013 0.1475 20
909752 0.15 20
824734 0.1525 20
659015 0.155 20
434914 0.1575 20
284632 0.16 20
182666 0.1625 20
149363 0.165 20
152006 0.1675 20
194017 0.17 20
297782 0.1725 20
329419 0.175 20
391154 0.1775 20
0 0.0025 21
0 0.005 21
1577.51 0.0075 21
6734.05 0.01 21
16444.3 0.0125 21
45017 0.015 21
78190.6 0.0175 21
123871 0.02 21
165604 0.0225 21
188869 0.025 21
182109 0.0275 21
144143 0.03 21
87341.8 0.0325 21
34096.1 0.035 21
6994.21 0.0375 21
17001.9 0.04 21
56185.6 0.0425 21
100323 0.045 21
122070 0.0475 21
109271 0.05 21
78798.5 0.0525 21
76950.3 0.055 21
163271 0.0575 21
383271 0.06 21
742309 0.0625 21
1.19383e+06 0.065 21
1.6491e+06 0.0675 21
2.0055e+06 0.07 21
2.18125e+06 0.0725 21
2.14175e+06 0.075 21
1.90716e+06 0.0775 21
1.54024e+06 0.08 21
1.12254e+06 0.0825 21
730197 0.085 21
418249 0.0875 21
215343 0.09 21
125645 0.0925 21
133077 0.095 21
205793 0.0975 21
302191 0.1 21
380578 0.1025 21
411722 0.105 21
389360 0.1075 21
332096 0.11 21
273431 0.1125 21
243502 0.115 21
253260 0.1175 21
284147 0.12 21
307615 0.1225 21
292028 0.125 21
235216 0.1275 21
164091 0.13 21
124818 0.1325 21
124888 0.135 21
207747 0.1375 21
334453 0.14 21
440863 0.1425 21
537361 0.145 21
570861 0.1475 21
502997 0.15 21
400587 0.1525 21
334125 0.155 21
288855 0.1575 21
253132 0.16 21
0 0.0025 22
0 0.005 22
0 0.0075 22
0 0.01 22
0 0.0125 22
0 0.015 22
0 0.0175 22
0 0.02 22
0 0.0225 22
0 0.025 22
536.329 0.0275 22
2432.85 0.03 22
17444.2 0.0325 22
45465.5 0.035 22
87286.5 0.0375 22
116543 0.04 22
230023 0.0425 22
273580 0.045 22
307169 0.0475 22
340820 0.05 22
352461 0.0525 22
264565 0.055 22
150083 0.0575 22
75192.6 0.06 22
48025.1 0.0625 22
92049.5 0.065 22
212177 0.0675 22
464804 0.07 22
702718 0.0725 22
938867 0.075 22
1.07775e+06 0.0775 22
1.14385e+06 0.08 22
1.01639e+06 0.0825 22
812935 0.085 22
541763 0.0875 22
296626 0.09 22
104092 0.0925 22
11108.7 0.095 22
8768.29 0.0975 22
69834.1 0.1 22
149680 0.1025 22
220317 0.105 22
260702 0.1075 22
278607 0.11 22
252845 0.1125 22
225441 0.115 22
185249 0.1175 22
154518 0.12 22
120012 0.1225 22
117065 0.125 22
156785 0.1275 22
212145 0.13 22
292073 0.1325 22
409967 0.135 22
441011 0.1375 22
0 0.0025 23
0 0.005 23
0 0.0075 23
0 0.01 23
0 0.0125 23
0 0.015 23
0 0.0175 23
0 0.02 23
0 0.0225 23
0 0.025 23
0 0.0275 23
0 0.03 23
0 0.0325 23
0 0.035 23
0 0.0375 23
0 0.04 23
0 0.0425 23
0 0.045 23
0 0.0475 23
1315.24 0.05 23
7808.16 0.0525 23
5424.51 0.055 23
36111.5 0.0575 23
78650.6 0.06 23
150857 0.0625 23
195648 0.065 23
250061 0.0675 23
296116 0.07 23
347199 0.0725 23
415440 0.075 23
477415 0.0775 23
452003 0.08 23
345876 0.0825 23
280616 0.085 23
205200 0.0875 23
146761 0.09 23
92371 0.0925 23
73532.3 0.095 23
100820 0.0975 23
187191 0.1 23
237062 0.1025 23
