5.48777e+07 0.085 0
3.31149e+07 0.0875 0
1.21979e+07 0.09 0
1.06281e+06 0.0925 0
1.48916e+06 0.095 0
8.52378e+06 0.0975 0
1.47887e+07 0.1 0
1.54031e+07 0.1025 0
1.04306e+07 0.105 0
3.81875e+06 0.1075 0
135812 0.11 0
1.5214e+06 0.1125 0
6.68871e+06 0.115 0
1.22097e+07 0.1175 0
1.48738e+07 0.12 0
1.34954e+07 0.1225 0
9.20347e+06 0.125 0
4.35983e+06 0.1275 0
1.03237e+06 0.13 0
74.3543 0.1325 0
725933 0.135 0
2.01619e+06 0.1375 0
2.86645e+06 0.14 0
2.93293e+06 0.1425 0
2.43866e+06 0.145 0
1.71075e+06 0.1475 0
1.04084e+06 0.15 0
668242 0.1525 0
690939 0.155 0
842329 0.1575 0
1.09558e+06 0.16 0
1.57661e+06 0.1625 0
2.00962e+06 0.165 0
2.43379e+06 0.1675 0
2.77929e+06 0.17 0
2.74323e+06 0.1725 0
2.61384e+06 0.175 0
1.91174e+06 0.1775 0
1.19412e+06 0.18 0
608830 0.1825 0
169729 0.185 0
196566 0.1875 0
422953 0.19 0
798934 0.1925 0
1.32079e+06 0.195 0
1.89629e+06 0.1975 0
2.36678e+06 0.2 0
2.78313e+06 0.2025 0
3.1795e+06 0.205 0
3.44563e+06 0.2075 0
3.32102e+06 0.21 0
3.16811e+06 0.2125 0
2.94716e+06 0.215 0
2.5032e+06 0.2175 0
1.78827e+06 0.22 0
1.29369e+06 0.2225 0
888239 0.225 0
735009 0.2275 0
782406 0.23 0
929562 0.2325 0
1.00629e+06 0.235 0
1.12047e+06 0.2375 0
1.11069e+06 0.24 0
1.07649e+06 0.2425 0
887679 0.245 0
629151 0.2475 0
453770 0.25 0
315969 0.2525 0
419794 0.255 0
645299 0.2575 0
883882 0.26 0
936878 0.2625 0
1.05121e+06 0.265 0
890803 0.2675 0
752030 0.27 0
444198 0.2725 0
224086 0.275 0
65665.6 0.2775 0
8336.26 0.28 0
45069.4 0.2825 0
123375 0.285 0
215472 0.2875 0
273426 0.29 0
215876 0.2925 0
148977 0.295 0
81086.5 0.2975 0
40236.2 0.3 0
26248.7 0.3025 0
55212.7 0.305 0
115730 0.3075 0
165083 0.31 0
254942 0.3125 0
357126 0.315 0
5.21584e+07 0.0825 1
3.38918e+07 0.085 1
1.88088e+07 0.0875 1
1.03202e+07 0.09 1
9.53366e+06 0.0925 1
1.44233e+07 0.095 1
2.07946e+07 0.0975 1
2.43144e+07 0.1 1
2.26371e+07 0.1025 1
1.64036e+07 0.105 1
8.52697e+06 0.1075 1
2.58378e+06 0.11 1
714169 0.1125 1
3.06702e+06 0.115 1
7.85766e+06 0.1175 1
1.24581e+07 0.12 1
1.57415e+07 0.1225 1
1.68992e+07 0.125 1
1.51344e+07 0.1275 1
1.23874e+07 0.13 1
9.34685e+06 0.1325 1
7.44157e+06 0.135 1
5.69829e+06 0.1375 1
4.48703e+06 0.14 1
3.37146e+06 0.1425 1
2.50087e+06 0.145 1
1.70779e+06 0.1475 1
1.23035e+06 0.15 1
984977 0.1525 1
1.02678e+06 0.155 1
1.12285e+06 0.1575 1
1.02517e+06 0.16 1
862388 0.1625 1
553532 0.165 1
339110 0.1675 1
313121 0.17 1
331968 0.1725 1
753487 0.175 1
1.48327e+06 0.1775 1
2.48006e+06 0.18 1
3.57094e+06 0.1825 1
4.17157e+06 0.185 1
4.38005e+06 0.1875 1
4.09612e+06 0.19 1
3.12679e+06 0.1925 1
2.0776e+06 0.195 1
1.37388e+06 0.1975 1
720242 0.2 1
562093 0.2025 1
814279 0.205 1
1.28285e+06 0.2075 1
1.59451e+06 0.21 1
1.67914e+06 0.2125 1
1.4082e+06 0.215 1
992743 0.2175 1
698399 0.22 1
827370 0.2225 1
1.46735e+06 0.225 1
2.64609e+06 0.2275 1
4.05387e+06 0.23 1
5.12913e+06 0.2325 1
5.81574e+06 0.235 1
5.90187e+06 0.2375 1
5.05599e+06 0.24 1
3.78171e+06 0.2425 1
2.47941e+06 0.245 1
1.53722e+06 0.2475 1
1.17409e+06 0.25 1
1.1783e+06 0.2525 1
1.50947e+06 0.255 1
2.00274e+06 0.2575 1
2.38479e+06 0.26 1
2.7881e+06 0.2625 1
2.8243e+06 0.265 1
2.73819e+06 0.2675 1
2.53299e+06 0.27 1
2.3286e+06 0.2725 1
2.17086e+06 0.275 1
2.04698e+06 0.2775 1
1.87811e+06 0.28 1
1.67667e+06 0.2825 1
1.38954e+06 0.285 1
1.08831e+06 0.2875 1
812652 0.29 1
708901 0.2925 1
619856 0.295 1
666695 0.2975 1
768240 0.3 1
839785 0.3025 1
869926 0.305 1
894630 0.3075 1
1.01466e+06 0.31 1
1.10358e+06 0.3125 1
1.18e+06 0.315 1
3.93808e+06 0.08 2
6.80109e+06 0.0825 2
8.76944e+06 0.085 2
1.10045e+07 0.0875 2
1.20489e+07 0.09 2
1.29354e+07 0.0925 2
1.41128e+07 0.095 2
1.42468e+07 0.0975 2
1.27352e+07 0.1 2
1.07278e+07 0.1025 2
8.31433e+06 0.105 2
6.91923e+06 0.1075 2
5.3742e+06 0.11 2
4.75484e+06 0.1125 2
4.81778e+06 0.115 2
5.25514e+06 0.1175 2
5.93336e+06 0.12 2
6.64524e+06 0.1225 2
7.01548e+06 0.125 2
7.08353e+06 0.1275 2
6.67422e+06 0.13 2
6.11316e+06 0.1325 2
5.23607e+06 0.135 2
4.27364e+06 0.1375 2
3.25764e+06 0.14 2
2.8233e+06 0.1425 2
2.27954e+06 0.145 2
2.01876e+06 0.1475 2
1.94441e+06 0.15 2
1.80896e+06 0.1525 2
1.47442e+06 0.155 2
1.06431e+06 0.1575 2
674103 0.16 2
408672 0.1625 2
220088 0.165 2
238228 0.1675 2
478592 0.17 2
1.01398e+06 0.1725 2
1.51619e+06 0.175 2
1.98457e+06 0.1775 2
2.14871e+06 0.18 2
2.12686e+06 0.1825 2
1.89085e+06 0.185 2
1.64914e+06 0.1875 2
1.3897e+06 0.19 2
1.27959e+06 0.1925 2
1.36004e+06 0.195 2
1.68178e+06 0.1975 2
1.98714e+06 0.2 2
2.18326e+06 0.2025 2
2.19202e+06 0.205 2
1.96951e+06 0.2075 2
1.57535e+06 0.21 2
1.16258e+06 0.2125 2
911708 0.215 2
815213 0.2175 2
1.03245e+06 0.22 2
1.41001e+06 0.2225 2
1.74515e+06 0.225 2
1.94061e+06 0.2275 2
2.00852e+06 0.23 2
1.70092e+06 0.2325 2
1.21116e+06 0.235 2
927429 0.2375 2
912636 0.24 2
885181 0.2425 2
1.04901e+06 0.245 2
1.24787e+06 0.2475 2
1.34974e+06 0.25 2
1.3177e+06 0.2525 2
1.15324e+06 0.255 2
996675 0.2575 2
877387 0.26 2
820455 0.2625 2
773017 0.265 2
884510 0.2675 2
961284 0.27 2
877307 0.2725 2
847946 0.275 2
916624 0.2775 2
1.09772e+06 0.28 2
1.34505e+06 0.2825 2
1.46449e+06 0.285 2
1.56142e+06 0.2875 2
1.49013e+06 0.29 2
1.24305e+06 0.2925 2
941554 0.295 2
740981 0.2975 2
796489 0.3 2
1.12568e+06 0.3025 2
1.55619e+06 0.305 2
1.99044e+06 0.3075 2
2.22657e+06 0.31 2
2.133e+06 0.3125 2
1.78931e+06 0.315 2
7.68215e+06 0.075 3
6.69576e+06 0.0775 3
5.57978e+06 0.08 3
4.5548e+06 0.0825 3
3.88891e+06 0.085 3
3.78641e+06 0.0875 3
4.27445e+06 0.09 3
5.15508e+06 0.0925 3
6.06303e+06 0.095 3
6.61216e+06 0.0975 3
6.55965e+06 0.1 3
5.93011e+06 0.1025 3
4.92034e+06 0.105 3
3.85088e+06 0.1075 3
2.9267e+06 0.11 3
2.27366e+06 0.1125 3
1.77636e+06 0.115 3
1.38736e+06 0.1175 3
1.07775e+06 0.12 3
718385 0.1225 3
537201 0.125 3
453567 0.1275 3
763326 0.13 3
801982 0.1325 3
929165 0.135 3
1.04569e+06 0.1375 3
1.38064e+06 0.14 3
1.96319e+06 0.1425 3
2.68411e+06 0.145 3
3.8205e+06 0.1475 3
4.78878e+06 0.15 3
5.81402e+06 0.1525 3
6.29245e+06 0.155 3
6.35081e+06 0.1575 3
6.12919e+06 0.16 3
5.57953e+06 0.1625 3
4.79001e+06 0.165 3
4.12453e+06 0.1675 3
3.44646e+06 0.17 3
2.94731e+06 0.1725 3
2.53929e+06 0.175 3
2.76903e+06 0.1775 3
2.72737e+06 0.18 3
2.63412e+06 0.1825 3
2.50372e+06 0.185 3
2.38499e+06 0.1875 3
2.30144e+06 0.19 3
2.1969e+06 0.1925 3
1.94942e+06 0.195 3
2.20499e+06 0.1975 3
2.71899e+06 0.2 3
3.32805e+06 0.2025 3
3.8847e+06 0.205 3
3.76996e+06 0.2075 3
3.6933e+06 0.21 3
3.28736e+06 0.2125 3
3.13932e+06 0.215 3
2.88092e+06 0.2175 3
2.58383e+06 0.22 3
1.9635e+06 0.2225 3
1.47113e+06 0.225 3
930813 0.2275 3
526778 0.23 3
350645 0.2325 3
275311 0.235 3
234040 0.2375 3
248006 0.24 3
289655 0.2425 3
338229 0.245 3
569140 0.2475 3
909624 0.25 3
1.35408e+06 0.2525 3
1.76623e+06 0.255 3
1.94707e+06 0.2575 3
2.0967e+06 0.26 3
2.02094e+06 0.2625 3
1.9019e+06 0.265 3
1.80626e+06 0.2675 3
1.71236e+06 0.27 3
1.51635e+06 0.2725 3
1.3125e+06 0.275 3
1.14644e+06 0.2775 3
1.10952e+06 0.28 3
1.2295e+06 0.2825 3
1.46077e+06 0.285 3
1.71265e+06 0.2875 3
2.02055e+06 0.29 3
2.13233e+06 0.2925 3
2.05446e+06 0.295 3
1.88699e+06 0.2975 3
1.66652e+06 0.3 3
1.53076e+06 0.3025 3
1.61152e+06 0.305 3
1.6394e+06 0.3075 3
1.76695e+06 0.31 3
1.68749e+06 0.3125 3
1.57916e+06 0.315 3
4.21776e+06 0.0675 4
2.86107e+06 0.07 4
1.78619e+06 0.0725 4
1.28134e+06 0.075 4
1.22941e+06 0.0775 4
1.28134e+06 0.08 4
1.13929e+06 0.0825 4
750705 0.085 4
298966 0.0875 4
27360.1 0.09 4
42535.5 0.0925 4
241623 0.095 4
405199 0.0975 4
375851 0.1 4
186043 0.1025 4
43129.5 0.105 4
185436 0.1075 4
713209 0.11 4
1.51116e+06 0.1125 4
2.31207e+06 0.115 4
2.85476e+06 0.1175 4
3.03131e+06 0.12 4
2.93224e+06 0.1225 4
2.76961e+06 0.125 4
2.73623e+06 0.1275 4
2.90163e+06 0.13 4
3.15154e+06 0.1325 4
3.2846e+06 0.135 4
3.191e+06 0.1375 4
3.11821e+06 0.14 4
2.72893e+06 0.1425 4
2.79186e+06 0.145 4
2.72363e+06 0.1475 4
3.6508e+06 0.15 4
4.30081e+06 0.1525 4
4.93578e+06 0.155 4
6.02781e+06 0.1575 4
5.9931e+06 0.16 4
5.69078e+06 0.1625 4
5.44284e+06 0.165 4
4.98454e+06 0.1675 4
5.22089e+06 0.17 4
4.98809e+06 0.1725 4
4.7792e+06 0.175 4
3.9076e+06 0.1775 4
2.79337e+06 0.18 4
1.5666e+06 0.1825 4
724107 0.185 4
450642 0.1875 4
503396 0.19 4
892211 0.1925 4
1.39694e+06 0.195 4
1.76332e+06 0.1975 4
1.69822e+06 0.2 4
1.81948e+06 0.2025 4
1.94242e+06 0.205 4
2.27487e+06 0.2075 4
2.53153e+06 0.21 4
2.35685e+06 0.2125 4
1.95374e+06 0.215 4
1.35282e+06 0.2175 4
716549 0.22 4
449479 0.2225 4
585469 0.225 4
1.15833e+06 0.2275 4
1.93962e+06 0.23 4
2.45855e+06 0.2325 4
2.64027e+06 0.235 4
2.57891e+06 0.2375 4
2.53773e+06 0.24 4
2.77476e+06 0.2425 4
3.24684e+06 0.245 4
3.93439e+06 0.2475 4
4.66083e+06 0.25 4
4.83672e+06 0.2525 4
4.75887e+06 0.255 4
4.32609e+06 0.2575 4
3.84535e+06 0.26 4
3.10099e+06 0.2625 4
2.46192e+06 0.265 4
2.20464e+06 0.2675 4
1.84363e+06 0.27 4
1.46856e+06 0.2725 4
1.21558e+06 0.275 4
1.13855e+06 0.2775 4
1.19458e+06 0.28 4
1.44841e+06 0.2825 4
1.7311e+06 0.285 4
2.05969e+06 0.2875 4
2.11844e+06 0.29 4
1.87962e+06 0.2925 4
1.45338e+06 0.295 4
959772 0.2975 4
540859 0.3 4
299825 0.3025 4
294546 0.305 4
520190 0.3075 4
857996 0.31 4
1.19254e+06 0.3125 4
6.29036e+06 0.055 5
8.11811e+06 0.0575 5
8.82616e+06 0.06 5
1.02472e+07 0.0625 5
1.00107e+07 0.065 5
9.07748e+06 0.0675 5
7.56696e+06 0.07 5
6.08007e+06 0.0725 5
3.95774e+06 0.075 5
1.97637e+06 0.0775 5
649410 0.08 5
15930.9 0.0825 5
253857 0.085 5
1.007e+06 0.0875 5
1.92586e+06 0.09 5
2.69754e+06 0.0925 5
3.17385e+06 0.095 5
2.96505e+06 0.0975 5
2.20928e+06 0.1 5
1.46407e+06 0.1025 5
821654 0.105 5
561514 0.1075 5
360442 0.11 5
401866 0.1125 5
399729 0.115 5
486230 0.1175 5
381687 0.12 5
556456 0.1225 5
1.04633e+06 0.125 5
1.93731e+06 0.1275 5
3.09734e+06 0.13 5
4.2383e+06 0.1325 5
4.86375e+06 0.135 5
4.91007e+06 0.1375 5
4.20661e+06 0.14 5
3.23478e+06 0.1425 5
2.47015e+06 0.145 5
2.0512e+06 0.1475 5
1.99747e+06 0.15 5
2.57709e+06 0.1525 5
3.13854e+06 0.155 5
3.60075e+06 0.1575 5
3.70048e+06 0.16 5
2.96154e+06 0.1625 5
1.93785e+06 0.165 5
922041 0.1675 5
261960 0.17 5
196842 0.1725 5
664230 0.175 5
1.35374e+06 0.1775 5
1.89177e+06 0.18 5
2.03852e+06 0.1825 5
1.76707e+06 0.185 5
1.33975e+06 0.1875 5
1.05069e+06 0.19 5
944536 0.1925 5
1.11671e+06 0.195 5
1.59386e+06 0.1975 5
1.98028e+06 0.2 5
2.15734e+06 0.2025 5
2.01792e+06 0.205 5
1.80768e+06 0.2075 5
1.47312e+06 0.21 5
1.10354e+06 0.2125 5
1.11426e+06 0.215 5
1.2006e+06 0.2175 5
1.27556e+06 0.22 5
1.65092e+06 0.2225 5
2.21291e+06 0.225 5
2.61316e+06 0.2275 5
2.74195e+06 0.23 5
2.75056e+06 0.2325 5
2.51636e+06 0.235 5
2.05202e+06 0.2375 5
1.46284e+06 0.24 5
989044 0.2425 5
772049 0.245 5
1.05032e+06 0.2475 5
1.79791e+06 0.25 5
2.64353e+06 0.2525 5
3.37217e+06 0.255 5
3.77443e+06 0.2575 5
3.74158e+06 0.26 5
3.24551e+06 0.2625 5
2.56833e+06 0.265 5
1.91642e+06 0.2675 5
1.41879e+06 0.27 5
1.02085e+06 0.2725 5
920275 0.275 5
876603 0.2775 5
1.01351e+06 0.28 5
1.23985e+06 0.2825 5
1.48712e+06 0.285 5
1.7429e+06 0.2875 5
1.93876e+06 0.29 5
2.02829e+06 0.2925 5
1.98044e+06 0.295 5
1.90074e+06 0.2975 5
1.73686e+06 0.3 5
1.59251e+06 0.3025 5
1.39885e+06 0.305 5
1.33796e+06 0.3075 5
1.36314e+06 0.31 5
0 0.035 6
0 0.0375 6
0 0.04 6
0 0.0425 6
0 0.045 6
0 0.0475 6
0 0.05 6
0 0.0525 6
1407.56 0.055 6
41327.1 0.0575 6
16026.5 0.06 6
33586.6 0.0625 6
238410 0.065 6
485497 0.0675 6
802645 0.07 6
1.10786e+06 0.0725 6
1.28204e+06 0.075 6
1.6233e+06 0.0775 6
1.88638e+06 0.08 6
2.18109e+06 0.0825 6
2.68709e+06 0.085 6
3.72999e+06 0.0875 6
3.74116e+06 0.09 6
3.78531e+06 0.0925 6
4.00943e+06 0.095 6
4.23446e+06 0.0975 6
4.73565e+06 0.1 6
5.38995e+06 0.1025 6
5.5182e+06 0.105 6
5.83009e+06 0.1075 6
5.88652e+06 0.11 6
5.95946e+06 0.1125 6
6.74662e+06 0.115 6
6.59984e+06 0.1175 6
6.46024e+06 0.12 6
6.45933e+06 0.1225 6
5.65198e+06 0.125 6
5.18984e+06 0.1275 6
5.04054e+06 0.13 6
5.21913e+06 0.1325 6
5.13188e+06 0.135 6
4.83623e+06 0.1375 6
4.64362e+06 0.14 6
4.01067e+06 0.1425 6
3.69825e+06 0.145 6
3.09874e+06 0.1475 6
2.80484e+06 0.15 6
2.6027e+06 0.1525 6
2.64423e+06 0.155 6
2.84387e+06 0.1575 6
3.0847e+06 0.16 6
3.48057e+06 0.1625 6
3.65582e+06 0.165 6
3.86662e+06 0.1675 6
3.83244e+06 0.17 6
3.85419e+06 0.1725 6
3.74328e+06 0.175 6
3.4219e+06 0.1775 6
2.92351e+06 0.18 6
2.32318e+06 0.1825 6
1.6473e+06 0.185 6
1.18435e+06 0.1875 6
1.0823e+06 0.19 6
1.34473e+06 0.1925 6
1.83123e+06 0.195 6
2.33043e+06 0.1975 6
2.61119e+06 0.2 6
2.58319e+06 0.2025 6
2.29837e+06 0.205 6
2.0443e+06 0.2075 6
2.02097e+06 0.21 6
2.26472e+06 0.2125 6
2.66426e+06 0.215 6
3.0715e+06 0.2175 6
3.19292e+06 0.22 6
2.95736e+06 0.2225 6
2.63543e+06 0.225 6
2.29358e+06 0.2275 6
2.17095e+06 0.23 6
2.34546e+06 0.2325 6
2.58758e+06 0.235 6
2.89894e+06 0.2375 6
2.96683e+06 0.24 6
2.51087e+06 0.2425 6
1.9269e+06 0.245 6
1.43695e+06 0.2475 6
1.403e+06 0.25 6
1.74644e+06 0.2525 6
2.45557e+06 0.255 6
3.20058e+06 0.2575 6
3.75508e+06 0.26 6
3.9491e+06 0.2625 6
3.74789e+06 0.265 6
3.48116e+06 0.2675 6
3.16578e+06 0.27 6
2.81823e+06 0.2725 6
2.77045e+06 0.275 6
2.68931e+06 0.2775 6
2.36771e+06 0.28 6
1.9221e+06 0.2825 6
1.45042e+06 0.285 6
1.10148e+06 0.2875 6
746640 0.29 6
602942 0.2925 6
617352 0.295 6
719929 0.2975 6
890548 0.3 6
958557 0.3025 6
1.00931e+06 0.305 6
922705 0.3075 6
0 0.0125 7
0 0.015 7
35760.2 0.0175 7
74612.2 0.02 7
203331 0.0225 7
511402 0.025 7
675554 0.0275 7
1.14485e+06 0.03 7
1.49213e+06 0.0325 7
1.62708e+06 0.035 7
1.49162e+06 0.0375 7
1.3594e+06 0.04 7
807845 0.0425 7
315816 0.045 7
31674.7 0.0475 7
44074.3 0.05 7
295269 0.0525 7
697691 0.055 7
1.06868e+06 0.0575 7
1.21407e+06 0.06 7
1.07082e+06 0.0625 7
719380 0.065 7
331465 0.0675 7
70463.6 0.07 7
4600.77 0.0725 7
83925.8 0.075 7
190752 0.0775 7
225774 0.08 7
170510 0.0825 7
85588.7 0.085 7
50981.3 0.0875 7
95930.2 0.09 7
173431 0.0925 7
200725 0.095 7
136752 0.0975 7
36502 0.1 7
34789.9 0.1025 7
261326 0.105 7
745153 0.1075 7
1.35626e+06 0.11 7
1.89429e+06 0.1125 7
2.16636e+06 0.115 7
2.04181e+06 0.1175 7
1.65778e+06 0.12 7
1.11993e+06 0.1225 7
737282 0.125 7
616762 0.1275 7
499371 0.13 7
550017 0.1325 7
578612 0.135 7
465064 0.1375 7
566986 0.14 7
869699 0.1425 7
1.17653e+06 0.145 7
1.35461e+06 0.1475 7
1.3871e+06 0.15 7
1.21799e+06 0.1525 7
889588 0.155 7
723454 0.1575 7
837927 0.16 7
1.20611e+06 0.1625 7
1.85173e+06 0.165 7
2.42414e+06 0.1675 7
2.75504e+06 0.17 7
2.67077e+06 0.1725 7
2.48734e+06 0.175 7
2.92833e+06 0.1775 7
3.45025e+06 0.18 7
4.18992e+06 0.1825 7
5.07409e+06 0.185 7
6.26159e+06 0.1875 7
6.52679e+06 0.19 7
5.98256e+06 0.1925 7
5.31124e+06 0.195 7
4.39282e+06 0.1975 7
3.57572e+06 0.2 7
2.89288e+06 0.2025 7
2.31279e+06 0.205 7
1.79885e+06 0.2075 7
1.29647e+06 0.21 7
1.19057e+06 0.2125 7
1.27448e+06 0.215 7
1.87253e+06 0.2175 7
2.3924e+06 0.22 7
2.82713e+06 0.2225 7
3.08467e+06 0.225 7
2.76172e+06 0.2275 7
2.37793e+06 0.23 7
2.14702e+06 0.2325 7
1.85064e+06 0.235 7
1.65245e+06 0.2375 7
1.50964e+06 0.24 7
1.47737e+06 0.2425 7
1.5032e+06 0.245 7
1.63663e+06 0.2475 7
1.89072e+06 0.25 7
2.2402e+06 0.2525 7
2.56059e+06 0.255 7
2.78414e+06 0.2575 7
2.68145e+06 0.26 7
2.33726e+06 0.2625 7
1.89441e+06 0.265 7
1.43892e+06 0.2675 7
1.15159e+06 0.27 7
1.08078e+06 0.2725 7
1.2042e+06 0.275 7
1.37767e+06 0.2775 7
1.52284e+06 0.28 7
1.62355e+06 0.2825 7
1.59849e+06 0.285 7
1.4813e+06 0.2875 7
1.3446e+06 0.29 7
1.27633e+06 0.2925 7
1.21099e+06 0.295 7
1.14834e+06 0.2975 7
1.17089e+06 0.3 7
1.16189e+06 0.3025 7
1.11038e+06 0.305 7
5.36269e+06 0.01 8
1.01634e+07 0.0125 8
1.53493e+07 0.015 8
1.9353e+07 0.0175 8
2.09325e+07 0.02 8
1.98467e+07 0.0225 8
1.70182e+07 0.025 8
1.40661e+07 0.0275 8
1.24547e+07 0.03 8
1.27331e+07 0.0325 8
1.42892e+07 0.035 8
1.57474e+07 0.0375 8
1.57721e+07 0.04 8
1.38132e+07 0.0425 8
1.03774e+07 0.045 8
6.69462e+06 0.0475 8
4.00221e+06 0.05 8
2.87738e+06 0.0525 8
2.9986e+06 0.055 8
3.44627e+06 0.0575 8
3.33046e+06 0.06 8
2.35208e+06 0.0625 8
965234 0.065 8
63617.3 0.0675 8
401941 0.07 8
2.11123e+06 0.0725 8
4.59331e+06 0.075 8
6.84155e+06 0.0775 8
7.98244e+06 0.08 8
7.71666e+06 0.0825 8
6.41788e+06 0.085 8
4.86165e+06 0.0875 8
3.76939e+06 0.09 8
3.4397e+06 0.0925 8
3.66122e+06 0.095 8
3.92067e+06 0.0975 8
3.75074e+06 0.1 8
3.00329e+06 0.1025 8
1.90287e+06 0.105 8
879514 0.1075 8
304649 0.11 8
291053 0.1125 8
659983 0.115 8
1.07158e+06 0.1175 8
1.22658e+06 0.12 8
1.0289e+06 0.1225 8
613569 0.125 8
237844 0.1275 8
236344 0.13 8
671780 0.1325 8
1.42586e+06 0.135 8
2.18471e+06 0.1375 8
2.96862e+06 0.14 8
3.04434e+06 0.1425 8
2.73399e+06 0.145 8
2.05279e+06 0.1475 8
1.30044e+06 0.15 8
849870 0.1525 8
747289 0.155 8
994473 0.1575 8
1.7262e+06 0.16 8
2.34536e+06 0.1625 8
2.53875e+06 0.165 8
2.46007e+06 0.1675 8
2.24066e+06 0.17 8
2.21146e+06 0.1725 8
1.91868e+06 0.175 8
1.85747e+06 0.1775 8
1.86766e+06 0.18 8
1.71274e+06 0.1825 8
1.36407e+06 0.185 8
918997 0.1875 8
513537 0.19 8
375002 0.1925 8
616417 0.195 8
1.38026e+06 0.1975 8
2.01974e+06 0.2 8
2.73187e+06 0.2025 8
3.25693e+06 0.205 8
3.48703e+06 0.2075 8
3.68148e+06 0.21 8
3.41066e+06 0.2125 8
3.06011e+06 0.215 8
2.48424e+06 0.2175 8
2.00499e+06 0.22 8
1.74755e+06 0.2225 8
1.58527e+06 0.225 8
1.34611e+06 0.2275 8
1.02922e+06 0.23 8
991809 0.2325 8
975044 0.235 8
1.22068e+06 0.2375 8
1.60271e+06 0.24 8
2.0391e+06 0.2425 8
2.60731e+06 0.245 8
2.94202e+06 0.2475 8
3.10652e+06 0.25 8
3.13258e+06 0.2525 8
2.77873e+06 0.255 8
2.34111e+06 0.2575 8
1.78664e+06 0.26 8
1.48346e+06 0.2625 8
1.36417e+06 0.265 8
1.33066e+06 0.2675 8
1.26544e+06 0.27 8
1.19551e+06 0.2725 8
1.08727e+06 0.275 8
988491 0.2775 8
983279 0.28 8
1.1499e+06 0.2825 8
1.52032e+06 0.285 8
2.01456e+06 0.2875 8
2.47478e+06 0.29 8
2.80364e+06 0.2925 8
2.87701e+06 0.295 8
2.6897e+06 0.2975 8
0 0.01 9
0 0.0125 9
0 0.015 9
0 0.0175 9
0 0.02 9
0 0.0225 9
0 0.025 9
0 0.0275 9
0 0.03 9
0 0.0325 9
0 0.035 9
7950.2 0.0375 9
7122 0.04 9
12073.5 0.0425 9
27123.6 0.045 9
94688.6 0.0475 9
106535 0.05 9
218749 0.0525 9
327432 0.055 9
536414 0.0575 9
624898 0.06 9
865040 0.0625 9
1.11203e+06 0.065 9
1.54243e+06 0.0675 9
1.68239e+06 0.07 9
1.29548e+06 0.0725 9
762877 0.075 9
441399 0.0775 9
201188 0.08 9
49496.1 0.0825 9
54648.2 0.085 9
228614 0.0875 9
484612 0.09 9
945371 0.0925 9
1.32029e+06 0.095 9
1.76245e+06 0.0975 9
1.4622e+06 0.1 9
1.39495e+06 0.1025 9
1.63538e+06 0.105 9
1.70671e+06 0.1075 9
1.65306e+06 0.11 9
2.26462e+06 0.1125 9
2.72668e+06 0.115 9
3.55033e+06 0.1175 9
4.42227e+06 0.12 9
5.34184e+06 0.1225 9
6.30321e+06 0.125 9
6.76998e+06 0.1275 9
7.03251e+06 0.13 9
6.97418e+06 0.1325 9
6.05923e+06 0.135 9
4.61335e+06 0.1375 9
3.17033e+06 0.14 9
1.87836e+06 0.1425 9
1.03207e+06 0.145 9
757339 0.1475 9
1.13242e+06 0.15 9
1.73769e+06 0.1525 9
2.44968e+06 0.155 9
3.09139e+06 0.1575 9
3.57515e+06 0.16 9
3.55666e+06 0.1625 9
3.24558e+06 0.165 9
2.68661e+06 0.1675 9
2.08791e+06 0.17 9
1.84973e+06 0.1725 9
1.80457e+06 0.175 9
1.94802e+06 0.1775 9
2.47954e+06 0.18 9
2.90333e+06 0.1825 9
3.06079e+06 0.185 9
2.95917e+06 0.1875 9
2.55676e+06 0.19 9
1.77121e+06 0.1925 9
1.24678e+06 0.195 9
935259 0.1975 9
946068 0.2 9
1.32382e+06 0.2025 9
1.94703e+06 0.205 9
2.66069e+06 0.2075 9
3.47447e+06 0.21 9
4.41833e+06 0.2125 9
5.02362e+06 0.215 9
5.5988e+06 0.2175 9
5.5603e+06 0.22 9
5.39881e+06 0.2225 9
4.94282e+06 0.225 9
4.18535e+06 0.2275 9
3.39581e+06 0.23 9
2.66109e+06 0.2325 9
1.85905e+06 0.235 9
1.29097e+06 0.2375 9
859883 0.24 9
531069 0.2425 9
307143 0.245 9
165771 0.2475 9
79054.2 0.25 9
99293.8 0.2525 9
223740 0.255 9
471466 0.2575 9
756783 0.26 9
1.19655e+06 0.2625 9
1.75298e+06 0.265 9
2.25312e+06 0.2675 9
2.85307e+06 0.27 9
3.29246e+06 0.2725 9
3.49699e+06 0.275 9
3.50726e+06 0.2775 9
3.40338e+06 0.28 9
2.98986e+06 0.2825 9
2.43042e+06 0.285 9
1.77254e+06 0.2875 9
1.29251e+06 0.29 9
998829 0.2925 9
0 0.01 10
0 0.0125 10
0 0.015 10
0 0.0175 10
0 0.02 10
0 0.0225 10
0 0.025 10
0 0.0275 10
0 0.03 10
0 0.0325 10
0 0.035 10
0 0.0375 10
0 0.04 10
0 0.0425 10
0 0.045 10
0 0.0475 10
5778.2 0.05 10
27553.6 0.0525 10
178377 0.055 10
125602 0.0575 10
305841 0.06 10
181351 0.0625 10
283561 0.065 10
568113 0.0675 10
656654 0.07 10
612871 0.0725 10
594596 0.075 10
525049 0.0775 10
395193 0.08 10
420635 0.0825 10
780016 0.085 10
1.16275e+06 0.0875 10
2.10733e+06 0.09 10
2.92446e+06 0.0925 10
3.42971e+06 0.095 10
4.13054e+06 0.0975 10
4.36593e+06 0.1 10
4.56307e+06 0.1025 10
4.91814e+06 0.105 10
5.0577e+06 0.1075 10
4.54796e+06 0.11 10
3.73864e+06 0.1125 10
3.08393e+06 0.115 10
2.37728e+06 0.1175 10
2.14142e+06 0.12 10
1.72499e+06 0.1225 10
1.60606e+06 0.125 10
1.44497e+06 0.1275 10
1.69436e+06 0.13 10
1.6804e+06 0.1325 10
1.90513e+06 0.135 10
2.14411e+06 0.1375 10
2.31642e+06 0.14 10
2.69006e+06 0.1425 10
2.96518e+06 0.145 10
3.30061e+06 0.1475 10
3.4973e+06 0.15 10
3.74802e+06 0.1525 10
3.6949e+06 0.155 10
3.31596e+06 0.1575 10
2.57921e+06 0.16 10
1.81319e+06 0.1625 10
1.45784e+06 0.165 10
1.74034e+06 0.1675 10
2.65829e+06 0.17 10
4.07757e+06 0.1725 10
5.73222e+06 0.175 10
7.21794e+06 0.1775 10
8.11554e+06 0.18 10
8.43236e+06 0.1825 10
8.09474e+06 0.185 10
7.09496e+06 0.1875 10
5.77097e+06 0.19 10
4.33565e+06 0.1925 10
3.01535e+06 0.195 10
2.06205e+06 0.1975 10
1.58477e+06 0.2 10
1.70725e+06 0.2025 10
2.17773e+06 0.205 10
2.76172e+06 0.2075 10
3.3335e+06 0.21 10
3.72894e+06 0.2125 10
3.75736e+06 0.215 10
3.52162e+06 0.2175 10
2.89016e+06 0.22 10
2.11793e+06 0.2225 10
1.59753e+06 0.225 10
1.41112e+06 0.2275 10
1.61021e+06 0.23 10
2.05525e+06 0.2325 10
2.64622e+06 0.235 10
3.0282e+06 0.2375 10
3.10329e+06 0.24 10
2.88443e+06 0.2425 10
2.48103e+06 0.245 10
1.84876e+06 0.2475 10
1.25015e+06 0.25 10
815047 0.2525 10
493642 0.255 10
404366 0.2575 10
408616 0.26 10
459460 0.2625 10
603417 0.265 10
823586 0.2675 10
973346 0.27 10
1.17346e+06 0.2725 10
1.37983e+06 0.275 10
1.47284e+06 0.2775 10
1.45071e+06 0.28 10
1.3208e+06 0.2825 10
1.12277e+06 0.285 10
1.02328e+06 0.2875 10
0 0.01 11
6452.26 0.0125 11
90370.7 0.015 11
244132 0.0175 11
545091 0.02 11
992352 0.0225 11
1.557e+06 0.025 11
2.13962e+06 0.0275 11
2.83094e+06 0.03 11
3.39186e+06 0.0325 11
3.4984e+06 0.035 11
3.20299e+06 0.0375 11
2.51788e+06 0.04 11
1.69045e+06 0.0425 11
927633 0.045 11
392070 0.0475 11
151070 0.05 11
166453 0.0525 11
325055 0.055 11
492937 0.0575 11
569536 0.06 11
522330 0.0625 11
393387 0.065 11
280362 0.0675 11
301801 0.07 11
558961 0.0725 11
1.10491e+06 0.075 11
1.92798e+06 0.0775 11
2.95187e+06 0.08 11
4.04994e+06 0.0825 11
5.06818e+06 0.085 11
5.85086e+06 0.0875 11
6.26542e+06 0.09 11
6.22607e+06 0.0925 11
5.71539e+06 0.095 11
4.80003e+06 0.0975 11
3.63131e+06 0.1 11
2.42091e+06 0.1025 11
1.38994e+06 0.105 11
703703 0.1075 11
418362 0.11 11
474632 0.1125 11
714091 0.115 11
952733 0.1175 11
1.11034e+06 0.12 11
1.16341e+06 0.1225 11
1.15987e+06 0.125 11
1.1561e+06 0.1275 11
1.27605e+06 0.13 11
1.34755e+06 0.1325 11
1.50444e+06 0.135 11
1.7548e+06 0.1375 11
2.26394e+06 0.14 11
2.83496e+06 0.1425 11
3.68661e+06 0.145 11
4.7359e+06 0.1475 11
5.76357e+06 0.15 11
6.42305e+06 0.1525 11
6.38792e+06 0.155 11
6.07727e+06 0.1575 11
5.29693e+06 0.16 11
4.76816e+06 0.1625 11
4.95912e+06 0.165 11
5.62084e+06 0.1675 11
6.52724e+06 0.17 11
7.19937e+06 0.1725 11
6.89966e+06 0.175 11
5.49812e+06 0.1775 11
3.52288e+06 0.18 11
1.94994e+06 0.1825 11
1.37033e+06 0.185 11
1.96092e+06 0.1875 11
3.56683e+06 0.19 11
5.17488e+06 0.1925 11
6.1687e+06 0.195 11
5.95958e+06 0.1975 11
4.89248e+06 0.2 11
3.38823e+06 0.2025 11
2.23717e+06 0.205 11
1.70747e+06 0.2075 11
1.86289e+06 0.21 11
2.32653e+06 0.2125 11
2.49778e+06 0.215 11
2.2816e+06 0.2175 11
1.68185e+06 0.22 11
999555 0.2225 11
508685 0.225 11
602873 0.2275 11
910541 0.23 11
1.40543e+06 0.2325 11
1.74792e+06 0.235 11
1.94453e+06 0.2375 11
1.99418e+06 0.24 11
1.85677e+06 0.2425 11
1.59833e+06 0.245 11
1.43542e+06 0.2475 11
1.30472e+06 0.25 11
1.12814e+06 0.2525 11
937977 0.255 11
766258 0.2575 11
686213 0.26 11
663480 0.2625 11
698368 0.265 11
731406 0.2675 11
690231 0.27 11
598907 0.2725 11
509160 0.275 11
474542 0.2775 11
532770 0.28 11
617525 0.2825 11
213677 0.01 12
585549 0.0125 12
1.30452e+06 0.015 12
2.36544e+06 0.0175 12
3.3857e+06 0.02 12
4.12286e+06 0.0225 12
4.16021e+06 0.025 12
3.37486e+06 0.0275 12
2.02359e+06 0.03 12
695852 0.0325 12
75872 0.035 12
617715 0.0375 12
2.29777e+06 0.04 12
4.57954e+06 0.0425 12
6.62081e+06 0.045 12
7.6304e+06 0.0475 12
7.20834e+06 0.05 12
5.51555e+06 0.0525 12
3.20562e+06 0.055 12
1.16242e+06 0.0575 12
165527 0.06 12
620843 0.0625 12
2.44823e+06 0.065 12
5.1446e+06 0.0675 12
7.97546e+06 0.07 12
1.0214e+07 0.0725 12
1.13471e+07 0.075 12
1.11923e+07 0.0775 12
9.90553e+06 0.08 12
7.89165e+06 0.0825 12
5.65718e+06 0.085 12
3.65679e+06 0.0875 12
2.18105e+06 0.09 12
1.31434e+06 0.0925 12
963878 0.095 12
936168 0.0975 12
1.02579e+06 0.1 12
1.08559e+06 0.1025 12
1.0619e+06 0.105 12
993278 0.1075 12
979601 0.11 12
1.13165e+06 0.1125 12
1.51379e+06 0.115 12
2.10113e+06 0.1175 12
2.75218e+06 0.12 12
3.27796e+06 0.1225 12
3.5104e+06 0.125 12
3.36699e+06 0.1275 12
2.91536e+06 0.13 12
2.43302e+06 0.1325 12
2.0823e+06 0.135 12
2.12248e+06 0.1375 12
2.52377e+06 0.14 12
3.00119e+06 0.1425 12
3.29652e+06 0.145 12
3.1649e+06 0.1475 12
2.80256e+06 0.15 12
2.47979e+06 0.1525 12
2.90915e+06 0.155 12
4.13955e+06 0.1575 12
5.85067e+06 0.16 12
7.44203e+06 0.1625 12
8.22508e+06 0.165 12
7.70741e+06 0.1675 12
5.92649e+06 0.17 12
3.64015e+06 0.1725 12
1.72052e+06 0.175 12
766650 0.1775 12
807583 0.18 12
1.43232e+06 0.1825 12
2.30911e+06 0.185 12
2.72648e+06 0.1875 12
2.71752e+06 0.19 12
2.45269e+06 0.1925 12
2.28094e+06 0.195 12
2.30537e+06 0.1975 12
2.52858e+06 0.2 12
3.14964e+06 0.2025 12
3.26638e+06 0.205 12
3.11121e+06 0.2075 12
2.51963e+06 0.21 12
1.7834e+06 0.2125 12
1.347e+06 0.215 12
1.50954e+06 0.2175 12
1.92037e+06 0.22 12
2.32767e+06 0.2225 12
2.54931e+06 0.225 12
2.27245e+06 0.2275 12
1.72824e+06 0.23 12
1.03838e+06 0.2325 12
575306 0.235 12
423450 0.2375 12
496173 0.24 12
706560 0.2425 12
928825 0.245 12
895812 0.2475 12
818343 0.25 12
767373 0.2525 12
853466 0.255 12
1.03258e+06 0.2575 12
1.18344e+06 0.26 12
1.2895e+06 0.2625 12
1.42505e+06 0.265 12
1.46491e+06 0.2675 12
1.46722e+06 0.27 12
1.44356e+06 0.2725 12
1.41176e+06 0.275 12
0 0.01 13
0 0.0125 13
0 0.015 13
0 0.0175 13
0 0.02 13
0 0.0225 13
0 0.025 13
0 0.0275 13
0 0.03 13
0 0.0325 13
0 0.035 13
0 0.0375 13
0 0.04 13
769.256 0.0425 13
48781.3 0.045 13
355100 0.0475 13
558581 0.05 13
755545 0.0525 13
1.09316e+06 0.055 13
1.85787e+06 0.0575 13
2.60756e+06 0.06 13
2.98541e+06 0.0625 13
3.12531e+06 0.065 13
3.34002e+06 0.0675 13
2.97574e+06 0.07 13
2.53074e+06 0.0725 13
2.43519e+06 0.075 13
2.59512e+06 0.0775 13
2.99677e+06 0.08 13
3.27085e+06 0.0825 13
4.22276e+06 0.085 13
4.8906e+06 0.0875 13
4.99968e+06 0.09 13
5.24898e+06 0.0925 13
4.77781e+06 0.095 13
4.14704e+06 0.0975 13
3.27421e+06 0.1 13
2.48604e+06 0.1025 13
1.84908e+06 0.105 13
1.78596e+06 0.1075 13
1.98262e+06 0.11 13
2.06727e+06 0.1125 13
2.02836e+06 0.115 13
1.83002e+06 0.1175 13
1.64807e+06 0.12 13
1.75337e+06 0.1225 13
1.68493e+06 0.125 13
1.76505e+06 0.1275 13
1.76655e+06 0.13 13
1.22781e+06 0.1325 13
849436 0.135 13
603584 0.1375 13
676445 0.14 13
1.55475e+06 0.1425 13
2.84684e+06 0.145 13
4.55996e+06 0.1475 13
6.55568e+06 0.15 13
7.78762e+06 0.1525 13
8.61297e+06 0.155 13
8.98622e+06 0.1575 13
8.98663e+06 0.16 13
8.53618e+06 0.1625 13
8.12261e+06 0.165 13
7.7019e+06 0.1675 13
7.14245e+06 0.17 13
6.58325e+06 0.1725 13
5.98371e+06 0.175 13
5.37515e+06 0.1775 13
4.73032e+06 0.18 13
4.18034e+06 0.1825 13
3.71429e+06 0.185 13
3.38524e+06 0.1875 13
3.0129e+06 0.19 13
2.79807e+06 0.1925 13
2.64706e+06 0.195 13
2.65255e+06 0.1975 13
2.61262e+06 0.2 13
2.57064e+06 0.2025 13
2.35498e+06 0.205 13
2.00926e+06 0.2075 13
1.55341e+06 0.21 13
1.25156e+06 0.2125 13
1.10717e+06 0.215 13
1.23788e+06 0.2175 13
1.58009e+06 0.22 13
1.92498e+06 0.2225 13
2.02065e+06 0.225 13
1.77203e+06 0.2275 13
1.33091e+06 0.23 13
860985 0.2325 13
784259 0.235 13
1.06997e+06 0.2375 13
1.53332e+06 0.24 13
1.90301e+06 0.2425 13
2.12906e+06 0.245 13
1.95304e+06 0.2475 13
1.52644e+06 0.25 13
1.07719e+06 0.2525 13
816495 0.255 13
900946 0.2575 13
1.18659e+06 0.26 13
1.52854e+06 0.2625 13
1.69749e+06 0.265 13
1.58579e+06 0.2675 13
0 0.02 14
0 0.0225 14
0 0.025 14
0 0.0275 14
0 0.03 14
0 0.0325 14
0 0.035 14
0 0.0375 14
0 0.04 14
721.773 0.0425 14
24375.1 0.045 14
20954.2 0.0475 14
246898 0.05 14
470645 0.0525 14
667760 0.055 14
858650 0.0575 14
1.11988e+06 0.06 14
1.40362e+06 0.0625 14
1.71948e+06 0.065 14
1.68923e+06 0.0675 14
1.95122e+06 0.07 14
1.8525e+06 0.0725 14
1.71799e+06 0.075 14
1.71588e+06 0.0775 14
1.81292e+06 0.08 14
1.95753e+06 0.0825 14
2.17576e+06 0.085 14
3.10669e+06 0.0875 14
3.7797e+06 0.09 14
4.37498e+06 0.0925 14
4.71401e+06 0.095 14
5.49017e+06 0.0975 14
6.17576e+06 0.1 14
6.25545e+06 0.1025 14
7.04915e+06 0.105 14
6.83116e+06 0.1075 14
6.66955e+06 0.11 14
6.00396e+06 0.1125 14
5.18009e+06 0.115 14
3.78521e+06 0.1175 14
2.79939e+06 0.12 14
2.21374e+06 0.1225 14
2.18453e+06 0.125 14
2.9612e+06 0.1275 14
4.07282e+06 0.13 14
5.95937e+06 0.1325 14
6.84422e+06 0.135 14
6.5925e+06 0.1375 14
6.07146e+06 0.14 14
5.00719e+06 0.1425 14
3.52025e+06 0.145 14
2.48021e+06 0.1475 14
1.84495e+06 0.15 14
1.52436e+06 0.1525 14
1.61157e+06 0.155 14
1.87907e+06 0.1575 14
2.00634e+06 0.16 14
2.02063e+06 0.1625 14
1.65828e+06 0.165 14
1.34761e+06 0.1675 14
1.21707e+06 0.17 14
1.31269e+06 0.1725 14
1.65086e+06 0.175 14
2.0852e+06 0.1775 14
2.37762e+06 0.18 14
2.40317e+06 0.1825 14
2.13238e+06 0.185 14
1.73846e+06 0.1875 14
1.21428e+06 0.19 14
761443 0.1925 14
426018 0.195 14
295562 0.1975 14
335651 0.2 14
471916 0.2025 14
669818 0.205 14
810794 0.2075 14
924125 0.21 14
1.04477e+06 0.2125 14
1.11554e+06 0.215 14
1.20231e+06 0.2175 14
1.34141e+06 0.22 14
1.60471e+06 0.2225 14
1.64632e+06 0.225 14
1.72721e+06 0.2275 14
1.71317e+06 0.23 14
1.65556e+06 0.2325 14
1.55716e+06 0.235 14
1.49165e+06 0.2375 14
1.40924e+06 0.24 14
1.25318e+06 0.2425 14
1.18344e+06 0.245 14
1.14375e+06 0.2475 14
1.10002e+06 0.25 14
1.13986e+06 0.2525 14
1.16558e+06 0.255 14
1.14133e+06 0.2575 14
1.3295e+06 0.0125 15
2.97213e+06 0.015 15
5.77972e+06 0.0175 15
9.36645e+06 0.02 15
1.30723e+07 0.0225 15
1.59927e+07 0.025 15
1.72817e+07 0.0275 15
1.6513e+07 0.03 15
1.38694e+07 0.0325 15
1.00776e+07 0.035 15
6.12513e+06 0.0375 15
2.89935e+06 0.04 15
915177 0.0425 15
233436 0.045 15
564870 0.0475 15
1.46842e+06 0.05 15
2.53157e+06 0.0525 15
3.46391e+06 0.055 15
4.10323e+06 0.0575 15
4.38014e+06 0.06 15
4.28853e+06 0.0625 15
3.87816e+06 0.065 15
3.25252e+06 0.0675 15
2.5481e+06 0.07 15
1.89096e+06 0.0725 15
1.35314e+06 0.075 15
939625 0.0775 15
617650 0.08 15
368549 0.0825 15
222735 0.085 15
248179 0.0875 15
496030 0.09 15
940225 0.0925 15
1.45652e+06 0.095 15
1.86278e+06 0.0975 15
2.00205e+06 0.1 15
1.82074e+06 0.1025 15
1.39522e+06 0.105 15
891766 0.1075 15
484031 0.11 15
275380 0.1125 15
265890 0.115 15
378114 0.1175 15
509239 0.12 15
568220 0.1225 15
544222 0.125 15
592387 0.1275 15
488133 0.13 15
662819 0.1325 15
798421 0.135 15
977620 0.1375 15
1.45795e+06 0.14 15
2.04166e+06 0.1425 15
2.55812e+06 0.145 15
3.17904e+06 0.1475 15
3.03028e+06 0.15 15
2.62937e+06 0.1525 15
2.03309e+06 0.155 15
1.32927e+06 0.1575 15
842056 0.16 15
864253 0.1625 15
1.34241e+06 0.165 15
2.13177e+06 0.1675 15
2.71181e+06 0.17 15
3.22681e+06 0.1725 15
3.41363e+06 0.175 15
3.22971e+06 0.1775 15
2.93655e+06 0.18 15
2.59153e+06 0.1825 15
2.03615e+06 0.185 15
1.6221e+06 0.1875 15
1.21178e+06 0.19 15
874438 0.1925 15
551510 0.195 15
448136 0.1975 15
652837 0.2 15
1.08241e+06 0.2025 15
1.39643e+06 0.205 15
1.7604e+06 0.2075 15
1.83844e+06 0.21 15
1.65549e+06 0.2125 15
1.34146e+06 0.215 15
908106 0.2175 15
706080 0.22 15
583431 0.2225 15
697203 0.225 15
865672 0.2275 15
901987 0.23 15
870912 0.2325 15
740587 0.235 15
595523 0.2375 15
480308 0.24 15
506392 0.2425 15
576247 0.245 15
687148 0.2475 15
0 0.0025 16
0 0.005 16
0 0.0075 16
0 0.01 16
20815.8 0.0125 16
145772 0.015 16
696946 0.0175 16
1.93566e+06 0.02 16
4.22707e+06 0.0225 16
7.41531e+06 0.025 16
1.14834e+07 0.0275 16
1.53995e+07 0.03 16
1.98093e+07 0.0325 16
2.31124e+07 0.035 16
2.46502e+07 0.0375 16
2.41882e+07 0.04 16
2.1879e+07 0.0425 16
1.82152e+07 0.045 16
1.39062e+07 0.0475 16
9.67414e+06 0.05 16
6.07994e+06 0.0525 16
3.42794e+06 0.055 16
1.76151e+06 0.0575 16
925609 0.06 16
659708 0.0625 16
687809 0.065 16
786080 0.0675 16
820318 0.07 16
752332 0.0725 16
618343 0.075 16
487834 0.0775 16
418039 0.08 16
422810 0.0825 16
469534 0.085 16
504064 0.0875 16
487897 0.09 16
424409 0.0925 16
357528 0.095 16
343798 0.0975 16
416037 0.1 16
562183 0.1025 16
732520 0.105 16
869304 0.1075 16
938103 0.11 16
947329 0.1125 16
911563 0.115 16
879314 0.1175 16
823816 0.12 16
758718 0.1225 16
674265 0.125 16
475346 0.1275 16
404851 0.13 16
543753 0.1325 16
714297 0.135 16
805540 0.1375 16
1.07424e+06 0.14 16
1.27105e+06 0.1425 16
1.34712e+06 0.145 16
1.4145e+06 0.1475 16
1.53918e+06 0.15 16
1.68987e+06 0.1525 16
1.62332e+06 0.155 16
1.7954e+06 0.1575 16
1.82475e+06 0.16 16
1.80719e+06 0.1625 16
1.60802e+06 0.165 16
1.52203e+06 0.1675 16
1.56007e+06 0.17 16
1.78086e+06 0.1725 16
2.09325e+06 0.175 16
2.33177e+06 0.1775 16
2.49629e+06 0.18 16
2.53159e+06 0.1825 16
2.19796e+06 0.185 16
2.0167e+06 0.1875 16
1.91363e+06 0.19 16
2.11101e+06 0.1925 16
2.41859e+06 0.195 16
2.41449e+06 0.1975 16
2.42531e+06 0.2 16
2.16664e+06 0.2025 16
1.73071e+06 0.205 16
1.2373e+06 0.2075 16
908319 0.21 16
707724 0.2125 16
592343 0.215 16
654292 0.2175 16
768645 0.22 16
833386 0.2225 16
958769 0.225 16
990361 0.2275 16
1.04365e+06 0.23 16
916612 0.2325 16
812971 0.235 16
621559 0.2375 16
0 0.0025 17
0 0.005 17
0 0.0075 17
0 0.01 17
0 0.0125 17
0 0.015 17
0 0.0175 17
0 0.02 17
0 0.0225 17
0 0.025 17
0 0.0275 17
0 0.03 17
0 0.0325 17
0 0.035 17
0 0.0375 17
0 0.04 17
0 0.0425 17
0 0.045 17
0 0.0475 17
6602.93 0.05 17
18060.7 0.0525 17
64662.9 0.055 17
101049 0.0575 17
355000 0.06 17
530809 0.0625 17
1.14722e+06 0.065 17
1.76841e+06 0.0675 17
2.68891e+06 0.07 17
3.93854e+06 0.0725 17
5.23568e+06 0.075 17
6.40033e+06 0.0775 17
8.01012e+06 0.08 17
8.99242e+06 0.0825 17
8.81547e+06 0.085 17
9.26154e+06 0.0875 17
8.48893e+06 0.09 17
7.64551e+06 0.0925 17
6.70453e+06 0.095 17
5.35334e+06 0.0975 17
4.42441e+06 0.1 17
3.07038e+06 0.1025 17
2.05329e+06 0.105 17
1.34538e+06 0.1075 17
793375 0.11 17
516286 0.1125 17
497027 0.115 17
598005 0.1175 17
967893 0.12 17
1.40054e+06 0.1225 17
1.98269e+06 0.125 17
2.34084e+06 0.1275 17
2.70683e+06 0.13 17
2.62592e+06 0.1325 17
2.34719e+06 0.135 17
1.92319e+06 0.1375 17
1.48039e+06 0.14 17
1.06726e+06 0.1425 17
582401 0.145 17
432362 0.1475 17
349687 0.15 17
365726 0.1525 17
484481 0.155 17
489975 0.1575 17
606193 0.16 17
624712 0.1625 17
589881 0.165 17
495183 0.1675 17
318704 0.17 17
275232 0.1725 17
368522 0.175 17
617739 0.1775 17
1.00772e+06 0.18 17
1.47015e+06 0.1825 17
1.88344e+06 0.185 17
2.15516e+06 0.1875 17
2.18548e+06 0.19 17
2.05048e+06 0.1925 17
1.81117e+06 0.195 17
1.52893e+06 0.1975 17
1.26675e+06 0.2 17
1.05315e+06 0.2025 17
870491 0.205 17
706432 0.2075 17
537248 0.21 17
407035 0.2125 17
307557 0.215 17
235527 0.2175 17
249233 0.22 17
288308 0.2225 17
332561 0.225 17
0 0.0025 18
0 0.005 18
0 0.0075 18
0 0.01 18
0 0.0125 18
0 0.015 18
0 0.0175 18
0 0.02 18
0 0.0225 18
0 0.025 18
0 0.0275 18
0 0.03 18
0 0.0325 18
0 0.035 18
4397.98 0.0375 18
71616.8 0.04 18
66203.6 0.0425 18
125083 0.045 18
200769 0.0475 18
242237 0.05 18
434475 0.0525 18
507504 0.055 18
629818 0.0575 18
558007 0.06 18
408721 0.0625 18
233313 0.065 18
46436.4 0.0675 18
25330.3 0.07 18
80842.9 0.0725 18
202664 0.075 18
350615 0.0775 18
441858 0.08 18
511765 0.0825 18
531819 0.085 18
425708 0.0875 18
308887 0.09 18
267730 0.0925 18
284099 0.095 18
422516 0.0975 18
634912 0.1 18
1.07275e+06 0.1025 18
1.71953e+06 0.105 18
2.59405e+06 0.1075 18
3.52227e+06 0.11 18
4.30895e+06 0.1125 18
5.11611e+06 0.115 18
5.58024e+06 0.1175 18
5.79136e+06 0.12 18
5.49025e+06 0.1225 18
5.14531e+06 0.125 18
4.83644e+06 0.1275 18
4.69531e+06 0.13 18
4.33688e+06 0.1325 18
4.38168e+06 0.135 18
3.87586e+06 0.1375 18
3.15032e+06 0.14 18
2.75103e+06 0.1425 18
2.14636e+06 0.145 18
1.75831e+06 0.1475 18
1.53458e+06 0.15 18
1.78884e+06 0.1525 18
2.20538e+06 0.155 18
2.46878e+06 0.1575 18
2.46884e+06 0.16 18
2.21507e+06 0.1625 18
1.73248e+06 0.165 18
1.19564e+06 0.1675 18
741760 0.17 18
461171 0.1725 18
369269 0.175 18
378332 0.1775 18
440248 0.18 18
553387 0.1825 18
672875 0.185 18
804558 0.1875 18
916465 0.19 18
969027 0.1925 18
964563 0.195 18
919672 0.1975 18
888473 0.2 18
857671 0.2025 18
840734 0.205 18
770163 0.2075 18
692708 0.21 18
557321 0.2125 18
162.03 0.0025 19
2249.02 0.005 19
9014.91 0.0075 19
20853.7 0.01 19
35769.5 0.0125 19
54210.3 0.015 19
83916.4 0.0175 19
137666 0.02 19
222194 0.0225 19
326111 0.025 19
419670 0.0275 19
473370 0.03 19
487702 0.0325 19
513534 0.035 19
643131 0.0375 19
968198 0.04 19
1.52423e+06 0.0425 19
2.25362e+06 0.045 19
3.01283e+06 0.0475 19
3.62444e+06 0.05 19
3.94808e+06 0.0525 19
3.93356e+06 0.055 19
3.63046e+06 0.0575 19
3.1545e+06 0.06 19
2.63326e+06 0.0625 19
2.16036e+06 0.065 19
1.77577e+06 0.0675 19
1.47196e+06 0.07 19
1.21497e+06 0.0725 19
969330 0.075 19
722576 0.0775 19
506799 0.08 19
409454 0.0825 19
559107 0.085 19
1.07614e+06 0.0875 19
1.99794e+06 0.09 19
3.21297e+06 0.0925 19
4.4495e+06 0.095 19
5.34656e+06 0.0975 19
5.59188e+06 0.1 19
5.06661e+06 0.1025 19
3.91995e+06 0.105 19
2.52509e+06 0.1075 19
1.32823e+06 0.11 19
661612 0.1125 19
613421 0.115 19
1.0167e+06 0.1175 19
1.5554e+06 0.12 19
1.92631e+06 0.1225 19
1.96106e+06 0.125 19
1.68065e+06 0.1275 19
1.23486e+06 0.13 19
804200 0.1325 19
519758 0.135 19
437330 0.1375 19
520457 0.14 19
631620 0.1425 19
793137 0.145 19
968182 0.1475 19
996056 0.15 19
890576 0.1525 19
758512 0.155 19
719781 0.1575 19
627293 0.16 19
819165 0.1625 19
1.15502e+06 0.165 19
1.4875e+06 0.1675 19
1.74661e+06 0.17 19
2.02288e+06 0.1725 19
2.04466e+06 0.175 19
1.7602e+06 0.1775 19
1.53535e+06 0.18 19
1.33618e+06 0.1825 19
1.20533e+06 0.185 19
1.27536e+06 0.1875 19
1.27893e+06 0.19 19
1.28208e+06 0.1925 19
1.17529e+06 0.195 19
1.03691e+06 0.1975 19
0 0.0025 20
0 0.005 20
0 0.0075 20
0 0.01 20
0 0.0125 20
0 0.015 20
342.429 0.0175 20
15281.9 0.02 20
11775.5 0.0225 20
45968.9 0.025 20
40360.6 0.0275 20
66753.1 0.03 20
125280 0.0325 20
157895 0.035 20
240319 0.0375 20
360657 0.04 20
321704 0.0425 20
355172 0.045 20
337936 0.0475 20
329129 0.05 20
275945 0.0525 20
222308 0.055 20
226209 0.0575 20
255382 0.06 20
288056 0.0625 20
306575 0.065 20
316654 0.0675 20
356920 0.07 20
489108 0.0725 20
768862 0.075 20
1.20919e+06 0.0775 20
1.75596e+06 0.08 20
2.29199e+06 0.0825 20
2.6732e+06 0.085 20
2.78316e+06 0.0875 20
2.58104e+06 0.09 20
2.11935e+06 0.0925 20
1.5224e+06 0.095 20
936179 0.0975 20
474118 0.1 20
183997 0.1025 20
47946.3 0.105 20
11238.9 0.1075 20
18984.3 0.11 20
16535.1 0.1125 20
12776.1 0.115 20
17398.4 0.1175 20
30174.8 0.12 20
71047.3 0.1225 20
166580 0.125 20
305172 0.1275 20
481284 0.13 20
703740 0.1325 20
895525 0.135 20
1.00631e+06 0.1375 20
1.06281e+06 0.14 20
984541 0.1425 20
750012 0.145 20
511179 0.1475 20
344546 0.15 20
301052 0.1525 20
390743 0.155 20
539741 0.1575 20
718917 0.16 20
1.03549e+06 0.1625 20
1.31829e+06 0.165 20
1.53764e+06 0.1675 20
1.68699e+06 0.17 20
1.77044e+06 0.1725 20
1.72706e+06 0.175 20
1.5489e+06 0.1775 20
0 0.0025 21
0 0.005 21
0 0.0075 21
0 0.01 21
0 0.0125 21
0 0.015 21
0 0.0175 21
0 0.02 21
0 0.0225 21
0 0.025 21
0 0.0275 21
0 0.03 21
0 0.0325 21
0 0.035 21
0 0.0375 21
0 0.04 21
0 0.0425 21
0 0.045 21
0 0.0475 21
0 0.05 21
0 0.0525 21
1785.45 0.055 21
21881.1 0.0575 21
13163.4 0.06 21
38935.5 0.0625 21
81166.7 0.065 21
149478 0.0675 21
210391 0.07 21
283849 0.0725 21
342415 0.075 21
312430 0.0775 21
393887 0.08 21
511720 0.0825 21
684663 0.085 21
615312 0.0875 21
560679 0.09 21
408498 0.0925 21
325425 0.095 21
303061 0.0975 21
220961 0.1 21
139582 0.1025 21
232871 0.105 21
441706 0.1075 21
508108 0.11 21
541495 0.1125 21
555882 0.115 21
539977 0.1175 21
398481 0.12 21
264627 0.1225 21
188708 0.125 21
190791 0.1275 21
200433 0.13 21
225099 0.1325 21
285179 0.135 21
345668 0.1375 21
368745 0.14 21
541950 0.1425 21
711808 0.145 21
973863 0.1475 21
1.17817e+06 0.15 21
1.36642e+06 0.1525 21
1.51389e+06 0.155 21
1.50713e+06 0.1575 21
1.46571e+06 0.16 21
0 0.0025 22
0 0.005 22
0 0.0075 22
0 0.01 22
0 0.0125 22
0 0.015 22
0 0.0175 22
0 0.02 22
0 0.0225 22
0 0.025 22
0 0.0275 22
0 0.03 22
915.214 0.0325 22
17339.7 0.035 22
28087.9 0.0375 22
37124.2 0.04 22
29153.6 0.0425 22
47264 0.045 22
37394.9 0.0475 22
97115.7 0.05 22
84964.3 0.0525 22
132147 0.055 22
108622 0.0575 22
90767.6 0.06 22
84911.9 0.0625 22
66710 0.065 22
63704.6 0.0675 22
55312.7 0.07 22
52900.2 0.0725 22
47433 0.075 22
43999.5 0.0775 22
61186.1 0.08 22
103555 0.0825 22
212376 0.085 22
301798 0.0875 22
383909 0.09 22
408583 0.0925 22
340080 0.095 22
211083 0.0975 22
93979 0.1 22
112705 0.1025 22
360374 0.105 22
735331 0.1075 22
1.32487e+06 0.11 22
1.98535e+06 0.1125 22
2.55161e+06 0.115 22
2.86384e+06 0.1175 22
2.92468e+06 0.12 22
2.62029e+06 0.1225 22
2.07189e+06 0.125 22
1.40843e+06 0.1275 22
786133 0.13 22
388319 0.1325 22
234557 0.135 22
377113 0.1375 22
40832.2 0.0025 23
164590 0.005 23
374637 0.0075 23
675069 0.01 23
1.06814e+06 0.0125 23
1.55025e+06 0.015 23
2.10657e+06 0.0175 23
2.70506e+06 0.02 23
3.29187e+06 0.0225 23
3.79128e+06 0.025 23
4.11384e+06 0.0275 23
4.17524e+06 0.03 23
3.9239e+06 0.0325 23
3.36952e+06 0.035 23
2.59962e+06 0.0375 23
1.77109e+06 0.04 23
1.07132e+06 0.0425 23
657197 0.045 23
594307 0.0475 23
824636 0.05 23
1.18294e+06 0.0525 23
1.46135e+06 0.055 23
1.49737e+06 0.0575 23
1.24538e+06 0.06 23
796303 0.0625 23
333506 0.065 23
44877.2 0.0675 23
34108.4 0.07 23
275509 0.0725 23
634380 0.075 23
940630 0.0775 23
1.07561e+06 0.08 23
1.02616e+06 0.0825 23
879080 0.085 23
762077 0.0875 23
766405 0.09 23
894592 0.0925 23
1.06123e+06 0.095 23
1.14435e+06 0.0975 23
1.05711e+06 0.1 23
799391 0.1025 23
