2.84351e+07 0.085 0
1.71586e+07 0.0875 0
6.32041e+06 0.09 0
550701 0.0925 0
771613 0.095 0
4.41663e+06 0.0975 0
7.66282e+06 0.1 0
7.98119e+06 0.1025 0
5.40465e+06 0.105 0
1.9787e+06 0.1075 0
70371.4 0.11 0
788319 0.1125 0
3.46578e+06 0.115 0
6.32647e+06 0.1175 0
7.7069e+06 0.12 0
6.99268e+06 0.1225 0
4.76881e+06 0.125 0
2.25906e+06 0.1275 0
534925 0.13 0
38.5269 0.1325 0
376144 0.135 0
1.04469e+06 0.1375 0
1.48526e+06 0.14 0
1.51971e+06 0.1425 0
1.2636e+06 0.145 0
886432 0.1475 0
539313 0.15 0
346252 0.1525 0
358012 0.155 0
436456 0.1575 0
567678 0.16 0
816927 0.1625 0
1.04129e+06 0.165 0
1.26108e+06 0.1675 0
1.4401e+06 0.17 0
1.42142e+06 0.1725 0
1.35437e+06 0.175 0
990573 0.1775 0
618740 0.18 0
315467 0.1825 0
87945.5 0.185 0
101851 0.1875 0
219154 0.19 0
413970 0.1925 0
684370 0.195 0
982571 0.1975 0
1.22636e+06 0.2 0
1.44209e+06 0.2025 0
1.64747e+06 0.205 0
1.78537e+06 0.2075 0
1.7208e+06 0.21 0
1.64156e+06 0.2125 0
1.52708e+06 0.215 0
1.29704e+06 0.2175 0
926600 0.22 0
670331 0.2225 0
460244 0.225 0
380847 0.2275 0
405406 0.23 0
481655 0.2325 0
521413 0.235 0
580573 0.2375 0
575507 0.24 0
557788 0.2425 0
459954 0.245 0
325997 0.2475 0
235122 0.25 0
163720 0.2525 0
217518 0.255 0
334364 0.2575 0
457987 0.26 0
485447 0.2625 0
544690 0.265 0
461572 0.2675 0
389667 0.27 0
230162 0.2725 0
116111 0.275 0
34024.8 0.2775 0
4319.46 0.28 0
23352.9 0.2825 0
63927.1 0.285 0
111648 0.2875 0
141677 0.29 0
111857 0.2925 0
77193.1 0.295 0
42015.2 0.2975 0
20848.5 0.3 0
13600.8 0.3025 0
28608.6 0.305 0
59965.7 0.3075 0
85538.1 0.31 0
132099 0.3125 0
185046 0.315 0
261836 0.085 1
1.53254e+06 0.0875 1
3.87418e+06 0.09 1
7.72403e+06 0.0925 1
1.13321e+07 0.095 1
1.50246e+07 0.0975 1
1.77892e+07 0.1 1
1.86375e+07 0.1025 1
1.78926e+07 0.105 1
1.60194e+07 0.1075 1
1.36567e+07 0.11 1
1.10838e+07 0.1125 1
9.51695e+06 0.115 1
8.47433e+06 0.1175 1
7.80421e+06 0.12 1
7.21348e+06 0.1225 1
6.82339e+06 0.125 1
5.99372e+06 0.1275 1
4.67043e+06 0.13 1
3.69454e+06 0.1325 1
2.72787e+06 0.135 1
2.09584e+06 0.1375 1
1.60286e+06 0.14 1
1.46587e+06 0.1425 1
1.44684e+06 0.145 1
1.48694e+06 0.1475 1
1.4941e+06 0.15 1
1.37356e+06 0.1525 1
1.37835e+06 0.155 1
1.3976e+06 0.1575 1
1.3721e+06 0.16 1
1.30926e+06 0.1625 1
1.11682e+06 0.165 1
904771 0.1675 1
655324 0.17 1
397997 0.1725 1
221920 0.175 1
123320 0.1775 1
124318 0.18 1
252144 0.1825 1
486345 0.185 1
674999 0.1875 1
824349 0.19 1
921003 0.1925 1
1.00172e+06 0.195 1
1.13445e+06 0.1975 1
1.33993e+06 0.2 1
1.58163e+06 0.2025 1
1.87131e+06 0.205 1
2.02471e+06 0.2075 1
2.06066e+06 0.21 1
1.89646e+06 0.2125 1
1.59894e+06 0.215 1
1.2619e+06 0.2175 1
930214 0.22 1
687842 0.2225 1
589858 0.225 1
599317 0.2275 1
595024 0.23 1
679858 0.2325 1
810640 0.235 1
961421 0.2375 1
1.09896e+06 0.24 1
1.19513e+06 0.2425 1
1.21912e+06 0.245 1
1.19928e+06 0.2475 1
1.10161e+06 0.25 1
952581 0.2525 1
781362 0.255 1
629561 0.2575 1
574772 0.26 1
522603 0.2625 1
615270 0.265 1
865667 0.2675 1
1.16667e+06 0.27 1
1.44356e+06 0.2725 1
1.63837e+06 0.275 1
1.73533e+06 0.2775 1
1.65062e+06 0.28 1
1.45756e+06 0.2825 1
1.14173e+06 0.285 1
901394 0.2875 1
794073 0.29 1
712235 0.2925 1
763537 0.295 1
861444 0.2975 1
944661 0.3 1
922887 0.3025 1
819959 0.305 1
640245 0.3075 1
445348 0.31 1
261066 0.3125 1
131789 0.315 1
2.5135e+07 0.0825 2
2.63648e+07 0.085 2
2.86416e+07 0.0875 2
3.12325e+07 0.09 2
3.29434e+07 0.0925 2
3.27431e+07 0.095 2
3.03348e+07 0.0975 2
2.63414e+07 0.1 2
2.19872e+07 0.1025 2
1.84568e+07 0.105 2
1.63128e+07 0.1075 2
1.52538e+07 0.11 2
1.44483e+07 0.1125 2
1.3057e+07 0.115 2
1.08277e+07 0.1175 2
7.99336e+06 0.12 2
5.19029e+06 0.1225 2
3.64881e+06 0.125 2
2.54364e+06 0.1275 2
2.50003e+06 0.13 2
2.79964e+06 0.1325 2
2.98618e+06 0.135 2
2.47509e+06 0.1375 2
2.18239e+06 0.14 2
1.82435e+06 0.1425 2
1.8745e+06 0.145 2
1.9498e+06 0.1475 2
2.26673e+06 0.15 2
2.14529e+06 0.1525 2
1.70747e+06 0.155 2
1.10498e+06 0.1575 2
594092 0.16 2
470990 0.1625 2
628027 0.165 2
1.15976e+06 0.1675 2
1.80847e+06 0.17 2
2.27046e+06 0.1725 2
2.37703e+06 0.175 2
2.25277e+06 0.1775 2
1.99841e+06 0.18 2
1.53308e+06 0.1825 2
986239 0.185 2
710385 0.1875 2
492821 0.19 2
352811 0.1925 2
336731 0.195 2
386096 0.1975 2
475434 0.2 2
574196 0.2025 2
526807 0.205 2
559727 0.2075 2
526848 0.21 2
521421 0.2125 2
545516 0.215 2
553707 0.2175 2
514679 0.22 2
501566 0.2225 2
476247 0.225 2
408822 0.2275 2
349735 0.23 2
374081 0.2325 2
468330 0.235 2
577002 0.2375 2
770851 0.24 2
952778 0.2425 2
1.12024e+06 0.245 2
1.24104e+06 0.2475 2
1.21508e+06 0.25 2
1.05478e+06 0.2525 2
880750 0.255 2
642497 0.2575 2
437353 0.26 2
302214 0.2625 2
216414 0.265 2
175260 0.2675 2
192941 0.27 2
269601 0.2725 2
416256 0.275 2
554843 0.2775 2
745941 0.28 2
849334 0.2825 2
919336 0.285 2
996782 0.2875 2
1.06476e+06 0.29 2
1.10618e+06 0.2925 2
1.14697e+06 0.295 2
1.29717e+06 0.2975 2
1.29983e+06 0.3 2
1.31779e+06 0.3025 2
1.26278e+06 0.305 2
1.21095e+06 0.3075 2
1.14315e+06 0.31 2
1.00569e+06 0.3125 2
861099 0.315 2
6.58436e+07 0.08 3
3.9354e+07 0.0825 3
2.02374e+07 0.085 3
1.03928e+07 0.0875 3
8.01269e+06 0.09 3
9.28209e+06 0.0925 3
1.05547e+07 0.095 3
9.88335e+06 0.0975 3
7.32093e+06 0.1 3
4.15189e+06 0.1025 3
1.73193e+06 0.105 3
650629 0.1075 3
626345 0.11 3
918173 0.1125 3
944403 0.115 3
739189 0.1175 3
596752 0.12 3
991952 0.1225 3
2.1608e+06 0.125 3
3.69385e+06 0.1275 3
5.12115e+06 0.13 3
5.78999e+06 0.1325 3
5.6151e+06 0.135 3
4.67196e+06 0.1375 3
3.46834e+06 0.14 3
2.16586e+06 0.1425 3
1.25157e+06 0.145 3
782969 0.1475 3
688005 0.15 3
896508 0.1525 3
1.25905e+06 0.155 3
1.75252e+06 0.1575 3
2.1213e+06 0.16 3
2.35738e+06 0.1625 3
2.54864e+06 0.165 3
2.48437e+06 0.1675 3
2.37538e+06 0.17 3
2.30357e+06 0.1725 3
2.04962e+06 0.175 3
1.67163e+06 0.1775 3
1.38118e+06 0.18 3
1.05197e+06 0.1825 3
788132 0.185 3
617264 0.1875 3
596315 0.19 3
836463 0.1925 3
1.1013e+06 0.195 3
1.31864e+06 0.1975 3
1.54667e+06 0.2 3
1.59455e+06 0.2025 3
1.4265e+06 0.205 3
1.31397e+06 0.2075 3
1.24733e+06 0.21 3
1.26175e+06 0.2125 3
1.34877e+06 0.215 3
1.47276e+06 0.2175 3
1.53547e+06 0.22 3
1.62237e+06 0.2225 3
1.59074e+06 0.225 3
1.45405e+06 0.2275 3
1.18267e+06 0.23 3
952263 0.2325 3
747270 0.235 3
600199 0.2375 3
594232 0.24 3
660003 0.2425 3
792011 0.245 3
871162 0.2475 3
908830 0.25 3
857835 0.2525 3
803770 0.255 3
768690 0.2575 3
728361 0.26 3
649138 0.2625 3
550547 0.265 3
509368 0.2675 3
436692 0.27 3
399034 0.2725 3
383489 0.275 3
346128 0.2775 3
299665 0.28 3
226796 0.2825 3
162446 0.285 3
97675.8 0.2875 3
55162.4 0.29 3
98820.1 0.2925 3
252508 0.295 3
507701 0.2975 3
876672 0.3 3
1.22628e+06 0.3025 3
1.55128e+06 0.305 3
1.74039e+06 0.3075 3
1.76078e+06 0.31 3
1.63064e+06 0.3125 3
1.4606e+06 0.315 3
856317 0.0775 4
954228 0.08 4
1.05928e+06 0.0825 4
1.0133e+06 0.085 4
1.01272e+06 0.0875 4
747210 0.09 4
692905 0.0925 4
725353 0.095 4
833379 0.0975 4
1.00641e+06 0.1 4
1.60049e+06 0.1025 4
1.98492e+06 0.105 4
2.43835e+06 0.1075 4
2.41242e+06 0.11 4
2.41617e+06 0.1125 4
2.3178e+06 0.115 4
2.13193e+06 0.1175 4
1.72554e+06 0.12 4
1.48232e+06 0.1225 4
1.04374e+06 0.125 4
702616 0.1275 4
554769 0.13 4
500248 0.1325 4
510209 0.135 4
634978 0.1375 4
811307 0.14 4
854389 0.1425 4
887369 0.145 4
745319 0.1475 4
615302 0.15 4
455480 0.1525 4
362482 0.155 4
397658 0.1575 4
608555 0.16 4
938899 0.1625 4
1.27618e+06 0.165 4
1.52625e+06 0.1675 4
1.86972e+06 0.17 4
2.08626e+06 0.1725 4
2.09112e+06 0.175 4
1.99467e+06 0.1775 4
1.77311e+06 0.18 4
1.45564e+06 0.1825 4
1.11583e+06 0.185 4
885427 0.1875 4
678193 0.19 4
471709 0.1925 4
385908 0.195 4
345478 0.1975 4
314519 0.2 4
349853 0.2025 4
470132 0.205 4
614354 0.2075 4
784679 0.21 4
1.02055e+06 0.2125 4
1.05862e+06 0.215 4
1.12514e+06 0.2175 4
1.12649e+06 0.22 4
1.13689e+06 0.2225 4
1.14094e+06 0.225 4
1.13796e+06 0.2275 4
1.08049e+06 0.23 4
995953 0.2325 4
751356 0.235 4
599953 0.2375 4
435385 0.24 4
355363 0.2425 4
439751 0.245 4
590979 0.2475 4
685979 0.25 4
733679 0.2525 4
689375 0.255 4
632291 0.2575 4
546858 0.26 4
435754 0.2625 4
406141 0.265 4
396956 0.2675 4
490113 0.27 4
622084 0.2725 4
785334 0.275 4
948613 0.2775 4
1.06658e+06 0.28 4
1.05479e+06 0.2825 4
885235 0.285 4
642505 0.2875 4
376152 0.29 4
168453 0.2925 4
158349 0.295 4
342235 0.2975 4
676348 0.3 4
1.01581e+06 0.3025 4
1.22895e+06 0.305 4
1.22205e+06 0.3075 4
1.05186e+06 0.31 4
775339 0.3125 4
5.72695e+06 0.0725 5
5.82779e+06 0.075 5
5.23738e+06 0.0775 5
3.90764e+06 0.08 5
2.26979e+06 0.0825 5
1.05688e+06 0.085 5
888719 0.0875 5
1.87586e+06 0.09 5
3.50883e+06 0.0925 5
4.92764e+06 0.095 5
5.42145e+06 0.0975 5
4.85111e+06 0.1 5
3.7269e+06 0.1025 5
2.88762e+06 0.105 5
2.97933e+06 0.1075 5
4.05654e+06 0.11 5
5.54837e+06 0.1125 5
6.60077e+06 0.115 5
6.57525e+06 0.1175 5
5.40053e+06 0.12 5
3.58022e+06 0.1225 5
1.87928e+06 0.125 5
899751 0.1275 5
800791 0.13 5
1.28826e+06 0.1325 5
1.85971e+06 0.135 5
2.12802e+06 0.1375 5
2.09775e+06 0.14 5
1.70127e+06 0.1425 5
1.40186e+06 0.145 5
1.06268e+06 0.1475 5
1.2576e+06 0.15 5
1.44348e+06 0.1525 5
1.53897e+06 0.155 5
1.97882e+06 0.1575 5
2.13504e+06 0.16 5
2.37767e+06 0.1625 5
2.49335e+06 0.165 5
2.40044e+06 0.1675 5
2.51666e+06 0.17 5
2.32552e+06 0.1725 5
2.00783e+06 0.175 5
1.79055e+06 0.1775 5
1.1082e+06 0.18 5
659036 0.1825 5
301529 0.185 5
131321 0.1875 5
147629 0.19 5
232610 0.1925 5
356853 0.195 5
573559 0.1975 5
733331 0.2 5
902765 0.2025 5
1.15861e+06 0.205 5
1.16345e+06 0.2075 5
1.04913e+06 0.21 5
930027 0.2125 5
803689 0.215 5
597735 0.2175 5
557705 0.22 5
608515 0.2225 5
758345 0.225 5
807359 0.2275 5
796315 0.23 5
692271 0.2325 5
580567 0.235 5
522809 0.2375 5
603080 0.24 5
828807 0.2425 5
1.25663e+06 0.245 5
1.65841e+06 0.2475 5
2.00378e+06 0.25 5
2.17584e+06 0.2525 5
2.20848e+06 0.255 5
2.06414e+06 0.2575 5
1.85665e+06 0.26 5
1.63394e+06 0.2625 5
1.40143e+06 0.265 5
1.21775e+06 0.2675 5
1.00355e+06 0.27 5
788968 0.2725 5
669637 0.275 5
601546 0.2775 5
568777 0.28 5
576997 0.2825 5
618224 0.285 5
622087 0.2875 5
614116 0.29 5
506522 0.2925 5
389054 0.295 5
268817 0.2975 5
183498 0.3 5
146998 0.3025 5
164659 0.305 5
227748 0.3075 5
313227 0.31 5
4.00889e+06 0.0675 6
5.65556e+06 0.07 6
7.79441e+06 0.0725 6
9.61047e+06 0.075 6
1.07729e+07 0.0775 6
1.25101e+07 0.08 6
1.28532e+07 0.0825 6
1.19566e+07 0.085 6
1.04846e+07 0.0875 6
8.29102e+06 0.09 6
6.07206e+06 0.0925 6
4.29607e+06 0.095 6
3.59509e+06 0.0975 6
4.44507e+06 0.1 6
5.83255e+06 0.1025 6
8.23829e+06 0.105 6
1.09215e+07 0.1075 6
1.30132e+07 0.11 6
1.34208e+07 0.1125 6
1.28588e+07 0.115 6
1.16433e+07 0.1175 6
1.02785e+07 0.12 6
8.3835e+06 0.1225 6
7.38546e+06 0.125 6
6.77369e+06 0.1275 6
6.65201e+06 0.13 6
6.47919e+06 0.1325 6
6.1784e+06 0.135 6
5.84597e+06 0.1375 6
4.86746e+06 0.14 6
3.57428e+06 0.1425 6
2.49468e+06 0.145 6
1.72999e+06 0.1475 6
1.40279e+06 0.15 6
1.52628e+06 0.1525 6
1.66751e+06 0.155 6
1.7211e+06 0.1575 6
1.6182e+06 0.16 6
1.35613e+06 0.1625 6
1.03055e+06 0.165 6
699992 0.1675 6
518692 0.17 6
586782 0.1725 6
906246 0.175 6
1.30262e+06 0.1775 6
1.72446e+06 0.18 6
1.93418e+06 0.1825 6
1.99819e+06 0.185 6
1.83054e+06 0.1875 6
1.48241e+06 0.19 6
1.10114e+06 0.1925 6
703251 0.195 6
406843 0.1975 6
251886 0.2 6
201160 0.2025 6
316379 0.205 6
483631 0.2075 6
673773 0.21 6
838167 0.2125 6
913157 0.215 6
862988 0.2175 6
789651 0.22 6
724890 0.2225 6
705618 0.225 6
786161 0.2275 6
934164 0.23 6
1.23412e+06 0.2325 6
1.4523e+06 0.235 6
1.6797e+06 0.2375 6
1.84774e+06 0.24 6
2.00683e+06 0.2425 6
1.95537e+06 0.245 6
1.892e+06 0.2475 6
1.72928e+06 0.25 6
1.43769e+06 0.2525 6
1.16473e+06 0.255 6
814926 0.2575 6
533717 0.26 6
360269 0.2625 6
323766 0.265 6
427867 0.2675 6
547383 0.27 6
688329 0.2725 6
862503 0.275 6
985763 0.2775 6
1.01167e+06 0.28 6
1.00346e+06 0.2825 6
920340 0.285 6
825419 0.2875 6
699672 0.29 6
587967 0.2925 6
460387 0.295 6
331027 0.2975 6
264673 0.3 6
251716 0.3025 6
269447 0.305 6
313680 0.3075 6
4.45634e+06 0.06 7
4.46083e+06 0.0625 7
4.45183e+06 0.065 7
4.48145e+06 0.0675 7
4.58033e+06 0.07 7
4.75067e+06 0.0725 7
4.96501e+06 0.075 7
5.17209e+06 0.0775 7
5.31014e+06 0.08 7
5.32466e+06 0.0825 7
5.18474e+06 0.085 7
4.89028e+06 0.0875 7
4.46682e+06 0.09 7
3.95081e+06 0.0925 7
3.37436e+06 0.095 7
2.75875e+06 0.0975 7
2.12063e+06 0.1 7
1.48589e+06 0.1025 7
900260 0.105 7
426936 0.1075 7
128978 0.11 7
55136.9 0.1125 7
176527 0.115 7
488575 0.1175 7
834706 0.12 7
1.12707e+06 0.1225 7
1.36684e+06 0.125 7
1.43714e+06 0.1275 7
1.40062e+06 0.13 7
1.24608e+06 0.1325 7
1.17513e+06 0.135 7
1.07892e+06 0.1375 7
874833 0.14 7
603068 0.1425 7
591479 0.145 7
469364 0.1475 7
388583 0.15 7
325923 0.1525 7
290519 0.155 7
343839 0.1575 7
452997 0.16 7
619901 0.1625 7
876184 0.165 7
1.19251e+06 0.1675 7
1.48319e+06 0.17 7
1.68722e+06 0.1725 7
2.1004e+06 0.175 7
2.24384e+06 0.1775 7
2.49057e+06 0.18 7
2.68017e+06 0.1825 7
2.69916e+06 0.185 7
2.57195e+06 0.1875 7
2.24344e+06 0.19 7
1.86001e+06 0.1925 7
1.44226e+06 0.195 7
1.37453e+06 0.1975 7
1.38569e+06 0.2 7
1.53268e+06 0.2025 7
1.81895e+06 0.205 7
1.85098e+06 0.2075 7
1.84034e+06 0.21 7
1.55437e+06 0.2125 7
1.03919e+06 0.215 7
616510 0.2175 7
299714 0.22 7
282160 0.2225 7
480663 0.225 7
705988 0.2275 7
879382 0.23 7
1.06123e+06 0.2325 7
1.08108e+06 0.235 7
1.05612e+06 0.2375 7
984000 0.24 7
892250 0.2425 7
815228 0.245 7
743929 0.2475 7
692827 0.25 7
570343 0.2525 7
498617 0.255 7
508519 0.2575 7
639130 0.26 7
784742 0.2625 7
929352 0.265 7
966873 0.2675 7
966891 0.27 7
776704 0.2725 7
592604 0.275 7
387985 0.2775 7
309715 0.28 7
370297 0.2825 7
514694 0.285 7
723952 0.2875 7
866521 0.29 7
945768 0.2925 7
974166 0.295 7
987489 0.2975 7
1.03626e+06 0.3 7
1.16586e+06 0.3025 7
1.25672e+06 0.305 7
348596 0.05 8
382668 0.0525 8
573019 0.055 8
833154 0.0575 8
1.03862e+06 0.06 8
1.18191e+06 0.0625 8
1.17249e+06 0.065 8
1.0907e+06 0.0675 8
909002 0.07 8
660882 0.0725 8
396231 0.075 8
306708 0.0775 8
428714 0.08 8
655561 0.0825 8
997760 0.085 8
1.26458e+06 0.0875 8
1.40027e+06 0.09 8
1.2634e+06 0.0925 8
970026 0.095 8
638082 0.0975 8
376390 0.1 8
279078 0.1025 8
371697 0.105 8
536029 0.1075 8
685461 0.11 8
838118 0.1125 8
703641 0.115 8
500714 0.1175 8
451962 0.12 8
497780 0.1225 8
647529 0.125 8
815549 0.1275 8
826627 0.13 8
690167 0.1325 8
401333 0.135 8
150322 0.1375 8
97857 0.14 8
306740 0.1425 8
725044 0.145 8
1.22992e+06 0.1475 8
1.59693e+06 0.15 8
1.77675e+06 0.1525 8
1.68782e+06 0.155 8
1.40492e+06 0.1575 8
1.19162e+06 0.16 8
1.24228e+06 0.1625 8
1.60533e+06 0.165 8
2.15951e+06 0.1675 8
2.61674e+06 0.17 8
2.78079e+06 0.1725 8
2.52289e+06 0.175 8
1.95841e+06 0.1775 8
1.28392e+06 0.18 8
718112 0.1825 8
533314 0.185 8
688185 0.1875 8
1.08615e+06 0.19 8
1.38128e+06 0.1925 8
1.6732e+06 0.195 8
1.73654e+06 0.1975 8
1.72352e+06 0.2 8
1.66638e+06 0.2025 8
1.52395e+06 0.205 8
1.32766e+06 0.2075 8
1.33021e+06 0.21 8
927644 0.2125 8
716310 0.215 8
633105 0.2175 8
544487 0.22 8
503466 0.2225 8
592723 0.225 8
690139 0.2275 8
684929 0.23 8
636574 0.2325 8
584467 0.235 8
635735 0.2375 8
845964 0.24 8
1.13056e+06 0.2425 8
1.37039e+06 0.245 8
1.522e+06 0.2475 8
1.44605e+06 0.25 8
1.19833e+06 0.2525 8
908104 0.255 8
674196 0.2575 8
586866 0.26 8
635462 0.2625 8
834321 0.265 8
1.05464e+06 0.2675 8
1.23494e+06 0.27 8
1.34583e+06 0.2725 8
1.36889e+06 0.275 8
1.37478e+06 0.2775 8
1.34686e+06 0.28 8
1.34008e+06 0.2825 8
1.3255e+06 0.285 8
1.3532e+06 0.2875 8
1.43846e+06 0.29 8
1.4561e+06 0.2925 8
1.43002e+06 0.295 8
1.30139e+06 0.2975 8
0 0.035 9
2983.48 0.0375 9
10723.4 0.04 9
44299.9 0.0425 9
20217.9 0.045 9
77971.7 0.0475 9
101943 0.05 9
116345 0.0525 9
123060 0.055 9
174147 0.0575 9
273968 0.06 9
273141 0.0625 9
338442 0.065 9
445100 0.0675 9
698553 0.07 9
885621 0.0725 9
977286 0.075 9
1.13987e+06 0.0775 9
1.12707e+06 0.08 9
1.1073e+06 0.0825 9
914264 0.085 9
681928 0.0875 9
417725 0.09 9
227063 0.0925 9
103946 0.095 9
142695 0.0975 9
370179 0.1 9
750100 0.1025 9
1.3173e+06 0.105 9
1.72389e+06 0.1075 9
2.09988e+06 0.11 9
2.2891e+06 0.1125 9
2.52806e+06 0.115 9
2.46525e+06 0.1175 9
2.1332e+06 0.12 9
1.87466e+06 0.1225 9
1.50488e+06 0.125 9
1.35991e+06 0.1275 9
1.27391e+06 0.13 9
1.5134e+06 0.1325 9
1.94306e+06 0.135 9
2.39606e+06 0.1375 9
2.8239e+06 0.14 9
3.30516e+06 0.1425 9
3.43436e+06 0.145 9
3.58266e+06 0.1475 9
4.04995e+06 0.15 9
4.4182e+06 0.1525 9
4.79609e+06 0.155 9
5.18666e+06 0.1575 9
5.37914e+06 0.16 9
5.64698e+06 0.1625 9
5.27017e+06 0.165 9
4.29859e+06 0.1675 9
3.43588e+06 0.17 9
2.61945e+06 0.1725 9
1.96845e+06 0.175 9
1.77021e+06 0.1775 9
1.91832e+06 0.18 9
2.20812e+06 0.1825 9
2.47311e+06 0.185 9
2.6064e+06 0.1875 9
2.6244e+06 0.19 9
2.44116e+06 0.1925 9
2.11616e+06 0.195 9
1.69529e+06 0.1975 9
1.19543e+06 0.2 9
773519 0.2025 9
343982 0.205 9
149843 0.2075 9
145684 0.21 9
280877 0.2125 9
445028 0.215 9
557489 0.2175 9
526731 0.22 9
405801 0.2225 9
258532 0.225 9
136559 0.2275 9
152483 0.23 9
185112 0.2325 9
257749 0.235 9
282594 0.2375 9
306835 0.24 9
306997 0.2425 9
338984 0.245 9
503656 0.2475 9
702137 0.25 9
900529 0.2525 9
1.06392e+06 0.255 9
1.12282e+06 0.2575 9
996831 0.26 9
854715 0.2625 9
694231 0.265 9
611225 0.2675 9
589236 0.27 9
681221 0.2725 9
836547 0.275 9
1.00372e+06 0.2775 9
1.14235e+06 0.28 9
1.24039e+06 0.2825 9
1.25101e+06 0.285 9
1.18161e+06 0.2875 9
1.02635e+06 0.29 9
796935 0.2925 9
961926 0.01 10
1.97757e+06 0.0125 10
3.32823e+06 0.015 10
4.82959e+06 0.0175 10
6.23967e+06 0.02 10
7.33807e+06 0.0225 10
7.98833e+06 0.025 10
8.16021e+06 0.0275 10
7.91141e+06 0.03 10
7.34678e+06 0.0325 10
6.57841e+06 0.035 10
5.70254e+06 0.0375 10
4.79487e+06 0.04 10
3.91577e+06 0.0425 10
3.11485e+06 0.045 10
2.42992e+06 0.0475 10
1.8823e+06 0.05 10
1.47363e+06 0.0525 10
1.18744e+06 0.055 10
994440 0.0575 10
858648 0.06 10
742779 0.0625 10
614690 0.065 10
457098 0.0675 10
279244 0.07 10
123588 0.0725 10
58368.9 0.075 10
151885 0.0775 10
435637 0.08 10
874178 0.0825 10
1.36155e+06 0.085 10
1.75353e+06 0.0875 10
1.9258e+06 0.09 10
1.83111e+06 0.0925 10
1.52515e+06 0.095 10
1.1442e+06 0.0975 10
842852 0.1 10
722326 0.1025 10
786213 0.105 10
946908 0.1075 10
1.07868e+06 0.11 10
1.08809e+06 0.1125 10
963422 0.115 10
776571 0.1175 10
638003 0.12 10
633716 0.1225 10
777964 0.125 10
979817 0.1275 10
1.14482e+06 0.13 10
1.19722e+06 0.1325 10
1.12743e+06 0.135 10
945139 0.1375 10
885374 0.14 10
885592 0.1425 10
881565 0.145 10
1.00359e+06 0.1475 10
1.07963e+06 0.15 10
1.06932e+06 0.1525 10
792431 0.155 10
474194 0.1575 10
243035 0.16 10
314492 0.1625 10
657108 0.165 10
1.19852e+06 0.1675 10
1.78811e+06 0.17 10
2.20988e+06 0.1725 10
2.17734e+06 0.175 10
1.84194e+06 0.1775 10
1.34348e+06 0.18 10
974859 0.1825 10
945756 0.185 10
1.11849e+06 0.1875 10
1.50766e+06 0.19 10
2.03001e+06 0.1925 10
2.43244e+06 0.195 10
2.62338e+06 0.1975 10
2.64559e+06 0.2 10
2.33224e+06 0.2025 10
2.14837e+06 0.205 10
2.03908e+06 0.2075 10
1.81392e+06 0.21 10
1.74594e+06 0.2125 10
1.59571e+06 0.215 10
1.30301e+06 0.2175 10
932612 0.22 10
518097 0.2225 10
282757 0.225 10
269858 0.2275 10
543622 0.23 10
982482 0.2325 10
1.45726e+06 0.235 10
1.76736e+06 0.2375 10
1.94948e+06 0.24 10
1.95309e+06 0.2425 10
1.65962e+06 0.245 10
1.29966e+06 0.2475 10
915809 0.25 10
504778 0.2525 10
160721 0.255 10
81169.6 0.2575 10
168267 0.26 10
357632 0.2625 10
561480 0.265 10
756340 0.2675 10
808477 0.27 10
760102 0.2725 10
596760 0.275 10
361564 0.2775 10
188585 0.28 10
120839 0.2825 10
145970 0.285 10
259372 0.2875 10
0 0.01 11
0 0.0125 11
0 0.015 11
0 0.0175 11
0 0.02 11
0 0.0225 11
0 0.025 11
0 0.0275 11
0 0.03 11
0 0.0325 11
0 0.035 11
0 0.0375 11
0 0.04 11
0 0.0425 11
0 0.045 11
0 0.0475 11
0 0.05 11
0 0.0525 11
0 0.055 11
0 0.0575 11
1006.89 0.06 11
931.575 0.0625 11
14184 0.065 11
40961.5 0.0675 11
76152.8 0.07 11
262050 0.0725 11
390252 0.075 11
720666 0.0775 11
1.06124e+06 0.08 11
1.42887e+06 0.0825 11
1.76892e+06 0.085 11
2.54922e+06 0.0875 11
3.04497e+06 0.09 11
3.62072e+06 0.0925 11
4.26785e+06 0.095 11
4.31168e+06 0.0975 11
4.00609e+06 0.1 11
3.6912e+06 0.1025 11
3.56357e+06 0.105 11
3.28849e+06 0.1075 11
3.38969e+06 0.11 11
3.94057e+06 0.1125 11
3.91867e+06 0.115 11
4.24505e+06 0.1175 11
4.50924e+06 0.12 11
4.98809e+06 0.1225 11
5.42758e+06 0.125 11
5.46238e+06 0.1275 11
5.48477e+06 0.13 11
5.26208e+06 0.1325 11
4.79508e+06 0.135 11
4.44877e+06 0.1375 11
3.85187e+06 0.14 11
3.31927e+06 0.1425 11
2.5068e+06 0.145 11
1.85735e+06 0.1475 11
1.43603e+06 0.15 11
1.1211e+06 0.1525 11
1.03232e+06 0.155 11
1.04165e+06 0.1575 11
1.15141e+06 0.16 11
1.2582e+06 0.1625 11
1.23128e+06 0.165 11
1.04258e+06 0.1675 11
827488 0.17 11
583685 0.1725 11
486236 0.175 11
510729 0.1775 11
714454 0.18 11
1.04229e+06 0.1825 11
1.26729e+06 0.185 11
1.36956e+06 0.1875 11
1.34459e+06 0.19 11
1.23083e+06 0.1925 11
1.1742e+06 0.195 11
1.13405e+06 0.1975 11
1.19681e+06 0.2 11
1.2434e+06 0.2025 11
1.29928e+06 0.205 11
1.30289e+06 0.2075 11
1.22732e+06 0.21 11
1.07385e+06 0.2125 11
838984 0.215 11
651878 0.2175 11
527802 0.22 11
417749 0.2225 11
383517 0.225 11
395601 0.2275 11
447781 0.23 11
464442 0.2325 11
572185 0.235 11
751374 0.2375 11
1.01023e+06 0.24 11
1.29521e+06 0.2425 11
1.51625e+06 0.245 11
1.74674e+06 0.2475 11
1.83302e+06 0.25 11
1.69042e+06 0.2525 11
1.51562e+06 0.255 11
1.31847e+06 0.2575 11
1.1918e+06 0.26 11
1.19638e+06 0.2625 11
1.30127e+06 0.265 11
1.40537e+06 0.2675 11
1.40744e+06 0.27 11
1.33673e+06 0.2725 11
1.09005e+06 0.275 11
884663 0.2775 11
806504 0.28 11
910723 0.2825 11
83928.5 0.01 12
371926 0.0125 12
953213 0.015 12
1.786e+06 0.0175 12
2.74625e+06 0.02 12
3.68404e+06 0.0225 12
4.31179e+06 0.025 12
4.4578e+06 0.0275 12
4.13135e+06 0.03 12
3.52975e+06 0.0325 12
2.94631e+06 0.035 12
2.62598e+06 0.0375 12
2.64898e+06 0.04 12
2.90806e+06 0.0425 12
3.18996e+06 0.045 12
3.30917e+06 0.0475 12
3.21241e+06 0.05 12
2.99262e+06 0.0525 12
2.80957e+06 0.055 12
2.77214e+06 0.0575 12
2.85913e+06 0.06 12
2.92795e+06 0.0625 12
2.80331e+06 0.065 12
2.38808e+06 0.0675 12
1.72776e+06 0.07 12
991478 0.0725 12
385665 0.075 12
54533 0.0775 12
23508.5 0.08 12
209840 0.0825 12
482904 0.085 12
732509 0.0875 12
908732 0.09 12
1.02214e+06 0.0925 12
1.11797e+06 0.095 12
1.24562e+06 0.0975 12
1.43596e+06 0.1 12
1.68632e+06 0.1025 12
1.95002e+06 0.105 12
2.13587e+06 0.1075 12
2.13058e+06 0.11 12
1.85082e+06 0.1125 12
1.30943e+06 0.115 12
657577 0.1175 12
156139 0.12 12
90062.3 0.1225 12
594065 0.125 12
1.62035e+06 0.1275 12
2.74515e+06 0.13 12
3.61811e+06 0.1325 12
3.88725e+06 0.135 12
3.47614e+06 0.1375 12
2.53995e+06 0.14 12
1.50626e+06 0.1425 12
663940 0.145 12
537898 0.1475 12
642615 0.15 12
880660 0.1525 12
1.13689e+06 0.155 12
1.15851e+06 0.1575 12
911693 0.16 12
610122 0.1625 12
313945 0.165 12
152053 0.1675 12
200995 0.17 12
188095 0.1725 12
232609 0.175 12
232339 0.1775 12
266707 0.18 12
242924 0.1825 12
325791 0.185 12
435564 0.1875 12
590549 0.19 12
714020 0.1925 12
932112 0.195 12
1.25544e+06 0.1975 12
1.56674e+06 0.2 12
1.96536e+06 0.2025 12
2.33542e+06 0.205 12
2.34624e+06 0.2075 12
2.32904e+06 0.21 12
2.18496e+06 0.2125 12
2.1513e+06 0.215 12
2.35996e+06 0.2175 12
2.53524e+06 0.22 12
2.57176e+06 0.2225 12
2.46052e+06 0.225 12
2.02414e+06 0.2275 12
1.37746e+06 0.23 12
794693 0.2325 12
429513 0.235 12
430897 0.2375 12
755172 0.24 12
1.28097e+06 0.2425 12
1.79045e+06 0.245 12
2.24755e+06 0.2475 12
2.43217e+06 0.25 12
2.49567e+06 0.2525 12
2.42338e+06 0.255 12
2.25907e+06 0.2575 12
2.05122e+06 0.26 12
1.80975e+06 0.2625 12
1.49636e+06 0.265 12
1.20704e+06 0.2675 12
941592 0.27 12
704777 0.2725 12
545787 0.275 12
0 0.01 13
0 0.0125 13
0 0.015 13
0 0.0175 13
0 0.02 13
0 0.0225 13
0 0.025 13
0 0.0275 13
0 0.03 13
3579.29 0.0325 13
4947.41 0.035 13
10372.9 0.0375 13
6816.13 0.04 13
33767.7 0.0425 13
46099.6 0.045 13
53858.7 0.0475 13
99220.7 0.05 13
170880 0.0525 13
203868 0.055 13
363817 0.0575 13
427127 0.06 13
351043 0.0625 13
249607 0.065 13
188879 0.0675 13
116432 0.07 13
72510.9 0.0725 13
52708.2 0.075 13
45232.5 0.0775 13
111193 0.08 13
239849 0.0825 13
328769 0.085 13
400819 0.0875 13
528392 0.09 13
598664 0.0925 13
680558 0.095 13
740186 0.0975 13
755654 0.1 13
737079 0.1025 13
703632 0.105 13
610905 0.1075 13
609719 0.11 13
835154 0.1125 13
1.08971e+06 0.115 13
1.21611e+06 0.1175 13
1.47042e+06 0.12 13
1.52007e+06 0.1225 13
1.55062e+06 0.125 13
1.41619e+06 0.1275 13
1.18949e+06 0.13 13
983542 0.1325 13
866099 0.135 13
819737 0.1375 13
910344 0.14 13
926347 0.1425 13
861994 0.145 13
813687 0.1475 13
753379 0.15 13
653131 0.1525 13
615154 0.155 13
647480 0.1575 13
712432 0.16 13
778884 0.1625 13
794353 0.165 13
728426 0.1675 13
572603 0.17 13
343734 0.1725 13
173232 0.175 13
122685 0.1775 13
316909 0.18 13
779681 0.1825 13
1.40776e+06 0.185 13
2.08884e+06 0.1875 13
2.5775e+06 0.19 13
2.8763e+06 0.1925 13
2.7387e+06 0.195 13
2.36673e+06 0.1975 13
1.65749e+06 0.2 13
973415 0.2025 13
448624 0.205 13
361179 0.2075 13
621004 0.21 13
1.08839e+06 0.2125 13
1.71353e+06 0.215 13
2.2742e+06 0.2175 13
2.69298e+06 0.22 13
3.01954e+06 0.2225 13
3.27402e+06 0.225 13
3.14452e+06 0.2275 13
2.86561e+06 0.23 13
2.51969e+06 0.2325 13
2.00423e+06 0.235 13
1.49255e+06 0.2375 13
986948 0.24 13
564363 0.2425 13
318051 0.245 13
240043 0.2475 13
288739 0.25 13
397051 0.2525 13
593005 0.255 13
798720 0.2575 13
991525 0.26 13
1.17553e+06 0.2625 13
1.29048e+06 0.265 13
1.33613e+06 0.2675 13
0 0.02 14
0 0.0225 14
0 0.025 14
0 0.0275 14
0 0.03 14
8350.96 0.0325 14
43333.8 0.035 14
51447.9 0.0375 14
185103 0.04 14
128320 0.0425 14
295060 0.045 14
415873 0.0475 14
656107 0.05 14
723601 0.0525 14
753053 0.055 14
594386 0.0575 14
462237 0.06 14
396193 0.0625 14
196249 0.065 14
60944.3 0.0675 14
9564.3 0.07 14
123992 0.0725 14
347124 0.075 14
657492 0.0775 14
836270 0.08 14
859850 0.0825 14
634804 0.085 14
385267 0.0875 14
124574 0.09 14
115185 0.0925 14
386342 0.095 14
950340 0.0975 14
1.64604e+06 0.1 14
2.18432e+06 0.1025 14
2.62641e+06 0.105 14
2.79372e+06 0.1075 14
2.73269e+06 0.11 14
2.59821e+06 0.1125 14
2.45515e+06 0.115 14
2.2288e+06 0.1175 14
2.07135e+06 0.12 14
1.87955e+06 0.1225 14
1.72975e+06 0.125 14
1.42995e+06 0.1275 14
1.07585e+06 0.13 14
698947 0.1325 14
402414 0.135 14
317048 0.1375 14
285104 0.14 14
419451 0.1425 14
590995 0.145 14
784279 0.1475 14
974080 0.15 14
1.21221e+06 0.1525 14
1.45004e+06 0.155 14
1.75635e+06 0.1575 14
1.92196e+06 0.16 14
2.05133e+06 0.1625 14
1.9717e+06 0.165 14
1.74579e+06 0.1675 14
1.57963e+06 0.17 14
1.40588e+06 0.1725 14
1.49828e+06 0.175 14
1.8611e+06 0.1775 14
2.52995e+06 0.18 14
3.37498e+06 0.1825 14
4.04317e+06 0.185 14
4.32083e+06 0.1875 14
4.11502e+06 0.19 14
3.3786e+06 0.1925 14
2.30078e+06 0.195 14
1.33197e+06 0.1975 14
865607 0.2 14
900265 0.2025 14
1.43297e+06 0.205 14
2.13988e+06 0.2075 14
2.7416e+06 0.21 14
2.91777e+06 0.2125 14
2.76001e+06 0.215 14
2.41061e+06 0.2175 14
2.12889e+06 0.22 14
1.96016e+06 0.2225 14
2.04739e+06 0.225 14
2.15761e+06 0.2275 14
2.37795e+06 0.23 14
2.36453e+06 0.2325 14
2.19807e+06 0.235 14
1.98486e+06 0.2375 14
1.68871e+06 0.24 14
1.49475e+06 0.2425 14
1.48782e+06 0.245 14
1.4181e+06 0.2475 14
1.30307e+06 0.25 14
1.23803e+06 0.2525 14
1.10985e+06 0.255 14
1.01394e+06 0.2575 14
45196.5 0.0125 15
97515.2 0.015 15
190904 0.0175 15
327434 0.02 15
466858 0.0225 15
591426 0.025 15
673768 0.0275 15
694535 0.03 15
647605 0.0325 15
541313 0.035 15
396844 0.0375 15
245096 0.04 15
122111 0.0425 15
62231.5 0.045 15
88982.8 0.0475 15
206112 0.05 15
393186 0.0525 15
609496 0.055 15
806323 0.0575 15
942855 0.06 15
998555 0.0625 15
976503 0.065 15
897345 0.0675 15
788714 0.07 15
676621 0.0725 15
582472 0.075 15
524178 0.0775 15
516406 0.08 15
566186 0.0825 15
665023 0.085 15
783710 0.0875 15
876670 0.09 15
897644 0.0925 15
820618 0.095 15
654552 0.0975 15
442073 0.1 15
240843 0.1025 15
96827.4 0.105 15
24440.5 0.1075 15
5203.06 0.11 15
5632.28 0.1125 15
3124.36 0.115 15
7997.84 0.1175 15
43842.8 0.12 15
154882 0.1225 15
377977 0.125 15
720825 0.1275 15
1.05934e+06 0.13 15
1.41899e+06 0.1325 15
1.73498e+06 0.135 15
2.03127e+06 0.1375 15
2.386e+06 0.14 15
2.50341e+06 0.1425 15
2.66598e+06 0.145 15
2.58011e+06 0.1475 15
2.44199e+06 0.15 15
1.975e+06 0.1525 15
1.55051e+06 0.155 15
1.22405e+06 0.1575 15
1.15576e+06 0.16 15
1.58239e+06 0.1625 15
2.18241e+06 0.165 15
2.90164e+06 0.1675 15
3.47483e+06 0.17 15
3.57448e+06 0.1725 15
3.59263e+06 0.175 15
3.38396e+06 0.1775 15
3.19376e+06 0.18 15
3.29679e+06 0.1825 15
3.50286e+06 0.185 15
3.69932e+06 0.1875 15
3.76445e+06 0.19 15
3.7307e+06 0.1925 15
3.52491e+06 0.195 15
2.96827e+06 0.1975 15
2.35435e+06 0.2 15
1.80356e+06 0.2025 15
1.47399e+06 0.205 15
1.36399e+06 0.2075 15
1.44992e+06 0.21 15
1.53382e+06 0.2125 15
1.49536e+06 0.215 15
1.48764e+06 0.2175 15
1.40155e+06 0.22 15
1.19496e+06 0.2225 15
943182 0.225 15
735477 0.2275 15
653782 0.23 15
555150 0.2325 15
534837 0.235 15
466004 0.2375 15
443717 0.24 15
388855 0.2425 15
386491 0.245 15
462714 0.2475 15
0 0.0025 16
0 0.005 16
0 0.0075 16
0 0.01 16
0 0.0125 16
0 0.015 16
0 0.0175 16
0 0.02 16
0 0.0225 16
0 0.025 16
0 0.0275 16
0 0.03 16
0 0.0325 16
0 0.035 16
0 0.0375 16
0 0.04 16
0 0.0425 16
0 0.045 16
0 0.0475 16
0 0.05 16
0 0.0525 16
0 0.055 16
0 0.0575 16
4587.05 0.06 16
11432.6 0.0625 16
53102.9 0.065 16
168177 0.0675 16
259468 0.07 16
428994 0.0725 16
639244 0.075 16
906811 0.0775 16
1.00968e+06 0.08 16
1.25012e+06 0.0825 16
1.42326e+06 0.085 16
1.62869e+06 0.0875 16
1.76686e+06 0.09 16
1.94392e+06 0.0925 16
1.77447e+06 0.095 16
1.52663e+06 0.0975 16
1.43293e+06 0.1 16
1.26364e+06 0.1025 16
1.01629e+06 0.105 16
811972 0.1075 16
690574 0.11 16
414539 0.1125 16
257595 0.115 16
127459 0.1175 16
104049 0.12 16
135642 0.1225 16
255753 0.125 16
377045 0.1275 16
530434 0.13 16
573526 0.1325 16
560668 0.135 16
507979 0.1375 16
530572 0.14 16
721965 0.1425 16
1.06638e+06 0.145 16
1.71345e+06 0.1475 16
2.41962e+06 0.15 16
3.21778e+06 0.1525 16
3.80683e+06 0.155 16
4.09152e+06 0.1575 16
4.28874e+06 0.16 16
4.08354e+06 0.1625 16
3.80041e+06 0.165 16
3.30271e+06 0.1675 16
2.74894e+06 0.17 16
2.33201e+06 0.1725 16
2.16659e+06 0.175 16
2.09409e+06 0.1775 16
2.17459e+06 0.18 16
2.30625e+06 0.1825 16
2.36806e+06 0.185 16
2.35023e+06 0.1875 16
2.15313e+06 0.19 16
1.78323e+06 0.1925 16
1.31614e+06 0.195 16
882738 0.1975 16
501462 0.2 16
263087 0.2025 16
194126 0.205 16
273330 0.2075 16
452576 0.21 16
661149 0.2125 16
869224 0.215 16
934291 0.2175 16
927710 0.22 16
853902 0.2225 16
747160 0.225 16
612175 0.2275 16
490237 0.23 16
374720 0.2325 16
289534 0.235 16
203051 0.2375 16
5420.26 0.0025 17
79775 0.005 17
350829 0.0075 17
907356 0.01 17
1.70139e+06 0.0125 17
2.53006e+06 0.015 17
3.1174e+06 0.0175 17
3.25365e+06 0.02 17
2.91219e+06 0.0225 17
2.27399e+06 0.025 17
1.64198e+06 0.0275 17
1.29018e+06 0.03 17
1.32939e+06 0.0325 17
1.66065e+06 0.035 17
2.03873e+06 0.0375 17
2.20798e+06 0.04 17
2.03738e+06 0.0425 17
1.58589e+06 0.045 17
1.06968e+06 0.0475 17
753838 0.05 17
825729 0.0525 17
1.31039e+06 0.055 17
2.06214e+06 0.0575 17
2.82847e+06 0.06 17
3.35113e+06 0.0625 17
3.45943e+06 0.065 17
3.12086e+06 0.0675 17
2.4374e+06 0.07 17
1.59833e+06 0.0725 17
814120 0.075 17
256490 0.0775 17
21226.7 0.08 17
117911 0.0825 17
481177 0.085 17
994228 0.0875 17
1.517e+06 0.09 17
1.91516e+06 0.0925 17
2.08826e+06 0.095 17
1.99376e+06 0.0975 17
1.66007e+06 0.1 17
1.18066e+06 0.1025 17
685322 0.105 17
295277 0.1075 17
79438.8 0.11 17
32697.3 0.1125 17
88838.4 0.115 17
162701 0.1175 17
198484 0.12 17
195910 0.1225 17
201073 0.125 17
253271 0.1275 17
340848 0.13 17
436792 0.1325 17
456040 0.135 17
356210 0.1375 17
238729 0.14 17
284457 0.1425 17
550769 0.145 17
1.11942e+06 0.1475 17
1.84957e+06 0.15 17
2.4786e+06 0.1525 17
2.71599e+06 0.155 17
2.41761e+06 0.1575 17
1.71584e+06 0.16 17
1.09859e+06 0.1625 17
853779 0.165 17
1.24968e+06 0.1675 17
2.21982e+06 0.17 17
3.45879e+06 0.1725 17
4.30567e+06 0.175 17
4.39545e+06 0.1775 17
3.83657e+06 0.18 17
2.67703e+06 0.1825 17
1.80357e+06 0.185 17
1.2785e+06 0.1875 17
1.52995e+06 0.19 17
2.05959e+06 0.1925 17
2.54899e+06 0.195 17
2.6717e+06 0.1975 17
2.2568e+06 0.2 17
1.5329e+06 0.2025 17
825615 0.205 17
402294 0.2075 17
390309 0.21 17
690547 0.2125 17
972981 0.215 17
1.04614e+06 0.2175 17
937675 0.22 17
780176 0.2225 17
631216 0.225 17
0 0.0025 18
0 0.005 18
0 0.0075 18
0 0.01 18
0 0.0125 18
0 0.015 18
0 0.0175 18
0 0.02 18
0 0.0225 18
0 0.025 18
0 0.0275 18
0 0.03 18
0 0.0325 18
0 0.035 18
6812.1 0.0375 18
36025.7 0.04 18
177633 0.0425 18
244689 0.045 18
642182 0.0475 18
933870 0.05 18
1.23843e+06 0.0525 18
1.51804e+06 0.055 18
1.83944e+06 0.0575 18
2.51966e+06 0.06 18
2.68618e+06 0.0625 18
2.76349e+06 0.065 18
2.48256e+06 0.0675 18
2.20748e+06 0.07 18
2.17124e+06 0.0725 18
2.13787e+06 0.075 18
2.06144e+06 0.0775 18
2.39569e+06 0.08 18
2.362e+06 0.0825 18
2.01532e+06 0.085 18
1.64588e+06 0.0875 18
1.2578e+06 0.09 18
689045 0.0925 18
322435 0.095 18
232691 0.0975 18
314011 0.1 18
510138 0.1025 18
773514 0.105 18
883220 0.1075 18
776125 0.11 18
566787 0.1125 18
327908 0.115 18
146106 0.1175 18
90096.2 0.12 18
185116 0.1225 18
457499 0.125 18
725876 0.1275 18
998487 0.13 18
1.28618e+06 0.1325 18
1.56493e+06 0.135 18
1.67187e+06 0.1375 18
2.05671e+06 0.14 18
2.31665e+06 0.1425 18
2.31579e+06 0.145 18
2.39632e+06 0.1475 18
2.51062e+06 0.15 18
2.4111e+06 0.1525 18
2.24012e+06 0.155 18
2.1571e+06 0.1575 18
2.20808e+06 0.16 18
2.20021e+06 0.1625 18
2.20896e+06 0.165 18
2.1313e+06 0.1675 18
1.98577e+06 0.17 18
1.69077e+06 0.1725 18
1.38069e+06 0.175 18
965700 0.1775 18
730964 0.18 18
734826 0.1825 18
1.00278e+06 0.185 18
1.49245e+06 0.1875 18
1.98094e+06 0.19 18
2.38106e+06 0.1925 18
2.42594e+06 0.195 18
2.17536e+06 0.1975 18
1.82704e+06 0.2 18
1.46536e+06 0.2025 18
1.48638e+06 0.205 18
1.79047e+06 0.2075 18
2.3236e+06 0.21 18
2.79276e+06 0.2125 18
0 0.0025 19
0 0.005 19
0 0.0075 19
0 0.01 19
0 0.0125 19
0 0.015 19
0 0.0175 19
0 0.02 19
0 0.0225 19
0 0.025 19
1538.23 0.0275 19
5268.42 0.03 19
28720.1 0.0325 19
67787.3 0.035 19
85280.2 0.0375 19
164864 0.04 19
234144 0.0425 19
290713 0.045 19
429214 0.0475 19
373522 0.05 19
417164 0.0525 19
358711 0.055 19
291541 0.0575 19
204439 0.06 19
142774 0.0625 19
155838 0.065 19
187995 0.0675 19
347418 0.07 19
492657 0.0725 19
621018 0.075 19
745045 0.0775 19
876331 0.08 19
936160 0.0825 19
1.1467e+06 0.085 19
1.34799e+06 0.0875 19
1.50965e+06 0.09 19
1.66843e+06 0.0925 19
1.76773e+06 0.095 19
1.80176e+06 0.0975 19
1.77831e+06 0.1 19
1.74281e+06 0.1025 19
1.79839e+06 0.105 19
1.90827e+06 0.1075 19
1.85366e+06 0.11 19
1.77659e+06 0.1125 19
1.96435e+06 0.115 19
1.92793e+06 0.1175 19
1.7377e+06 0.12 19
1.57673e+06 0.1225 19
1.41517e+06 0.125 19
1.33935e+06 0.1275 19
1.30181e+06 0.13 19
1.36335e+06 0.1325 19
1.27531e+06 0.135 19
1.40989e+06 0.1375 19
1.64128e+06 0.14 19
1.82866e+06 0.1425 19
1.97032e+06 0.145 19
2.00587e+06 0.1475 19
1.90354e+06 0.15 19
1.87026e+06 0.1525 19
1.61513e+06 0.155 19
1.20948e+06 0.1575 19
759481 0.16 19
408687 0.1625 19
180034 0.165 19
102130 0.1675 19
197190 0.17 19
421788 0.1725 19
632765 0.175 19
760824 0.1775 19
726385 0.18 19
612483 0.1825 19
420823 0.185 19
336992 0.1875 19
352142 0.19 19
442609 0.1925 19
649769 0.195 19
945496 0.1975 19
0 0.0025 20
0 0.005 20
0 0.0075 20
0 0.01 20
24481.3 0.0125 20
28254.7 0.015 20
141750 0.0175 20
228748 0.02 20
274055 0.0225 20
377838 0.025 20
482160 0.0275 20
505579 0.03 20
417667 0.0325 20
263265 0.035 20
170119 0.0375 20
192315 0.04 20
395494 0.0425 20
760865 0.045 20
1.19609e+06 0.0475 20
1.57076e+06 0.05 20
1.77085e+06 0.0525 20
1.744e+06 0.055 20
1.51366e+06 0.0575 20
1.15885e+06 0.06 20
775078 0.0625 20
439320 0.065 20
194235 0.0675 20
51227 0.07 20
1056.82 0.0725 20
21490.4 0.075 20
81573.1 0.0775 20
150925 0.08 20
220335 0.0825 20
326707 0.085 20
561648 0.0875 20
1.04279e+06 0.09 20
1.84612e+06 0.0925 20
2.92741e+06 0.095 20
4.08122e+06 0.0975 20
4.97871e+06 0.1 20
5.28822e+06 0.1025 20
4.83283e+06 0.105 20
3.70671e+06 0.1075 20
2.28033e+06 0.11 20
1.07519e+06 0.1125 20
549631 0.115 20
913834 0.1175 20
2.03285e+06 0.12 20
3.39654e+06 0.1225 20
4.56392e+06 0.125 20
5.09296e+06 0.1275 20
4.85263e+06 0.13 20
4.02643e+06 0.1325 20
2.93352e+06 0.135 20
2.01499e+06 0.1375 20
1.4037e+06 0.14 20
1.24967e+06 0.1425 20
1.26069e+06 0.145 20
1.20697e+06 0.1475 20
1.30823e+06 0.15 20
1.22169e+06 0.1525 20
1.0577e+06 0.155 20
902167 0.1575 20
723595 0.16 20
557252 0.1625 20
477089 0.165 20
416390 0.1675 20
254450 0.17 20
158155 0.1725 20
165789 0.175 20
200577 0.1775 20
0 0.0025 21
0 0.005 21
0 0.0075 21
0 0.01 21
0 0.0125 21
0 0.015 21
0 0.0175 21
0 0.02 21
0 0.0225 21
0 0.025 21
0 0.0275 21
0 0.03 21
0 0.0325 21
0 0.035 21
0 0.0375 21
0 0.04 21
0 0.0425 21
0 0.045 21
0 0.0475 21
0 0.05 21
0 0.0525 21
9119.32 0.055 21
33096.8 0.0575 21
46430.4 0.06 21
153033 0.0625 21
212577 0.065 21
348137 0.0675 21
349523 0.07 21
446775 0.0725 21
685901 0.075 21
916693 0.0775 21
1.16761e+06 0.08 21
1.28723e+06 0.0825 21
1.42717e+06 0.085 21
1.76884e+06 0.0875 21
1.79303e+06 0.09 21
1.96199e+06 0.0925 21
1.78787e+06 0.095 21
1.69153e+06 0.0975 21
1.44246e+06 0.1 21
1.16256e+06 0.1025 21
1.02532e+06 0.105 21
1.158e+06 0.1075 21
1.69111e+06 0.11 21
2.45641e+06 0.1125 21
3.77622e+06 0.115 21
4.99237e+06 0.1175 21
6.13092e+06 0.12 21
6.75938e+06 0.1225 21
6.772e+06 0.125 21
6.15451e+06 0.1275 21
5.1589e+06 0.13 21
3.6308e+06 0.1325 21
2.26768e+06 0.135 21
1.37505e+06 0.1375 21
693447 0.14 21
365596 0.1425 21
216540 0.145 21
138656 0.1475 21
87071.7 0.15 21
93075.1 0.1525 21
220832 0.155 21
525678 0.1575 21
998570 0.16 21
390684 0.0025 22
1.42044e+06 0.005 22
2.72035e+06 0.0075 22
3.84106e+06 0.01 22
4.41977e+06 0.0125 22
4.29721e+06 0.015 22
3.54619e+06 0.0175 22
2.42002e+06 0.02 22
1.26132e+06 0.0225 22
414733 0.025 22
164545 0.0275 22
691267 0.03 22
2.03168e+06 0.0325 22
4.04002e+06 0.035 22
6.37193e+06 0.0375 22
8.52494e+06 0.04 22
9.95364e+06 0.0425 22
1.02385e+07 0.045 22
9.24718e+06 0.0475 22
7.2133e+06 0.05 22
4.68319e+06 0.0525 22
2.33957e+06 0.055 22
768973 0.0575 22
268772 0.06 22
771931 0.0625 22
1.91255e+06 0.065 22
3.19241e+06 0.0675 22
4.16932e+06 0.07 22
4.58979e+06 0.0725 22
4.42518e+06 0.075 22
3.81939e+06 0.0775 22
2.99149e+06 0.08 22
2.14433e+06 0.0825 22
1.41213e+06 0.085 22
852828 0.0875 22
469401 0.09 22
238575 0.0925 22
131698 0.095 22
123720 0.0975 22
193718 0.1 22
321945 0.1025 22
486471 0.105 22
660804 0.1075 22
813893 0.11 22
914272 0.1125 22
938556 0.115 22
881133 0.1175 22
759152 0.12 22
607836 0.1225 22
466340 0.125 22
361192 0.1275 22
301385 0.13 22
257098 0.1325 22
232620 0.135 22
212673 0.1375 22
0 0.0025 23
0 0.005 23
0 0.0075 23
0 0.01 23
0 0.0125 23
0 0.015 23
0 0.0175 23
0 0.02 23
0 0.0225 23
0 0.025 23
0 0.0275 23
0 0.03 23
0 0.0325 23
0 0.035 23
0 0.0375 23
0 0.04 23
343.033 0.0425 23
4878.51 0.045 23
19202.9 0.0475 23
110862 0.05 23
204656 0.0525 23
449838 0.055 23
607424 0.0575 23
883463 0.06 23
984935 0.0625 23
1.08472e+06 0.065 23
1.00846e+06 0.0675 23
1.19842e+06 0.07 23
1.15912e+06 0.0725 23
983928 0.075 23
757429 0.0775 23
709661 0.08 23
574089 0.0825 23
702084 0.085 23
803692 0.0875 23
942981 0.09 23
1.1477e+06 0.0925 23
1.43063e+06 0.095 23
1.67178e+06 0.0975 23
1.8705e+06 0.1 23
2.19034e+06 0.1025 23
