2.53856e+07 0.085 0
1.53185e+07 0.0875 0
5.64258e+06 0.09 0
491641 0.0925 0
688862 0.095 0
3.94297e+06 0.0975 0
6.84102e+06 0.1 0
7.12525e+06 0.1025 0
4.82503e+06 0.105 0
1.76649e+06 0.1075 0
62824.5 0.11 0
703776 0.1125 0
3.09409e+06 0.115 0
5.64799e+06 0.1175 0
6.88038e+06 0.12 0
6.24275e+06 0.1225 0
4.25738e+06 0.125 0
2.01679e+06 0.1275 0
477557 0.13 0
34.3951 0.1325 0
335805 0.135 0
932656 0.1375 0
1.32598e+06 0.14 0
1.35673e+06 0.1425 0
1.12808e+06 0.145 0
791368 0.1475 0
481475 0.15 0
309118 0.1525 0
319617 0.155 0
389648 0.1575 0
506798 0.16 0
729316 0.1625 0
929616 0.165 0
1.12583e+06 0.1675 0
1.28566e+06 0.17 0
1.26898e+06 0.1725 0
1.20912e+06 0.175 0
884340 0.1775 0
552383 0.18 0
281635 0.1825 0
78513.8 0.185 0
90928.3 0.1875 0
195651 0.19 0
369574 0.1925 0
610975 0.195 0
877195 0.1975 0
1.09484e+06 0.2 0
1.28743e+06 0.2025 0
1.47079e+06 0.205 0
1.5939e+06 0.2075 0
1.53625e+06 0.21 0
1.46552e+06 0.2125 0
1.36331e+06 0.215 0
1.15794e+06 0.2175 0
827227 0.22 0
598441 0.2225 0
410885 0.225 0
340003 0.2275 0
361929 0.23 0
430001 0.2325 0
465494 0.235 0
518310 0.2375 0
513787 0.24 0
497969 0.2425 0
410626 0.245 0
291036 0.2475 0
209907 0.25 0
146162 0.2525 0
194190 0.255 0
298505 0.2575 0
408870 0.26 0
433385 0.2625 0
486275 0.265 0
412071 0.2675 0
347877 0.27 0
205479 0.2725 0
103659 0.275 0
30375.9 0.2775 0
3856.22 0.28 0
20848.4 0.2825 0
57071.2 0.285 0
99674.1 0.2875 0
126483 0.29 0
99861 0.2925 0
68914.6 0.295 0
37509.3 0.2975 0
18612.6 0.3 0
12142.2 0.3025 0
25540.5 0.305 0
53534.7 0.3075 0
76364.6 0.31 0
117932 0.3125 0
165201 0.315 0
128607 0.085 1
1.19155e+06 0.0875 1
3.30456e+06 0.09 1
6.83176e+06 0.0925 1
1.02325e+07 0.095 1
1.37729e+07 0.0975 1
1.65348e+07 0.1 1
1.74744e+07 0.1025 1
1.68583e+07 0.105 1
1.50962e+07 0.1075 1
1.27858e+07 0.11 1
1.0208e+07 0.1125 1
8.52312e+06 0.115 1
7.33983e+06 0.1175 1
6.56132e+06 0.12 1
5.94983e+06 0.1225 1
5.58834e+06 0.125 1
4.90861e+06 0.1275 1
3.8081e+06 0.13 1
2.98632e+06 0.1325 1
2.18746e+06 0.135 1
1.68816e+06 0.1375 1
1.28946e+06 0.14 1
1.19991e+06 0.1425 1
1.22709e+06 0.145 1
1.30853e+06 0.1475 1
1.33817e+06 0.15 1
1.24164e+06 0.1525 1
1.24198e+06 0.155 1
1.24375e+06 0.1575 1
1.20963e+06 0.16 1
1.13905e+06 0.1625 1
957734 0.165 1
760435 0.1675 1
537003 0.17 1
312781 0.1725 1
160432 0.175 1
86728.9 0.1775 1
123719 0.18 1
262671 0.1825 1
492922 0.185 1
667685 0.1875 1
793233 0.19 1
854609 0.1925 1
889836 0.195 1
967403 0.1975 1
1.1136e+06 0.2 1
1.30779e+06 0.2025 1
1.5576e+06 0.205 1
1.70347e+06 0.2075 1
1.76042e+06 0.21 1
1.64825e+06 0.2125 1
1.42169e+06 0.215 1
1.159e+06 0.2175 1
891887 0.22 1
690448 0.2225 1
602946 0.225 1
593476 0.2275 1
560649 0.23 1
603028 0.2325 1
694659 0.235 1
814921 0.2375 1
940069 0.24 1
1.04217e+06 0.2425 1
1.08297e+06 0.245 1
1.08783e+06 0.2475 1
1.01097e+06 0.25 1
879472 0.2525 1
725693 0.255 1
587179 0.2575 1
533637 0.26 1
490578 0.2625 1
575879 0.265 1
800333 0.2675 1
1.06549e+06 0.27 1
1.30296e+06 0.2725 1
1.46361e+06 0.275 1
1.53325e+06 0.2775 1
1.44771e+06 0.28 1
1.27215e+06 0.2825 1
991318 0.285 1
785191 0.2875 1
698331 0.29 1
633766 0.2925 1
680832 0.295 1
765263 0.2975 1
833716 0.3 1
811189 0.3025 1
718161 0.305 1
560893 0.3075 1
393426 0.31 1
236416 0.3125 1
128409 0.315 1
1.83083e+07 0.0825 2
2.08552e+07 0.085 2
2.40325e+07 0.0875 2
2.69438e+07 0.09 2
2.85255e+07 0.0925 2
2.80795e+07 0.095 2
2.56633e+07 0.0975 2
2.20995e+07 0.1 2
1.85769e+07 0.1025 2
1.60565e+07 0.105 2
1.48227e+07 0.1075 2
1.43868e+07 0.11 2
1.38912e+07 0.1125 2
1.26065e+07 0.115 2
1.04475e+07 0.1175 2
7.75744e+06 0.12 2
5.2163e+06 0.1225 2
3.90786e+06 0.125 2
3.03028e+06 0.1275 2
3.0584e+06 0.13 2
3.29859e+06 0.1325 2
3.34998e+06 0.135 2
2.72187e+06 0.1375 2
2.25505e+06 0.14 2
1.73358e+06 0.1425 2
1.63231e+06 0.145 2
1.61521e+06 0.1475 2
1.82564e+06 0.15 2
1.65427e+06 0.1525 2
1.25785e+06 0.155 2
760206 0.1575 2
397910 0.16 2
395869 0.1625 2
628367 0.165 2
1.13366e+06 0.1675 2
1.67766e+06 0.17 2
2.03152e+06 0.1725 2
2.06433e+06 0.175 2
1.84816e+06 0.1775 2
1.59979e+06 0.18 2
1.16752e+06 0.1825 2
716737 0.185 2
532390 0.1875 2
401036 0.19 2
336219 0.1925 2
367736 0.195 2
436314 0.1975 2
548343 0.2 2
643741 0.2025 2
584709 0.205 2
607082 0.2075 2
544204 0.21 2
509467 0.2125 2
506784 0.215 2
475939 0.2175 2
424875 0.22 2
398913 0.2225 2
346385 0.225 2
275421 0.2275 2
224758 0.23 2
254832 0.2325 2
353908 0.235 2
474832 0.2375 2
671943 0.24 2
857908 0.2425 2
1.02093e+06 0.245 2
1.14278e+06 0.2475 2
1.1161e+06 0.25 2
966877 0.2525 2
798366 0.255 2
573097 0.2575 2
377688 0.26 2
234363 0.2625 2
145197 0.265 2
106001 0.2675 2
125290 0.27 2
201741 0.2725 2
342734 0.275 2
478978 0.2775 2
666311 0.28 2
780117 0.2825 2
861200 0.285 2
941994 0.2875 2
1.00669e+06 0.29 2
1.04098e+06 0.2925 2
1.07223e+06 0.295 2
1.18323e+06 0.2975 2
1.15197e+06 0.3 2
1.14219e+06 0.3025 2
1.06977e+06 0.305 2
1.00177e+06 0.3075 2
938080 0.31 2
825915 0.3125 2
720358 0.315 2
5.65892e+07 0.08 3
3.69063e+07 0.0825 3
2.36005e+07 0.085 3
1.73443e+07 0.0875 3
1.60089e+07 0.09 3
1.62967e+07 0.0925 3
1.554e+07 0.095 3
1.27725e+07 0.0975 3
8.6984e+06 0.1 3
4.82187e+06 0.1025 3
2.3792e+06 0.105 3
1.68195e+06 0.1075 3
2.15828e+06 0.11 3
2.84631e+06 0.1125 3
2.9888e+06 0.115 3
2.53054e+06 0.1175 3
1.79365e+06 0.12 3
1.29507e+06 0.1225 3
1.47664e+06 0.125 3
2.07904e+06 0.1275 3
2.94363e+06 0.13 3
3.51186e+06 0.1325 3
3.67496e+06 0.135 3
3.39904e+06 0.1375 3
2.89483e+06 0.14 3
2.19205e+06 0.1425 3
1.58686e+06 0.145 3
1.13881e+06 0.1475 3
894998 0.15 3
863803 0.1525 3
1.03281e+06 0.155 3
1.38035e+06 0.1575 3
1.70485e+06 0.16 3
1.91388e+06 0.1625 3
2.09887e+06 0.165 3
2.06074e+06 0.1675 3
1.97296e+06 0.17 3
1.90209e+06 0.1725 3
1.66455e+06 0.175 3
1.34911e+06 0.1775 3
1.19253e+06 0.18 3
928630 0.1825 3
704469 0.185 3
566763 0.1875 3
558265 0.19 3
844711 0.1925 3
1.14699e+06 0.195 3
1.42079e+06 0.1975 3
1.74343e+06 0.2 3
1.8513e+06 0.2025 3
1.72709e+06 0.205 3
1.63045e+06 0.2075 3
1.4824e+06 0.21 3
1.36015e+06 0.2125 3
1.2592e+06 0.215 3
1.18342e+06 0.2175 3
1.10307e+06 0.22 3
1.1073e+06 0.2225 3
1.08549e+06 0.225 3
1.03148e+06 0.2275 3
896302 0.23 3
798638 0.2325 3
709711 0.235 3
620941 0.2375 3
600751 0.24 3
612650 0.2425 3
667135 0.245 3
659831 0.2475 3
636790 0.25 3
537055 0.2525 3
463075 0.255 3
420625 0.2575 3
415875 0.26 3
404306 0.2625 3
392867 0.265 3
430851 0.2675 3
435309 0.27 3
438273 0.2725 3
444919 0.275 3
409112 0.2775 3
348316 0.28 3
263182 0.2825 3
189542 0.285 3
130178 0.2875 3
95603.1 0.29 3
137338 0.2925 3
258870 0.295 3
468254 0.2975 3
790758 0.3 3
1.09687e+06 0.3025 3
1.4001e+06 0.305 3
1.61285e+06 0.3075 3
1.67282e+06 0.31 3
1.59809e+06 0.3125 3
1.47051e+06 0.315 3
551858 0.0775 4
550688 0.08 4
524590 0.0825 4
473700 0.085 4
460397 0.0875 4
318834 0.09 4
354817 0.0925 4
464251 0.095 4
624458 0.0975 4
822255 0.1 4
1.31484e+06 0.1025 4
1.77437e+06 0.105 4
2.28439e+06 0.1075 4
2.37109e+06 0.11 4
2.45536e+06 0.1125 4
2.39674e+06 0.115 4
2.33354e+06 0.1175 4
1.96457e+06 0.12 4
1.78099e+06 0.1225 4
1.47812e+06 0.125 4
1.32836e+06 0.1275 4
1.39794e+06 0.13 4
1.49183e+06 0.1325 4
1.62717e+06 0.135 4
1.79227e+06 0.1375 4
1.86333e+06 0.14 4
1.6866e+06 0.1425 4
1.52496e+06 0.145 4
1.10071e+06 0.1475 4
775022 0.15 4
555969 0.1525 4
560574 0.155 4
778879 0.1575 4
1.128e+06 0.16 4
1.56268e+06 0.1625 4
1.89352e+06 0.165 4
2.05582e+06 0.1675 4
2.20723e+06 0.17 4
2.16972e+06 0.1725 4
1.9011e+06 0.175 4
1.55812e+06 0.1775 4
1.19245e+06 0.18 4
834322 0.1825 4
560693 0.185 4
448610 0.1875 4
402887 0.19 4
432362 0.1925 4
496173 0.195 4
550337 0.1975 4
558123 0.2 4
588817 0.2025 4
711777 0.205 4
810380 0.2075 4
942509 0.21 4
1.11476e+06 0.2125 4
1.12894e+06 0.215 4
1.15358e+06 0.2175 4
1.14029e+06 0.22 4
1.13914e+06 0.2225 4
1.13688e+06 0.225 4
1.11944e+06 0.2275 4
1.06513e+06 0.23 4
981917 0.2325 4
744174 0.235 4
587979 0.2375 4
399991 0.24 4
304391 0.2425 4
362356 0.245 4
477976 0.2475 4
572077 0.25 4
646632 0.2525 4
642125 0.255 4
625712 0.2575 4
579285 0.26 4
481650 0.2625 4
430399 0.265 4
378955 0.2675 4
418474 0.27 4
516214 0.2725 4
657169 0.275 4
807144 0.2775 4
922464 0.28 4
912639 0.2825 4
765495 0.285 4
556001 0.2875 4
335820 0.29 4
174018 0.2925 4
189104 0.295 4
364840 0.2975 4
651065 0.3 4
916940 0.3025 4
1.0666e+06 0.305 4
1.04127e+06 0.3075 4
907118 0.31 4
723917 0.3125 4
1.50783e+06 0.0725 5
1.08988e+06 0.075 5
862155 0.0775 5
607987 0.08 5
302448 0.0825 5
122333 0.085 5
283675 0.0875 5
834972 0.09 5
1.56709e+06 0.0925 5
2.1177e+06 0.095 5
2.20744e+06 0.0975 5
1.84563e+06 0.1 5
1.35659e+06 0.1025 5
1.19497e+06 0.105 5
1.66123e+06 0.1075 5
2.69815e+06 0.11 5
3.90007e+06 0.1125 5
4.73137e+06 0.115 5
4.81999e+06 0.1175 5
4.15017e+06 0.12 5
3.0478e+06 0.1225 5
1.98256e+06 0.125 5
1.31701e+06 0.1275 5
1.15168e+06 0.13 5
1.32245e+06 0.1325 5
1.55072e+06 0.135 5
1.63572e+06 0.1375 5
1.6364e+06 0.14 5
1.42634e+06 0.1425 5
1.3561e+06 0.145 5
1.18912e+06 0.1475 5
1.43536e+06 0.15 5
1.55459e+06 0.1525 5
1.60002e+06 0.155 5
1.98407e+06 0.1575 5
2.04116e+06 0.16 5
2.1905e+06 0.1625 5
2.31914e+06 0.165 5
2.24685e+06 0.1675 5
2.44472e+06 0.17 5
2.3569e+06 0.1725 5
2.13904e+06 0.175 5
1.88386e+06 0.1775 5
1.26602e+06 0.18 5
762093 0.1825 5
379652 0.185 5
201315 0.1875 5
192056 0.19 5
277224 0.1925 5
420833 0.195 5
627047 0.1975 5
705599 0.2 5
817852 0.2025 5
1.00301e+06 0.205 5
986913 0.2075 5
828636 0.21 5
658832 0.2125 5
480078 0.215 5
257069 0.2175 5
211565 0.22 5
329591 0.2225 5
605851 0.225 5
862424 0.2275 5
1.04892e+06 0.23 5
1.05423e+06 0.2325 5
952862 0.235 5
802439 0.2375 5
762695 0.24 5
914999 0.2425 5
1.26067e+06 0.245 5
1.70077e+06 0.2475 5
2.10898e+06 0.25 5
2.29891e+06 0.2525 5
2.30493e+06 0.255 5
2.08499e+06 0.2575 5
1.79626e+06 0.26 5
1.44837e+06 0.2625 5
1.12172e+06 0.265 5
969689 0.2675 5
812103 0.27 5
662725 0.2725 5
572831 0.275 5
503022 0.2775 5
438950 0.28 5
409802 0.2825 5
407328 0.285 5
447244 0.2875 5
478842 0.29 5
433322 0.2925 5
372475 0.295 5
302970 0.2975 5
235876 0.3 5
192939 0.3025 5
193060 0.305 5
246345 0.3075 5
331171 0.31 5
1.46453e+06 0.065 6
2.25912e+06 0.0675 6
2.93849e+06 0.07 6
3.88638e+06 0.0725 6
4.34258e+06 0.075 6
4.33102e+06 0.0775 6
4.66194e+06 0.08 6
4.47503e+06 0.0825 6
3.76674e+06 0.085 6
3.10442e+06 0.0875 6
2.26285e+06 0.09 6
1.81711e+06 0.0925 6
1.62593e+06 0.095 6
2.03247e+06 0.0975 6
3.21413e+06 0.1 6
4.31308e+06 0.1025 6
5.43512e+06 0.105 6
6.29759e+06 0.1075 6
6.45467e+06 0.11 6
5.68517e+06 0.1125 6
4.35639e+06 0.115 6
3.32414e+06 0.1175 6
2.65775e+06 0.12 6
2.68818e+06 0.1225 6
3.7757e+06 0.125 6
5.53651e+06 0.1275 6
7.441e+06 0.13 6
8.7511e+06 0.1325 6
9.34952e+06 0.135 6
9.19959e+06 0.1375 6
7.84466e+06 0.14 6
5.77487e+06 0.1425 6
3.66877e+06 0.145 6
1.99812e+06 0.1475 6
932864 0.15 6
565096 0.1525 6
609224 0.155 6
863893 0.1575 6
1.13455e+06 0.16 6
1.35156e+06 0.1625 6
1.37885e+06 0.165 6
1.18744e+06 0.1675 6
933830 0.17 6
788930 0.1725 6
776954 0.175 6
839262 0.1775 6
982068 0.18 6
1.05579e+06 0.1825 6
1.07539e+06 0.185 6
988921 0.1875 6
817260 0.19 6
655454 0.1925 6
507122 0.195 6
439467 0.1975 6
463365 0.2 6
502981 0.2025 6
639497 0.205 6
751730 0.2075 6
837735 0.21 6
882706 0.2125 6
838368 0.215 6
683622 0.2175 6
560329 0.22 6
476429 0.2225 6
477683 0.225 6
585564 0.2275 6
773333 0.23 6
1.10412e+06 0.2325 6
1.35591e+06 0.235 6
1.58992e+06 0.2375 6
1.73988e+06 0.24 6
1.85357e+06 0.2425 6
1.74604e+06 0.245 6
1.6103e+06 0.2475 6
1.39043e+06 0.25 6
1.08855e+06 0.2525 6
853346 0.255 6
576915 0.2575 6
390757 0.26 6
314402 0.2625 6
354252 0.265 6
487530 0.2675 6
608671 0.27 6
711615 0.2725 6
791496 0.275 6
818573 0.2775 6
764558 0.28 6
729067 0.2825 6
652628 0.285 6
613374 0.2875 6
601462 0.29 6
615341 0.2925 6
564016 0.295 6
475598 0.2975 6
370569 0.3 6
286015 0.3025 6
230675 0.305 6
238589 0.3075 6
4.31716e+06 0.055 7
5.17987e+06 0.0575 7
5.87049e+06 0.06 7
6.27599e+06 0.0625 7
6.32301e+06 0.065 7
5.99833e+06 0.0675 7
5.36295e+06 0.07 7
4.55033e+06 0.0725 7
3.74098e+06 0.075 7
3.1147e+06 0.0775 7
2.79401e+06 0.08 7
2.80074e+06 0.0825 7
3.0459e+06 0.085 7
3.36016e+06 0.0875 7
3.55473e+06 0.09 7
3.48862e+06 0.0925 7
3.11551e+06 0.095 7
2.49317e+06 0.0975 7
1.75493e+06 0.1 7
1.05776e+06 0.1025 7
529431 0.105 7
233608 0.1075 7
162283 0.11 7
261572 0.1125 7
426984 0.115 7
621062 0.1175 7
740352 0.12 7
773036 0.1225 7
809728 0.125 7
797416 0.1275 7
835824 0.13 7
870272 0.1325 7
1.06448e+06 0.135 7
1.26838e+06 0.1375 7
1.33082e+06 0.14 7
1.25535e+06 0.1425 7
1.27428e+06 0.145 7
1.07152e+06 0.1475 7
849671 0.15 7
583087 0.1525 7
366343 0.155 7
241471 0.1575 7
259537 0.16 7
419924 0.1625 7
680005 0.165 7
999172 0.1675 7
1.24626e+06 0.17 7
1.36201e+06 0.1725 7
1.57219e+06 0.175 7
1.50322e+06 0.1775 7
1.3446e+06 0.18 7
1.23142e+06 0.1825 7
1.15857e+06 0.185 7
1.04751e+06 0.1875 7
981822 0.19 7
968927 0.1925 7
990984 0.195 7
1.33585e+06 0.1975 7
1.63699e+06 0.2 7
1.91823e+06 0.2025 7
2.13023e+06 0.205 7
2.07981e+06 0.2075 7
1.90031e+06 0.21 7
1.61678e+06 0.2125 7
1.05763e+06 0.215 7
580156 0.2175 7
259393 0.22 7
207488 0.2225 7
338202 0.225 7
579716 0.2275 7
808863 0.23 7
999752 0.2325 7
1.08884e+06 0.235 7
1.09613e+06 0.2375 7
1.03991e+06 0.24 7
952798 0.2425 7
823335 0.245 7
694172 0.2475 7
524083 0.25 7
333665 0.2525 7
187210 0.255 7
177493 0.2575 7
329233 0.26 7
570451 0.2625 7
858377 0.265 7
1.07306e+06 0.2675 7
1.18188e+06 0.27 7
1.10203e+06 0.2725 7
911630 0.275 7
627731 0.2775 7
401530 0.28 7
284033 0.2825 7
248414 0.285 7
310733 0.2875 7
380279 0.29 7
454872 0.2925 7
506788 0.295 7
564663 0.2975 7
635835 0.3 7
756592 0.3025 7
838729 0.305 7
255758 0.0425 8
323107 0.045 8
407141 0.0475 8
453711 0.05 8
720488 0.0525 8
909696 0.055 8
1.18426e+06 0.0575 8
1.52855e+06 0.06 8
2.0092e+06 0.0625 8
2.59507e+06 0.065 8
2.88881e+06 0.0675 8
3.22376e+06 0.07 8
2.96139e+06 0.0725 8
2.51508e+06 0.075 8
1.97513e+06 0.0775 8
1.39035e+06 0.08 8
681399 0.0825 8
241335 0.085 8
34807.9 0.0875 8
40833.9 0.09 8
136907 0.0925 8
245451 0.095 8
304482 0.0975 8
292956 0.1 8
278371 0.1025 8
350757 0.105 8
506350 0.1075 8
742566 0.11 8
1.03271e+06 0.1125 8
1.08604e+06 0.115 8
959483 0.1175 8
851372 0.12 8
697353 0.1225 8
670305 0.125 8
737504 0.1275 8
792448 0.13 8
831174 0.1325 8
833600 0.135 8
686512 0.1375 8
510218 0.14 8
331327 0.1425 8
266860 0.145 8
385534 0.1475 8
559605 0.15 8
787015 0.1525 8
908521 0.155 8
959563 0.1575 8
1.00584e+06 0.16 8
1.13752e+06 0.1625 8
1.36296e+06 0.165 8
1.67118e+06 0.1675 8
1.77247e+06 0.17 8
1.82119e+06 0.1725 8
1.65332e+06 0.175 8
1.26885e+06 0.1775 8
872516 0.18 8
521944 0.1825 8
487021 0.185 8
656588 0.1875 8
996480 0.19 8
1.28969e+06 0.1925 8
1.59635e+06 0.195 8
1.78474e+06 0.1975 8
1.79514e+06 0.2 8
1.96988e+06 0.2025 8
2.10177e+06 0.205 8
2.09708e+06 0.2075 8
2.17495e+06 0.21 8
1.69098e+06 0.2125 8
1.22876e+06 0.215 8
771363 0.2175 8
393196 0.22 8
196065 0.2225 8
246340 0.225 8
438363 0.2275 8
640428 0.23 8
799477 0.2325 8
887840 0.235 8
927798 0.2375 8
1.02158e+06 0.24 8
1.04472e+06 0.2425 8
1.10334e+06 0.245 8
1.19554e+06 0.2475 8
1.12448e+06 0.25 8
993478 0.2525 8
816607 0.255 8
639984 0.2575 8
512206 0.26 8
425792 0.2625 8
422698 0.265 8
470342 0.2675 8
518966 0.27 8
571837 0.2725 8
617393 0.275 8
661492 0.2775 8
719553 0.28 8
769641 0.2825 8
876200 0.285 8
1.04105e+06 0.2875 8
1.29253e+06 0.29 8
1.55598e+06 0.2925 8
1.71711e+06 0.295 8
1.73595e+06 0.2975 8
0 0.02 9
0 0.0225 9
0 0.025 9
0 0.0275 9
0 0.03 9
0 0.0325 9
0 0.035 9
3661.31 0.0375 9
10228.9 0.04 9
41648.2 0.0425 9
40001.1 0.045 9
149428 0.0475 9
268805 0.05 9
345497 0.0525 9
403555 0.055 9
534356 0.0575 9
838658 0.06 9
837441 0.0625 9
825821 0.065 9
813782 0.0675 9
830800 0.07 9
712634 0.0725 9
524102 0.075 9
397159 0.0775 9
243608 0.08 9
117251 0.0825 9
64046.4 0.085 9
45369.1 0.0875 9
58094.5 0.09 9
148000 0.0925 9
190997 0.095 9
272253 0.0975 9
344599 0.1 9
537395 0.1025 9
688445 0.105 9
892049 0.1075 9
943057 0.11 9
978580 0.1125 9
1.01972e+06 0.115 9
950107 0.1175 9
791794 0.12 9
808993 0.1225 9
1.02831e+06 0.125 9
1.14174e+06 0.1275 9
1.19841e+06 0.13 9
1.57544e+06 0.1325 9
1.85755e+06 0.135 9
2.16542e+06 0.1375 9
2.38061e+06 0.14 9
2.58479e+06 0.1425 9
2.50591e+06 0.145 9
2.66041e+06 0.1475 9
3.13062e+06 0.15 9
3.55439e+06 0.1525 9
3.94992e+06 0.155 9
4.30527e+06 0.1575 9
4.62685e+06 0.16 9
4.70734e+06 0.1625 9
4.41216e+06 0.165 9
3.66418e+06 0.1675 9
2.84421e+06 0.17 9
2.10192e+06 0.1725 9
1.40191e+06 0.175 9
852560 0.1775 9
514376 0.18 9
300095 0.1825 9
248480 0.185 9
361710 0.1875 9
620946 0.19 9
923945 0.1925 9
1.16723e+06 0.195 9
1.25055e+06 0.1975 9
1.09477e+06 0.2 9
825016 0.2025 9
457208 0.205 9
238269 0.2075 9
160248 0.21 9
238799 0.2125 9
366214 0.215 9
429750 0.2175 9
381680 0.22 9
256761 0.2225 9
170678 0.225 9
210274 0.2275 9
433314 0.23 9
718027 0.2325 9
987672 0.235 9
1.07285e+06 0.2375 9
1.03765e+06 0.24 9
919605 0.2425 9
826188 0.245 9
914797 0.2475 9
1.08875e+06 0.25 9
1.33986e+06 0.2525 9
1.58394e+06 0.255 9
1.60813e+06 0.2575 9
1.38955e+06 0.26 9
1.06656e+06 0.2625 9
787160 0.265 9
526300 0.2675 9
395402 0.27 9
449952 0.2725 9
604620 0.275 9
794562 0.2775 9
953301 0.28 9
1.03217e+06 0.2825 9
1.01201e+06 0.285 9
930851 0.2875 9
777279 0.29 9
615730 0.2925 9
375396 0.01 10
618364 0.0125 10
751908 0.015 10
665588 0.0175 10
376873 0.02 10
77679.3 0.0225 10
77321.7 0.025 10
656122 0.0275 10
1.90338e+06 0.03 10
3.63297e+06 0.0325 10
5.43368e+06 0.035 10
6.83846e+06 0.0375 10
7.52789e+06 0.04 10
7.46123e+06 0.0425 10
6.86639e+06 0.045 10
6.09803e+06 0.0475 10
5.44531e+06 0.05 10
4.99605e+06 0.0525 10
4.62806e+06 0.055 10
4.1237e+06 0.0575 10
3.33385e+06 0.06 10
2.29337e+06 0.0625 10
1.22281e+06 0.065 10
419807 0.0675 10
106119 0.07 10
317358 0.0725 10
892800 0.075 10
1.56303e+06 0.0775 10
2.08004e+06 0.08 10
2.31743e+06 0.0825 10
2.29373e+06 0.085 10
2.11987e+06 0.0875 10
1.91339e+06 0.09 10
1.73276e+06 0.0925 10
1.5648e+06 0.095 10
1.36125e+06 0.0975 10
1.09247e+06 0.1 10
780988 0.1025 10
495595 0.105 10
313659 0.1075 10
277377 0.11 10
370522 0.1125 10
527190 0.115 10
664765 0.1175 10
721264 0.12 10
680623 0.1225 10
572048 0.125 10
429863 0.1275 10
323229 0.13 10
276458 0.1325 10
284454 0.135 10
282725 0.1375 10
367505 0.14 10
349064 0.1425 10
256119 0.145 10
175608 0.1475 10
115452 0.15 10
105498 0.1525 10
61245.6 0.155 10
56220 0.1575 10
117188 0.16 10
217238 0.1625 10
336590 0.165 10
397200 0.1675 10
449300 0.17 10
532849 0.1725 10
429207 0.175 10
359578 0.1775 10
295801 0.18 10
344749 0.1825 10
506811 0.185 10
731848 0.1875 10
988757 0.19 10
1.26657e+06 0.1925 10
1.45412e+06 0.195 10
1.6559e+06 0.1975 10
1.70432e+06 0.2 10
1.67094e+06 0.2025 10
1.81214e+06 0.205 10
1.89747e+06 0.2075 10
1.87719e+06 0.21 10
1.96508e+06 0.2125 10
1.84518e+06 0.215 10
1.60709e+06 0.2175 10
1.24418e+06 0.22 10
868495 0.2225 10
578414 0.225 10
515718 0.2275 10
673410 0.23 10
906097 0.2325 10
1.19043e+06 0.235 10
1.34906e+06 0.2375 10
1.42359e+06 0.24 10
1.32634e+06 0.2425 10
1.04509e+06 0.245 10
780818 0.2475 10
526732 0.25 10
367130 0.2525 10
327649 0.255 10
374383 0.2575 10
470451 0.26 10
583747 0.2625 10
684210 0.265 10
738778 0.2675 10
684307 0.27 10
661985 0.2725 10
468183 0.275 10
304997 0.2775 10
179597 0.28 10
126063 0.2825 10
149517 0.285 10
244331 0.2875 10
0 0.01 11
0 0.0125 11
0 0.015 11
0 0.0175 11
0 0.02 11
0 0.0225 11
0 0.025 11
0 0.0275 11
0 0.03 11
0 0.0325 11
0 0.035 11
0 0.0375 11
0 0.04 11
0 0.0425 11
0 0.045 11
0 0.0475 11
0 0.05 11
0 0.0525 11
0 0.055 11
0 0.0575 11
1898.91 0.06 11
360.834 0.0625 11
27284.5 0.065 11
97845.9 0.0675 11
235123 0.07 11
688540 0.0725 11
1.14317e+06 0.075 11
1.55121e+06 0.0775 11
2.06603e+06 0.08 11
2.68747e+06 0.0825 11
3.21665e+06 0.085 11
3.62691e+06 0.0875 11
3.92634e+06 0.09 11
4.19969e+06 0.0925 11
4.27266e+06 0.095 11
3.52318e+06 0.0975 11
2.90929e+06 0.1 11
2.13675e+06 0.1025 11
1.58497e+06 0.105 11
1.33649e+06 0.1075 11
1.76483e+06 0.11 11
2.5268e+06 0.1125 11
3.2464e+06 0.115 11
3.93755e+06 0.1175 11
4.70576e+06 0.12 11
5.06916e+06 0.1225 11
5.24344e+06 0.125 11
5.16711e+06 0.1275 11
5.05676e+06 0.13 11
5.01639e+06 0.1325 11
4.93933e+06 0.135 11
5.04155e+06 0.1375 11
5.0329e+06 0.14 11
5.06089e+06 0.1425 11
4.63541e+06 0.145 11
3.92286e+06 0.1475 11
3.19071e+06 0.15 11
2.25716e+06 0.1525 11
1.44448e+06 0.155 11
852290 0.1575 11
594721 0.16 11
608278 0.1625 11
685802 0.165 11
845742 0.1675 11
974223 0.17 11
1.02637e+06 0.1725 11
1.0189e+06 0.175 11
973625 0.1775 11
974401 0.18 11
1.07008e+06 0.1825 11
1.08217e+06 0.185 11
1.11914e+06 0.1875 11
960174 0.19 11
735155 0.1925 11
506339 0.195 11
358388 0.1975 11
386436 0.2 11
580083 0.2025 11
923614 0.205 11
1.38165e+06 0.2075 11
1.81665e+06 0.21 11
2.09485e+06 0.2125 11
2.08247e+06 0.215 11
1.91078e+06 0.2175 11
1.52459e+06 0.22 11
1.04749e+06 0.2225 11
663378 0.225 11
435545 0.2275 11
417425 0.23 11
576645 0.2325 11
921120 0.235 11
1.28698e+06 0.2375 11
1.64039e+06 0.24 11
1.89644e+06 0.2425 11
2.03119e+06 0.245 11
2.11178e+06 0.2475 11
2.07042e+06 0.25 11
1.9476e+06 0.2525 11
1.80779e+06 0.255 11
1.63127e+06 0.2575 11
1.49571e+06 0.26 11
1.41632e+06 0.2625 11
1.3283e+06 0.265 11
1.22859e+06 0.2675 11
1.09215e+06 0.27 11
955913 0.2725 11
781473 0.275 11
692558 0.2775 11
712990 0.28 11
773839 0.2825 11
183180 0.01 12
527811 0.0125 12
1.20472e+06 0.015 12
2.29289e+06 0.0175 12
3.67112e+06 0.02 12
4.97086e+06 0.0225 12
5.8711e+06 0.025 12
6.1074e+06 0.0275 12
5.64126e+06 0.03 12
4.69184e+06 0.0325 12
3.64077e+06 0.035 12
2.8569e+06 0.0375 12
2.5348e+06 0.04 12
2.63283e+06 0.0425 12
2.93763e+06 0.045 12
3.2085e+06 0.0475 12
3.31217e+06 0.05 12
3.27161e+06 0.0525 12
3.21066e+06 0.055 12
3.24188e+06 0.0575 12
3.37521e+06 0.06 12
3.50468e+06 0.0625 12
3.475e+06 0.065 12
3.17857e+06 0.0675 12
2.61887e+06 0.07 12
1.9048e+06 0.0725 12
1.18934e+06 0.075 12
599525 0.0775 12
202339 0.08 12
17448.5 0.0825 12
50861.1 0.085 12
311045 0.0875 12
789282 0.09 12
1.42155e+06 0.0925 12
2.07103e+06 0.095 12
2.56001e+06 0.0975 12
2.74354e+06 0.1 12
2.58231e+06 0.1025 12
2.16543e+06 0.105 12
1.66335e+06 0.1075 12
1.23708e+06 0.11 12
959981 0.1125 12
800371 0.115 12
672626 0.1175 12
514764 0.12 12
348470 0.1225 12
243800 0.125 12
323301 0.1275 12
536254 0.13 12
852020 0.1325 12
1.1755e+06 0.135 12
1.4492e+06 0.1375 12
1.5619e+06 0.14 12
1.64855e+06 0.1425 12
1.63853e+06 0.145 12
1.93152e+06 0.1475 12
1.95383e+06 0.15 12
1.87002e+06 0.1525 12
1.94392e+06 0.155 12
1.88481e+06 0.1575 12
1.83413e+06 0.16 12
1.85053e+06 0.1625 12
1.96733e+06 0.165 12
1.89546e+06 0.1675 12
1.76373e+06 0.17 12
1.295e+06 0.1725 12
859154 0.175 12
461137 0.1775 12
251980 0.18 12
298941 0.1825 12
634137 0.185 12
1.01938e+06 0.1875 12
1.38709e+06 0.19 12
1.47969e+06 0.1925 12
1.36273e+06 0.195 12
1.31902e+06 0.1975 12
1.38534e+06 0.2 12
1.67019e+06 0.2025 12
2.15578e+06 0.205 12
2.67649e+06 0.2075 12
3.03517e+06 0.21 12
3.23644e+06 0.2125 12
3.2752e+06 0.215 12
3.21726e+06 0.2175 12
3.04617e+06 0.22 12
2.87933e+06 0.2225 12
2.7417e+06 0.225 12
2.42798e+06 0.2275 12
2.0186e+06 0.23 12
1.50502e+06 0.2325 12
1.00043e+06 0.235 12
648342 0.2375 12
474640 0.24 12
483995 0.2425 12
664973 0.245 12
1.06103e+06 0.2475 12
1.47683e+06 0.25 12
1.85196e+06 0.2525 12
2.04073e+06 0.255 12
2.02182e+06 0.2575 12
1.80387e+06 0.26 12
1.4985e+06 0.2625 12
1.17318e+06 0.265 12
970487 0.2675 12
968726 0.27 12
1.0331e+06 0.2725 12
1.18806e+06 0.275 12
0 0.01 13
0 0.0125 13
0 0.015 13
0 0.0175 13
0 0.02 13
0 0.0225 13
0 0.025 13
0 0.0275 13
0 0.03 13
4588.39 0.0325 13
34.6371 0.035 13
39467.2 0.0375 13
94777.1 0.04 13
198697 0.0425 13
416651 0.045 13
601400 0.0475 13
892199 0.05 13
1.09016e+06 0.0525 13
1.38554e+06 0.055 13
1.63474e+06 0.0575 13
1.90721e+06 0.06 13
1.78121e+06 0.0625 13
1.32662e+06 0.065 13
1.03243e+06 0.0675 13
622456 0.07 13
236844 0.0725 13
28072.4 0.075 13
74843.2 0.0775 13
293378 0.08 13
599735 0.0825 13
806117 0.085 13
934604 0.0875 13
702275 0.09 13
433943 0.0925 13
273694 0.095 13
357424 0.0975 13
797990 0.1 13
1.50569e+06 0.1025 13
2.36412e+06 0.105 13
3.03762e+06 0.1075 13
3.48741e+06 0.11 13
3.7374e+06 0.1125 13
3.71366e+06 0.115 13
3.27496e+06 0.1175 13
3.08793e+06 0.12 13
2.70146e+06 0.1225 13
2.56914e+06 0.125 13
2.40599e+06 0.1275 13
2.08321e+06 0.13 13
1.81137e+06 0.1325 13
1.34872e+06 0.135 13
1.0099e+06 0.1375 13
796086 0.14 13
661430 0.1425 13
676783 0.145 13
851308 0.1475 13
1.07025e+06 0.15 13
1.26755e+06 0.1525 13
1.45312e+06 0.155 13
1.57584e+06 0.1575 13
1.68436e+06 0.16 13
1.67845e+06 0.1625 13
1.73455e+06 0.165 13
1.63127e+06 0.1675 13
1.59464e+06 0.17 13
1.4312e+06 0.1725 13
1.12078e+06 0.175 13
932237 0.1775 13
682324 0.18 13
499739 0.1825 13
353853 0.185 13
311049 0.1875 13
354935 0.19 13
432262 0.1925 13
520676 0.195 13
557350 0.1975 13
551330 0.2 13
509458 0.2025 13
434389 0.205 13
369452 0.2075 13
377911 0.21 13
441851 0.2125 13
561790 0.215 13
715599 0.2175 13
858399 0.22 13
968949 0.2225 13
1.08721e+06 0.225 13
1.07047e+06 0.2275 13
988398 0.23 13
934743 0.2325 13
854079 0.235 13
803257 0.2375 13
772710 0.24 13
763685 0.2425 13
775768 0.245 13
896009 0.2475 13
974405 0.25 13
1.0427e+06 0.2525 13
1.09922e+06 0.255 13
1.21791e+06 0.2575 13
1.33432e+06 0.26 13
1.39665e+06 0.2625 13
1.41104e+06 0.265 13
1.34183e+06 0.2675 13
0 0.02 14
0 0.0225 14
0 0.025 14
0 0.0275 14
0 0.03 14
6779.37 0.0325 14
20531.7 0.035 14
364.159 0.0375 14
10424.6 0.04 14
16184.1 0.0425 14
9067.06 0.045 14
13123.5 0.0475 14
16768.5 0.05 14
39481 0.0525 14
103065 0.055 14
144849 0.0575 14
193087 0.06 14
155662 0.0625 14
203703 0.065 14
186266 0.0675 14
273857 0.07 14
351489 0.0725 14
447574 0.075 14
497541 0.0775 14
543842 0.08 14
643720 0.0825 14
640927 0.085 14
559514 0.0875 14
473415 0.09 14
377918 0.0925 14
320355 0.095 14
301637 0.0975 14
341823 0.1 14
475213 0.1025 14
563702 0.105 14
593681 0.1075 14
714811 0.11 14
918924 0.1125 14
1.16063e+06 0.115 14
1.26903e+06 0.1175 14
1.69369e+06 0.12 14
2.23462e+06 0.1225 14
2.85891e+06 0.125 14
3.48063e+06 0.1275 14
3.69181e+06 0.13 14
3.50877e+06 0.1325 14
3.05671e+06 0.135 14
2.46592e+06 0.1375 14
1.9557e+06 0.14 14
1.3771e+06 0.1425 14
913075 0.145 14
638726 0.1475 14
438835 0.15 14
303129 0.1525 14
292636 0.155 14
406303 0.1575 14
664720 0.16 14
980986 0.1625 14
1.23935e+06 0.165 14
1.2617e+06 0.1675 14
982251 0.17 14
561325 0.1725 14
231392 0.175 14
243445 0.1775 14
741165 0.18 14
1.69985e+06 0.1825 14
2.85976e+06 0.185 14
3.76841e+06 0.1875 14
4.01501e+06 0.19 14
3.58937e+06 0.1925 14
2.6329e+06 0.195 14
1.54347e+06 0.1975 14
772527 0.2 14
441401 0.2025 14
659318 0.205 14
1.2753e+06 0.2075 14
1.95325e+06 0.21 14
2.35818e+06 0.2125 14
2.34393e+06 0.215 14
2.05538e+06 0.2175 14
1.65054e+06 0.22 14
1.34828e+06 0.2225 14
1.25344e+06 0.225 14
1.31031e+06 0.2275 14
1.38872e+06 0.23 14
1.46481e+06 0.2325 14
1.38666e+06 0.235 14
1.26064e+06 0.2375 14
1.01541e+06 0.24 14
852609 0.2425 14
749320 0.245 14
708211 0.2475 14
688946 0.25 14
755518 0.2525 14
784155 0.255 14
823167 0.2575 14
478594 0.0125 15
1.12961e+06 0.015 15
2.09182e+06 0.0175 15
3.35138e+06 0.02 15
4.72284e+06 0.0225 15
5.85069e+06 0.025 15
6.4265e+06 0.0275 15
6.27613e+06 0.03 15
5.4318e+06 0.0325 15
4.12017e+06 0.035 15
2.67378e+06 0.0375 15
1.40983e+06 0.04 15
531616 0.0425 15
90397.7 0.045 15
11547 0.0475 15
158876 0.05 15
400168 0.0525 15
646625 0.055 15
859457 0.0575 15
1.03436e+06 0.06 15
1.18064e+06 0.0625 15
1.30658e+06 0.065 15
1.41385e+06 0.0675 15
1.49731e+06 0.07 15
1.54657e+06 0.0725 15
1.54846e+06 0.075 15
1.49139e+06 0.0775 15
1.37146e+06 0.08 15
1.19756e+06 0.0825 15
991336 0.085 15
780527 0.0875 15
588550 0.09 15
426454 0.0925 15
292473 0.095 15
179587 0.0975 15
86018 0.1 15
21369.5 0.1025 15
3766.28 0.105 15
49249.3 0.1075 15
159768 0.11 15
317142 0.1125 15
486747 0.115 15
632158 0.1175 15
715051 0.12 15
727794 0.1225 15
684800 0.125 15
645954 0.1275 15
557204 0.13 15
467663 0.1325 15
372889 0.135 15
310227 0.1375 15
348542 0.14 15
301662 0.1425 15
329746 0.145 15
410894 0.1475 15
537015 0.15 15
573130 0.1525 15
681839 0.155 15
775669 0.1575 15
867277 0.16 15
1.17028e+06 0.1625 15
1.50263e+06 0.165 15
2.07289e+06 0.1675 15
2.8376e+06 0.17 15
3.44773e+06 0.1725 15
4.01893e+06 0.175 15
4.24302e+06 0.1775 15
4.21458e+06 0.18 15
4.02358e+06 0.1825 15
3.43467e+06 0.185 15
2.69279e+06 0.1875 15
2.40369e+06 0.19 15
2.59895e+06 0.1925 15
3.32072e+06 0.195 15
3.92299e+06 0.1975 15
4.40075e+06 0.2 15
4.50554e+06 0.2025 15
4.15464e+06 0.205 15
3.40072e+06 0.2075 15
2.75005e+06 0.21 15
2.18225e+06 0.2125 15
1.80156e+06 0.215 15
1.78803e+06 0.2175 15
1.86551e+06 0.22 15
1.74859e+06 0.2225 15
1.46513e+06 0.225 15
987651 0.2275 15
531629 0.23 15
234963 0.2325 15
222833 0.235 15
455766 0.2375 15
793859 0.24 15
949551 0.2425 15
910139 0.245 15
695190 0.2475 15
0 0.0025 16
0 0.005 16
0 0.0075 16
0 0.01 16
0 0.0125 16
0 0.015 16
0 0.0175 16
0 0.02 16
0 0.0225 16
0 0.025 16
0 0.0275 16
0 0.03 16
0 0.0325 16
0 0.035 16
0 0.0375 16
0 0.04 16
0 0.0425 16
0 0.045 16
0 0.0475 16
0 0.05 16
0 0.0525 16
0 0.055 16
0 0.0575 16
1937.95 0.06 16
8815.58 0.0625 16
36880.3 0.065 16
101586 0.0675 16
259574 0.07 16
415030 0.0725 16
510639 0.075 16
705531 0.0775 16
817390 0.08 16
841517 0.0825 16
901172 0.085 16
915013 0.0875 16
936438 0.09 16
802306 0.0925 16
626569 0.095 16
483541 0.0975 16
454090 0.1 16
633261 0.1025 16
736018 0.105 16
893552 0.1075 16
1.10519e+06 0.11 16
1.0323e+06 0.1125 16
921693 0.115 16
767617 0.1175 16
489182 0.12 16
345193 0.1225 16
410185 0.125 16
719602 0.1275 16
1.25771e+06 0.13 16
1.97767e+06 0.1325 16
2.46398e+06 0.135 16
2.97166e+06 0.1375 16
3.27169e+06 0.14 16
3.41828e+06 0.1425 16
3.33233e+06 0.145 16
3.10757e+06 0.1475 16
2.83766e+06 0.15 16
2.5432e+06 0.1525 16
2.18821e+06 0.155 16
1.85695e+06 0.1575 16
1.49185e+06 0.16 16
1.20952e+06 0.1625 16
1.11864e+06 0.165 16
1.11988e+06 0.1675 16
1.22911e+06 0.17 16
1.42815e+06 0.1725 16
1.66901e+06 0.175 16
1.66781e+06 0.1775 16
1.60697e+06 0.18 16
1.40485e+06 0.1825 16
1.09424e+06 0.185 16
784703 0.1875 16
496161 0.19 16
290374 0.1925 16
156971 0.195 16
104567 0.1975 16
125429 0.2 16
201933 0.2025 16
341823 0.205 16
514697 0.2075 16
694018 0.21 16
834059 0.2125 16
902866 0.215 16
871771 0.2175 16
731457 0.22 16
571534 0.2225 16
458939 0.225 16
415124 0.2275 16
437620 0.23 16
514151 0.2325 16
631167 0.235 16
654955 0.2375 16
4194.41 0.0025 17
61882.3 0.005 17
273451 0.0075 17
713276 0.01 17
1.35688e+06 0.0125 17
2.06641e+06 0.015 17
2.64647e+06 0.0175 17
2.93734e+06 0.02 17
2.88946e+06 0.0225 17
2.57653e+06 0.025 17
2.14428e+06 0.0275 17
1.73073e+06 0.03 17
1.40713e+06 0.0325 17
1.16973e+06 0.035 17
976682 0.0375 17
796473 0.04 17
632361 0.0425 17
510129 0.045 17
445157 0.0475 17
419124 0.05 17
386909 0.0525 17
309450 0.055 17
187353 0.0575 17
68483.7 0.06 17
21273.5 0.0625 17
90295.6 0.065 17
263761 0.0675 17
474877 0.07 17
636333 0.0725 17
685637 0.075 17
613387 0.0775 17
459602 0.08 17
285011 0.0825 17
138955 0.085 17
44065.5 0.0875 17
2616.74 0.09 17
12940.5 0.0925 17
78689.5 0.095 17
202538 0.0975 17
371302 0.1 17
548847 0.1025 17
688599 0.105 17
761931 0.1075 17
783720 0.11 17
814040 0.1125 17
928407 0.115 17
1.17022e+06 0.1175 17
1.51364e+06 0.12 17
1.86317e+06 0.1225 17
2.09783e+06 0.125 17
2.12199e+06 0.1275 17
1.92609e+06 0.13 17
1.62368e+06 0.1325 17
1.39947e+06 0.135 17
1.3033e+06 0.1375 17
1.45699e+06 0.14 17
1.89683e+06 0.1425 17
2.39308e+06 0.145 17
2.81676e+06 0.1475 17
3.0778e+06 0.15 17
2.92403e+06 0.1525 17
2.58327e+06 0.155 17
2.09945e+06 0.1575 17
1.66525e+06 0.16 17
1.41504e+06 0.1625 17
1.40798e+06 0.165 17
1.45811e+06 0.1675 17
1.50817e+06 0.17 17
1.54072e+06 0.1725 17
1.45155e+06 0.175 17
1.1924e+06 0.1775 17
931324 0.18 17
673511 0.1825 17
594810 0.185 17
618790 0.1875 17
749192 0.19 17
980114 0.1925 17
992550 0.195 17
909270 0.1975 17
724813 0.2 17
519258 0.2025 17
455430 0.205 17
516891 0.2075 17
628147 0.21 17
819078 0.2125 17
893848 0.215 17
957935 0.2175 17
917070 0.22 17
795393 0.2225 17
688078 0.225 17
0 0.0025 18
0 0.005 18
0 0.0075 18
0 0.01 18
0 0.0125 18
0 0.015 18
0 0.0175 18
0 0.02 18
0 0.0225 18
0 0.025 18
0 0.0275 18
0 0.03 18
0 0.0325 18
0 0.035 18
4948.75 0.0375 18
29990.6 0.04 18
156599 0.0425 18
229000 0.045 18
382407 0.0475 18
800949 0.05 18
1.11239e+06 0.0525 18
1.432e+06 0.055 18
1.69248e+06 0.0575 18
1.76922e+06 0.06 18
1.88461e+06 0.0625 18
1.91878e+06 0.065 18
1.74083e+06 0.0675 18
1.73343e+06 0.07 18
1.57119e+06 0.0725 18
1.67158e+06 0.075 18
1.91015e+06 0.0775 18
2.02113e+06 0.08 18
2.3461e+06 0.0825 18
2.61919e+06 0.085 18
2.58963e+06 0.0875 18
2.29133e+06 0.09 18
2.00313e+06 0.0925 18
1.73074e+06 0.095 18
1.44929e+06 0.0975 18
1.22317e+06 0.1 18
927953 0.1025 18
765592 0.105 18
621317 0.1075 18
505418 0.11 18
365591 0.1125 18
338669 0.115 18
358485 0.1175 18
476514 0.12 18
578905 0.1225 18
713158 0.125 18
745287 0.1275 18
846698 0.13 18
828095 0.1325 18
800064 0.135 18
884256 0.1375 18
715492 0.14 18
466512 0.1425 18
273220 0.145 18
177699 0.1475 18
428772 0.15 18
969293 0.1525 18
1.78425e+06 0.155 18
2.73698e+06 0.1575 18
3.85572e+06 0.16 18
4.51504e+06 0.1625 18
4.77762e+06 0.165 18
4.70413e+06 0.1675 18
4.3961e+06 0.17 18
3.91589e+06 0.1725 18
3.33273e+06 0.175 18
2.78655e+06 0.1775 18
2.39772e+06 0.18 18
2.0973e+06 0.1825 18
1.87212e+06 0.185 18
1.69575e+06 0.1875 18
1.51416e+06 0.19 18
1.33875e+06 0.1925 18
1.1851e+06 0.195 18
1.05548e+06 0.1975 18
973068 0.2 18
927812 0.2025 18
1.00547e+06 0.205 18
1.17541e+06 0.2075 18
1.37001e+06 0.21 18
1.47711e+06 0.2125 18
0 0.0025 19
0 0.005 19
0 0.0075 19
0 0.01 19
0 0.0125 19
0 0.015 19
0 0.0175 19
0 0.02 19
0 0.0225 19
0 0.025 19
2898.47 0.0275 19
2377.56 0.03 19
23651.4 0.0325 19
90733.5 0.035 19
126246 0.0375 19
243668 0.04 19
335691 0.0425 19
454175 0.045 19
581755 0.0475 19
612212 0.05 19
743367 0.0525 19
622275 0.055 19
615134 0.0575 19
558824 0.06 19
433078 0.0625 19
286012 0.065 19
143675 0.0675 19
83974.6 0.07 19
34890.5 0.0725 19
16312.1 0.075 19
29613.4 0.0775 19
74609.5 0.08 19
149367 0.0825 19
248352 0.085 19
380428 0.0875 19
557660 0.09 19
709296 0.0925 19
881002 0.095 19
1.02616e+06 0.0975 19
1.11948e+06 0.1 19
1.1724e+06 0.1025 19
1.28249e+06 0.105 19
1.32177e+06 0.1075 19
1.26029e+06 0.11 19
1.07678e+06 0.1125 19
1.04147e+06 0.115 19
960352 0.1175 19
900829 0.12 19
804205 0.1225 19
703785 0.125 19
733305 0.1275 19
811285 0.13 19
1.16126e+06 0.1325 19
1.53496e+06 0.135 19
2.01447e+06 0.1375 19
2.46004e+06 0.14 19
2.86671e+06 0.1425 19
3.19176e+06 0.145 19
3.30883e+06 0.1475 19
3.21314e+06 0.15 19
2.72957e+06 0.1525 19
2.14812e+06 0.155 19
1.53445e+06 0.1575 19
940566 0.16 19
496352 0.1625 19
250926 0.165 19
194505 0.1675 19
299460 0.17 19
458994 0.1725 19
683950 0.175 19
857655 0.1775 19
1.02375e+06 0.18 19
941488 0.1825 19
846670 0.185 19
599337 0.1875 19
483536 0.19 19
440790 0.1925 19
561830 0.195 19
739972 0.1975 19
0 0.0025 20
0 0.005 20
0 0.0075 20
0 0.01 20
14300.6 0.0125 20
29841.5 0.015 20
21884.2 0.0175 20
45597.4 0.02 20
147989 0.0225 20
239699 0.025 20
300740 0.0275 20
276666 0.03 20
283302 0.0325 20
293796 0.035 20
340222 0.0375 20
457384 0.04 20
652511 0.0425 20
904859 0.045 20
1.1786e+06 0.0475 20
1.44905e+06 0.05 20
1.72385e+06 0.0525 20
2.04046e+06 0.055 20
2.43437e+06 0.0575 20
2.89286e+06 0.06 20
3.3244e+06 0.0625 20
3.572e+06 0.065 20
3.4774e+06 0.0675 20
2.97154e+06 0.07 20
2.14453e+06 0.0725 20
1.24963e+06 0.075 20
624808 0.0775 20
558141 0.08 20
1.15703e+06 0.0825 20
2.28569e+06 0.085 20
3.60573e+06 0.0875 20
4.7054e+06 0.09 20
5.2589e+06 0.0925 20
5.1434e+06 0.095 20
4.4636e+06 0.0975 20
3.48052e+06 0.1 20
2.48741e+06 0.1025 20
1.69605e+06 0.105 20
1.18348e+06 0.1075 20
911398 0.11 20
793701 0.1125 20
754818 0.115 20
780922 0.1175 20
881907 0.12 20
1.00135e+06 0.1225 20
1.14631e+06 0.125 20
1.24121e+06 0.1275 20
1.26564e+06 0.13 20
1.20439e+06 0.1325 20
1.02382e+06 0.135 20
860813 0.1375 20
785647 0.14 20
748127 0.1425 20
751983 0.145 20
760318 0.1475 20
685336 0.15 20
565540 0.1525 20
348555 0.155 20
289809 0.1575 20
454300 0.16 20
814430 0.1625 20
1.19964e+06 0.165 20
1.53935e+06 0.1675 20
1.74129e+06 0.17 20
1.66854e+06 0.1725 20
1.40547e+06 0.175 20
1.15601e+06 0.1775 20
0 0.0025 21
0 0.005 21
0 0.0075 21
0 0.01 21
0 0.0125 21
0 0.015 21
0 0.0175 21
0 0.02 21
0 0.0225 21
0 0.025 21
0 0.0275 21
0 0.03 21
0 0.0325 21
0 0.035 21
0 0.0375 21
0 0.04 21
0 0.0425 21
0 0.045 21
0 0.0475 21
0 0.05 21
0 0.0525 21
12266.2 0.055 21
47473.6 0.0575 21
92245.4 0.06 21
149705 0.0625 21
142651 0.065 21
161804 0.0675 21
179754 0.07 21
187321 0.0725 21
343868 0.075 21
434055 0.0775 21
564175 0.08 21
766315 0.0825 21
837984 0.085 21
786752 0.0875 21
901847 0.09 21
940237 0.0925 21
993931 0.095 21
903117 0.0975 21
693698 0.1 21
547115 0.1025 21
342840 0.105 21
201723 0.1075 21
341402 0.11 21
643798 0.1125 21
996784 0.115 21
1.35604e+06 0.1175 21
1.53852e+06 0.12 21
1.47706e+06 0.1225 21
1.16165e+06 0.125 21
748840 0.1275 21
500080 0.13 21
527964 0.1325 21
918524 0.135 21
1.69614e+06 0.1375 21
2.56311e+06 0.14 21
3.24199e+06 0.1425 21
3.35937e+06 0.145 21
3.14471e+06 0.1475 21
2.59521e+06 0.15 21
1.86163e+06 0.1525 21
1.14642e+06 0.155 21
883040 0.1575 21
978027 0.16 21
1.17344e+06 0.0025 22
4.14612e+06 0.005 22
7.5399e+06 0.0075 22
9.80583e+06 0.01 22
9.94688e+06 0.0125 22
7.95146e+06 0.015 22
4.74581e+06 0.0175 22
1.7229e+06 0.02 22
105901 0.0225 22
457486 0.025 22
2.53752e+06 0.0275 22
5.51764e+06 0.03 22
8.39275e+06 0.0325 22
1.03696e+07 0.035 22
1.10736e+07 0.0375 22
1.05411e+07 0.04 22
9.07267e+06 0.0425 22
7.06507e+06 0.045 22
4.89974e+06 0.0475 22
2.90224e+06 0.05 22
1.33452e+06 0.0525 22
378957 0.055 22
104053 0.0575 22
436161 0.06 22
1.17015e+06 0.0625 22
2.03008e+06 0.065 22
2.75731e+06 0.0675 22
3.18452e+06 0.07 22
3.26297e+06 0.0725 22
3.03937e+06 0.075 22
2.60661e+06 0.0775 22
2.06072e+06 0.08 22
1.48258e+06 0.0825 22
940178 0.085 22
493413 0.0875 22
187484 0.09 22
36637.6 0.0925 22
13281 0.095 22
56701.2 0.0975 22
101493 0.1 22
109837 0.1025 22
86911.6 0.105 22
69350.2 0.1075 22
95159.4 0.11 22
176125 0.1125 22
291202 0.115 22
403651 0.1175 22
487502 0.12 22
542949 0.1225 22
589641 0.125 22
644520 0.1275 22
705431 0.13 22
734937 0.1325 22
724918 0.135 22
657037 0.1375 22
0 0.0025 23
0 0.005 23
0 0.0075 23
0 0.01 23
0 0.0125 23
0 0.015 23
0 0.0175 23
0 0.02 23
0 0.0225 23
0 0.025 23
0 0.0275 23
0 0.03 23
0 0.0325 23
0 0.035 23
0 0.0375 23
0 0.04 23
278.97 0.0425 23
593.632 0.045 23
203.169 0.0475 23
32393.8 0.05 23
105372 0.0525 23
292725 0.055 23
546347 0.0575 23
949773 0.06 23
1.42809e+06 0.0625 23
1.99227e+06 0.065 23
2.69486e+06 0.0675 23
2.97281e+06 0.07 23
3.81258e+06 0.0725 23
4.33679e+06 0.075 23
4.66489e+06 0.0775 23
4.53042e+06 0.08 23
4.42302e+06 0.0825 23
4.37955e+06 0.085 23
4.17543e+06 0.0875 23
3.87977e+06 0.09 23
3.60069e+06 0.0925 23
3.4345e+06 0.095 23
3.23322e+06 0.0975 23
3.12991e+06 0.1 23
2.98418e+06 0.1025 23
