2.29343e+07 0.085 0
1.38393e+07 0.0875 0
5.09773e+06 0.09 0
444168 0.0925 0
622345 0.095 0
3.56223e+06 0.0975 0
6.18045e+06 0.1 0
6.43723e+06 0.1025 0
4.35912e+06 0.105 0
1.59592e+06 0.1075 0
56758.1 0.11 0
635819 0.1125 0
2.79532e+06 0.115 0
5.10262e+06 0.1175 0
6.216e+06 0.12 0
5.63995e+06 0.1225 0
3.84629e+06 0.125 0
1.82204e+06 0.1275 0
431444 0.13 0
31.0739 0.1325 0
303379 0.135 0
842598 0.1375 0
1.19794e+06 0.14 0
1.22572e+06 0.1425 0
1.01915e+06 0.145 0
714952 0.1475 0
434983 0.15 0
279270 0.1525 0
288755 0.155 0
352023 0.1575 0
457861 0.16 0
658893 0.1625 0
839852 0.165 0
1.01712e+06 0.1675 0
1.16151e+06 0.17 0
1.14644e+06 0.1725 0
1.09237e+06 0.175 0
798947 0.1775 0
499045 0.18 0
254440 0.1825 0
70932.4 0.185 0
82148.2 0.1875 0
176759 0.19 0
333888 0.1925 0
551979 0.195 0
792493 0.1975 0
989119 0.2 0
1.16312e+06 0.2025 0
1.32877e+06 0.205 0
1.43999e+06 0.2075 0
1.38791e+06 0.21 0
1.324e+06 0.2125 0
1.23167e+06 0.215 0
1.04613e+06 0.2175 0
747349 0.22 0
540655 0.2225 0
371210 0.225 0
307172 0.2275 0
326981 0.23 0
388479 0.2325 0
420546 0.235 0
468262 0.2375 0
464175 0.24 0
449884 0.2425 0
370976 0.245 0
262933 0.2475 0
189638 0.25 0
132049 0.2525 0
175439 0.255 0
269681 0.2575 0
369389 0.26 0
391537 0.2625 0
439320 0.265 0
372281 0.2675 0
314286 0.27 0
185638 0.2725 0
93649.5 0.275 0
27442.7 0.2775 0
3483.86 0.28 0
18835.3 0.2825 0
51560.4 0.285 0
90049.5 0.2875 0
114269 0.29 0
90218.4 0.2925 0
62260.2 0.295 0
33887.4 0.2975 0
16815.4 0.3 0
10969.8 0.3025 0
23074.3 0.305 0
48365.4 0.3075 0
68990.8 0.31 0
106544 0.3125 0
149249 0.315 0
805314 0.085 1
1.29379e+06 0.0875 1
2.98619e+06 0.09 1
6.15642e+06 0.0925 1
9.58356e+06 0.095 1
1.3447e+07 0.0975 1
1.68657e+07 0.1 1
1.84252e+07 0.1025 1
1.81985e+07 0.105 1
1.64361e+07 0.1075 1
1.38185e+07 0.11 1
1.06176e+07 0.1125 1
8.11761e+06 0.115 1
6.10658e+06 0.1175 1
4.67665e+06 0.12 1
3.72281e+06 0.1225 1
3.25645e+06 0.125 1
2.79349e+06 0.1275 1
2.09295e+06 0.13 1
1.52701e+06 0.1325 1
1.05329e+06 0.135 1
825420 0.1375 1
644220 0.14 1
684377 0.1425 1
849671 0.145 1
1.05704e+06 0.1475 1
1.15334e+06 0.15 1
1.11613e+06 0.1525 1
1.07842e+06 0.155 1
1.01318e+06 0.1575 1
950050 0.16 1
864129 0.1625 1
712705 0.165 1
561029 0.1675 1
414008 0.17 1
278357 0.1725 1
189636 0.175 1
181079 0.1775 1
309476 0.18 1
484494 0.1825 1
735104 0.185 1
890934 0.1875 1
974731 0.19 1
953604 0.1925 1
873110 0.195 1
807154 0.1975 1
800907 0.2 1
851821 0.2025 1
985380 0.205 1
1.08401e+06 0.2075 1
1.17061e+06 0.21 1
1.17294e+06 0.2125 1
1.12735e+06 0.215 1
1.08045e+06 0.2175 1
1.02136e+06 0.22 1
974741 0.2225 1
963518 0.225 1
926804 0.2275 1
783947 0.23 1
668192 0.2325 1
603912 0.235 1
594450 0.2375 1
655916 0.24 1
760446 0.2425 1
843161 0.245 1
927050 0.2475 1
909312 0.25 1
825560 0.2525 1
712822 0.255 1
608642 0.2575 1
560938 0.26 1
540890 0.2625 1
620174 0.265 1
803889 0.2675 1
1.00128e+06 0.27 1
1.15501e+06 0.2725 1
1.23905e+06 0.275 1
1.24463e+06 0.2775 1
1.1527e+06 0.28 1
1.01156e+06 0.2825 1
797503 0.285 1
663398 0.2875 1
620888 0.29 1
582510 0.2925 1
606448 0.295 1
647672 0.2975 1
673730 0.3 1
646718 0.3025 1
580456 0.305 1
480626 0.3075 1
385747 0.31 1
292077 0.3125 1
225237 0.315 1
7.71226e+06 0.0825 2
1.05214e+07 0.085 2
1.31351e+07 0.0875 2
1.49613e+07 0.09 2
1.56042e+07 0.0925 2
1.50837e+07 0.095 2
1.3865e+07 0.0975 2
1.26507e+07 0.1 2
1.20263e+07 0.1025 2
1.21527e+07 0.105 2
1.26971e+07 0.1075 2
1.30061e+07 0.11 2
1.2543e+07 0.1125 2
1.11485e+07 0.115 2
9.2987e+06 0.1175 2
7.50956e+06 0.12 2
6.3874e+06 0.1225 2
6.39056e+06 0.125 2
6.5362e+06 0.1275 2
6.84312e+06 0.13 2
6.69375e+06 0.1325 2
5.96679e+06 0.135 2
4.54719e+06 0.1375 2
3.10915e+06 0.14 2
1.80799e+06 0.1425 2
1.10906e+06 0.145 2
809361 0.1475 2
771153 0.15 2
552295 0.1525 2
348095 0.155 2
185484 0.1575 2
216603 0.16 2
498008 0.1625 2
940691 0.165 2
1.32974e+06 0.1675 2
1.54512e+06 0.17 2
1.64152e+06 0.1725 2
1.56221e+06 0.175 2
1.15396e+06 0.1775 2
937153 0.18 2
621214 0.1825 2
407884 0.185 2
458180 0.1875 2
494738 0.19 2
584948 0.1925 2
761902 0.195 2
937155 0.1975 2
1.07692e+06 0.2 2
1.12534e+06 0.2025 2
1.07613e+06 0.205 2
1.0856e+06 0.2075 2
937561 0.21 2
791447 0.2125 2
695891 0.215 2
551614 0.2175 2
459392 0.22 2
380345 0.2225 2
290333 0.225 2
256186 0.2275 2
245387 0.23 2
276531 0.2325 2
343374 0.235 2
409182 0.2375 2
527607 0.24 2
642279 0.2425 2
745869 0.245 2
848729 0.2475 2
840760 0.25 2
767277 0.2525 2
697684 0.255 2
557569 0.2575 2
438190 0.26 2
303858 0.2625 2
203238 0.265 2
137645 0.2675 2
116929 0.27 2
156596 0.2725 2
239988 0.275 2
362452 0.2775 2
553752 0.28 2
763477 0.2825 2
948622 0.285 2
1.1196e+06 0.2875 2
1.23626e+06 0.29 2
1.31277e+06 0.2925 2
1.37154e+06 0.295 2
1.41813e+06 0.2975 2
1.29684e+06 0.3 2
1.16298e+06 0.3025 2
986109 0.305 2
775266 0.3075 2
616631 0.31 2
469153 0.3125 2
384434 0.315 2
1.74781e+07 0.0775 3
1.87876e+07 0.08 3
2.2422e+07 0.0825 3
2.69142e+07 0.085 3
3.01554e+07 0.0875 3
3.04403e+07 0.09 3
2.72893e+07 0.0925 3
2.16362e+07 0.095 3
1.53246e+07 0.0975 3
1.02181e+07 0.1 3
7.40343e+06 0.1025 3
6.86325e+06 0.105 3
7.71644e+06 0.1075 3
8.81557e+06 0.11 3
9.32202e+06 0.1125 3
8.85946e+06 0.115 3
7.71814e+06 0.1175 3
6.45417e+06 0.12 3
5.25899e+06 0.1225 3
4.47911e+06 0.125 3
3.60831e+06 0.1275 3
2.95624e+06 0.13 3
2.41398e+06 0.1325 3
1.85458e+06 0.135 3
1.67509e+06 0.1375 3
1.51211e+06 0.14 3
1.607e+06 0.1425 3
1.65666e+06 0.145 3
1.46928e+06 0.1475 3
1.23012e+06 0.15 3
786285 0.1525 3
500181 0.155 3
366860 0.1575 3
437105 0.16 3
622906 0.1625 3
908452 0.165 3
1.21391e+06 0.1675 3
1.40859e+06 0.17 3
1.44973e+06 0.1725 3
1.33693e+06 0.175 3
1.20983e+06 0.1775 3
1.04438e+06 0.18 3
802588 0.1825 3
622380 0.185 3
495747 0.1875 3
474386 0.19 3
774915 0.1925 3
1.11208e+06 0.195 3
1.48264e+06 0.1975 3
1.95201e+06 0.2 3
2.21687e+06 0.2025 3
2.33693e+06 0.205 3
2.38108e+06 0.2075 3
2.21596e+06 0.21 3
1.83052e+06 0.2125 3
1.5072e+06 0.215 3
1.07919e+06 0.2175 3
695611 0.22 3
466066 0.2225 3
322867 0.225 3
272301 0.2275 3
311782 0.23 3
366025 0.2325 3
419023 0.235 3
445104 0.2375 3
411352 0.24 3
367605 0.2425 3
315519 0.245 3
268061 0.2475 3
245240 0.25 3
207611 0.2525 3
200468 0.255 3
192305 0.2575 3
212860 0.26 3
251312 0.2625 3
279943 0.265 3
345672 0.2675 3
392461 0.27 3
426536 0.2725 3
411201 0.275 3
409599 0.2775 3
386869 0.28 3
423934 0.2825 3
417575 0.285 3
454828 0.2875 3
515836 0.29 3
586865 0.2925 3
638019 0.295 3
672976 0.2975 3
767091 0.3 3
839744 0.3025 3
932469 0.305 3
1.07311e+06 0.3075 3
1.17399e+06 0.31 3
1.24593e+06 0.3125 3
1.26429e+06 0.315 3
997489 0.07 4
1.17073e+06 0.0725 4
1.3393e+06 0.075 4
1.29158e+06 0.0775 4
1.19938e+06 0.08 4
1.15552e+06 0.0825 4
1.12553e+06 0.085 4
1.16418e+06 0.0875 4
1.04168e+06 0.09 4
1.04178e+06 0.0925 4
1.18984e+06 0.095 4
1.35725e+06 0.0975 4
1.60548e+06 0.1 4
1.86179e+06 0.1025 4
2.88268e+06 0.105 4
4.01438e+06 0.1075 4
5.19882e+06 0.11 4
6.10301e+06 0.1125 4
7.06699e+06 0.115 4
6.97165e+06 0.1175 4
6.50451e+06 0.12 4
5.67914e+06 0.1225 4
5.0847e+06 0.125 4
4.57804e+06 0.1275 4
3.91235e+06 0.13 4
3.78819e+06 0.1325 4
3.58457e+06 0.135 4
3.26011e+06 0.1375 4
2.72297e+06 0.14 4
2.232e+06 0.1425 4
1.77707e+06 0.145 4
1.23868e+06 0.1475 4
1.06592e+06 0.15 4
1.2328e+06 0.1525 4
1.55081e+06 0.155 4
1.85579e+06 0.1575 4
2.04381e+06 0.16 4
2.03313e+06 0.1625 4
1.88556e+06 0.165 4
1.71477e+06 0.1675 4
1.66124e+06 0.17 4
1.80334e+06 0.1725 4
2.11245e+06 0.175 4
2.56896e+06 0.1775 4
3.06318e+06 0.18 4
3.41525e+06 0.1825 4
3.57483e+06 0.185 4
3.65156e+06 0.1875 4
3.41146e+06 0.19 4
2.9968e+06 0.1925 4
2.47991e+06 0.195 4
1.94154e+06 0.1975 4
1.36821e+06 0.2 4
969403 0.2025 4
755739 0.205 4
592200 0.2075 4
546430 0.21 4
594192 0.2125 4
556985 0.215 4
514244 0.2175 4
491774 0.22 4
494826 0.2225 4
530968 0.225 4
578026 0.2275 4
652693 0.23 4
707420 0.2325 4
681420 0.235 4
648972 0.2375 4
531738 0.24 4
428883 0.2425 4
413634 0.245 4
448922 0.2475 4
536715 0.25 4
733732 0.2525 4
954540 0.255 4
1.1894e+06 0.2575 4
1.39202e+06 0.26 4
1.43362e+06 0.2625 4
1.34985e+06 0.265 4
1.09364e+06 0.2675 4
784483 0.27 4
499271 0.2725 4
319000 0.275 4
283229 0.2775 4
370953 0.28 4
471369 0.2825 4
573177 0.285 4
598029 0.2875 4
545033 0.29 4
467310 0.2925 4
377558 0.295 4
300968 0.2975 4
258767 0.3 4
236531 0.3025 4
257256 0.305 4
354986 0.3075 4
529605 0.31 4
762646 0.3125 4
397705 0.06 5
397636 0.0625 5
576948 0.065 5
791778 0.0675 5
930225 0.07 5
957741 0.0725 5
909899 0.075 5
849198 0.0775 5
819086 0.08 5
822578 0.0825 5
832188 0.085 5
817423 0.0875 5
767995 0.09 5
698030 0.0925 5
631752 0.095 5
583700 0.0975 5
548576 0.1 5
507396 0.1025 5
444243 0.105 5
360327 0.1075 5
274369 0.11 5
208727 0.1125 5
171779 0.115 5
150836 0.1175 5
122757 0.12 5
75944.3 0.1225 5
26955.6 0.125 5
16655 0.1275 5
89859.5 0.13 5
240043 0.1325 5
405597 0.135 5
520695 0.1375 5
620276 0.14 5
529343 0.1425 5
557257 0.145 5
532560 0.1475 5
898148 0.15 5
1.28706e+06 0.1525 5
1.81015e+06 0.155 5
2.39677e+06 0.1575 5
2.54947e+06 0.16 5
2.38416e+06 0.1625 5
2.19422e+06 0.165 5
2.05398e+06 0.1675 5
2.09719e+06 0.17 5
1.97824e+06 0.1725 5
2.04913e+06 0.175 5
1.6688e+06 0.1775 5
1.31833e+06 0.18 5
771706 0.1825 5
316929 0.185 5
86446.5 0.1875 5
114838 0.19 5
365807 0.1925 5
752256 0.195 5
983828 0.1975 5
1.08555e+06 0.2 5
1.09645e+06 0.2025 5
1.05412e+06 0.205 5
1.18066e+06 0.2075 5
1.38809e+06 0.21 5
1.50951e+06 0.2125 5
1.539e+06 0.215 5
1.41982e+06 0.2175 5
1.18256e+06 0.22 5
865742 0.2225 5
658196 0.225 5
496338 0.2275 5
464856 0.23 5
444400 0.2325 5
435112 0.235 5
479699 0.2375 5
561666 0.24 5
685506 0.2425 5
905663 0.245 5
1.07881e+06 0.2475 5
1.2492e+06 0.25 5
1.24511e+06 0.2525 5
1.14076e+06 0.255 5
1.03443e+06 0.2575 5
996941 0.26 5
956262 0.2625 5
929168 0.265 5
941890 0.2675 5
917046 0.27 5
900441 0.2725 5
900014 0.275 5
984202 0.2775 5
1.1164e+06 0.28 5
1.31922e+06 0.2825 5
1.44475e+06 0.285 5
1.45284e+06 0.2875 5
1.3417e+06 0.29 5
1.12339e+06 0.2925 5
872551 0.295 5
650934 0.2975 5
516796 0.3 5
466194 0.3025 5
477298 0.305 5
518653 0.3075 5
556040 0.31 5
0 0.0475 6
0 0.05 6
0 0.0525 6
4623.27 0.055 6
18411.8 0.0575 6
37718.9 0.06 6
53240.9 0.0625 6
193010 0.065 6
467529 0.0675 6
693660 0.07 6
969164 0.0725 6
1.42686e+06 0.075 6
2.0434e+06 0.0775 6
2.8859e+06 0.08 6
3.31152e+06 0.0825 6
3.74436e+06 0.085 6
4.23858e+06 0.0875 6
4.75104e+06 0.09 6
5.03975e+06 0.0925 6
5.09258e+06 0.095 6
4.72173e+06 0.0975 6
4.18718e+06 0.1 6
4.18223e+06 0.1025 6
3.63396e+06 0.105 6
2.89566e+06 0.1075 6
2.29376e+06 0.11 6
1.86967e+06 0.1125 6
1.40651e+06 0.115 6
990082 0.1175 6
765806 0.12 6
642423 0.1225 6
493263 0.125 6
407071 0.1275 6
352146 0.13 6
312178 0.1325 6
319281 0.135 6
353000 0.1375 6
390821 0.14 6
382212 0.1425 6
393895 0.145 6
402519 0.1475 6
489584 0.15 6
627469 0.1525 6
818069 0.155 6
1.04181e+06 0.1575 6
1.273e+06 0.16 6
1.5281e+06 0.1625 6
1.70894e+06 0.165 6
1.80817e+06 0.1675 6
1.71191e+06 0.17 6
1.50233e+06 0.1725 6
1.28694e+06 0.175 6
1.10856e+06 0.1775 6
991298 0.18 6
941078 0.1825 6
1.01706e+06 0.185 6
1.19811e+06 0.1875 6
1.40565e+06 0.19 6
1.68856e+06 0.1925 6
1.75907e+06 0.195 6
1.68493e+06 0.1975 6
1.44816e+06 0.2 6
1.04527e+06 0.2025 6
686221 0.205 6
390365 0.2075 6
231594 0.21 6
310205 0.2125 6
504517 0.215 6
722952 0.2175 6
1.02405e+06 0.22 6
1.15812e+06 0.2225 6
1.18382e+06 0.225 6
1.05591e+06 0.2275 6
852479 0.23 6
693294 0.2325 6
559616 0.235 6
493614 0.2375 6
568574 0.24 6
734239 0.2425 6
899228 0.245 6
1.06467e+06 0.2475 6
1.22626e+06 0.25 6
1.3591e+06 0.2525 6
1.52753e+06 0.255 6
1.69885e+06 0.2575 6
1.82707e+06 0.26 6
1.86193e+06 0.2625 6
1.81683e+06 0.265 6
1.68752e+06 0.2675 6
1.48485e+06 0.27 6
1.21612e+06 0.2725 6
940806 0.275 6
711137 0.2775 6
569428 0.28 6
511549 0.2825 6
454110 0.285 6
459880 0.2875 6
505937 0.29 6
517970 0.2925 6
522545 0.295 6
497890 0.2975 6
445704 0.3 6
363444 0.3025 6
307884 0.305 6
295285 0.3075 6
278543 0.02 7
511855 0.0225 7
753880 0.025 7
979832 0.0275 7
1.03754e+06 0.03 7
1.00256e+06 0.0325 7
845222 0.035 7
760186 0.0375 7
921644 0.04 7
1.43221e+06 0.0425 7
2.2835e+06 0.045 7
3.31017e+06 0.0475 7
4.23669e+06 0.05 7
4.78528e+06 0.0525 7
4.79499e+06 0.055 7
4.29141e+06 0.0575 7
3.46999e+06 0.06 7
2.60106e+06 0.0625 7
1.90702e+06 0.065 7
1.47566e+06 0.0675 7
1.25144e+06 0.07 7
1.10127e+06 0.0725 7
910759 0.075 7
653646 0.0775 7
398428 0.08 7
256006 0.0825 7
305901 0.085 7
546448 0.0875 7
894545 0.09 7
1.22832e+06 0.0925 7
1.44283e+06 0.095 7
1.48756e+06 0.0975 7
1.37165e+06 0.1 7
1.14468e+06 0.1025 7
871392 0.105 7
614158 0.1075 7
424173 0.11 7
337634 0.1125 7
348997 0.115 7
444608 0.1175 7
540073 0.12 7
575628 0.1225 7
480605 0.125 7
291573 0.1275 7
169343 0.13 7
113526 0.1325 7
388912 0.135 7
870459 0.1375 7
1.36657e+06 0.14 7
1.77608e+06 0.1425 7
2.01985e+06 0.145 7
1.97529e+06 0.1475 7
1.82287e+06 0.15 7
1.60031e+06 0.1525 7
1.47857e+06 0.155 7
1.42753e+06 0.1575 7
1.47098e+06 0.16 7
1.49667e+06 0.1625 7
1.35874e+06 0.165 7
1.22695e+06 0.1675 7
987104 0.17 7
662247 0.1725 7
395785 0.175 7
206542 0.1775 7
188325 0.18 7
215988 0.1825 7
366937 0.185 7
561106 0.1875 7
742582 0.19 7
912881 0.1925 7
1.01802e+06 0.195 7
1.26706e+06 0.1975 7
1.31993e+06 0.2 7
1.30387e+06 0.2025 7
1.29819e+06 0.205 7
1.18944e+06 0.2075 7
1.03129e+06 0.21 7
1.07688e+06 0.2125 7
989501 0.215 7
925794 0.2175 7
830359 0.22 7
823467 0.2225 7
857952 0.225 7
802009 0.2275 7
811338 0.23 7
751746 0.2325 7
821653 0.235 7
882956 0.2375 7
981009 0.24 7
1.13569e+06 0.2425 7
1.31711e+06 0.245 7
1.45923e+06 0.2475 7
1.48837e+06 0.25 7
1.35098e+06 0.2525 7
1.18034e+06 0.255 7
957173 0.2575 7
731973 0.26 7
489233 0.2625 7
365961 0.265 7
304625 0.2675 7
254228 0.27 7
236925 0.2725 7
216830 0.275 7
188643 0.2775 7
169629 0.28 7
206646 0.2825 7
240649 0.285 7
294879 0.2875 7
328978 0.29 7
331885 0.2925 7
299334 0.295 7
253073 0.2975 7
193358 0.3 7
153433 0.3025 7
168322 0.305 7
0 0.01 8
0 0.0125 8
0 0.015 8
0 0.0175 8
0 0.02 8
0 0.0225 8
0 0.025 8
91.2017 0.0275 8
53037.5 0.03 8
201425 0.0325 8
268930 0.035 8
677419 0.0375 8
1.15345e+06 0.04 8
1.86044e+06 0.0425 8
2.80204e+06 0.045 8
3.60454e+06 0.0475 8
4.60139e+06 0.05 8
5.22873e+06 0.0525 8
5.37429e+06 0.055 8
4.92789e+06 0.0575 8
4.08832e+06 0.06 8
2.98776e+06 0.0625 8
1.95807e+06 0.065 8
987760 0.0675 8
375966 0.07 8
225825 0.0725 8
348233 0.075 8
559969 0.0775 8
697940 0.08 8
759001 0.0825 8
673563 0.085 8
556482 0.0875 8
503459 0.09 8
578796 0.0925 8
845362 0.095 8
1.26942e+06 0.0975 8
1.75961e+06 0.1 8
2.25624e+06 0.1025 8
2.70268e+06 0.105 8
3.03363e+06 0.1075 8
3.17865e+06 0.11 8
3.04136e+06 0.1125 8
2.69469e+06 0.115 8
2.20701e+06 0.1175 8
1.71457e+06 0.12 8
1.20879e+06 0.1225 8
868164 0.125 8
744313 0.1275 8
796579 0.13 8
889120 0.1325 8
972794 0.135 8
962732 0.1375 8
808119 0.14 8
647695 0.1425 8
552988 0.145 8
569437 0.1475 8
723921 0.15 8
959470 0.1525 8
1.10103e+06 0.155 8
1.11138e+06 0.1575 8
984963 0.16 8
882716 0.1625 8
800082 0.165 8
816734 0.1675 8
963283 0.17 8
1.14232e+06 0.1725 8
1.30759e+06 0.175 8
1.28098e+06 0.1775 8
1.13505e+06 0.18 8
798633 0.1825 8
494281 0.185 8
290512 0.1875 8
232576 0.19 8
320514 0.1925 8
491458 0.195 8
664054 0.1975 8
873670 0.2 8
847377 0.2025 8
746658 0.205 8
595476 0.2075 8
427071 0.21 8
387735 0.2125 8
433060 0.215 8
599026 0.2175 8
744426 0.22 8
844849 0.2225 8
898225 0.225 8
927726 0.2275 8
877078 0.23 8
845051 0.2325 8
858477 0.235 8
886706 0.2375 8
905852 0.24 8
1.00324e+06 0.2425 8
1.07146e+06 0.245 8
1.00205e+06 0.2475 8
1.01086e+06 0.25 8
960505 0.2525 8
882490 0.255 8
809815 0.2575 8
739910 0.26 8
769008 0.2625 8
885641 0.265 8
1.0462e+06 0.2675 8
1.34223e+06 0.27 8
1.63792e+06 0.2725 8
1.79718e+06 0.275 8
1.77208e+06 0.2775 8
1.53433e+06 0.28 8
1.21154e+06 0.2825 8
838525 0.285 8
510353 0.2875 8
316413 0.29 8
236877 0.2925 8
246558 0.295 8
312303 0.2975 8
0 0.01 9
0 0.0125 9
0 0.015 9
0 0.0175 9
0 0.02 9
0 0.0225 9
0 0.025 9
0 0.0275 9
0 0.03 9
0 0.0325 9
0 0.035 9
6315.64 0.0375 9
5829.79 0.04 9
116701 0.0425 9
288562 0.045 9
518944 0.0475 9
679488 0.05 9
1.11805e+06 0.0525 9
1.81858e+06 0.055 9
2.31943e+06 0.0575 9
2.4254e+06 0.06 9
2.66673e+06 0.0625 9
2.8597e+06 0.065 9
2.64577e+06 0.0675 9
2.04854e+06 0.07 9
1.33301e+06 0.0725 9
635822 0.075 9
288006 0.0775 9
393634 0.08 9
781336 0.0825 9
1.42438e+06 0.085 9
2.1295e+06 0.0875 9
2.52707e+06 0.09 9
2.6833e+06 0.0925 9
2.71499e+06 0.095 9
2.3741e+06 0.0975 9
2.13377e+06 0.1 9
1.81853e+06 0.1025 9
1.66621e+06 0.105 9
1.44882e+06 0.1075 9
1.22742e+06 0.11 9
1.0311e+06 0.1125 9
860155 0.115 9
660773 0.1175 9
583612 0.12 9
692286 0.1225 9
967644 0.125 9
1.31005e+06 0.1275 9
1.3982e+06 0.13 9
1.55713e+06 0.1325 9
1.44725e+06 0.135 9
1.38958e+06 0.1375 9
1.31903e+06 0.14 9
1.32921e+06 0.1425 9
1.29e+06 0.145 9
1.32419e+06 0.1475 9
1.19818e+06 0.15 9
993518 0.1525 9
784801 0.155 9
657287 0.1575 9
687500 0.16 9
753511 0.1625 9
847816 0.165 9
872056 0.1675 9
894886 0.17 9
880690 0.1725 9
889180 0.175 9
1.18418e+06 0.1775 9
1.45747e+06 0.18 9
1.83585e+06 0.1825 9
2.05883e+06 0.185 9
2.0854e+06 0.1875 9
1.92523e+06 0.19 9
1.67352e+06 0.1925 9
1.35313e+06 0.195 9
1.06971e+06 0.1975 9
929732 0.2 9
810895 0.2025 9
771214 0.205 9
718251 0.2075 9
618529 0.21 9
487377 0.2125 9
391417 0.215 9
347822 0.2175 9
399077 0.22 9
652658 0.2225 9
1.06278e+06 0.225 9
1.56194e+06 0.2275 9
2.04619e+06 0.23 9
2.50563e+06 0.2325 9
2.70834e+06 0.235 9
2.87968e+06 0.2375 9
2.82666e+06 0.24 9
2.70319e+06 0.2425 9
2.47768e+06 0.245 9
2.26294e+06 0.2475 9
2.07278e+06 0.25 9
1.85741e+06 0.2525 9
1.59801e+06 0.255 9
1.43601e+06 0.2575 9
1.37919e+06 0.26 9
1.43445e+06 0.2625 9
1.47861e+06 0.265 9
1.56687e+06 0.2675 9
1.56842e+06 0.27 9
1.43186e+06 0.2725 9
1.24253e+06 0.275 9
958200 0.2775 9
757321 0.28 9
717092 0.2825 9
785858 0.285 9
974247 0.2875 9
1.07911e+06 0.29 9
1.04672e+06 0.2925 9
1.08507e+06 0.01 10
2.13859e+06 0.0125 10
3.40167e+06 0.015 10
4.58494e+06 0.0175 10
5.38831e+06 0.02 10
5.62527e+06 0.0225 10
5.29246e+06 0.025 10
4.55158e+06 0.0275 10
3.63911e+06 0.03 10
2.75709e+06 0.0325 10
2.00453e+06 0.035 10
1.38148e+06 0.0375 10
852753 0.04 10
423658 0.0425 10
174417 0.045 10
227333 0.0475 10
663842 0.05 10
1.44194e+06 0.0525 10
2.36826e+06 0.055 10
3.1507e+06 0.0575 10
3.51264e+06 0.06 10
3.31401e+06 0.0625 10
2.61807e+06 0.065 10
1.66846e+06 0.0675 10
786537 0.07 10
238067 0.0725 10
131997 0.075 10
395853 0.0775 10
832779 0.08 10
1.22595e+06 0.0825 10
1.43634e+06 0.085 10
1.44798e+06 0.0875 10
1.34535e+06 0.09 10
1.24238e+06 0.0925 10
1.20597e+06 0.095 10
1.21655e+06 0.0975 10
1.18623e+06 0.1 10
1.02343e+06 0.1025 10
707139 0.105 10
326900 0.1075 10
61286.7 0.11 10
98807.7 0.1125 10
537401 0.115 10
1.31399e+06 0.1175 10
2.20521e+06 0.12 10
2.90963e+06 0.1225 10
3.16835e+06 0.125 10
2.88284e+06 0.1275 10
2.18823e+06 0.13 10
1.33772e+06 0.1325 10
626592 0.135 10
241092 0.1375 10
384849 0.14 10
702063 0.1425 10
1.1729e+06 0.145 10
1.50355e+06 0.1475 10
1.44976e+06 0.15 10
1.26985e+06 0.1525 10
1.00047e+06 0.155 10
745898 0.1575 10
559227 0.16 10
570165 0.1625 10
637519 0.165 10
843517 0.1675 10
1.17766e+06 0.17 10
1.5828e+06 0.1725 10
1.89085e+06 0.175 10
2.08963e+06 0.1775 10
2.26816e+06 0.18 10
2.11608e+06 0.1825 10
1.82143e+06 0.185 10
1.42186e+06 0.1875 10
1.16877e+06 0.19 10
1.02397e+06 0.1925 10
1.0325e+06 0.195 10
1.143e+06 0.1975 10
1.15286e+06 0.2 10
1.14514e+06 0.2025 10
1.01136e+06 0.205 10
899147 0.2075 10
847176 0.21 10
841768 0.2125 10
857825 0.215 10
872642 0.2175 10
790931 0.22 10
678704 0.2225 10
525983 0.225 10
456908 0.2275 10
512631 0.23 10
673312 0.2325 10
850513 0.235 10
1.00203e+06 0.2375 10
1.05512e+06 0.24 10
989990 0.2425 10
796919 0.245 10
611491 0.2475 10
469404 0.25 10
424052 0.2525 10
434985 0.255 10
557992 0.2575 10
680483 0.26 10
803251 0.2625 10
896833 0.265 10
881460 0.2675 10
781368 0.27 10
641506 0.2725 10
503546 0.275 10
372111 0.2775 10
265720 0.28 10
206944 0.2825 10
216955 0.285 10
266385 0.2875 10
0 0.01 11
0 0.0125 11
0 0.015 11
0 0.0175 11
0 0.02 11
0 0.0225 11
0 0.025 11
0 0.0275 11
0 0.03 11
0 0.0325 11
0 0.035 11
0 0.0375 11
0 0.04 11
0 0.0425 11
0 0.045 11
0 0.0475 11
0 0.05 11
0 0.0525 11
0 0.055 11
0 0.0575 11
8790.06 0.06 11
15068.4 0.0625 11
26762.6 0.065 11
25940.8 0.0675 11
88014.6 0.07 11
229456 0.0725 11
183217 0.075 11
310944 0.0775 11
462857 0.08 11
465784 0.0825 11
658189 0.085 11
721508 0.0875 11
938495 0.09 11
1.00929e+06 0.0925 11
1.13762e+06 0.095 11
1.13693e+06 0.0975 11
1.24983e+06 0.1 11
1.18612e+06 0.1025 11
1.11546e+06 0.105 11
1.04149e+06 0.1075 11
1.00292e+06 0.11 11
840226 0.1125 11
657389 0.115 11
511664 0.1175 11
413440 0.12 11
295078 0.1225 11
288965 0.125 11
338793 0.1275 11
442277 0.13 11
466912 0.1325 11
427136 0.135 11
429682 0.1375 11
407325 0.14 11
333043 0.1425 11
306479 0.145 11
432567 0.1475 11
760620 0.15 11
1.25877e+06 0.1525 11
1.88626e+06 0.155 11
2.5129e+06 0.1575 11
3.28694e+06 0.16 11
3.90996e+06 0.1625 11
4.32295e+06 0.165 11
4.55932e+06 0.1675 11
4.5564e+06 0.17 11
4.43218e+06 0.1725 11
4.19409e+06 0.175 11
3.82055e+06 0.1775 11
3.29606e+06 0.18 11
2.70706e+06 0.1825 11
2.02149e+06 0.185 11
1.35152e+06 0.1875 11
769810 0.19 11
332772 0.1925 11
144151 0.195 11
130642 0.1975 11
225981 0.2 11
383725 0.2025 11
529742 0.205 11
601864 0.2075 11
608217 0.21 11
557102 0.2125 11
491143 0.215 11
420897 0.2175 11
385752 0.22 11
383901 0.2225 11
392132 0.225 11
411659 0.2275 11
429176 0.23 11
429487 0.2325 11
454034 0.235 11
462347 0.2375 11
488802 0.24 11
494941 0.2425 11
545044 0.245 11
639324 0.2475 11
719420 0.25 11
831419 0.2525 11
899270 0.255 11
1.00331e+06 0.2575 11
1.01648e+06 0.26 11
926988 0.2625 11
810389 0.265 11
646436 0.2675 11
502719 0.27 11
368552 0.2725 11
240205 0.275 11
157587 0.2775 11
107270 0.28 11
120259 0.2825 11
52836.6 0.01 12
117822 0.0125 12
306362 0.015 12
551790 0.0175 12
824907 0.02 12
1.05484e+06 0.0225 12
1.14361e+06 0.025 12
1.04143e+06 0.0275 12
776364 0.03 12
457632 0.0325 12
237847 0.035 12
248443 0.0375 12
538629 0.04 12
1.0481e+06 0.0425 12
1.62783e+06 0.045 12
2.09993e+06 0.0475 12
2.32893e+06 0.05 12
2.27312e+06 0.0525 12
1.99517e+06 0.055 12
1.63148e+06 0.0575 12
1.33692e+06 0.06 12
1.2296e+06 0.0625 12
1.35592e+06 0.065 12
1.68412e+06 0.0675 12
2.12232e+06 0.07 12
2.54931e+06 0.0725 12
2.84655e+06 0.075 12
2.92428e+06 0.0775 12
2.73958e+06 0.08 12
2.30693e+06 0.0825 12
1.70038e+06 0.085 12
1.04409e+06 0.0875 12
488066 0.09 12
169703 0.0925 12
169613 0.095 12
477274 0.0975 12
983564 0.1 12
1.50984e+06 0.1025 12
1.86813e+06 0.105 12
1.93097e+06 0.1075 12
1.68076e+06 0.11 12
1.21469e+06 0.1125 12
700245 0.115 12
301916 0.1175 12
114528 0.12 12
118186 0.1225 12
235719 0.125 12
371568 0.1275 12
449398 0.13 12
465739 0.1325 12
463154 0.135 12
544375 0.1375 12
587485 0.14 12
649716 0.1425 12
574262 0.145 12
477486 0.1475 12
364936 0.15 12
351814 0.1525 12
682846 0.155 12
1.31935e+06 0.1575 12
2.06769e+06 0.16 12
2.61842e+06 0.1625 12
2.75911e+06 0.165 12
2.32169e+06 0.1675 12
1.56041e+06 0.17 12
887141 0.1725 12
630019 0.175 12
1.11421e+06 0.1775 12
2.08285e+06 0.18 12
3.17327e+06 0.1825 12
3.91422e+06 0.185 12
3.94032e+06 0.1875 12
3.2662e+06 0.19 12
2.37342e+06 0.1925 12
1.45202e+06 0.195 12
1.02393e+06 0.1975 12
1.03709e+06 0.2 12
1.32639e+06 0.2025 12
1.57046e+06 0.205 12
1.5179e+06 0.2075 12
1.17693e+06 0.21 12
736192 0.2125 12
333919 0.215 12
169470 0.2175 12
335901 0.22 12
590712 0.2225 12
811447 0.225 12
877539 0.2275 12
799736 0.23 12
735513 0.2325 12
717191 0.235 12
723915 0.2375 12
796719 0.24 12
904050 0.2425 12
920264 0.245 12
810954 0.2475 12
678463 0.25 12
557655 0.2525 12
466433 0.255 12
445376 0.2575 12
438963 0.26 12
429078 0.2625 12
424150 0.265 12
394241 0.2675 12
401067 0.27 12
396532 0.2725 12
423993 0.275 12
0 0.01 13
0 0.0125 13
0 0.015 13
0 0.0175 13
0 0.02 13
0 0.0225 13
0 0.025 13
0 0.0275 13
0 0.03 13
5749.85 0.0325 13
44371.3 0.035 13
105246 0.0375 13
322103 0.04 13
623794 0.0425 13
828905 0.045 13
1.11976e+06 0.0475 13
1.638e+06 0.05 13
2.18971e+06 0.0525 13
2.64273e+06 0.055 13
2.69797e+06 0.0575 13
2.62374e+06 0.06 13
2.5642e+06 0.0625 13
2.37241e+06 0.065 13
2.28699e+06 0.0675 13
2.25729e+06 0.07 13
2.06626e+06 0.0725 13
2.02722e+06 0.075 13
1.96789e+06 0.0775 13
1.62272e+06 0.08 13
1.25144e+06 0.0825 13
874245 0.085 13
418933 0.0875 13
117994 0.09 13
43197.4 0.0925 13
88954.9 0.095 13
236633 0.0975 13
377294 0.1 13
440866 0.1025 13
391741 0.105 13
264871 0.1075 13
161526 0.11 13
70810.6 0.1125 13
60718.3 0.115 13
30368.5 0.1175 13
17401.5 0.12 13
23776.8 0.1225 13
57954.2 0.125 13
118901 0.1275 13
292305 0.13 13
577704 0.1325 13
837024 0.135 13
1.07098e+06 0.1375 13
1.29155e+06 0.14 13
1.40424e+06 0.1425 13
1.2365e+06 0.145 13
1.26697e+06 0.1475 13
1.31715e+06 0.15 13
1.25498e+06 0.1525 13
1.19807e+06 0.155 13
1.36834e+06 0.1575 13
1.6404e+06 0.16 13
1.88841e+06 0.1625 13
2.03565e+06 0.165 13
2.21625e+06 0.1675 13
2.31906e+06 0.17 13
2.23146e+06 0.1725 13
2.10514e+06 0.175 13
1.87611e+06 0.1775 13
1.57563e+06 0.18 13
1.298e+06 0.1825 13
962994 0.185 13
576781 0.1875 13
289517 0.19 13
224689 0.1925 13
452330 0.195 13
1.00746e+06 0.1975 13
1.74414e+06 0.2 13
2.40513e+06 0.2025 13
2.95982e+06 0.205 13
3.02674e+06 0.2075 13
2.72678e+06 0.21 13
2.24545e+06 0.2125 13
1.72212e+06 0.215 13
1.43155e+06 0.2175 13
1.44222e+06 0.22 13
1.67933e+06 0.2225 13
2.029e+06 0.225 13
2.21338e+06 0.2275 13
2.11913e+06 0.23 13
1.70151e+06 0.2325 13
1.24718e+06 0.235 13
881926 0.2375 13
629691 0.24 13
617856 0.2425 13
686885 0.245 13
820547 0.2475 13
808490 0.25 13
699865 0.2525 13
607017 0.255 13
532987 0.2575 13
488618 0.26 13
461746 0.2625 13
434825 0.265 13
378353 0.2675 13
0 0.02 14
0 0.0225 14
0 0.025 14
0 0.0275 14
0 0.03 14
1023.19 0.0325 14
1440.76 0.035 14
21374.6 0.0375 14
17068.1 0.04 14
53061.3 0.0425 14
62393.9 0.045 14
116056 0.0475 14
176761 0.05 14
220694 0.0525 14
159657 0.055 14
281051 0.0575 14
220697 0.06 14
243704 0.0625 14
189522 0.065 14
196092 0.0675 14
149018 0.07 14
84191.6 0.0725 14
42321.8 0.075 14
29769.3 0.0775 14
18438.3 0.08 14
65230.8 0.0825 14
167662 0.085 14
303824 0.0875 14
537037 0.09 14
889037 0.0925 14
1.30294e+06 0.095 14
1.77183e+06 0.0975 14
2.23823e+06 0.1 14
2.80004e+06 0.1025 14
2.98706e+06 0.105 14
3.12014e+06 0.1075 14
3.03477e+06 0.11 14
2.79768e+06 0.1125 14
2.39288e+06 0.115 14
1.94308e+06 0.1175 14
1.50516e+06 0.12 14
1.09646e+06 0.1225 14
855362 0.125 14
524420 0.1275 14
410435 0.13 14
373172 0.1325 14
491014 0.135 14
679856 0.1375 14
813515 0.14 14
990827 0.1425 14
999345 0.145 14
960827 0.1475 14
793817 0.15 14
609197 0.1525 14
506623 0.155 14
423667 0.1575 14
455696 0.16 14
580157 0.1625 14
718499 0.165 14
827978 0.1675 14
810197 0.17 14
716353 0.1725 14
499155 0.175 14
272982 0.1775 14
103090 0.18 14
62667.2 0.1825 14
199529 0.185 14
452417 0.1875 14
668017 0.19 14
840602 0.1925 14
919339 0.195 14
870634 0.1975 14
709586 0.2 14
519086 0.2025 14
326622 0.205 14
217836 0.2075 14
215328 0.21 14
313770 0.2125 14
411703 0.215 14
440204 0.2175 14
529545 0.22 14
550285 0.2225 14
559869 0.225 14
591456 0.2275 14
504104 0.23 14
422912 0.2325 14
331895 0.235 14
243096 0.2375 14
165798 0.24 14
121812 0.2425 14
111200 0.245 14
163829 0.2475 14
228301 0.25 14
293037 0.2525 14
337377 0.255 14
344033 0.2575 14
86730.2 0.0125 15
177325 0.015 15
323568 0.0175 15
462497 0.02 15
577498 0.0225 15
616590 0.025 15
565014 0.0275 15
445019 0.03 15
305846 0.0325 15
199186 0.035 15
155332 0.0375 15
174296 0.04 15
235073 0.0425 15
313215 0.045 15
391860 0.0475 15
458599 0.05 15
494548 0.0525 15
471464 0.055 15
368732 0.0575 15
205591 0.06 15
66441.6 0.0625 15
92761.8 0.065 15
430814 0.0675 15
1.15272e+06 0.07 15
2.19193e+06 0.0725 15
3.33519e+06 0.075 15
4.28745e+06 0.0775 15
4.78617e+06 0.08 15
4.71082e+06 0.0825 15
4.13147e+06 0.085 15
3.27108e+06 0.0875 15
2.40179e+06 0.09 15
1.73099e+06 0.0925 15
1.33609e+06 0.095 15
1.1761e+06 0.0975 15
1.16275e+06 0.1 15
1.24e+06 0.1025 15
1.41984e+06 0.105 15
1.75334e+06 0.1075 15
2.25953e+06 0.11 15
2.86329e+06 0.1125 15
3.38954e+06 0.115 15
3.62693e+06 0.1175 15
3.42885e+06 0.12 15
2.80223e+06 0.1225 15
1.92137e+06 0.125 15
999545 0.1275 15
335950 0.13 15
45604.8 0.1325 15
119081 0.135 15
369355 0.1375 15
625701 0.14 15
736940 0.1425 15
719040 0.145 15
634333 0.1475 15
555072 0.15 15
582446 0.1525 15
626718 0.155 15
721051 0.1575 15
789551 0.16 15
641379 0.1625 15
511912 0.165 15
348684 0.1675 15
356661 0.17 15
438647 0.1725 15
666411 0.175 15
1.00848e+06 0.1775 15
1.23898e+06 0.18 15
1.44582e+06 0.1825 15
1.35038e+06 0.185 15
1.29961e+06 0.1875 15
1.14135e+06 0.19 15
1.03063e+06 0.1925 15
925194 0.195 15
820604 0.1975 15
791160 0.2 15
708006 0.2025 15
604431 0.205 15
522041 0.2075 15
456017 0.21 15
405408 0.2125 15
387996 0.215 15
360024 0.2175 15
369516 0.22 15
359310 0.2225 15
301757 0.225 15
256208 0.2275 15
236468 0.23 15
257024 0.2325 15
302702 0.235 15
337012 0.2375 15
353128 0.24 15
337492 0.2425 15
299590 0.245 15
267518 0.2475 15
0 0.0025 16
0 0.005 16
0 0.0075 16
0 0.01 16
0 0.0125 16
0 0.015 16
0 0.0175 16
0 0.02 16
0 0.0225 16
0 0.025 16
0 0.0275 16
0 0.03 16
0 0.0325 16
0 0.035 16
0 0.0375 16
0 0.04 16
0 0.0425 16
0 0.045 16
0 0.0475 16
0 0.05 16
0 0.0525 16
0 0.055 16
0 0.0575 16
1663.91 0.06 16
32815.9 0.0625 16
44948 0.065 16
150173 0.0675 16
205771 0.07 16
313099 0.0725 16
429587 0.075 16
563407 0.0775 16
476602 0.08 16
552560 0.0825 16
657644 0.085 16
763774 0.0875 16
856059 0.09 16
916455 0.0925 16
828018 0.095 16
677003 0.0975 16
539215 0.1 16
464552 0.1025 16
387040 0.105 16
312156 0.1075 16
316370 0.11 16
330612 0.1125 16
482838 0.115 16
637838 0.1175 16
1.02611e+06 0.12 16
1.37546e+06 0.1225 16
1.68887e+06 0.125 16
1.85187e+06 0.1275 16
2.01154e+06 0.13 16
1.84401e+06 0.1325 16
1.58711e+06 0.135 16
1.31215e+06 0.1375 16
1.1599e+06 0.14 16
1.14667e+06 0.1425 16
1.38394e+06 0.145 16
1.70816e+06 0.1475 16
2.18784e+06 0.15 16
2.65965e+06 0.1525 16
2.85923e+06 0.155 16
2.87909e+06 0.1575 16
2.40426e+06 0.16 16
1.88162e+06 0.1625 16
1.23037e+06 0.165 16
701637 0.1675 16
464336 0.17 16
538111 0.1725 16
888610 0.175 16
1.43221e+06 0.1775 16
1.98474e+06 0.18 16
2.40912e+06 0.1825 16
2.57743e+06 0.185 16
2.35644e+06 0.1875 16
1.99354e+06 0.19 16
1.51623e+06 0.1925 16
1.07288e+06 0.195 16
758561 0.1975 16
584933 0.2 16
533992 0.2025 16
572861 0.205 16
612866 0.2075 16
614882 0.21 16
551735 0.2125 16
437251 0.215 16
306215 0.2175 16
197524 0.22 16
141855 0.2225 16
139340 0.225 16
189248 0.2275 16
256205 0.23 16
343128 0.2325 16
447450 0.235 16
522397 0.2375 16
10511.8 0.0025 17
155320 0.005 17
687709 0.0075 17
1.79654e+06 0.01 17
3.41517e+06 0.0125 17
5.16968e+06 0.015 17
6.50962e+06 0.0175 17
6.9555e+06 0.02 17
6.32868e+06 0.0225 17
4.84073e+06 0.025 17
3.00015e+06 0.0275 17
1.39453e+06 0.03 17
464645 0.0325 17
376403 0.035 17
1.02883e+06 0.0375 17
2.16003e+06 0.04 17
3.47238e+06 0.0425 17
4.71195e+06 0.045 17
5.68569e+06 0.0475 17
6.24632e+06 0.05 17
6.28762e+06 0.0525 17
5.77027e+06 0.055 17
4.76092e+06 0.0575 17
3.44655e+06 0.06 17
2.09684e+06 0.0625 17
980798 0.065 17
276441 0.0675 17
19084.4 0.07 17
112584 0.0725 17
391714 0.075 17
697945 0.0775 17
929935 0.08 17
1.05188e+06 0.0825 17
1.07039e+06 0.085 17
1.00554e+06 0.0875 17
876558 0.09 17
704751 0.0925 17
521144 0.095 17
364256 0.0975 17
264880 0.1 17
228406 0.1025 17
229873 0.105 17
228557 0.1075 17
194197 0.11 17
127428 0.1125 17
60133.8 0.115 17
35150.3 0.1175 17
78993.3 0.12 17
187423 0.1225 17
326667 0.125 17
455872 0.1275 17
561855 0.13 17
629048 0.1325 17
709186 0.135 17
778139 0.1375 17
847854 0.14 17
814096 0.1425 17
761397 0.145 17
659049 0.1475 17
623262 0.15 17
668507 0.1525 17
706533 0.155 17
702725 0.1575 17
777739 0.16 17
786132 0.1625 17
668289 0.165 17
513629 0.1675 17
446411 0.17 17
419056 0.1725 17
539706 0.175 17
727281 0.1775 17
934945 0.18 17
1.03665e+06 0.1825 17
1.07563e+06 0.185 17
986352 0.1875 17
855679 0.19 17
669629 0.1925 17
582574 0.195 17
489761 0.1975 17
393955 0.2 17
308839 0.2025 17
262248 0.205 17
194046 0.2075 17
165500 0.21 17
191638 0.2125 17
248529 0.215 17
286305 0.2175 17
335550 0.22 17
328740 0.2225 17
332205 0.225 17
0 0.0025 18
0 0.005 18
0 0.0075 18
0 0.01 18
0 0.0125 18
0 0.015 18
0 0.0175 18
0 0.02 18
0 0.0225 18
0 0.025 18
0 0.0275 18
0 0.03 18
0 0.0325 18
0 0.035 18
101.942 0.0375 18
256.959 0.04 18
7574.73 0.0425 18
39760.3 0.045 18
139406 0.0475 18
285859 0.05 18
567422 0.0525 18
966153 0.055 18
1.46201e+06 0.0575 18
2.04588e+06 0.06 18
2.76666e+06 0.0625 18
3.42092e+06 0.065 18
4.12945e+06 0.0675 18
4.47054e+06 0.07 18
4.77848e+06 0.0725 18
5.07507e+06 0.075 18
5.18037e+06 0.0775 18
4.76896e+06 0.08 18
4.23834e+06 0.0825 18
3.69681e+06 0.085 18
3.27919e+06 0.0875 18
2.94754e+06 0.09 18
2.63015e+06 0.0925 18
2.22366e+06 0.095 18
1.75683e+06 0.0975 18
1.37323e+06 0.1 18
1.05684e+06 0.1025 18
745734 0.105 18
669971 0.1075 18
690854 0.11 18
735812 0.1125 18
943992 0.115 18
1.012e+06 0.1175 18
1.0106e+06 0.12 18
978165 0.1225 18
915732 0.125 18
794018 0.1275 18
698874 0.13 18
616174 0.1325 18
573000 0.135 18
562595 0.1375 18
504113 0.14 18
483620 0.1425 18
409554 0.145 18
364514 0.1475 18
300822 0.15 18
244334 0.1525 18
187298 0.155 18
141476 0.1575 18
123556 0.16 18
120123 0.1625 18
114182 0.165 18
168768 0.1675 18
244516 0.17 18
326656 0.1725 18
449227 0.175 18
507504 0.1775 18
518387 0.18 18
508779 0.1825 18
434840 0.185 18
330529 0.1875 18
238284 0.19 18
182159 0.1925 18
160459 0.195 18
205327 0.1975 18
258709 0.2 18
348971 0.2025 18
450562 0.205 18
524940 0.2075 18
581547 0.21 18
574787 0.2125 18
0 0.0025 19
0 0.005 19
0 0.0075 19
0 0.01 19
0 0.0125 19
0 0.015 19
0 0.0175 19
0 0.02 19
0 0.0225 19
0 0.025 19
8663.5 0.0275 19
43347.4 0.03 19
34966.8 0.0325 19
92184.2 0.035 19
128524 0.0375 19
172006 0.04 19
133484 0.0425 19
173659 0.045 19
189670 0.0475 19
128614 0.05 19
68073.6 0.0525 19
62079.8 0.055 19
9704.85 0.0575 19
2488.59 0.06 19
27819.2 0.0625 19
65858.7 0.065 19
63075.1 0.0675 19
42970.8 0.07 19
27224.5 0.0725 19
96587.1 0.075 19
291486 0.0775 19
642507 0.08 19
1.12517e+06 0.0825 19
1.54687e+06 0.085 19
1.81618e+06 0.0875 19
1.88247e+06 0.09 19
1.73139e+06 0.0925 19
1.36713e+06 0.095 19
940470 0.0975 19
562125 0.1 19
287617 0.1025 19
137372 0.105 19
74613.2 0.1075 19
90027.4 0.11 19
129900 0.1125 19
201741 0.115 19
352492 0.1175 19
468305 0.12 19
735434 0.1225 19
979041 0.125 19
1.19078e+06 0.1275 19
1.31242e+06 0.13 19
1.31055e+06 0.1325 19
1.25149e+06 0.135 19
1.25951e+06 0.1375 19
1.12293e+06 0.14 19
942018 0.1425 19
950070 0.145 19
963505 0.1475 19
1.08412e+06 0.15 19
1.38839e+06 0.1525 19
1.85001e+06 0.155 19
2.25355e+06 0.1575 19
2.56423e+06 0.16 19
2.54575e+06 0.1625 19
2.33683e+06 0.165 19
1.81548e+06 0.1675 19
1.2355e+06 0.17 19
774917 0.1725 19
591409 0.175 19
574489 0.1775 19
711410 0.18 19
833942 0.1825 19
911167 0.185 19
851853 0.1875 19
664820 0.19 19
445280 0.1925 19
277166 0.195 19
189743 0.1975 19
0 0.0025 20
0 0.005 20
0 0.0075 20
0 0.01 20
8482.55 0.0125 20
6367.51 0.015 20
17548.5 0.0175 20
68287.2 0.02 20
70815 0.0225 20
102352 0.025 20
95259.7 0.0275 20
100313 0.03 20
100832 0.0325 20
106848 0.035 20
120987 0.0375 20
176587 0.04 20
278205 0.0425 20
420206 0.045 20
589914 0.0475 20
777981 0.05 20
986058 0.0525 20
1.22539e+06 0.055 20
1.5058e+06 0.0575 20
1.82163e+06 0.06 20
2.14453e+06 0.0625 20
2.42936e+06 0.065 20
2.63129e+06 0.0675 20
2.72403e+06 0.07 20
2.70755e+06 0.0725 20
2.6003e+06 0.075 20
2.42138e+06 0.0775 20
2.17631e+06 0.08 20
1.85845e+06 0.0825 20
1.46827e+06 0.085 20
1.03899e+06 0.0875 20
649882 0.09 20
412619 0.0925 20
430569 0.095 20
748122 0.0975 20
1.31595e+06 0.1 20
1.99316e+06 0.1025 20
2.59003e+06 0.105 20
2.9349e+06 0.1075 20
2.93607e+06 0.11 20
2.61388e+06 0.1125 20
2.08127e+06 0.115 20
1.50259e+06 0.1175 20
1.02354e+06 0.12 20
733706 0.1225 20
656744 0.125 20
740840 0.1275 20
884189 0.13 20
1.034e+06 0.1325 20
1.12855e+06 0.135 20
1.15275e+06 0.1375 20
1.11322e+06 0.14 20
1.02223e+06 0.1425 20
902907 0.145 20
757176 0.1475 20
604378 0.15 20
468942 0.1525 20
347457 0.155 20
230078 0.1575 20
150097 0.16 20
91850 0.1625 20
62418.5 0.165 20
55730.5 0.1675 20
76725.7 0.17 20
106077 0.1725 20
130407 0.175 20
165573 0.1775 20
0 0.0025 21
0 0.005 21
0 0.0075 21
0 0.01 21
0 0.0125 21
0 0.015 21
0 0.0175 21
0 0.02 21
0 0.0225 21
0 0.025 21
0 0.0275 21
0 0.03 21
0 0.0325 21
0 0.035 21
0 0.0375 21
0 0.04 21
0 0.0425 21
0 0.045 21
0 0.0475 21
0 0.05 21
0 0.0525 21
12604.4 0.055 21
57040.3 0.0575 21
25371.2 0.06 21
60419.3 0.0625 21
93799.4 0.065 21
177407 0.0675 21
234038 0.07 21
295091 0.0725 21
302017 0.075 21
348430 0.0775 21
410005 0.08 21
366865 0.0825 21
351500 0.085 21
409842 0.0875 21
305679 0.09 21
274550 0.0925 21
249344 0.095 21
260294 0.0975 21
318461 0.1 21
327220 0.1025 21
313199 0.105 21
320761 0.1075 21
282211 0.11 21
249143 0.1125 21
220119 0.115 21
227663 0.1175 21
248378 0.12 21
344828 0.1225 21
489981 0.125 21
642934 0.1275 21
763649 0.13 21
908224 0.1325 21
979244 0.135 21
922727 0.1375 21
746423 0.14 21
517572 0.1425 21
264968 0.145 21
111050 0.1475 21
20556.2 0.15 21
17896.7 0.1525 21
65328.9 0.155 21
140375 0.1575 21
184826 0.16 21
4251.4 0.0025 22
17999.4 0.005 22
43735.9 0.0075 22
83965.5 0.01 22
138950 0.0125 22
204607 0.015 22
272022 0.0175 22
329632 0.02 22
367532 0.0225 22
381696 0.025 22
375426 0.0275 22
356944 0.03 22
334622 0.0325 22
313088 0.035 22
292688 0.0375 22
272109 0.04 22
251307 0.0425 22
231693 0.045 22
213179 0.0475 22
191118 0.05 22
157392 0.0525 22
107217 0.055 22
48239.6 0.0575 22
4994.82 0.06 22
12988.3 0.0625 22
102742 0.065 22
281248 0.0675 22
521498 0.07 22
767302 0.0725 22
952384 0.075 22
1.02483e+06 0.0775 22
965395 0.08 22
792368 0.0825 22
553003 0.085 22
307628 0.0875 22
113289 0.09 22
10884.8 0.0925 22
16351.8 0.095 22
115999 0.0975 22
268144 0.1 22
414375 0.1025 22
500737 0.105 22
502275 0.1075 22
438399 0.11 22
367355 0.1125 22
357797 0.115 22
449557 0.1175 22
625158 0.12 22
810841 0.1225 22
910585 0.125 22
857159 0.1275 22
651508 0.13 22
368853 0.1325 22
127220 0.135 22
22476.8 0.1375 22
0 0.0025 23
0 0.005 23
0 0.0075 23
0 0.01 23
0 0.0125 23
0 0.015 23
0 0.0175 23
0 0.02 23
0 0.0225 23
0 0.025 23
0 0.0275 23
0 0.03 23
0 0.0325 23
0 0.035 23
0 0.0375 23
0 0.04 23
158.242 0.0425 23
2964.63 0.045 23
2468.65 0.0475 23
11001.8 0.05 23
36438.8 0.0525 23
47972.4 0.055 23
59415.8 0.0575 23
78381.6 0.06 23
99310.7 0.0625 23
148379 0.065 23
229384 0.0675 23
208269 0.07 23
230757 0.0725 23
184204 0.075 23
142883 0.0775 23
77473.3 0.08 23
43491.7 0.0825 23
38516.8 0.085 23
43939.5 0.0875 23
81023.3 0.09 23
125731 0.0925 23
226214 0.095 23
252786 0.0975 23
295880 0.1 23
281590 0.1025 23
