4.84685e+07 0.085 0
2.92474e+07 0.0875 0
1.07733e+07 0.09 0
938686 0.0925 0
1.31524e+06 0.095 0
7.52827e+06 0.0975 0
1.30615e+07 0.1 0
1.36042e+07 0.1025 0
9.21239e+06 0.105 0
3.37275e+06 0.1075 0
119950 0.11 0
1.34371e+06 0.1125 0
5.90752e+06 0.115 0
1.07837e+07 0.1175 0
1.31366e+07 0.12 0
1.19192e+07 0.1225 0
8.12858e+06 0.125 0
3.85063e+06 0.1275 0
911796 0.13 0
65.6703 0.1325 0
634317 0.135 0
1.77041e+06 0.1375 0
2.52123e+06 0.14 0
2.55253e+06 0.1425 0
2.0423e+06 0.145 0
1.36066e+06 0.1475 0
826508 0.15 0
515178 0.1525 0
414392 0.155 0
558438 0.1575 0
782370 0.16 0
1.08153e+06 0.1625 0
1.54112e+06 0.165 0
1.91861e+06 0.1675 0
2.20652e+06 0.17 0
2.22542e+06 0.1725 0
1.90246e+06 0.175 0
1.41488e+06 0.1775 0
930672 0.18 0
601963 0.1825 0
412146 0.185 0
461181 0.1875 0
877057 0.19 0
1.52158e+06 0.1925 0
1.85347e+06 0.195 0
2.53409e+06 0.1975 0
2.87517e+06 0.2 0
2.70505e+06 0.2025 0
2.6483e+06 0.205 0
2.32192e+06 0.2075 0
1.99448e+06 0.21 0
1.579e+06 0.2125 0
1.09358e+06 0.215 0
718533 0.2175 0
460322 0.22 0
390258 0.2225 0
465693 0.225 0
739074 0.2275 0
1.08589e+06 0.23 0
1.46837e+06 0.2325 0
1.60398e+06 0.235 0
1.49547e+06 0.2375 0
1.40235e+06 0.24 0
1.26767e+06 0.2425 0
1.03814e+06 0.245 0
834405 0.2475 0
669441 0.25 0
546759 0.2525 0
630374 0.255 0
583455 0.2575 0
483089 0.26 0
356730 0.2625 0
223091 0.265 0
126274 0.2675 0
77800.4 0.27 0
67830.5 0.2725 0
119558 0.275 0
234608 0.2775 0
329690 0.28 0
349241 0.2825 0
370812 0.285 0
289850 0.2875 0
253853 0.29 0
245539 0.2925 0
259797 0.295 0
278051 0.2975 0
258866 0.3 0
281467 0.3025 0
225178 0.305 0
188084 0.3075 0
153007 0.31 0
160206 0.3125 0
192025 0.315 0
5.49291e+06 0.0825 1
9.87745e+06 0.085 1
1.83412e+07 0.0875 1
2.62356e+07 0.09 1
2.90561e+07 0.0925 1
2.49678e+07 0.095 1
1.58179e+07 0.0975 1
6.09308e+06 0.1 1
498842 0.1025 1
1.56661e+06 0.105 1
8.55905e+06 0.1075 1
1.81138e+07 0.11 1
2.6091e+07 0.1125 1
2.95207e+07 0.115 1
2.76992e+07 0.1175 1
2.20156e+07 0.12 1
1.48986e+07 0.1225 1
8.54345e+06 0.125 1
4.21604e+06 0.1275 1
2.00201e+06 0.13 1
1.16443e+06 0.1325 1
812746 0.135 1
702470 0.1375 1
539738 0.14 1
462287 0.1425 1
454481 0.145 1
606005 0.1475 1
616880 0.15 1
513286 0.1525 1
234290 0.155 1
124488 0.1575 1
55950.1 0.16 1
151553 0.1625 1
275043 0.165 1
556294 0.1675 1
933888 0.17 1
1.43248e+06 0.1725 1
1.96984e+06 0.175 1
2.52961e+06 0.1775 1
3.03532e+06 0.18 1
3.30139e+06 0.1825 1
3.07143e+06 0.185 1
2.74738e+06 0.1875 1
2.20403e+06 0.19 1
1.53203e+06 0.1925 1
1.01114e+06 0.195 1
604910 0.1975 1
462573 0.2 1
622771 0.2025 1
884367 0.205 1
1.18446e+06 0.2075 1
1.45582e+06 0.21 1
1.50894e+06 0.2125 1
1.29011e+06 0.215 1
1.16857e+06 0.2175 1
1.00972e+06 0.22 1
1.02648e+06 0.2225 1
1.14101e+06 0.225 1
1.35738e+06 0.2275 1
1.57588e+06 0.23 1
1.65229e+06 0.2325 1
1.76955e+06 0.235 1
1.56675e+06 0.2375 1
1.28334e+06 0.24 1
1.10923e+06 0.2425 1
1.11522e+06 0.245 1
1.11693e+06 0.2475 1
1.44308e+06 0.25 1
1.97694e+06 0.2525 1
2.52099e+06 0.255 1
3.00244e+06 0.2575 1
3.17716e+06 0.26 1
3.03145e+06 0.2625 1
2.56383e+06 0.265 1
2.09435e+06 0.2675 1
1.43823e+06 0.27 1
943313 0.2725 1
541887 0.275 1
316576 0.2775 1
166701 0.28 1
147223 0.2825 1
208675 0.285 1
337195 0.2875 1
587038 0.29 1
850203 0.2925 1
1.11009e+06 0.295 1
1.28357e+06 0.2975 1
1.34609e+06 0.3 1
1.24103e+06 0.3025 1
1.14404e+06 0.305 1
919644 0.3075 1
734433 0.31 1
642379 0.3125 1
627974 0.315 1
4.25837e+07 0.08 2
4.85029e+07 0.0825 2
5.10589e+07 0.085 2
4.96315e+07 0.0875 2
4.68916e+07 0.09 2
4.17281e+07 0.0925 2
3.49039e+07 0.095 2
2.90563e+07 0.0975 2
2.3004e+07 0.1 2
2.00728e+07 0.1025 2
1.86195e+07 0.105 2
1.80733e+07 0.1075 2
1.78845e+07 0.11 2
1.75292e+07 0.1125 2
1.59966e+07 0.115 2
1.36518e+07 0.1175 2
1.05502e+07 0.12 2
7.3219e+06 0.1225 2
4.85354e+06 0.125 2
2.93504e+06 0.1275 2
2.00445e+06 0.13 2
1.53283e+06 0.1325 2
1.6465e+06 0.135 2
1.5635e+06 0.1375 2
1.77243e+06 0.14 2
1.38444e+06 0.1425 2
1.06403e+06 0.145 2
842975 0.1475 2
855462 0.15 2
1.41805e+06 0.1525 2
2.46948e+06 0.155 2
3.71581e+06 0.1575 2
4.87375e+06 0.16 2
5.83743e+06 0.1625 2
6.50436e+06 0.165 2
6.19026e+06 0.1675 2
5.19419e+06 0.17 2
3.64214e+06 0.1725 2
2.22745e+06 0.175 2
1.16061e+06 0.1775 2
645847 0.18 2
652396 0.1825 2
1.12335e+06 0.185 2
1.66598e+06 0.1875 2
2.04516e+06 0.19 2
2.22317e+06 0.1925 2
1.99004e+06 0.195 2
1.52587e+06 0.1975 2
1.28789e+06 0.2 2
1.33866e+06 0.2025 2
1.91738e+06 0.205 2
2.77798e+06 0.2075 2
3.63361e+06 0.21 2
4.03661e+06 0.2125 2
4.02835e+06 0.215 2
3.54934e+06 0.2175 2
2.6173e+06 0.22 2
1.57949e+06 0.2225 2
882244 0.225 2
626657 0.2275 2
708223 0.23 2
950163 0.2325 2
1.18994e+06 0.235 2
1.3154e+06 0.2375 2
1.29597e+06 0.24 2
1.16417e+06 0.2425 2
1.10699e+06 0.245 2
1.15192e+06 0.2475 2
1.42814e+06 0.25 2
1.7827e+06 0.2525 2
2.13826e+06 0.255 2
2.17036e+06 0.2575 2
2.01091e+06 0.26 2
1.69089e+06 0.2625 2
1.23479e+06 0.265 2
918118 0.2675 2
785676 0.27 2
638453 0.2725 2
661115 0.275 2
718809 0.2775 2
661791 0.28 2
558145 0.2825 2
420877 0.285 2
330677 0.2875 2
343283 0.29 2
414194 0.2925 2
577299 0.295 2
733685 0.2975 2
863764 0.3 2
1.04148e+06 0.3025 2
1.17626e+06 0.305 2
1.32373e+06 0.3075 2
1.47657e+06 0.31 2
1.65673e+06 0.3125 2
1.79833e+06 0.315 2
835733 0.0775 3
879798 0.08 3
776248 0.0825 3
916123 0.085 3
707899 0.0875 3
628422 0.09 3
546666 0.0925 3
382302 0.095 3
399293 0.0975 3
373928 0.1 3
638282 0.1025 3
585274 0.105 3
911914 0.1075 3
1.61607e+06 0.11 3
1.84365e+06 0.1125 3
2.35168e+06 0.115 3
2.46362e+06 0.1175 3
2.65066e+06 0.12 3
2.62398e+06 0.1225 3
2.39539e+06 0.125 3
1.87812e+06 0.1275 3
1.52533e+06 0.13 3
1.32622e+06 0.1325 3
1.33057e+06 0.135 3
1.84406e+06 0.1375 3
2.46435e+06 0.14 3
3.37022e+06 0.1425 3
3.80812e+06 0.145 3
3.86977e+06 0.1475 3
3.543e+06 0.15 3
2.69639e+06 0.1525 3
1.90179e+06 0.155 3
1.2151e+06 0.1575 3
1.07388e+06 0.16 3
1.1925e+06 0.1625 3
1.44723e+06 0.165 3
2.0301e+06 0.1675 3
2.64954e+06 0.17 3
3.25055e+06 0.1725 3
3.37234e+06 0.175 3
3.64417e+06 0.1775 3
3.25658e+06 0.18 3
3.11109e+06 0.1825 3
2.77954e+06 0.185 3
2.22298e+06 0.1875 3
1.7963e+06 0.19 3
1.44841e+06 0.1925 3
1.23178e+06 0.195 3
1.17215e+06 0.1975 3
1.30267e+06 0.2 3
1.40719e+06 0.2025 3
1.41175e+06 0.205 3
1.35611e+06 0.2075 3
1.16194e+06 0.21 3
893229 0.2125 3
641832 0.215 3
492236 0.2175 3
434593 0.22 3
542853 0.2225 3
816511 0.225 3
1.17953e+06 0.2275 3
1.73064e+06 0.23 3
2.11636e+06 0.2325 3
2.34356e+06 0.235 3
2.39281e+06 0.2375 3
2.3059e+06 0.24 3
1.85704e+06 0.2425 3
1.33661e+06 0.245 3
871053 0.2475 3
533648 0.25 3
321204 0.2525 3
288200 0.255 3
413202 0.2575 3
591529 0.26 3
873476 0.2625 3
995916 0.265 3
1.03624e+06 0.2675 3
1.01649e+06 0.27 3
1.05831e+06 0.2725 3
1.0557e+06 0.275 3
1.01435e+06 0.2775 3
1.09182e+06 0.28 3
1.32467e+06 0.2825 3
1.67054e+06 0.285 3
1.98762e+06 0.2875 3
2.22711e+06 0.29 3
2.06404e+06 0.2925 3
1.67457e+06 0.295 3
1.18039e+06 0.2975 3
727441 0.3 3
466889 0.3025 3
444443 0.305 3
633118 0.3075 3
862502 0.31 3
1.05529e+06 0.3125 3
1.10479e+06 0.315 3
1.58032e+07 0.07 4
1.58374e+07 0.0725 4
1.46978e+07 0.075 4
1.2662e+07 0.0775 4
1.01676e+07 0.08 4
7.67416e+06 0.0825 4
5.54077e+06 0.085 4
3.96638e+06 0.0875 4
3.0002e+06 0.09 4
2.59385e+06 0.0925 4
2.65055e+06 0.095 4
3.04271e+06 0.0975 4
3.60306e+06 0.1 4
4.12073e+06 0.1025 4
4.37278e+06 0.105 4
4.19392e+06 0.1075 4
3.55177e+06 0.11 4
2.57955e+06 0.1125 4
1.5354e+06 0.115 4
709067 0.1175 4
275171 0.12 4
309001 0.1225 4
560066 0.125 4
910807 0.1275 4
1.07499e+06 0.13 4
1.05193e+06 0.1325 4
1.00974e+06 0.135 4
677871 0.1375 4
867907 0.14 4
1.09387e+06 0.1425 4
1.70569e+06 0.145 4
2.41469e+06 0.1475 4
3.09996e+06 0.15 4
3.6587e+06 0.1525 4
3.84985e+06 0.155 4
3.58851e+06 0.1575 4
3.02195e+06 0.16 4
2.25068e+06 0.1625 4
1.87297e+06 0.165 4
1.63018e+06 0.1675 4
2.02453e+06 0.17 4
2.44513e+06 0.1725 4
3.1015e+06 0.175 4
3.51204e+06 0.1775 4
3.67129e+06 0.18 4
3.39282e+06 0.1825 4
3.14846e+06 0.185 4
2.87607e+06 0.1875 4
2.74944e+06 0.19 4
2.97631e+06 0.1925 4
3.20899e+06 0.195 4
3.15439e+06 0.1975 4
2.90077e+06 0.2 4
2.76858e+06 0.2025 4
2.69179e+06 0.205 4
2.47911e+06 0.2075 4
2.40471e+06 0.21 4
2.16393e+06 0.2125 4
1.68017e+06 0.215 4
1.35091e+06 0.2175 4
1.06065e+06 0.22 4
878755 0.2225 4
821790 0.225 4
914596 0.2275 4
1.03258e+06 0.23 4
1.08083e+06 0.2325 4
998453 0.235 4
908980 0.2375 4
760921 0.24 4
598387 0.2425 4
565437 0.245 4
519203 0.2475 4
615199 0.25 4
658726 0.2525 4
726172 0.255 4
723183 0.2575 4
717106 0.26 4
643555 0.2625 4
504964 0.265 4
348285 0.2675 4
282923 0.27 4
385609 0.2725 4
641380 0.275 4
939099 0.2775 4
1.24204e+06 0.28 4
1.28811e+06 0.2825 4
1.28015e+06 0.285 4
1.24007e+06 0.2875 4
1.21168e+06 0.29 4
1.39003e+06 0.2925 4
1.61752e+06 0.295 4
1.8363e+06 0.2975 4
1.83408e+06 0.3 4
1.60315e+06 0.3025 4
1.16468e+06 0.305 4
667942 0.3075 4
300970 0.31 4
172521 0.3125 4
1.28121e+06 0.06 5
1.11212e+06 0.0625 5
1.46029e+06 0.065 5
1.98422e+06 0.0675 5
2.34357e+06 0.07 5
2.37168e+06 0.0725 5
2.12262e+06 0.075 5
1.79093e+06 0.0775 5
1.57193e+06 0.08 5
1.55156e+06 0.0825 5
1.68163e+06 0.085 5
1.83745e+06 0.0875 5
1.90709e+06 0.09 5
1.85244e+06 0.0925 5
1.71075e+06 0.095 5
1.54872e+06 0.0975 5
1.40993e+06 0.1 5
1.29339e+06 0.1025 5
1.17286e+06 0.105 5
1.03417e+06 0.1075 5
895922 0.11 5
794974 0.1125 5
748554 0.115 5
727100 0.1175 5
666197 0.12 5
515775 0.1225 5
291632 0.125 5
85211.2 0.1275 5
13322 0.13 5
134725 0.1325 5
392397 0.135 5
631602 0.1375 5
713228 0.14 5
576122 0.1425 5
302576 0.145 5
185215 0.1475 5
500643 0.15 5
1.17258e+06 0.1525 5
1.97306e+06 0.155 5
2.88593e+06 0.1575 5
2.94918e+06 0.16 5
2.80785e+06 0.1625 5
2.44232e+06 0.165 5
2.36416e+06 0.1675 5
2.88768e+06 0.17 5
4.03865e+06 0.1725 5
4.67039e+06 0.175 5
5.31068e+06 0.1775 5
5.09186e+06 0.18 5
4.53605e+06 0.1825 5
3.51366e+06 0.185 5
2.50608e+06 0.1875 5
2.16835e+06 0.19 5
2.04113e+06 0.1925 5
1.94178e+06 0.195 5
1.80602e+06 0.1975 5
1.52022e+06 0.2 5
1.06187e+06 0.2025 5
606231 0.205 5
444313 0.2075 5
675036 0.21 5
1.04125e+06 0.2125 5
1.3461e+06 0.215 5
1.55837e+06 0.2175 5
1.57649e+06 0.22 5
1.34131e+06 0.2225 5
1.29999e+06 0.225 5
1.42344e+06 0.2275 5
1.31022e+06 0.23 5
1.29646e+06 0.2325 5
1.24421e+06 0.235 5
1.05515e+06 0.2375 5
750608 0.24 5
539046 0.2425 5
614499 0.245 5
783857 0.2475 5
995554 0.25 5
1.20158e+06 0.2525 5
1.43187e+06 0.255 5
1.69557e+06 0.2575 5
1.99983e+06 0.26 5
2.47536e+06 0.2625 5
2.78069e+06 0.265 5
2.85793e+06 0.2675 5
2.66747e+06 0.27 5
2.28987e+06 0.2725 5
1.84547e+06 0.275 5
1.50264e+06 0.2775 5
1.33094e+06 0.28 5
1.32054e+06 0.2825 5
1.43409e+06 0.285 5
1.55057e+06 0.2875 5
1.76095e+06 0.29 5
2.07706e+06 0.2925 5
2.46795e+06 0.295 5
2.87402e+06 0.2975 5
3.11409e+06 0.3 5
3.13836e+06 0.3025 5
2.90429e+06 0.305 5
2.3531e+06 0.3075 5
1.62322e+06 0.31 5
345462 0.045 6
383423 0.0475 6
493499 0.05 6
921033 0.0525 6
1.30137e+06 0.055 6
1.91403e+06 0.0575 6
2.56186e+06 0.06 6
3.42982e+06 0.0625 6
4.36916e+06 0.065 6
4.73785e+06 0.0675 6
5.10093e+06 0.07 6
4.46447e+06 0.0725 6
3.54335e+06 0.075 6
2.56027e+06 0.0775 6
1.63012e+06 0.08 6
653912 0.0825 6
193229 0.085 6
116629 0.0875 6
328971 0.09 6
551352 0.0925 6
709875 0.095 6
718411 0.0975 6
640591 0.1 6
610525 0.1025 6
742109 0.105 6
1.06783e+06 0.1075 6
1.45349e+06 0.11 6
1.71225e+06 0.1125 6
1.74291e+06 0.115 6
1.46027e+06 0.1175 6
1.08295e+06 0.12 6
669024 0.1225 6
652879 0.125 6
609955 0.1275 6
826890 0.13 6
1.40101e+06 0.1325 6
1.52733e+06 0.135 6
1.647e+06 0.1375 6
1.89666e+06 0.14 6
1.81347e+06 0.1425 6
1.7985e+06 0.145 6
1.75249e+06 0.1475 6
1.87845e+06 0.15 6
1.7081e+06 0.1525 6
1.41104e+06 0.155 6
782684 0.1575 6
327345 0.16 6
227054 0.1625 6
618452 0.165 6
1.46179e+06 0.1675 6
2.38888e+06 0.17 6
3.10135e+06 0.1725 6
3.45389e+06 0.175 6
3.30972e+06 0.1775 6
2.99963e+06 0.18 6
2.68929e+06 0.1825 6
2.39472e+06 0.185 6
2.32352e+06 0.1875 6
2.24637e+06 0.19 6
2.09136e+06 0.1925 6
1.75534e+06 0.195 6
1.29527e+06 0.1975 6
947223 0.2 6
798814 0.2025 6
1.07368e+06 0.205 6
1.69472e+06 0.2075 6
2.41086e+06 0.21 6
2.99219e+06 0.2125 6
3.33054e+06 0.215 6
3.38278e+06 0.2175 6
3.35918e+06 0.22 6
3.09221e+06 0.2225 6
2.589e+06 0.225 6
2.20461e+06 0.2275 6
1.80084e+06 0.23 6
1.21829e+06 0.2325 6
698306 0.235 6
355364 0.2375 6
421687 0.24 6
779306 0.2425 6
1.36664e+06 0.245 6
1.87471e+06 0.2475 6
2.2387e+06 0.25 6
2.44947e+06 0.2525 6
2.3852e+06 0.255 6
2.35565e+06 0.2575 6
2.2426e+06 0.26 6
2.01479e+06 0.2625 6
1.9435e+06 0.265 6
1.67692e+06 0.2675 6
1.38155e+06 0.27 6
1.21898e+06 0.2725 6
1.0263e+06 0.275 6
934702 0.2775 6
952374 0.28 6
1.07131e+06 0.2825 6
1.20734e+06 0.285 6
1.32036e+06 0.2875 6
1.38264e+06 0.29 6
1.54448e+06 0.2925 6
1.75585e+06 0.295 6
2.04505e+06 0.2975 6
2.37392e+06 0.3 6
2.60811e+06 0.3025 6
2.7299e+06 0.305 6
2.70398e+06 0.3075 6
0 0.0125 7
0 0.015 7
0 0.0175 7
0 0.02 7
0 0.0225 7
0 0.025 7
0 0.0275 7
0 0.03 7
0 0.0325 7
0 0.035 7
0 0.0375 7
0 0.04 7
0 0.0425 7
0 0.045 7
0 0.0475 7
0 0.05 7
0 0.0525 7
0 0.055 7
0 0.0575 7
1191.66 0.06 7
9203.71 0.0625 7
7926.93 0.065 7
4512.21 0.0675 7
46338 0.07 7
68842.8 0.0725 7
213743 0.075 7
253385 0.0775 7
441545 0.08 7
548030 0.0825 7
642378 0.085 7
505731 0.0875 7
744703 0.09 7
963040 0.0925 7
1.10566e+06 0.095 7
1.01202e+06 0.0975 7
1.3813e+06 0.1 7
1.40043e+06 0.1025 7
1.70614e+06 0.105 7
2.13141e+06 0.1075 7
2.39344e+06 0.11 7
2.85288e+06 0.1125 7
2.88184e+06 0.115 7
2.91765e+06 0.1175 7
2.69003e+06 0.12 7
2.63271e+06 0.1225 7
2.66252e+06 0.125 7
2.65409e+06 0.1275 7
2.84135e+06 0.13 7
3.05825e+06 0.1325 7
3.3122e+06 0.135 7
3.43034e+06 0.1375 7
3.65978e+06 0.14 7
3.38548e+06 0.1425 7
3.35184e+06 0.145 7
3.32929e+06 0.1475 7
2.84834e+06 0.15 7
2.42694e+06 0.1525 7
2.16586e+06 0.155 7
1.86934e+06 0.1575 7
1.98722e+06 0.16 7
2.28268e+06 0.1625 7
3.0069e+06 0.165 7
3.78172e+06 0.1675 7
4.54765e+06 0.17 7
5.34034e+06 0.1725 7
5.66392e+06 0.175 7
5.4749e+06 0.1775 7
4.70532e+06 0.18 7
3.29934e+06 0.1825 7
1.7448e+06 0.185 7
606718 0.1875 7
96259.5 0.19 7
231021 0.1925 7
795011 0.195 7
1.54999e+06 0.1975 7
2.07704e+06 0.2 7
2.31312e+06 0.2025 7
2.30331e+06 0.205 7
2.23396e+06 0.2075 7
2.01399e+06 0.21 7
1.86306e+06 0.2125 7
1.87327e+06 0.215 7
1.87799e+06 0.2175 7
2.01769e+06 0.22 7
2.00674e+06 0.2225 7
1.85865e+06 0.225 7
1.55086e+06 0.2275 7
1.28042e+06 0.23 7
958122 0.2325 7
663108 0.235 7
540791 0.2375 7
574418 0.24 7
502850 0.2425 7
502554 0.245 7
446606 0.2475 7
496284 0.25 7
486981 0.2525 7
517882 0.255 7
615327 0.2575 7
751833 0.26 7
883395 0.2625 7
917250 0.265 7
898383 0.2675 7
851730 0.27 7
855023 0.2725 7
1.07838e+06 0.275 7
1.54753e+06 0.2775 7
2.15997e+06 0.28 7
2.73417e+06 0.2825 7
3.1363e+06 0.285 7
3.23453e+06 0.2875 7
2.89992e+06 0.29 7
2.32477e+06 0.2925 7
1.68724e+06 0.295 7
1.31275e+06 0.2975 7
1.45847e+06 0.3 7
1.85089e+06 0.3025 7
2.51762e+06 0.305 7
0 0.01 8
0 0.0125 8
0 0.015 8
0 0.0175 8
0 0.02 8
0 0.0225 8
0 0.025 8
0 0.0275 8
0 0.03 8
0 0.0325 8
0 0.035 8
0 0.0375 8
0 0.04 8
745.27 0.0425 8
10964.2 0.045 8
110677 0.0475 8
171953 0.05 8
770510 0.0525 8
1.1763e+06 0.055 8
1.96355e+06 0.0575 8
2.79892e+06 0.06 8
4.15857e+06 0.0625 8
5.09114e+06 0.065 8
5.35449e+06 0.0675 8
5.54342e+06 0.07 8
4.96984e+06 0.0725 8
4.69452e+06 0.075 8
3.37548e+06 0.0775 8
1.79219e+06 0.08 8
701758 0.0825 8
323615 0.085 8
981591 0.0875 8
2.2657e+06 0.09 8
4.03864e+06 0.0925 8
5.90732e+06 0.095 8
6.7294e+06 0.0975 8
7.1591e+06 0.1 8
6.50153e+06 0.1025 8
5.51995e+06 0.105 8
4.39704e+06 0.1075 8
3.29424e+06 0.11 8
2.60959e+06 0.1125 8
2.22326e+06 0.115 8
2.13524e+06 0.1175 8
2.57648e+06 0.12 8
3.02628e+06 0.1225 8
3.53473e+06 0.125 8
3.80059e+06 0.1275 8
3.70478e+06 0.13 8
3.28858e+06 0.1325 8
2.40256e+06 0.135 8
1.81016e+06 0.1375 8
928026 0.14 8
373972 0.1425 8
193755 0.145 8
481240 0.1475 8
1.01815e+06 0.15 8
1.61355e+06 0.1525 8
2.02338e+06 0.155 8
2.21403e+06 0.1575 8
2.03404e+06 0.16 8
1.70707e+06 0.1625 8
1.27216e+06 0.165 8
1.00917e+06 0.1675 8
1.02526e+06 0.17 8
1.02741e+06 0.1725 8
1.06707e+06 0.175 8
963862 0.1775 8
828248 0.18 8
682551 0.1825 8
606453 0.185 8
521707 0.1875 8
508943 0.19 8
524650 0.1925 8
702009 0.195 8
1.07806e+06 0.1975 8
1.59543e+06 0.2 8
2.27436e+06 0.2025 8
2.9075e+06 0.205 8
3.39046e+06 0.2075 8
3.59252e+06 0.21 8
3.42707e+06 0.2125 8
3.0725e+06 0.215 8
2.63989e+06 0.2175 8
2.18929e+06 0.22 8
1.80356e+06 0.2225 8
1.5419e+06 0.225 8
1.26822e+06 0.2275 8
991157 0.23 8
799311 0.2325 8
722592 0.235 8
793157 0.2375 8
1.05873e+06 0.24 8
1.53516e+06 0.2425 8
2.12924e+06 0.245 8
2.75455e+06 0.2475 8
3.40234e+06 0.25 8
3.99383e+06 0.2525 8
4.32002e+06 0.255 8
4.37767e+06 0.2575 8
4.04929e+06 0.26 8
3.40673e+06 0.2625 8
2.83835e+06 0.265 8
2.32528e+06 0.2675 8
2.21383e+06 0.27 8
2.72475e+06 0.2725 8
3.33373e+06 0.275 8
3.74373e+06 0.2775 8
3.88037e+06 0.28 8
3.54648e+06 0.2825 8
2.8122e+06 0.285 8
1.85357e+06 0.2875 8
1.05054e+06 0.29 8
611864 0.2925 8
636334 0.295 8
944085 0.2975 8
0 0.01 9
40455.3 0.0125 9
259095 0.015 9
723263 0.0175 9
1.82423e+06 0.02 9
2.90201e+06 0.0225 9
4.61373e+06 0.025 9
5.95947e+06 0.0275 9
7.12566e+06 0.03 9
7.34337e+06 0.0325 9
6.62065e+06 0.035 9
5.18916e+06 0.0375 9
3.38001e+06 0.04 9
2.00629e+06 0.0425 9
1.56441e+06 0.045 9
2.14031e+06 0.0475 9
3.37933e+06 0.05 9
4.67369e+06 0.0525 9
5.46781e+06 0.055 9
5.51666e+06 0.0575 9
4.96217e+06 0.06 9
4.20049e+06 0.0625 9
3.63275e+06 0.065 9
3.45096e+06 0.0675 9
3.5753e+06 0.07 9
3.75677e+06 0.0725 9
3.75752e+06 0.075 9
3.4852e+06 0.0775 9
3.00545e+06 0.08 9
2.4492e+06 0.0825 9
1.90265e+06 0.085 9
1.3691e+06 0.0875 9
826343 0.09 9
323278 0.0925 9
23663.6 0.095 9
142933 0.0975 9
806424 0.1 9
1.92475e+06 0.1025 9
3.18223e+06 0.105 9
4.16419e+06 0.1075 9
4.55516e+06 0.11 9
4.28942e+06 0.1125 9
3.5624e+06 0.115 9
2.70089e+06 0.1175 9
1.97847e+06 0.12 9
1.49333e+06 0.1225 9
1.16872e+06 0.125 9
885474 0.1275 9
547268 0.13 9
244867 0.1325 9
107926 0.135 9
184505 0.1375 9
517460 0.14 9
917997 0.1425 9
1.54839e+06 0.145 9
1.97271e+06 0.1475 9
2.26439e+06 0.15 9
2.82546e+06 0.1525 9
3.21063e+06 0.155 9
3.33121e+06 0.1575 9
3.14667e+06 0.16 9
2.76841e+06 0.1625 9
2.14594e+06 0.165 9
1.49837e+06 0.1675 9
1.19851e+06 0.17 9
1.30039e+06 0.1725 9
1.52849e+06 0.175 9
1.78739e+06 0.1775 9
1.64459e+06 0.18 9
1.34306e+06 0.1825 9
791993 0.185 9
385871 0.1875 9
386821 0.19 9
705400 0.1925 9
1.4446e+06 0.195 9
2.12419e+06 0.1975 9
2.32171e+06 0.2 9
2.24875e+06 0.2025 9
2.03417e+06 0.205 9
1.75417e+06 0.2075 9
1.86373e+06 0.21 9
2.25917e+06 0.2125 9
2.9071e+06 0.215 9
3.61042e+06 0.2175 9
4.30203e+06 0.22 9
4.7235e+06 0.2225 9
4.9489e+06 0.225 9
5.25482e+06 0.2275 9
5.76627e+06 0.23 9
6.0147e+06 0.2325 9
6.32486e+06 0.235 9
6.57862e+06 0.2375 9
6.20098e+06 0.24 9
5.49184e+06 0.2425 9
4.41318e+06 0.245 9
3.28846e+06 0.2475 9
2.52317e+06 0.25 9
1.94506e+06 0.2525 9
1.93214e+06 0.255 9
2.44991e+06 0.2575 9
3.3018e+06 0.26 9
4.38419e+06 0.2625 9
5.23127e+06 0.265 9
5.39555e+06 0.2675 9
4.93342e+06 0.27 9
3.81633e+06 0.2725 9
2.70073e+06 0.275 9
1.6339e+06 0.2775 9
1.00721e+06 0.28 9
859588 0.2825 9
1.07117e+06 0.285 9
1.51377e+06 0.2875 9
1.94947e+06 0.29 9
2.22251e+06 0.2925 9
2.15286e+06 0.01 10
4.27733e+06 0.0125 10
6.86072e+06 0.015 10
9.31242e+06 0.0175 10
1.09726e+07 0.02 10
1.137e+07 0.0225 10
1.0406e+07 0.025 10
8.38324e+06 0.0275 10
5.87348e+06 0.03 10
3.4961e+06 0.0325 10
1.70981e+06 0.035 10
703982 0.0375 10
416770 0.04 10
644170 0.0425 10
1.16762e+06 0.045 10
1.8335e+06 0.0475 10
2.55737e+06 0.05 10
3.27393e+06 0.0525 10
3.8828e+06 0.055 10
4.23706e+06 0.0575 10
4.1899e+06 0.06 10
3.67548e+06 0.0625 10
2.77516e+06 0.065 10
1.72414e+06 0.0675 10
842829 0.07 10
417335 0.0725 10
581506 0.075 10
1.25637e+06 0.0775 10
2.17775e+06 0.08 10
3.00223e+06 0.0825 10
3.44492e+06 0.085 10
3.38699e+06 0.0875 10
2.9053e+06 0.09 10
2.21365e+06 0.0925 10
1.54837e+06 0.095 10
1.05796e+06 0.0975 10
753569 0.1 10
543904 0.1025 10
331322 0.105 10
109717 0.1075 10
1352.14 0.11 10
202627 0.1125 10
862446 0.115 10
1.96097e+06 0.1175 10
3.26406e+06 0.12 10
4.39177e+06 0.1225 10
4.9762e+06 0.125 10
4.83048e+06 0.1275 10
4.03919e+06 0.13 10
2.9204e+06 0.1325 10
1.88561e+06 0.135 10
1.24117e+06 0.1375 10
1.10154e+06 0.14 10
1.38989e+06 0.1425 10
1.88517e+06 0.145 10
2.26832e+06 0.1475 10
2.48271e+06 0.15 10
2.64893e+06 0.1525 10
2.4344e+06 0.155 10
2.24668e+06 0.1575 10
1.92896e+06 0.16 10
1.25371e+06 0.1625 10
900542 0.165 10
652812 0.1675 10
1.04314e+06 0.17 10
1.73724e+06 0.1725 10
2.48115e+06 0.175 10
3.51998e+06 0.1775 10
3.96108e+06 0.18 10
4.14113e+06 0.1825 10
4.23881e+06 0.185 10
4.06128e+06 0.1875 10
4.08634e+06 0.19 10
4.90822e+06 0.1925 10
5.44265e+06 0.195 10
6.26901e+06 0.1975 10
6.78778e+06 0.2 10
6.44682e+06 0.2025 10
5.99782e+06 0.205 10
4.86949e+06 0.2075 10
3.5438e+06 0.21 10
2.58528e+06 0.2125 10
1.88825e+06 0.215 10
1.45017e+06 0.2175 10
1.24503e+06 0.22 10
981660 0.2225 10
853923 0.225 10
823093 0.2275 10
855475 0.23 10
1.14463e+06 0.2325 10
1.54125e+06 0.235 10
2.09639e+06 0.2375 10
2.56524e+06 0.24 10
2.88974e+06 0.2425 10
2.80888e+06 0.245 10
2.54542e+06 0.2475 10
2.16653e+06 0.25 10
1.62707e+06 0.2525 10
1.0986e+06 0.255 10
808509 0.2575 10
808371 0.26 10
926514 0.2625 10
1.21016e+06 0.265 10
1.51128e+06 0.2675 10
1.7769e+06 0.27 10
1.85027e+06 0.2725 10
1.87492e+06 0.275 10
1.73287e+06 0.2775 10
1.53526e+06 0.28 10
1.40174e+06 0.2825 10
1.27238e+06 0.285 10
1.11342e+06 0.2875 10
0 0.01 11
0 0.0125 11
0 0.015 11
0 0.0175 11
0 0.02 11
0 0.0225 11
0 0.025 11
0 0.0275 11
0 0.03 11
12087.3 0.0325 11
22437.1 0.035 11
15047.6 0.0375 11
57938.1 0.04 11
64366.1 0.0425 11
103916 0.045 11
101559 0.0475 11
133404 0.05 11
366816 0.0525 11
431813 0.055 11
585673 0.0575 11
625095 0.06 11
690898 0.0625 11
711124 0.065 11
568452 0.0675 11
558548 0.07 11
620792 0.0725 11
965227 0.075 11
1.41935e+06 0.0775 11
2.29118e+06 0.08 11
3.33927e+06 0.0825 11
4.17963e+06 0.085 11
4.61705e+06 0.0875 11
5.28862e+06 0.09 11
5.33258e+06 0.0925 11
5.06434e+06 0.095 11
5.01886e+06 0.0975 11
4.94425e+06 0.1 11
4.79014e+06 0.1025 11
4.89473e+06 0.105 11
4.9564e+06 0.1075 11
4.58113e+06 0.11 11
3.81316e+06 0.1125 11
2.93899e+06 0.115 11
2.05173e+06 0.1175 11
1.57968e+06 0.12 11
1.61399e+06 0.1225 11
1.94162e+06 0.125 11
2.29759e+06 0.1275 11
2.5823e+06 0.13 11
2.49091e+06 0.1325 11
2.17063e+06 0.135 11
1.63603e+06 0.1375 11
1.3873e+06 0.14 11
1.4734e+06 0.1425 11
1.97025e+06 0.145 11
2.62926e+06 0.1475 11
3.38626e+06 0.15 11
3.84121e+06 0.1525 11
4.02729e+06 0.155 11
4.17485e+06 0.1575 11
4.19623e+06 0.16 11
3.99972e+06 0.1625 11
3.92014e+06 0.165 11
3.93613e+06 0.1675 11
3.72507e+06 0.17 11
3.42739e+06 0.1725 11
2.68742e+06 0.175 11
1.93573e+06 0.1775 11
1.30313e+06 0.18 11
906046 0.1825 11
727702 0.185 11
604911 0.1875 11
525056 0.19 11
489955 0.1925 11
344757 0.195 11
245035 0.1975 11
243844 0.2 11
339320 0.2025 11
592761 0.205 11
945889 0.2075 11
1.22218e+06 0.21 11
1.34108e+06 0.2125 11
1.40582e+06 0.215 11
1.39118e+06 0.2175 11
1.28445e+06 0.22 11
1.25985e+06 0.2225 11
1.18579e+06 0.225 11
1.24058e+06 0.2275 11
1.2448e+06 0.23 11
1.26426e+06 0.2325 11
1.30292e+06 0.235 11
1.27385e+06 0.2375 11
1.23953e+06 0.24 11
1.13934e+06 0.2425 11
1.02398e+06 0.245 11
940003 0.2475 11
924084 0.25 11
988355 0.2525 11
1.03051e+06 0.255 11
1.09268e+06 0.2575 11
1.15642e+06 0.26 11
1.15679e+06 0.2625 11
1.13962e+06 0.265 11
1.09794e+06 0.2675 11
1.05047e+06 0.27 11
1.21838e+06 0.2725 11
1.47288e+06 0.275 11
1.63525e+06 0.2775 11
1.79912e+06 0.28 11
1.85468e+06 0.2825 11
0 0.01 12
0 0.0125 12
0 0.015 12
0 0.0175 12
0 0.02 12
0 0.0225 12
0 0.025 12
0 0.0275 12
0 0.03 12
0 0.0325 12
0 0.035 12
0 0.0375 12
0 0.04 12
0 0.0425 12
0 0.045 12
0 0.0475 12
0 0.05 12
0 0.0525 12
0 0.055 12
0 0.0575 12
0 0.06 12
0 0.0625 12
15778.2 0.065 12
59040.6 0.0675 12
158291 0.07 12
211413 0.0725 12
119603 0.075 12
289637 0.0775 12
389187 0.08 12
586202 0.0825 12
777188 0.085 12
915551 0.0875 12
1.17593e+06 0.09 12
1.22677e+06 0.0925 12
1.22958e+06 0.095 12
1.22764e+06 0.0975 12
1.12735e+06 0.1 12
1.33879e+06 0.1025 12
1.38104e+06 0.105 12
1.23366e+06 0.1075 12
1.28353e+06 0.11 12
1.45676e+06 0.1125 12
1.50575e+06 0.115 12
1.93578e+06 0.1175 12
2.44195e+06 0.12 12
2.69074e+06 0.1225 12
3.27702e+06 0.125 12
3.88353e+06 0.1275 12
4.12586e+06 0.13 12
4.03448e+06 0.1325 12
3.27339e+06 0.135 12
2.60461e+06 0.1375 12
1.93926e+06 0.14 12
1.43403e+06 0.1425 12
1.36852e+06 0.145 12
1.71811e+06 0.1475 12
2.48113e+06 0.15 12
3.29812e+06 0.1525 12
3.91059e+06 0.155 12
4.69477e+06 0.1575 12
4.83504e+06 0.16 12
4.86689e+06 0.1625 12
4.58433e+06 0.165 12
4.58243e+06 0.1675 12
4.40381e+06 0.17 12
4.42829e+06 0.1725 12
4.46557e+06 0.175 12
4.2148e+06 0.1775 12
3.99022e+06 0.18 12
3.62335e+06 0.1825 12
3.16438e+06 0.185 12
2.78379e+06 0.1875 12
2.3046e+06 0.19 12
1.98943e+06 0.1925 12
1.67976e+06 0.195 12
1.39304e+06 0.1975 12
1.19799e+06 0.2 12
1.16254e+06 0.2025 12
1.22786e+06 0.205 12
1.30784e+06 0.2075 12
1.40604e+06 0.21 12
1.4484e+06 0.2125 12
1.32779e+06 0.215 12
1.10113e+06 0.2175 12
821574 0.22 12
616265 0.2225 12
572753 0.225 12
716868 0.2275 12
981947 0.23 12
1.29378e+06 0.2325 12
1.44616e+06 0.235 12
1.4529e+06 0.2375 12
1.30307e+06 0.24 12
961903 0.2425 12
657967 0.245 12
463678 0.2475 12
326000 0.25 12
269598 0.2525 12
295689 0.255 12
344613 0.2575 12
350206 0.26 12
387175 0.2625 12
445327 0.265 12
539543 0.2675 12
644960 0.27 12
774424 0.2725 12
895079 0.275 12
0 0.01 13
0 0.0125 13
0 0.015 13
0 0.0175 13
0 0.02 13
0 0.0225 13
0 0.025 13
0 0.0275 13
0 0.03 13
0 0.0325 13
0 0.035 13
3501.07 0.0375 13
10442.9 0.04 13
57466.7 0.0425 13
153246 0.045 13
260896 0.0475 13
316401 0.05 13
397396 0.0525 13
620510 0.055 13
946313 0.0575 13
1.05849e+06 0.06 13
1.09948e+06 0.0625 13
1.03725e+06 0.065 13
1.18894e+06 0.0675 13
903722 0.07 13
734041 0.0725 13
601846 0.075 13
356677 0.0775 13
230213 0.08 13
96991.9 0.0825 13
45228.6 0.085 13
76160 0.0875 13
211392 0.09 13
408536 0.0925 13
833726 0.095 13
1.49876e+06 0.0975 13
2.3385e+06 0.1 13
3.24514e+06 0.1025 13
4.25021e+06 0.105 13
5.4068e+06 0.1075 13
5.9922e+06 0.11 13
6.35831e+06 0.1125 13
7.04948e+06 0.115 13
7.24407e+06 0.1175 13
7.2118e+06 0.12 13
6.94753e+06 0.1225 13
6.57911e+06 0.125 13
6.28124e+06 0.1275 13
5.67873e+06 0.13 13
4.80941e+06 0.1325 13
3.70772e+06 0.135 13
2.85722e+06 0.1375 13
2.25261e+06 0.14 13
1.70246e+06 0.1425 13
1.26713e+06 0.145 13
1.07663e+06 0.1475 13
1.02014e+06 0.15 13
1.07669e+06 0.1525 13
1.23481e+06 0.155 13
1.19906e+06 0.1575 13
935614 0.16 13
761273 0.1625 13
655193 0.165 13
622186 0.1675 13
697199 0.17 13
860515 0.1725 13
1.04449e+06 0.175 13
1.13476e+06 0.1775 13
1.19517e+06 0.18 13
1.19918e+06 0.1825 13
1.20187e+06 0.185 13
1.12773e+06 0.1875 13
1.1245e+06 0.19 13
1.04399e+06 0.1925 13
1.07169e+06 0.195 13
1.02139e+06 0.1975 13
967669 0.2 13
981292 0.2025 13
958032 0.205 13
904688 0.2075 13
869019 0.21 13
894537 0.2125 13
862116 0.215 13
770700 0.2175 13
689172 0.22 13
672584 0.2225 13
638784 0.225 13
674710 0.2275 13
733506 0.23 13
900801 0.2325 13
971847 0.235 13
940039 0.2375 13
1.00781e+06 0.24 13
1.04962e+06 0.2425 13
980034 0.245 13
941331 0.2475 13
715899 0.25 13
620181 0.2525 13
468212 0.255 13
425814 0.2575 13
412604 0.26 13
442354 0.2625 13
434643 0.265 13
443255 0.2675 13
118370 0.02 14
94046 0.0225 14
41744.7 0.025 14
3304.77 0.0275 14
37891.4 0.03 14
186236 0.0325 14
433918 0.035 14
700288 0.0375 14
868533 0.04 14
847314 0.0425 14
630512 0.045 14
316142 0.0475 14
65335.3 0.05 14
17937.2 0.0525 14
211065 0.055 14
550555 0.0575 14
857343 0.06 14
966419 0.0625 14
822065 0.065 14
511979 0.0675 14
217445 0.07 14
107288 0.0725 14
238968 0.075 14
527888 0.0775 14
805599 0.08 14
932809 0.0825 14
897498 0.085 14
834670 0.0875 14
950029 0.09 14
1.38831e+06 0.0925 14
2.12315e+06 0.095 14
2.93685e+06 0.0975 14
3.50918e+06 0.1 14
3.5726e+06 0.1025 14
3.05249e+06 0.105 14
2.11722e+06 0.1075 14
1.11048e+06 0.11 14
399774 0.1125 14
217302 0.115 14
569679 0.1175 14
1.25422e+06 0.12 14
1.96459e+06 0.1225 14
2.42755e+06 0.125 14
2.50548e+06 0.1275 14
2.23301e+06 0.13 14
1.72781e+06 0.1325 14
1.19326e+06 0.135 14
753223 0.1375 14
601749 0.14 14
603978 0.1425 14
665657 0.145 14
695911 0.1475 14
990220 0.15 14
1.49932e+06 0.1525 14
1.73339e+06 0.155 14
2.03625e+06 0.1575 14
2.03039e+06 0.16 14
2.0807e+06 0.1625 14
2.09544e+06 0.165 14
1.92803e+06 0.1675 14
1.85235e+06 0.17 14
1.74458e+06 0.1725 14
1.58808e+06 0.175 14
1.30342e+06 0.1775 14
1.11748e+06 0.18 14
1.05285e+06 0.1825 14
1.16551e+06 0.185 14
1.15667e+06 0.1875 14
1.39894e+06 0.19 14
1.65763e+06 0.1925 14
1.91943e+06 0.195 14
1.89128e+06 0.1975 14
2.06674e+06 0.2 14
1.99131e+06 0.2025 14
1.81764e+06 0.205 14
1.62154e+06 0.2075 14
1.47654e+06 0.21 14
1.23007e+06 0.2125 14
1.11488e+06 0.215 14
1.00027e+06 0.2175 14
897496 0.22 14
699630 0.2225 14
690792 0.225 14
707700 0.2275 14
888952 0.23 14
1.19652e+06 0.2325 14
1.46783e+06 0.235 14
1.76689e+06 0.2375 14
1.9738e+06 0.24 14
1.84978e+06 0.2425 14
1.81757e+06 0.245 14
1.71311e+06 0.2475 14
1.50659e+06 0.25 14
1.42009e+06 0.2525 14
1.3402e+06 0.255 14
1.41026e+06 0.2575 14
115134 0.0125 15
201031 0.015 15
331877 0.0175 15
490559 0.02 15
629571 0.0225 15
728891 0.025 15
800711 0.0275 15
883516 0.03 15
1.01352e+06 0.0325 15
1.19151e+06 0.035 15
1.37166e+06 0.0375 15
1.48648e+06 0.04 15
1.49618e+06 0.0425 15
1.42765e+06 0.045 15
1.36863e+06 0.0475 15
1.41026e+06 0.05 15
1.57037e+06 0.0525 15
1.75432e+06 0.055 15
1.79664e+06 0.0575 15
1.57891e+06 0.06 15
1.16187e+06 0.0625 15
842798 0.065 15
1.07533e+06 0.0675 15
2.26231e+06 0.07 15
4.51278e+06 0.0725 15
7.49386e+06 0.075 15
1.04768e+07 0.0775 15
1.25838e+07 0.08 15
1.31364e+07 0.0825 15
1.19453e+07 0.085 15
9.40024e+06 0.0875 15
6.31588e+06 0.09 15
3.60491e+06 0.0925 15
1.93256e+06 0.095 15
1.50688e+06 0.0975 15
2.08271e+06 0.1 15
3.14857e+06 0.1025 15
4.18269e+06 0.105 15
4.84921e+06 0.1075 15
5.05789e+06 0.11 15
4.89519e+06 0.1125 15
4.49909e+06 0.115 15
3.9639e+06 0.1175 15
3.32156e+06 0.12 15
2.58714e+06 0.1225 15
1.81486e+06 0.125 15
1.1132e+06 0.1275 15
605951 0.13 15
346617 0.1325 15
350750 0.135 15
456813 0.1375 15
521696 0.14 15
541708 0.1425 15
521562 0.145 15
718377 0.1475 15
1.01071e+06 0.15 15
1.67969e+06 0.1525 15
2.32284e+06 0.155 15
2.79748e+06 0.1575 15
3.06425e+06 0.16 15
2.71626e+06 0.1625 15
2.1761e+06 0.165 15
1.59389e+06 0.1675 15
1.08781e+06 0.17 15
903913 0.1725 15
1.21386e+06 0.175 15
1.68319e+06 0.1775 15
2.01717e+06 0.18 15
2.19813e+06 0.1825 15
2.06182e+06 0.185 15
1.77475e+06 0.1875 15
1.49039e+06 0.19 15
1.1674e+06 0.1925 15
1.13019e+06 0.195 15
988526 0.1975 15
1.15098e+06 0.2 15
1.39809e+06 0.2025 15
1.52557e+06 0.205 15
1.55475e+06 0.2075 15
1.3742e+06 0.21 15
1.19812e+06 0.2125 15
984226 0.215 15
773365 0.2175 15
558312 0.22 15
428177 0.2225 15
383279 0.225 15
394658 0.2275 15
514210 0.23 15
576971 0.2325 15
625779 0.235 15
668725 0.2375 15
662016 0.24 15
605273 0.2425 15
597741 0.245 15
618261 0.2475 15
0 0.0025 16
0 0.005 16
0 0.0075 16
0 0.01 16
0 0.0125 16
0 0.015 16
0 0.0175 16
0 0.02 16
0 0.0225 16
0 0.025 16
0 0.0275 16
0 0.03 16
0 0.0325 16
0 0.035 16
2385.07 0.0375 16
6382.35 0.04 16
92960.7 0.0425 16
181280 0.045 16
514750 0.0475 16
683863 0.05 16
1.04337e+06 0.0525 16
1.17208e+06 0.055 16
1.28718e+06 0.0575 16
1.35424e+06 0.06 16
1.31807e+06 0.0625 16
1.27793e+06 0.065 16
916835 0.0675 16
699622 0.07 16
396780 0.0725 16
303003 0.075 16
293909 0.0775 16
438834 0.08 16
736531 0.0825 16
1.13661e+06 0.085 16
1.42259e+06 0.0875 16
1.81145e+06 0.09 16
2.4064e+06 0.0925 16
3.47461e+06 0.095 16
4.82376e+06 0.0975 16
6.58863e+06 0.1 16
7.83624e+06 0.1025 16
8.92558e+06 0.105 16
9.71021e+06 0.1075 16
1.006e+07 0.11 16
9.64722e+06 0.1125 16
9.19152e+06 0.115 16
8.10844e+06 0.1175 16
7.16097e+06 0.12 16
6.25843e+06 0.1225 16
5.41974e+06 0.125 16
4.62398e+06 0.1275 16
3.78644e+06 0.13 16
2.73508e+06 0.1325 16
1.7224e+06 0.135 16
944857 0.1375 16
429681 0.14 16
264648 0.1425 16
444549 0.145 16
714580 0.1475 16
813322 0.15 16
825136 0.1525 16
784564 0.155 16
779116 0.1575 16
1.03494e+06 0.16 16
1.64265e+06 0.1625 16
2.39001e+06 0.165 16
2.98722e+06 0.1675 16
3.2078e+06 0.17 16
3.00564e+06 0.1725 16
2.31096e+06 0.175 16
1.43114e+06 0.1775 16
668642 0.18 16
353477 0.1825 16
473884 0.185 16
992728 0.1875 16
1.56728e+06 0.19 16
1.93646e+06 0.1925 16
1.99641e+06 0.195 16
1.56656e+06 0.1975 16
1.00614e+06 0.2 16
587425 0.2025 16
394521 0.205 16
523481 0.2075 16
926856 0.21 16
1.37419e+06 0.2125 16
1.7238e+06 0.215 16
1.96252e+06 0.2175 16
1.82717e+06 0.22 16
1.48452e+06 0.2225 16
1.06647e+06 0.225 16
749089 0.2275 16
401697 0.23 16
220449 0.2325 16
153403 0.235 16
112808 0.2375 16
0 0.0025 17
0 0.005 17
0 0.0075 17
0 0.01 17
0 0.0125 17
0 0.015 17
0 0.0175 17
0 0.02 17
0 0.0225 17
0 0.025 17
0 0.0275 17
0 0.03 17
0 0.0325 17
0 0.035 17
0 0.0375 17
0 0.04 17
0 0.0425 17
0 0.045 17
0 0.0475 17
0 0.05 17
0 0.0525 17
0 0.055 17
0 0.0575 17
0 0.06 17
0 0.0625 17
4629.29 0.065 17
96863.1 0.0675 17
105862 0.07 17
165241 0.0725 17
273619 0.075 17
231952 0.0775 17
408229 0.08 17
556064 0.0825 17
852214 0.085 17
1.05234e+06 0.0875 17
1.39866e+06 0.09 17
1.58893e+06 0.0925 17
1.6178e+06 0.095 17
1.65975e+06 0.0975 17
1.86409e+06 0.1 17
1.61927e+06 0.1025 17
1.56771e+06 0.105 17
1.61637e+06 0.1075 17
1.35818e+06 0.11 17
1.40228e+06 0.1125 17
1.37801e+06 0.115 17
1.41699e+06 0.1175 17
1.57172e+06 0.12 17
1.85031e+06 0.1225 17
1.96072e+06 0.125 17
2.1033e+06 0.1275 17
2.24215e+06 0.13 17
2.08835e+06 0.1325 17
1.92264e+06 0.135 17
1.84917e+06 0.1375 17
1.88726e+06 0.14 17
2.03562e+06 0.1425 17
2.38735e+06 0.145 17
2.59116e+06 0.1475 17
2.81769e+06 0.15 17
2.6655e+06 0.1525 17
2.45681e+06 0.155 17
2.07729e+06 0.1575 17
1.68815e+06 0.16 17
1.53748e+06 0.1625 17
1.76661e+06 0.165 17
2.30185e+06 0.1675 17
2.76485e+06 0.17 17
3.13011e+06 0.1725 17
2.99524e+06 0.175 17
2.37556e+06 0.1775 17
1.45765e+06 0.18 17
664397 0.1825 17
193991 0.185 17
206831 0.1875 17
560316 0.19 17
1.09613e+06 0.1925 17
1.45118e+06 0.195 17
1.63094e+06 0.1975 17
1.45805e+06 0.2 17
1.22061e+06 0.2025 17
919695 0.205 17
855670 0.2075 17
1.05951e+06 0.21 17
1.46017e+06 0.2125 17
1.85084e+06 0.215 17
2.05243e+06 0.2175 17
1.9748e+06 0.22 17
1.63295e+06 0.2225 17
1.19365e+06 0.225 17
0 0.0025 18
0 0.005 18
0 0.0075 18
0 0.01 18
0 0.0125 18
0 0.015 18
0 0.0175 18
0 0.02 18
0 0.0225 18
0 0.025 18
0 0.0275 18
0 0.03 18
2991.28 0.0325 18
55870.7 0.035 18
172165 0.0375 18
151403 0.04 18
369156 0.0425 18
426138 0.045 18
578033 0.0475 18
460116 0.05 18
426322 0.0525 18
348737 0.055 18
127370 0.0575 18
55084.2 0.06 18
109629 0.0625 18
179282 0.065 18
427675 0.0675 18
766338 0.07 18
1.0136e+06 0.0725 18
1.08911e+06 0.075 18
1.03838e+06 0.0775 18
902063 0.08 18
736479 0.0825 18
665667 0.085 18
916887 0.0875 18
1.39475e+06 0.09 18
1.91069e+06 0.0925 18
2.43519e+06 0.095 18
2.74317e+06 0.0975 18
2.71325e+06 0.1 18
2.31016e+06 0.1025 18
1.76026e+06 0.105 18
1.25052e+06 0.1075 18
882673 0.11 18
640229 0.1125 18
516742 0.115 18
477523 0.1175 18
556909 0.12 18
714516 0.1225 18
758507 0.125 18
887658 0.1275 18
1.10567e+06 0.13 18
1.13389e+06 0.1325 18
1.06994e+06 0.135 18
1.10382e+06 0.1375 18
1.1794e+06 0.14 18
1.37257e+06 0.1425 18
1.84193e+06 0.145 18
2.36435e+06 0.1475 18
2.66308e+06 0.15 18
2.71167e+06 0.1525 18
2.56112e+06 0.155 18
2.36066e+06 0.1575 18
2.24128e+06 0.16 18
2.53724e+06 0.1625 18
3.10659e+06 0.165 18
3.72192e+06 0.1675 18
4.10182e+06 0.17 18
4.13273e+06 0.1725 18
3.60438e+06 0.175 18
2.81226e+06 0.1775 18
2.06184e+06 0.18 18
1.35768e+06 0.1825 18
1.01167e+06 0.185 18
843586 0.1875 18
858073 0.19 18
781940 0.1925 18
608445 0.195 18
407238 0.1975 18
231992 0.2 18
194857 0.2025 18
316083 0.205 18
645871 0.2075 18
960998 0.21 18
1.26462e+06 0.2125 18
6025.63 0.0025 19
88094.4 0.005 19
383216 0.0075 19
976659 0.01 19
1.79909e+06 0.0125 19
2.62336e+06 0.015 19
3.16955e+06 0.0175 19
3.2517e+06 0.02 19
2.87198e+06 0.0225 19
2.20547e+06 0.025 19
1.49359e+06 0.0275 19
922417 0.03 19
564090 0.0325 19
406949 0.035 19
433904 0.0375 19
677436 0.04 19
1.20423e+06 0.0425 19
2.04188e+06 0.045 19
3.10835e+06 0.0475 19
4.20609e+06 0.05 19
5.096e+06 0.0525 19
5.6079e+06 0.055 19
5.71573e+06 0.0575 19
5.52907e+06 0.06 19
5.20908e+06 0.0625 19
4.86681e+06 0.065 19
4.51022e+06 0.0675 19
4.06948e+06 0.07 19
3.47657e+06 0.0725 19
2.74166e+06 0.075 19
1.97691e+06 0.0775 19
1.35687e+06 0.08 19
1.04558e+06 0.0825 19
1.1343e+06 0.085 19
1.61734e+06 0.0875 19
2.40389e+06 0.09 19
3.34485e+06 0.0925 19
4.25828e+06 0.095 19
4.95416e+06 0.0975 19
5.27011e+06 0.1 19
5.12153e+06 0.1025 19
4.54767e+06 0.105 19
3.72112e+06 0.1075 19
2.8982e+06 0.11 19
2.32098e+06 0.1125 19
2.11677e+06 0.115 19
2.25087e+06 0.1175 19
2.56213e+06 0.12 19
2.86202e+06 0.1225 19
3.03833e+06 0.125 19
3.10117e+06 0.1275 19
3.14571e+06 0.13 19
3.25999e+06 0.1325 19
3.44368e+06 0.135 19
3.57843e+06 0.1375 19
3.51581e+06 0.14 19
3.13426e+06 0.1425 19
2.47553e+06 0.145 19
1.74112e+06 0.1475 19
1.10662e+06 0.15 19
837425 0.1525 19
876971 0.155 19
1.16424e+06 0.1575 19
1.65698e+06 0.16 19
2.02899e+06 0.1625 19
2.13581e+06 0.165 19
2.05715e+06 0.1675 19
1.76371e+06 0.17 19
1.41336e+06 0.1725 19
1.08888e+06 0.175 19
836315 0.1775 19
684296 0.18 19
641632 0.1825 19
635522 0.185 19
537472 0.1875 19
544432 0.19 19
499464 0.1925 19
502181 0.195 19
491537 0.1975 19
0 0.0025 20
0 0.005 20
0 0.0075 20
0 0.01 20
8183.2 0.0125 20
7350.24 0.015 20
31285.4 0.0175 20
75973.3 0.02 20
68050 0.0225 20
90172.6 0.025 20
85468.1 0.0275 20
82213.4 0.03 20
30303.4 0.0325 20
21292 0.035 20
50318 0.0375 20
149087 0.04 20
333652 0.0425 20
605258 0.045 20
950342 0.0475 20
1.34696e+06 0.05 20
1.77191e+06 0.0525 20
2.20469e+06 0.055 20
2.62785e+06 0.0575 20
3.02598e+06 0.06 20
3.38618e+06 0.0625 20
3.69965e+06 0.065 20
3.96134e+06 0.0675 20
4.16444e+06 0.07 20
4.29065e+06 0.0725 20
4.30309e+06 0.075 20
4.15028e+06 0.0775 20
3.78563e+06 0.08 20
3.19676e+06 0.0825 20
2.43035e+06 0.085 20
1.5966e+06 0.0875 20
846313 0.09 20
327455 0.0925 20
139950 0.095 20
308544 0.0975 20
783502 0.1 20
1.46398e+06 0.1025 20
2.22847e+06 0.105 20
2.95748e+06 0.1075 20
3.54355e+06 0.11 20
3.89577e+06 0.1125 20
3.94998e+06 0.115 20
3.68914e+06 0.1175 20
3.16564e+06 0.12 20
2.51049e+06 0.1225 20
1.90245e+06 0.125 20
1.5291e+06 0.1275 20
1.49008e+06 0.13 20
1.80788e+06 0.1325 20
2.36627e+06 0.135 20
2.97663e+06 0.1375 20
3.44156e+06 0.14 20
3.64071e+06 0.1425 20
3.51552e+06 0.145 20
3.14667e+06 0.1475 20
2.66414e+06 0.15 20
2.18732e+06 0.1525 20
1.8048e+06 0.155 20
1.56424e+06 0.1575 20
1.31254e+06 0.16 20
1.15709e+06 0.1625 20
973607 0.165 20
788562 0.1675 20
576297 0.17 20
364201 0.1725 20
220033 0.175 20
151750 0.1775 20
0 0.0025 21
0 0.005 21
0 0.0075 21
0 0.01 21
0 0.0125 21
0 0.015 21
0 0.0175 21
0 0.02 21
0 0.0225 21
0 0.025 21
0 0.0275 21
0 0.03 21
0 0.0325 21
0 0.035 21
0 0.0375 21
0 0.04 21
385.642 0.0425 21
1996.47 0.045 21
3250.16 0.0475 21
3144.57 0.05 21
46475.4 0.0525 21
31610.9 0.055 21
109318 0.0575 21
106959 0.06 21
184453 0.0625 21
231212 0.065 21
194593 0.0675 21
369519 0.07 21
403084 0.0725 21
403265 0.075 21
369923 0.0775 21
380107 0.08 21
343569 0.0825 21
332766 0.085 21
235200 0.0875 21
95970.9 0.09 21
89169 0.0925 21
184828 0.095 21
261885 0.0975 21
411644 0.1 21
632305 0.1025 21
816588 0.105 21
962677 0.1075 21
1.11992e+06 0.11 21
1.31384e+06 0.1125 21
1.51817e+06 0.115 21
1.78113e+06 0.1175 21
2.03285e+06 0.12 21
2.23794e+06 0.1225 21
2.44918e+06 0.125 21
2.65701e+06 0.1275 21
2.78025e+06 0.13 21
2.93033e+06 0.1325 21
2.98881e+06 0.135 21
2.89091e+06 0.1375 21
2.75537e+06 0.14 21
2.46986e+06 0.1425 21
2.06543e+06 0.145 21
1.59002e+06 0.1475 21
1.16627e+06 0.15 21
823278 0.1525 21
562830 0.155 21
482631 0.1575 21
483191 0.16 21
0 0.0025 22
0 0.005 22
0 0.0075 22
0 0.01 22
0 0.0125 22
0 0.015 22
0 0.0175 22
0 0.02 22
0 0.0225 22
0 0.025 22
0 0.0275 22
0 0.03 22
0 0.0325 22
0 0.035 22
0 0.0375 22
0 0.04 22
0 0.0425 22
0 0.045 22
0 0.0475 22
0 0.05 22
0 0.0525 22
0 0.055 22
0 0.0575 22
4969.54 0.06 22
22994.3 0.0625 22
26308.8 0.065 22
22812.2 0.0675 22
83385.7 0.07 22
133340 0.0725 22
147706 0.075 22
177547 0.0775 22
242382 0.08 22
286196 0.0825 22
302648 0.085 22
257157 0.0875 22
303104 0.09 22
348066 0.0925 22
232222 0.095 22
161420 0.0975 22
191944 0.1 22
204066 0.1025 22
223520 0.105 22
293575 0.1075 22
388546 0.11 22
404914 0.1125 22
506446 0.115 22
533821 0.1175 22
500732 0.12 22
557785 0.1225 22
518804 0.125 22
483846 0.1275 22
493246 0.13 22
488146 0.1325 22
549762 0.135 22
658221 0.1375 22
0 0.0025 23
0 0.005 23
0 0.0075 23
0 0.01 23
0 0.0125 23
0 0.015 23
0 0.0175 23
0 0.02 23
0 0.0225 23
0 0.025 23
7692.69 0.0275 23
18856.9 0.03 23
49675.8 0.0325 23
35860.3 0.035 23
99661.1 0.0375 23
137399 0.04 23
252615 0.0425 23
245190 0.045 23
262745 0.0475 23
271229 0.05 23
205243 0.0525 23
198245 0.055 23
151995 0.0575 23
128778 0.06 23
71868.5 0.0625 23
27165.4 0.065 23
11624.2 0.0675 23
9107.17 0.07 23
36260.8 0.0725 23
72056.8 0.075 23
127144 0.0775 23
231661 0.08 23
334909 0.0825 23
475630 0.085 23
578369 0.0875 23
658538 0.09 23
752270 0.0925 23
844825 0.095 23
923976 0.0975 23
963763 0.1 23
937440 0.1025 23
