4.5009e+07 0.085 0
2.71598e+07 0.0875 0
1.00044e+07 0.09 0
871687 0.0925 0
1.22136e+06 0.095 0
6.99093e+06 0.0975 0
1.21292e+07 0.1 0
1.26332e+07 0.1025 0
8.55485e+06 0.105 0
3.13202e+06 0.1075 0
111389 0.11 0
1.2478e+06 0.1125 0
5.48587e+06 0.115 0
1.0014e+07 0.1175 0
1.2199e+07 0.12 0
1.10685e+07 0.1225 0
7.5484e+06 0.125 0
3.57579e+06 0.1275 0
846716 0.13 0
60.983 0.1325 0
589042 0.135 0
1.64404e+06 0.1375 0
2.34127e+06 0.14 0
2.37034e+06 0.1425 0
1.89653e+06 0.145 0
1.26354e+06 0.1475 0
767516 0.15 0
478407 0.1525 0
384815 0.155 0
518579 0.1575 0
726528 0.16 0
1.00433e+06 0.1625 0
1.43112e+06 0.165 0
1.78166e+06 0.1675 0
2.04903e+06 0.17 0
2.06658e+06 0.1725 0
1.76667e+06 0.175 0
1.31389e+06 0.1775 0
864244 0.18 0
558997 0.1825 0
382728 0.185 0
428264 0.1875 0
814456 0.19 0
1.41297e+06 0.1925 0
1.72118e+06 0.195 0
2.35322e+06 0.1975 0
2.66995e+06 0.2 0
2.51198e+06 0.2025 0
2.45928e+06 0.205 0
2.15619e+06 0.2075 0
1.85213e+06 0.21 0
1.4663e+06 0.2125 0
1.01552e+06 0.215 0
667247 0.2175 0
427467 0.22 0
362403 0.2225 0
432454 0.225 0
686322 0.2275 0
1.00838e+06 0.23 0
1.36357e+06 0.2325 0
1.48949e+06 0.235 0
1.38873e+06 0.2375 0
1.30225e+06 0.24 0
1.17719e+06 0.2425 0
964043 0.245 0
774849 0.2475 0
621659 0.25 0
507734 0.2525 0
585381 0.255 0
541810 0.2575 0
448608 0.26 0
331268 0.2625 0
207168 0.265 0
117261 0.2675 0
72247.4 0.27 0
62989.1 0.2725 0
111024 0.275 0
217863 0.2775 0
306158 0.28 0
324314 0.2825 0
344345 0.285 0
269162 0.2875 0
235734 0.29 0
228014 0.2925 0
241254 0.295 0
258205 0.2975 0
240390 0.3 0
261377 0.3025 0
209105 0.305 0
174659 0.3075 0
142086 0.31 0
148772 0.3125 0
178319 0.315 0
6.29939e+07 0.0825 1
5.36365e+07 0.085 1
5.02163e+07 0.0875 1
4.92182e+07 0.09 1
4.70433e+07 0.0925 1
4.17994e+07 0.095 1
3.38553e+07 0.0975 1
2.50939e+07 0.1 1
1.75334e+07 0.1025 1
1.22187e+07 0.105 1
8.94929e+06 0.1075 1
6.79997e+06 0.11 1
4.91722e+06 0.1125 1
3.02318e+06 0.115 1
1.37604e+06 0.1175 1
355008 0.12 1
62419.3 0.1225 1
236406 0.125 1
479682 0.1275 1
578906 0.13 1
770308 0.1325 1
1.30619e+06 0.135 1
2.39264e+06 0.1375 1
3.6093e+06 0.14 1
5.27122e+06 0.1425 1
5.90841e+06 0.145 1
5.66537e+06 0.1475 1
4.728e+06 0.15 1
3.10077e+06 0.1525 1
2.08447e+06 0.155 1
1.88635e+06 0.1575 1
2.35635e+06 0.16 1
3.00496e+06 0.1625 1
3.8225e+06 0.165 1
4.05744e+06 0.1675 1
4.03013e+06 0.17 1
3.24994e+06 0.1725 1
2.37813e+06 0.175 1
1.75195e+06 0.1775 1
1.28322e+06 0.18 1
1.15836e+06 0.1825 1
1.4824e+06 0.185 1
1.78526e+06 0.1875 1
2.0599e+06 0.19 1
1.93086e+06 0.1925 1
1.75673e+06 0.195 1
1.28035e+06 0.1975 1
956652 0.2 1
708865 0.2025 1
647684 0.205 1
729029 0.2075 1
981703 0.21 1
1.19614e+06 0.2125 1
1.55132e+06 0.215 1
1.5676e+06 0.2175 1
1.42244e+06 0.22 1
1.28596e+06 0.2225 1
1.02464e+06 0.225 1
823238 0.2275 1
638039 0.23 1
515016 0.2325 1
436180 0.235 1
465727 0.2375 1
693798 0.24 1
992573 0.2425 1
1.24111e+06 0.245 1
1.47431e+06 0.2475 1
1.64208e+06 0.25 1
1.78061e+06 0.2525 1
1.78885e+06 0.255 1
1.58099e+06 0.2575 1
1.3444e+06 0.26 1
1.29354e+06 0.2625 1
1.20673e+06 0.265 1
1.29418e+06 0.2675 1
1.51962e+06 0.27 1
1.68547e+06 0.2725 1
1.73886e+06 0.275 1
1.57046e+06 0.2775 1
1.30182e+06 0.28 1
999694 0.2825 1
796061 0.285 1
694269 0.2875 1
700227 0.29 1
794329 0.2925 1
1.02221e+06 0.295 1
1.21257e+06 0.2975 1
1.3072e+06 0.3 1
1.25327e+06 0.3025 1
1.09665e+06 0.305 1
938180 0.3075 1
797189 0.31 1
707419 0.3125 1
654369 0.315 1
1.40639e+06 0.08 2
788756 0.0825 2
277351 0.085 2
67221.2 0.0875 2
109207 0.09 2
344919 0.0925 2
609730 0.095 2
711624 0.0975 2
660984 0.1 2
535534 0.1025 2
421297 0.105 2
323654 0.1075 2
314304 0.11 2
575833 0.1125 2
1.05299e+06 0.115 2
2.06988e+06 0.1175 2
3.12972e+06 0.12 2
4.28291e+06 0.1225 2
6.28839e+06 0.125 2
7.3816e+06 0.1275 2
8.50938e+06 0.13 2
8.15222e+06 0.1325 2
7.08994e+06 0.135 2
5.91873e+06 0.1375 2
5.30412e+06 0.14 2
5.45629e+06 0.1425 2
6.27837e+06 0.145 2
8.04336e+06 0.1475 2
1.00175e+07 0.15 2
1.16098e+07 0.1525 2
1.25092e+07 0.155 2
1.24667e+07 0.1575 2
1.12574e+07 0.16 2
9.34242e+06 0.1625 2
7.38405e+06 0.165 2
5.08644e+06 0.1675 2
3.29196e+06 0.17 2
1.73969e+06 0.1725 2
732322 0.175 2
246054 0.1775 2
188847 0.18 2
446567 0.1825 2
951642 0.185 2
1.49632e+06 0.1875 2
1.75725e+06 0.19 2
1.84566e+06 0.1925 2
1.99387e+06 0.195 2
2.05795e+06 0.1975 2
1.92462e+06 0.2 2
1.70948e+06 0.2025 2
1.42977e+06 0.205 2
1.21144e+06 0.2075 2
930631 0.21 2
673670 0.2125 2
435730 0.215 2
444521 0.2175 2
456465 0.22 2
577780 0.2225 2
746342 0.225 2
1.11544e+06 0.2275 2
1.48488e+06 0.23 2
1.91285e+06 0.2325 2
2.2167e+06 0.235 2
2.48334e+06 0.2375 2
2.51523e+06 0.24 2
2.35668e+06 0.2425 2
2.11497e+06 0.245 2
1.88899e+06 0.2475 2
1.60885e+06 0.25 2
1.3394e+06 0.2525 2
1.07207e+06 0.255 2
837936 0.2575 2
628211 0.26 2
368984 0.2625 2
302646 0.265 2
347243 0.2675 2
509783 0.27 2
789147 0.2725 2
1.11639e+06 0.275 2
1.50316e+06 0.2775 2
1.92972e+06 0.28 2
2.23563e+06 0.2825 2
2.4856e+06 0.285 2
2.5108e+06 0.2875 2
2.33354e+06 0.29 2
1.93575e+06 0.2925 2
1.56019e+06 0.295 2
1.14794e+06 0.2975 2
724068 0.3 2
535894 0.3025 2
529579 0.305 2
524457 0.3075 2
673923 0.31 2
897027 0.3125 2
1.00127e+06 0.315 2
1.11293e+06 0.0775 3
1.25515e+06 0.08 3
1.62793e+06 0.0825 3
1.55113e+06 0.085 3
1.39816e+06 0.0875 3
1.08665e+06 0.09 3
1.00882e+06 0.0925 3
1.24885e+06 0.095 3
1.19042e+06 0.0975 3
1.23327e+06 0.1 3
1.88681e+06 0.1025 3
2.2612e+06 0.105 3
2.60073e+06 0.1075 3
2.45436e+06 0.11 3
2.35416e+06 0.1125 3
2.36271e+06 0.115 3
2.86167e+06 0.1175 3
3.18864e+06 0.12 3
3.86674e+06 0.1225 3
4.13875e+06 0.125 3
4.36e+06 0.1275 3
4.21207e+06 0.13 3
3.54934e+06 0.1325 3
2.7044e+06 0.135 3
2.06893e+06 0.1375 3
1.75647e+06 0.14 3
1.83132e+06 0.1425 3
2.61232e+06 0.145 3
3.57603e+06 0.1475 3
4.4653e+06 0.15 3
4.88384e+06 0.1525 3
4.56478e+06 0.155 3
3.73688e+06 0.1575 3
2.89738e+06 0.16 3
2.22811e+06 0.1625 3
2.07014e+06 0.165 3
2.47489e+06 0.1675 3
3.55542e+06 0.17 3
4.58004e+06 0.1725 3
5.03883e+06 0.175 3
4.99279e+06 0.1775 3
4.29469e+06 0.18 3
3.12921e+06 0.1825 3
1.9964e+06 0.185 3
1.15906e+06 0.1875 3
579190 0.19 3
281304 0.1925 3
209176 0.195 3
249340 0.1975 3
371007 0.2 3
627813 0.2025 3
1.1165e+06 0.205 3
1.62513e+06 0.2075 3
2.1165e+06 0.21 3
2.38071e+06 0.2125 3
2.39134e+06 0.215 3
2.1247e+06 0.2175 3
1.72176e+06 0.22 3
1.33284e+06 0.2225 3
1.10275e+06 0.225 3
1.06138e+06 0.2275 3
1.13433e+06 0.23 3
1.30648e+06 0.2325 3
1.30912e+06 0.235 3
1.17533e+06 0.2375 3
935510 0.24 3
777678 0.2425 3
784940 0.245 3
891979 0.2475 3
1.10528e+06 0.25 3
1.34688e+06 0.2525 3
1.40559e+06 0.255 3
1.43479e+06 0.2575 3
1.28929e+06 0.26 3
1.02633e+06 0.2625 3
723120 0.265 3
609302 0.2675 3
591629 0.27 3
680611 0.2725 3
772170 0.275 3
950338 0.2775 3
1.00974e+06 0.28 3
1.03388e+06 0.2825 3
850323 0.285 3
703266 0.2875 3
606341 0.29 3
641238 0.2925 3
785225 0.295 3
904147 0.2975 3
960214 0.3 3
952684 0.3025 3
903262 0.305 3
858569 0.3075 3
898132 0.31 3
1.01123e+06 0.3125 3
1.15039e+06 0.315 3
3.65239e+06 0.07 4
6.50942e+06 0.0725 4
1.08667e+07 0.075 4
1.61334e+07 0.0775 4
2.14971e+07 0.08 4
2.79868e+07 0.0825 4
3.39747e+07 0.085 4
3.7882e+07 0.0875 4
3.99267e+07 0.09 4
3.94357e+07 0.0925 4
3.63047e+07 0.095 4
3.13175e+07 0.0975 4
2.49115e+07 0.1 4
1.90236e+07 0.1025 4
1.47973e+07 0.105 4
1.2376e+07 0.1075 4
1.30848e+07 0.11 4
1.53323e+07 0.1125 4
1.99813e+07 0.115 4
2.37451e+07 0.1175 4
2.56192e+07 0.12 4
2.61488e+07 0.1225 4
2.42947e+07 0.125 4
2.11272e+07 0.1275 4
1.71156e+07 0.13 4
1.26216e+07 0.1325 4
8.63588e+06 0.135 4
5.76482e+06 0.1375 4
3.51914e+06 0.14 4
2.45432e+06 0.1425 4
1.81688e+06 0.145 4
1.67074e+06 0.1475 4
1.74743e+06 0.15 4
1.9981e+06 0.1525 4
2.27669e+06 0.155 4
2.58281e+06 0.1575 4
3.02075e+06 0.16 4
3.25134e+06 0.1625 4
3.33071e+06 0.165 4
3.02272e+06 0.1675 4
2.49459e+06 0.17 4
1.75572e+06 0.1725 4
1.12604e+06 0.175 4
699381 0.1775 4
620319 0.18 4
870518 0.1825 4
1.33965e+06 0.185 4
1.85012e+06 0.1875 4
2.4149e+06 0.19 4
2.8147e+06 0.1925 4
2.952e+06 0.195 4
2.72688e+06 0.1975 4
2.28925e+06 0.2 4
1.76871e+06 0.2025 4
1.27962e+06 0.205 4
915899 0.2075 4
664977 0.21 4
562985 0.2125 4
553860 0.215 4
523727 0.2175 4
528754 0.22 4
468670 0.2225 4
462328 0.225 4
525358 0.2275 4
743518 0.23 4
1.04617e+06 0.2325 4
1.43374e+06 0.235 4
1.66692e+06 0.2375 4
1.95268e+06 0.24 4
1.93885e+06 0.2425 4
1.8993e+06 0.245 4
1.86852e+06 0.2475 4
1.92703e+06 0.25 4
2.00047e+06 0.2525 4
2.10656e+06 0.255 4
2.18301e+06 0.2575 4
2.1759e+06 0.26 4
2.10289e+06 0.2625 4
1.88575e+06 0.265 4
1.57181e+06 0.2675 4
1.23522e+06 0.27 4
950875 0.2725 4
678457 0.275 4
543403 0.2775 4
566104 0.28 4
669624 0.2825 4
805433 0.285 4
967220 0.2875 4
1.09387e+06 0.29 4
1.18901e+06 0.2925 4
1.30485e+06 0.295 4
1.24814e+06 0.2975 4
1.16723e+06 0.3 4
1.11717e+06 0.3025 4
984685 0.305 4
854715 0.3075 4
778299 0.31 4
719920 0.3125 4
5.88812e+06 0.06 5
7.49236e+06 0.0625 5
8.78596e+06 0.065 5
9.24012e+06 0.0675 5
1.03492e+07 0.07 5
1.14423e+07 0.0725 5
1.12273e+07 0.075 5
1.01452e+07 0.0775 5
9.17559e+06 0.08 5
7.36216e+06 0.0825 5
5.80602e+06 0.085 5
4.28621e+06 0.0875 5
3.04526e+06 0.09 5
2.14043e+06 0.0925 5
1.8444e+06 0.095 5
1.72644e+06 0.0975 5
1.84088e+06 0.1 5
1.93403e+06 0.1025 5
1.79707e+06 0.105 5
1.33235e+06 0.1075 5
709661 0.11 5
464888 0.1125 5
415258 0.115 5
843674 0.1175 5
1.64713e+06 0.12 5
2.45588e+06 0.1225 5
3.25052e+06 0.125 5
3.57989e+06 0.1275 5
3.74231e+06 0.13 5
3.61704e+06 0.1325 5
3.4218e+06 0.135 5
3.25341e+06 0.1375 5
3.15999e+06 0.14 5
2.95662e+06 0.1425 5
2.73198e+06 0.145 5
2.38648e+06 0.1475 5
1.93837e+06 0.15 5
1.5615e+06 0.1525 5
1.25239e+06 0.155 5
954383 0.1575 5
699975 0.16 5
573564 0.1625 5
496354 0.165 5
492262 0.1675 5
526565 0.17 5
431313 0.1725 5
345252 0.175 5
306250 0.1775 5
277705 0.18 5
315877 0.1825 5
360925 0.185 5
322615 0.1875 5
263234 0.19 5
256030 0.1925 5
272305 0.195 5
385873 0.1975 5
611569 0.2 5
853644 0.2025 5
1.03696e+06 0.205 5
1.17771e+06 0.2075 5
1.09224e+06 0.21 5
775753 0.2125 5
734671 0.215 5
625507 0.2175 5
934099 0.22 5
1.33598e+06 0.2225 5
2.06025e+06 0.225 5
2.38629e+06 0.2275 5
2.56644e+06 0.23 5
2.56385e+06 0.2325 5
2.35554e+06 0.235 5
2.00854e+06 0.2375 5
1.60638e+06 0.24 5
1.27316e+06 0.2425 5
949082 0.245 5
830806 0.2475 5
838376 0.25 5
814916 0.2525 5
861157 0.255 5
1.02722e+06 0.2575 5
1.17803e+06 0.26 5
1.36338e+06 0.2625 5
1.44938e+06 0.265 5
1.43408e+06 0.2675 5
1.40001e+06 0.27 5
1.29194e+06 0.2725 5
1.11739e+06 0.275 5
899597 0.2775 5
642301 0.28 5
427096 0.2825 5
302050 0.285 5
240282 0.2875 5
315895 0.29 5
503230 0.2925 5
711693 0.295 5
883517 0.2975 5
1.09103e+06 0.3 5
1.2567e+06 0.3025 5
1.34662e+06 0.305 5
1.273e+06 0.3075 5
1.14836e+06 0.31 5
1.87407e+06 0.045 6
2.10078e+06 0.0475 6
3.28486e+06 0.05 6
4.97959e+06 0.0525 6
7.22984e+06 0.055 6
9.0471e+06 0.0575 6
9.91872e+06 0.06 6
9.44034e+06 0.0625 6
7.66157e+06 0.065 6
5.10465e+06 0.0675 6
2.57246e+06 0.07 6
824418 0.0725 6
269840 0.075 6
823714 0.0775 6
1.98995e+06 0.08 6
3.12199e+06 0.0825 6
3.72304e+06 0.085 6
3.63597e+06 0.0875 6
3.041e+06 0.09 6
2.28819e+06 0.0925 6
1.67785e+06 0.095 6
1.31775e+06 0.0975 6
1.12566e+06 0.1 6
950535 0.1025 6
715050 0.105 6
478822 0.1075 6
383864 0.11 6
528494 0.1125 6
865966 0.115 6
1.21406e+06 0.1175 6
1.36417e+06 0.12 6
1.1588e+06 0.1225 6
765609 0.125 6
537048 0.1275 6
541782 0.13 6
1.18615e+06 0.1325 6
2.01491e+06 0.135 6
2.91116e+06 0.1375 6
3.3237e+06 0.14 6
3.27783e+06 0.1425 6
2.92576e+06 0.145 6
2.31033e+06 0.1475 6
1.78914e+06 0.15 6
1.56592e+06 0.1525 6
1.44279e+06 0.155 6
1.20082e+06 0.1575 6
1.01633e+06 0.16 6
732170 0.1625 6
581980 0.165 6
435222 0.1675 6
516505 0.17 6
603913 0.1725 6
614960 0.175 6
514419 0.1775 6
468551 0.18 6
501694 0.1825 6
1.04168e+06 0.185 6
1.95975e+06 0.1875 6
3.07416e+06 0.19 6
4.00774e+06 0.1925 6
4.49623e+06 0.195 6
4.30178e+06 0.1975 6
3.75782e+06 0.2 6
3.09614e+06 0.2025 6
2.40502e+06 0.205 6
1.94833e+06 0.2075 6
2.22007e+06 0.21 6
1.99311e+06 0.2125 6
1.92522e+06 0.215 6
1.73761e+06 0.2175 6
1.31803e+06 0.22 6
840754 0.2225 6
593301 0.225 6
704893 0.2275 6
927303 0.23 6
1.15738e+06 0.2325 6
1.34921e+06 0.235 6
1.38598e+06 0.2375 6
1.38912e+06 0.24 6
1.19578e+06 0.2425 6
1.0406e+06 0.245 6
1.06089e+06 0.2475 6
1.04159e+06 0.25 6
1.08775e+06 0.2525 6
1.13921e+06 0.255 6
1.23667e+06 0.2575 6
1.34689e+06 0.26 6
1.38407e+06 0.2625 6
1.41389e+06 0.265 6
1.46449e+06 0.2675 6
1.45546e+06 0.27 6
1.43645e+06 0.2725 6
1.41454e+06 0.275 6
1.36907e+06 0.2775 6
1.35726e+06 0.28 6
1.26528e+06 0.2825 6
1.19142e+06 0.285 6
1.19439e+06 0.2875 6
1.43615e+06 0.29 6
1.89863e+06 0.2925 6
2.43608e+06 0.295 6
2.93081e+06 0.2975 6
3.31132e+06 0.3 6
3.23064e+06 0.3025 6
2.7139e+06 0.305 6
1.92981e+06 0.3075 6
1.46376e+07 0.0125 7
1.66229e+07 0.015 7
1.75851e+07 0.0175 7
1.78324e+07 0.02 7
1.76511e+07 0.0225 7
1.71379e+07 0.025 7
1.61957e+07 0.0275 7
1.46707e+07 0.03 7
1.25271e+07 0.0325 7
9.94626e+06 0.035 7
7.29144e+06 0.0375 7
4.96551e+06 0.04 7
3.24706e+06 0.0425 7
2.19665e+06 0.045 7
1.67452e+06 0.0475 7
1.44527e+06 0.05 7
1.30142e+06 0.0525 7
1.14009e+06 0.055 7
966395 0.0575 7
843520 0.06 7
833581 0.0625 7
964695 0.065 7
1.2305e+06 0.0675 7
1.60348e+06 0.07 7
2.03983e+06 0.0725 7
2.4706e+06 0.075 7
2.79504e+06 0.0775 7
2.89773e+06 0.08 7
2.69575e+06 0.0825 7
2.19595e+06 0.085 7
1.52547e+06 0.0875 7
906094 0.09 7
572705 0.0925 7
670695 0.095 7
1.18414e+06 0.0975 7
1.93432e+06 0.1 7
2.65249e+06 0.1025 7
3.09229e+06 0.105 7
3.12741e+06 0.1075 7
2.79013e+06 0.11 7
2.23822e+06 0.1125 7
1.67378e+06 0.115 7
1.25759e+06 0.1175 7
1.05812e+06 0.12 7
1.05101e+06 0.1225 7
1.15712e+06 0.125 7
1.29079e+06 0.1275 7
1.39162e+06 0.13 7
1.42931e+06 0.1325 7
1.38974e+06 0.135 7
1.26124e+06 0.1375 7
1.05547e+06 0.14 7
768792 0.1425 7
438235 0.145 7
219675 0.1475 7
247015 0.15 7
413268 0.1525 7
888942 0.155 7
1.62025e+06 0.1575 7
1.99023e+06 0.16 7
2.03812e+06 0.1625 7
1.92259e+06 0.165 7
1.60079e+06 0.1675 7
1.06993e+06 0.17 7
881985 0.1725 7
1.21698e+06 0.175 7
1.70945e+06 0.1775 7
2.50519e+06 0.18 7
3.08241e+06 0.1825 7
3.1487e+06 0.185 7
2.96904e+06 0.1875 7
2.50212e+06 0.19 7
2.0024e+06 0.1925 7
1.58275e+06 0.195 7
1.4921e+06 0.1975 7
1.69886e+06 0.2 7
2.07637e+06 0.2025 7
2.39856e+06 0.205 7
2.61299e+06 0.2075 7
2.50581e+06 0.21 7
2.41632e+06 0.2125 7
2.33829e+06 0.215 7
2.40407e+06 0.2175 7
2.51384e+06 0.22 7
2.80179e+06 0.2225 7
2.92442e+06 0.225 7
2.90007e+06 0.2275 7
2.39053e+06 0.23 7
1.92291e+06 0.2325 7
1.42495e+06 0.235 7
1.03697e+06 0.2375 7
1.12598e+06 0.24 7
1.37406e+06 0.2425 7
1.69149e+06 0.245 7
1.95397e+06 0.2475 7
2.05861e+06 0.25 7
1.88407e+06 0.2525 7
1.53425e+06 0.255 7
1.14589e+06 0.2575 7
798723 0.26 7
527835 0.2625 7
420964 0.265 7
505883 0.2675 7
665640 0.27 7
858804 0.2725 7
892034 0.275 7
834053 0.2775 7
664896 0.28 7
373952 0.2825 7
189258 0.285 7
68250.3 0.2875 7
49727.8 0.29 7
128484 0.2925 7
248211 0.295 7
370750 0.2975 7
403673 0.3 7
322642 0.3025 7
189933 0.305 7
137577 0.01 8
312323 0.0125 8
620133 0.015 8
1.06361e+06 0.0175 8
1.45865e+06 0.02 8
1.59494e+06 0.0225 8
1.35203e+06 0.025 8
797829 0.0275 8
239124 0.03 8
128976 0.0325 8
859817 0.035 8
2.53969e+06 0.0375 8
4.87624e+06 0.04 8
7.24721e+06 0.0425 8
8.93891e+06 0.045 8
9.44067e+06 0.0475 8
8.6493e+06 0.05 8
6.88538e+06 0.0525 8
4.72429e+06 0.055 8
2.74001e+06 0.0575 8
1.29487e+06 0.06 8
466829 0.0625 8
118966 0.065 8
39923.8 0.0675 8
62190 0.07 8
103047 0.0725 8
136711 0.075 8
149444 0.0775 8
125827 0.08 8
73887.1 0.0825 8
55394.5 0.085 8
178896 0.0875 8
543132 0.09 8
1.16246e+06 0.0925 8
1.92795e+06 0.095 8
2.63873e+06 0.0975 8
3.09103e+06 0.1 8
3.1714e+06 0.1025 8
2.89763e+06 0.105 8
2.38729e+06 0.1075 8
1.78414e+06 0.11 8
1.19766e+06 0.1125 8
693657 0.115 8
328096 0.1175 8
178455 0.12 8
328642 0.1225 8
804863 0.125 8
1.50994e+06 0.1275 8
2.21832e+06 0.13 8
2.66163e+06 0.1325 8
2.65581e+06 0.135 8
2.24158e+06 0.1375 8
1.65472e+06 0.14 8
1.13496e+06 0.1425 8
954966 0.145 8
1.13677e+06 0.1475 8
1.49386e+06 0.15 8
1.69563e+06 0.1525 8
1.60522e+06 0.155 8
1.11998e+06 0.1575 8
618268 0.16 8
295207 0.1625 8
299990 0.165 8
617054 0.1675 8
1.05109e+06 0.17 8
1.34942e+06 0.1725 8
1.41555e+06 0.175 8
1.27089e+06 0.1775 8
1.11489e+06 0.18 8
1.0428e+06 0.1825 8
999371 0.185 8
939665 0.1875 8
984526 0.19 8
945407 0.1925 8
701875 0.195 8
504026 0.1975 8
531595 0.2 8
700566 0.2025 8
1.00178e+06 0.205 8
1.47942e+06 0.2075 8
1.71946e+06 0.21 8
2.5336e+06 0.2125 8
3.10562e+06 0.215 8
3.68742e+06 0.2175 8
4.32971e+06 0.22 8
4.76735e+06 0.2225 8
5.20594e+06 0.225 8
4.99608e+06 0.2275 8
4.4197e+06 0.23 8
3.90971e+06 0.2325 8
3.22069e+06 0.235 8
2.60463e+06 0.2375 8
1.9955e+06 0.24 8
1.63237e+06 0.2425 8
1.30579e+06 0.245 8
1.19362e+06 0.2475 8
1.32981e+06 0.25 8
1.6617e+06 0.2525 8
2.13396e+06 0.255 8
2.61554e+06 0.2575 8
2.98982e+06 0.26 8
3.01926e+06 0.2625 8
2.86769e+06 0.265 8
2.59376e+06 0.2675 8
2.34203e+06 0.27 8
2.11887e+06 0.2725 8
2.06105e+06 0.275 8
2.10599e+06 0.2775 8
2.21149e+06 0.28 8
2.22417e+06 0.2825 8
2.07039e+06 0.285 8
1.72389e+06 0.2875 8
1.38804e+06 0.29 8
1.08481e+06 0.2925 8
862173 0.295 8
750393 0.2975 8
0 0.01 9
0 0.0125 9
0 0.015 9
0 0.0175 9
0 0.02 9
0 0.0225 9
0 0.025 9
469.534 0.0275 9
156748 0.03 9
434505 0.0325 9
627910 0.035 9
1.38628e+06 0.0375 9
2.63132e+06 0.04 9
3.12725e+06 0.0425 9
3.9895e+06 0.045 9
5.57239e+06 0.0475 9
5.88302e+06 0.05 9
5.1791e+06 0.0525 9
4.04809e+06 0.055 9
2.47116e+06 0.0575 9
1.20387e+06 0.06 9
480873 0.0625 9
620828 0.065 9
1.63821e+06 0.0675 9
3.38007e+06 0.07 9
5.26084e+06 0.0725 9
6.7219e+06 0.075 9
7.25915e+06 0.0775 9
6.61893e+06 0.08 9
5.40512e+06 0.0825 9
3.78197e+06 0.085 9
2.59654e+06 0.0875 9
1.80002e+06 0.09 9
1.40189e+06 0.0925 9
1.0989e+06 0.095 9
769528 0.0975 9
409435 0.1 9
165076 0.1025 9
213406 0.105 9
614214 0.1075 9
1.23702e+06 0.11 9
1.81734e+06 0.1125 9
2.1136e+06 0.115 9
2.05687e+06 0.1175 9
1.71179e+06 0.12 9
1.42823e+06 0.1225 9
1.48649e+06 0.125 9
1.95362e+06 0.1275 9
2.70414e+06 0.13 9
3.42201e+06 0.1325 9
3.74266e+06 0.135 9
4.04099e+06 0.1375 9
4.08075e+06 0.14 9
4.19943e+06 0.1425 9
4.44538e+06 0.145 9
4.2503e+06 0.1475 9
4.09166e+06 0.15 9
3.29492e+06 0.1525 9
2.43779e+06 0.155 9
1.58376e+06 0.1575 9
1.08785e+06 0.16 9
924813 0.1625 9
967610 0.165 9
1.06337e+06 0.1675 9
1.08897e+06 0.17 9
1.01318e+06 0.1725 9
909110 0.175 9
856658 0.1775 9
1.1103e+06 0.18 9
1.51629e+06 0.1825 9
1.91844e+06 0.185 9
1.97361e+06 0.1875 9
1.77613e+06 0.19 9
1.24131e+06 0.1925 9
697716 0.195 9
330256 0.1975 9
367287 0.2 9
669523 0.2025 9
1.20614e+06 0.205 9
1.71962e+06 0.2075 9
2.06889e+06 0.21 9
2.25639e+06 0.2125 9
2.11874e+06 0.215 9
1.84625e+06 0.2175 9
1.43986e+06 0.22 9
1.25563e+06 0.2225 9
1.47599e+06 0.225 9
1.83577e+06 0.2275 9
2.43614e+06 0.23 9
3.16227e+06 0.2325 9
3.6912e+06 0.235 9
4.398e+06 0.2375 9
4.74171e+06 0.24 9
4.93474e+06 0.2425 9
4.91125e+06 0.245 9
4.79352e+06 0.2475 9
4.60973e+06 0.25 9
4.30292e+06 0.2525 9
3.69459e+06 0.255 9
2.99042e+06 0.2575 9
2.40582e+06 0.26 9
2.0765e+06 0.2625 9
2.08533e+06 0.265 9
2.52021e+06 0.2675 9
3.15459e+06 0.27 9
3.7633e+06 0.2725 9
4.02572e+06 0.275 9
3.82135e+06 0.2775 9
3.18735e+06 0.28 9
2.4232e+06 0.2825 9
1.72551e+06 0.285 9
1.34591e+06 0.2875 9
1.14672e+06 0.29 9
1.12407e+06 0.2925 9
0 0.01 10
0 0.0125 10
0 0.015 10
0 0.0175 10
0 0.02 10
0 0.0225 10
0 0.025 10
0 0.0275 10
0 0.03 10
0 0.0325 10
0 0.035 10
0 0.0375 10
0 0.04 10
0 0.0425 10
0 0.045 10
0 0.0475 10
4214.27 0.05 10
22983.5 0.0525 10
16982.8 0.055 10
23141 0.0575 10
89232.5 0.06 10
12677.2 0.0625 10
30727.9 0.065 10
63021.8 0.0675 10
123859 0.07 10
167742 0.0725 10
183421 0.075 10
194315 0.0775 10
72313.1 0.08 10
14550.3 0.0825 10
12073.5 0.085 10
44907.8 0.0875 10
186571 0.09 10
343025 0.0925 10
726748 0.095 10
1.3891e+06 0.0975 10
1.99616e+06 0.1 10
2.7934e+06 0.1025 10
3.83908e+06 0.105 10
4.64812e+06 0.1075 10
4.85168e+06 0.11 10
4.63314e+06 0.1125 10
4.16726e+06 0.115 10
3.86215e+06 0.1175 10
3.5506e+06 0.12 10
3.33327e+06 0.1225 10
3.02802e+06 0.125 10
2.78726e+06 0.1275 10
2.82621e+06 0.13 10
2.47786e+06 0.1325 10
1.8558e+06 0.135 10
1.30688e+06 0.1375 10
957433 0.14 10
653715 0.1425 10
702581 0.145 10
821581 0.1475 10
923899 0.15 10
1.032e+06 0.1525 10
850878 0.155 10
625678 0.1575 10
586401 0.16 10
667231 0.1625 10
985388 0.165 10
1.42203e+06 0.1675 10
1.80402e+06 0.17 10
2.48354e+06 0.1725 10
2.92382e+06 0.175 10
3.37982e+06 0.1775 10
3.93688e+06 0.18 10
4.7075e+06 0.1825 10
5.54766e+06 0.185 10
6.3745e+06 0.1875 10
6.8601e+06 0.19 10
6.68155e+06 0.1925 10
5.85398e+06 0.195 10
4.50391e+06 0.1975 10
3.05196e+06 0.2 10
1.97889e+06 0.2025 10
1.63541e+06 0.205 10
2.18503e+06 0.2075 10
3.27273e+06 0.21 10
4.62003e+06 0.2125 10
5.44748e+06 0.215 10
5.54235e+06 0.2175 10
4.89459e+06 0.22 10
3.69729e+06 0.2225 10
2.40659e+06 0.225 10
1.42841e+06 0.2275 10
964565 0.23 10
944139 0.2325 10
1.14347e+06 0.235 10
1.42105e+06 0.2375 10
1.6341e+06 0.24 10
1.75258e+06 0.2425 10
1.8156e+06 0.245 10
1.83546e+06 0.2475 10
1.79112e+06 0.25 10
1.67483e+06 0.2525 10
1.44239e+06 0.255 10
1.21486e+06 0.2575 10
951833 0.26 10
782490 0.2625 10
635317 0.265 10
750051 0.2675 10
970092 0.27 10
1.25732e+06 0.2725 10
1.54286e+06 0.275 10
1.73481e+06 0.2775 10
1.83684e+06 0.28 10
1.78517e+06 0.2825 10
1.54457e+06 0.285 10
1.25474e+06 0.2875 10
0 0.01 11
0 0.0125 11
0 0.015 11
0 0.0175 11
0 0.02 11
0 0.0225 11
0 0.025 11
0 0.0275 11
0 0.03 11
0 0.0325 11
0 0.035 11
0 0.0375 11
0 0.04 11
0 0.0425 11
0 0.045 11
0 0.0475 11
0 0.05 11
0 0.0525 11
0 0.055 11
0 0.0575 11
0 0.06 11
0 0.0625 11
11616.7 0.065 11
35414.4 0.0675 11
43922.8 0.07 11
73767 0.0725 11
84777.8 0.075 11
347027 0.0775 11
541871 0.08 11
646158 0.0825 11
1.16094e+06 0.085 11
1.41341e+06 0.0875 11
1.74043e+06 0.09 11
2.08013e+06 0.0925 11
2.28185e+06 0.095 11
2.52812e+06 0.0975 11
2.65581e+06 0.1 11
2.87121e+06 0.1025 11
3.02828e+06 0.105 11
3.03842e+06 0.1075 11
2.51885e+06 0.11 11
2.02635e+06 0.1125 11
1.386e+06 0.115 11
983923 0.1175 11
732837 0.12 11
477815 0.1225 11
464477 0.125 11
604702 0.1275 11
927745 0.13 11
1.07353e+06 0.1325 11
1.24924e+06 0.135 11
1.5163e+06 0.1375 11
1.54429e+06 0.14 11
1.25075e+06 0.1425 11
849428 0.145 11
478811 0.1475 11
182293 0.15 11
109046 0.1525 11
320094 0.155 11
964396 0.1575 11
2.0837e+06 0.16 11
3.49951e+06 0.1625 11
5.19692e+06 0.165 11
6.81754e+06 0.1675 11
7.8806e+06 0.17 11
8.79443e+06 0.1725 11
9.16561e+06 0.175 11
8.8158e+06 0.1775 11
8.16016e+06 0.18 11
7.22248e+06 0.1825 11
6.0481e+06 0.185 11
4.90215e+06 0.1875 11
3.69751e+06 0.19 11
2.55102e+06 0.1925 11
1.59291e+06 0.195 11
924405 0.1975 11
497212 0.2 11
372005 0.2025 11
407454 0.205 11
514821 0.2075 11
655078 0.21 11
761133 0.2125 11
779065 0.215 11
702306 0.2175 11
617149 0.22 11
545541 0.2225 11
501595 0.225 11
483042 0.2275 11
465414 0.23 11
483570 0.2325 11
485461 0.235 11
521469 0.2375 11
585315 0.24 11
577892 0.2425 11
587497 0.245 11
580499 0.2475 11
557981 0.25 11
535818 0.2525 11
536397 0.255 11
650777 0.2575 11
830152 0.26 11
1.00809e+06 0.2625 11
1.20331e+06 0.265 11
1.41759e+06 0.2675 11
1.49829e+06 0.27 11
1.55625e+06 0.2725 11
1.51395e+06 0.275 11
1.49667e+06 0.2775 11
1.4556e+06 0.28 11
1.27573e+06 0.2825 11
0 0.01 12
0 0.0125 12
0 0.015 12
0 0.0175 12
0 0.02 12
0 0.0225 12
0 0.025 12
0 0.0275 12
0 0.03 12
0 0.0325 12
0 0.035 12
0 0.0375 12
0 0.04 12
686.592 0.0425 12
40669.1 0.045 12
126245 0.0475 12
124773 0.05 12
294139 0.0525 12
513257 0.055 12
522311 0.0575 12
645075 0.06 12
566163 0.0625 12
584332 0.065 12
292341 0.0675 12
209055 0.07 12
159539 0.0725 12
183363 0.075 12
333150 0.0775 12
694358 0.08 12
986673 0.0825 12
1.54589e+06 0.085 12
2.09792e+06 0.0875 12
2.21003e+06 0.09 12
2.22681e+06 0.0925 12
2.1461e+06 0.095 12
2.0785e+06 0.0975 12
1.84012e+06 0.1 12
1.52415e+06 0.1025 12
1.51057e+06 0.105 12
1.4527e+06 0.1075 12
1.36008e+06 0.11 12
1.18542e+06 0.1125 12
1.10435e+06 0.115 12
803966 0.1175 12
387495 0.12 12
192656 0.1225 12
133005 0.125 12
365008 0.1275 12
902522 0.13 12
1.72244e+06 0.1325 12
2.93488e+06 0.135 12
4.18014e+06 0.1375 12
5.64638e+06 0.14 12
6.56216e+06 0.1425 12
6.68917e+06 0.145 12
6.57773e+06 0.1475 12
6.43954e+06 0.15 12
5.73369e+06 0.1525 12
4.88623e+06 0.155 12
4.48961e+06 0.1575 12
4.02454e+06 0.16 12
3.8769e+06 0.1625 12
3.63171e+06 0.165 12
3.27849e+06 0.1675 12
2.64338e+06 0.17 12
1.91467e+06 0.1725 12
1.35265e+06 0.175 12
1.08769e+06 0.1775 12
1.09221e+06 0.18 12
1.27954e+06 0.1825 12
1.56313e+06 0.185 12
1.82329e+06 0.1875 12
1.91364e+06 0.19 12
1.9854e+06 0.1925 12
2.04804e+06 0.195 12
2.20424e+06 0.1975 12
2.36179e+06 0.2 12
2.36311e+06 0.2025 12
2.53548e+06 0.205 12
2.36455e+06 0.2075 12
2.06591e+06 0.21 12
1.81282e+06 0.2125 12
1.4511e+06 0.215 12
1.32211e+06 0.2175 12
1.20862e+06 0.22 12
1.19361e+06 0.2225 12
1.16731e+06 0.225 12
1.13284e+06 0.2275 12
1.12217e+06 0.23 12
1.06112e+06 0.2325 12
1.09611e+06 0.235 12
1.1291e+06 0.2375 12
1.07329e+06 0.24 12
975845 0.2425 12
794702 0.245 12
624961 0.2475 12
460698 0.25 12
456410 0.2525 12
556086 0.255 12
643609 0.2575 12
718895 0.26 12
695842 0.2625 12
641512 0.265 12
471575 0.2675 12
317580 0.27 12
209957 0.2725 12
182715 0.275 12
0 0.01 13
0 0.0125 13
0 0.015 13
0 0.0175 13
0 0.02 13
17383.8 0.0225 13
101690 0.025 13
353566 0.0275 13
918340 0.03 13
1.39868e+06 0.0325 13
2.34074e+06 0.035 13
3.22654e+06 0.0375 13
4.4959e+06 0.04 13
4.99284e+06 0.0425 13
5.05834e+06 0.045 13
4.79071e+06 0.0475 13
4.51352e+06 0.05 13
4.0235e+06 0.0525 13
3.84167e+06 0.055 13
3.7893e+06 0.0575 13
4.34318e+06 0.06 13
4.92944e+06 0.0625 13
5.8907e+06 0.065 13
6.3811e+06 0.0675 13
6.64562e+06 0.07 13
6.31008e+06 0.0725 13
5.52345e+06 0.075 13
4.45924e+06 0.0775 13
3.32299e+06 0.08 13
2.28472e+06 0.0825 13
1.44881e+06 0.085 13
856478 0.0875 13
504783 0.09 13
364661 0.0925 13
391124 0.095 13
528884 0.0975 13
719720 0.1 13
912803 0.1025 13
1.07294e+06 0.105 13
1.18094e+06 0.1075 13
1.22616e+06 0.11 13
1.19901e+06 0.1125 13
1.0893e+06 0.115 13
901181 0.1175 13
674387 0.12 13
444055 0.1225 13
230562 0.125 13
103948 0.1275 13
28193.7 0.13 13
15411 0.1325 13
76109.8 0.135 13
190821 0.1375 13
365895 0.14 13
544875 0.1425 13
824851 0.145 13
1.364e+06 0.1475 13
1.72478e+06 0.15 13
2.20325e+06 0.1525 13
2.41181e+06 0.155 13
2.58121e+06 0.1575 13
2.78173e+06 0.16 13
2.91709e+06 0.1625 13
3.24984e+06 0.165 13
3.52578e+06 0.1675 13
3.71339e+06 0.17 13
3.46058e+06 0.1725 13
2.92762e+06 0.175 13
2.38133e+06 0.1775 13
1.98979e+06 0.18 13
2.08265e+06 0.1825 13
2.63216e+06 0.185 13
3.31419e+06 0.1875 13
3.76173e+06 0.19 13
3.94023e+06 0.1925 13
3.66148e+06 0.195 13
3.27099e+06 0.1975 13
2.63394e+06 0.2 13
2.18021e+06 0.2025 13
2.16819e+06 0.205 13
2.32692e+06 0.2075 13
2.49256e+06 0.21 13
2.36463e+06 0.2125 13
2.03125e+06 0.215 13
1.64474e+06 0.2175 13
1.47303e+06 0.22 13
1.65026e+06 0.2225 13
2.27039e+06 0.225 13
2.80503e+06 0.2275 13
3.06609e+06 0.23 13
2.73317e+06 0.2325 13
2.19599e+06 0.235 13
1.6988e+06 0.2375 13
1.41873e+06 0.24 13
1.57428e+06 0.2425 13
2.09462e+06 0.245 13
2.68401e+06 0.2475 13
2.88599e+06 0.25 13
2.66426e+06 0.2525 13
2.18068e+06 0.255 13
1.61748e+06 0.2575 13
1.13815e+06 0.26 13
919161 0.2625 13
892052 0.265 13
888161 0.2675 13
1.06192e+06 0.02 14
776092 0.0225 14
518476 0.025 14
426057 0.0275 14
510958 0.03 14
651118 0.0325 14
676446 0.035 14
498062 0.0375 14
196516 0.04 14
8225.83 0.0425 14
212599 0.045 14
983687 0.0475 14
2.29048e+06 0.05 14
3.89804e+06 0.0525 14
5.46128e+06 0.055 14
6.65391e+06 0.0575 14
7.26673e+06 0.06 14
7.2404e+06 0.0625 14
6.64196e+06 0.065 14
5.62022e+06 0.0675 14
4.36901e+06 0.07 14
3.10177e+06 0.0725 14
2.02166e+06 0.075 14
1.27718e+06 0.0775 14
916966 0.08 14
877654 0.0825 14
1.03071e+06 0.085 14
1.27696e+06 0.0875 14
1.6353e+06 0.09 14
2.25825e+06 0.0925 14
3.34083e+06 0.095 14
4.9566e+06 0.0975 14
6.91424e+06 0.1 14
8.73699e+06 0.1025 14
9.81084e+06 0.105 14
9.65126e+06 0.1075 14
8.15935e+06 0.11 14
5.7258e+06 0.1125 14
3.1097e+06 0.115 14
1.13491e+06 0.1175 14
345440 0.12 14
786922 0.1225 14
2.01823e+06 0.125 14
3.34011e+06 0.1275 14
4.12033e+06 0.13 14
4.05426e+06 0.1325 14
3.24794e+06 0.135 14
2.0912e+06 0.1375 14
1.03992e+06 0.14 14
420335 0.1425 14
195123 0.145 14
255753 0.1475 14
381010 0.15 14
470150 0.1525 14
324161 0.155 14
340477 0.1575 14
301636 0.16 14
521175 0.1625 14
962928 0.165 14
1.42889e+06 0.1675 14
1.74424e+06 0.17 14
1.75636e+06 0.1725 14
1.58278e+06 0.175 14
1.25613e+06 0.1775 14
997563 0.18 14
839939 0.1825 14
780153 0.185 14
941383 0.1875 14
1.20706e+06 0.19 14
1.52345e+06 0.1925 14
1.63989e+06 0.195 14
1.61681e+06 0.1975 14
1.47743e+06 0.2 14
1.3204e+06 0.2025 14
1.22426e+06 0.205 14
1.17337e+06 0.2075 14
1.22762e+06 0.21 14
1.24764e+06 0.2125 14
1.14001e+06 0.215 14
1.0646e+06 0.2175 14
924179 0.22 14
661898 0.2225 14
469684 0.225 14
309052 0.2275 14
169297 0.23 14
147534 0.2325 14
210586 0.235 14
325918 0.2375 14
477599 0.24 14
694017 0.2425 14
855263 0.245 14
919385 0.2475 14
972791 0.25 14
867499 0.2525 14
596880 0.255 14
382091 0.2575 14
424887 0.0125 15
809008 0.015 15
1.35975e+06 0.0175 15
2.06258e+06 0.02 15
2.84436e+06 0.0225 15
3.55869e+06 0.025 15
4.0029e+06 0.0275 15
3.97995e+06 0.03 15
3.39393e+06 0.0325 15
2.33918e+06 0.035 15
1.1294e+06 0.0375 15
228792 0.04 15
90929 0.0425 15
962935 0.045 15
2.74368e+06 0.0475 15
4.97307e+06 0.05 15
6.97542e+06 0.0525 15
8.10706e+06 0.055 15
8.00473e+06 0.0575 15
6.72531e+06 0.06 15
4.71531e+06 0.0625 15
2.626e+06 0.065 15
1.05939e+06 0.0675 15
356463 0.07 15
511333 0.0725 15
1.23159e+06 0.075 15
2.09829e+06 0.0775 15
2.74313e+06 0.08 15
2.96711e+06 0.0825 15
2.76555e+06 0.085 15
2.27277e+06 0.0875 15
1.67106e+06 0.09 15
1.1121e+06 0.0925 15
678424 0.095 15
386078 0.0975 15
210463 0.1 15
114549 0.1025 15
66737 0.105 15
46901.7 0.1075 15
45602 0.11 15
61399.3 0.1125 15
97893.8 0.115 15
159743 0.1175 15
247497 0.12 15
353188 0.1225 15
459588 0.125 15
544447 0.1275 15
588010 0.13 15
580007 0.1325 15
533568 0.135 15
437151 0.1375 15
341016 0.14 15
269080 0.1425 15
339515 0.145 15
470858 0.1475 15
602136 0.15 15
783251 0.1525 15
1.11879e+06 0.155 15
1.44065e+06 0.1575 15
1.63413e+06 0.16 15
1.86803e+06 0.1625 15
1.73684e+06 0.165 15
1.65582e+06 0.1675 15
1.67176e+06 0.17 15
1.5205e+06 0.1725 15
1.41619e+06 0.175 15
1.2247e+06 0.1775 15
967602 0.18 15
819104 0.1825 15
693018 0.185 15
823228 0.1875 15
996338 0.19 15
1.24516e+06 0.1925 15
1.50531e+06 0.195 15
1.85162e+06 0.1975 15
2.21005e+06 0.2 15
2.05688e+06 0.2025 15
1.94384e+06 0.205 15
1.75438e+06 0.2075 15
1.38954e+06 0.21 15
1.00868e+06 0.2125 15
583591 0.215 15
314151 0.2175 15
161318 0.22 15
159527 0.2225 15
277527 0.225 15
412689 0.2275 15
572701 0.23 15
613182 0.2325 15
565813 0.235 15
511762 0.2375 15
490420 0.24 15
458497 0.2425 15
542762 0.245 15
647872 0.2475 15
0 0.0025 16
0 0.005 16
0 0.0075 16
0 0.01 16
0 0.0125 16
0 0.015 16
0 0.0175 16
0 0.02 16
11671.7 0.0225 16
126832 0.025 16
264676 0.0275 16
415574 0.03 16
843281 0.0325 16
1.06337e+06 0.035 16
1.37319e+06 0.0375 16
1.75352e+06 0.04 16
1.8789e+06 0.0425 16
2.14132e+06 0.045 16
2.18572e+06 0.0475 16
2.24429e+06 0.05 16
2.69101e+06 0.0525 16
3.3677e+06 0.055 16
4.1225e+06 0.0575 16
5.21462e+06 0.06 16
6.06472e+06 0.0625 16
6.40779e+06 0.065 16
6.23542e+06 0.0675 16
5.10791e+06 0.07 16
3.87568e+06 0.0725 16
2.56175e+06 0.075 16
1.56839e+06 0.0775 16
1.01012e+06 0.08 16
814561 0.0825 16
795241 0.085 16
770082 0.0875 16
658759 0.09 16
508588 0.0925 16
442083 0.095 16
564091 0.0975 16
886252 0.1 16
1.31159e+06 0.1025 16
1.68356e+06 0.105 16
1.86623e+06 0.1075 16
1.80762e+06 0.11 16
1.56072e+06 0.1125 16
1.22509e+06 0.115 16
913661 0.1175 16
699207 0.12 16
736740 0.1225 16
776863 0.125 16
1.03452e+06 0.1275 16
1.14713e+06 0.13 16
1.45192e+06 0.1325 16
1.87335e+06 0.135 16
2.46189e+06 0.1375 16
3.26831e+06 0.14 16
3.60491e+06 0.1425 16
3.79555e+06 0.145 16
3.79654e+06 0.1475 16
3.35199e+06 0.15 16
2.69559e+06 0.1525 16
2.0211e+06 0.155 16
1.50426e+06 0.1575 16
1.25538e+06 0.16 16
1.26297e+06 0.1625 16
1.65309e+06 0.165 16
2.26648e+06 0.1675 16
2.95398e+06 0.17 16
3.44009e+06 0.1725 16
3.71577e+06 0.175 16
3.53396e+06 0.1775 16
3.24207e+06 0.18 16
2.5483e+06 0.1825 16
1.79911e+06 0.185 16
1.11446e+06 0.1875 16
626475 0.19 16
401432 0.1925 16
385920 0.195 16
532128 0.1975 16
688093 0.2 16
790015 0.2025 16
913671 0.205 16
952770 0.2075 16
1.05998e+06 0.21 16
1.12011e+06 0.2125 16
1.20314e+06 0.215 16
1.22179e+06 0.2175 16
1.16749e+06 0.22 16
1.05666e+06 0.2225 16
941642 0.225 16
893813 0.2275 16
895342 0.23 16
951688 0.2325 16
1.05132e+06 0.235 16
1.19811e+06 0.2375 16
0 0.0025 17
0 0.005 17
0 0.0075 17
0 0.01 17
0 0.0125 17
0 0.015 17
0 0.0175 17
0 0.02 17
0 0.0225 17
0 0.025 17
0 0.0275 17
0 0.03 17
0 0.0325 17
0 0.035 17
0 0.0375 17
0 0.04 17
513.871 0.0425 17
60589.7 0.045 17
135410 0.0475 17
236634 0.05 17
184086 0.0525 17
177162 0.055 17
431179 0.0575 17
559496 0.06 17
581075 0.0625 17
745103 0.065 17
782115 0.0675 17
658289 0.07 17
758290 0.0725 17
974588 0.075 17
1.16818e+06 0.0775 17
1.54508e+06 0.08 17
1.70765e+06 0.0825 17
1.9204e+06 0.085 17
2.39615e+06 0.0875 17
2.28462e+06 0.09 17
1.93681e+06 0.0925 17
1.52451e+06 0.095 17
1.01493e+06 0.0975 17
691000 0.1 17
496983 0.1025 17
554087 0.105 17
656705 0.1075 17
761863 0.11 17
650751 0.1125 17
748271 0.115 17
1.05423e+06 0.1175 17
1.43231e+06 0.12 17
1.90609e+06 0.1225 17
2.42634e+06 0.125 17
2.51478e+06 0.1275 17
2.30895e+06 0.13 17
1.90083e+06 0.1325 17
1.3861e+06 0.135 17
897898 0.1375 17
766519 0.14 17
981819 0.1425 17
1.27442e+06 0.145 17
1.56028e+06 0.1475 17
1.54755e+06 0.15 17
1.23683e+06 0.1525 17
761614 0.155 17
439217 0.1575 17
466601 0.16 17
894500 0.1625 17
1.60501e+06 0.165 17
2.34677e+06 0.1675 17
2.92755e+06 0.17 17
2.98243e+06 0.1725 17
2.40836e+06 0.175 17
1.75865e+06 0.1775 17
1.06183e+06 0.18 17
490998 0.1825 17
163930 0.185 17
208263 0.1875 17
506360 0.19 17
905329 0.1925 17
1.31807e+06 0.195 17
1.58793e+06 0.1975 17
1.68696e+06 0.2 17
1.67597e+06 0.2025 17
1.5058e+06 0.205 17
1.20392e+06 0.2075 17
902019 0.21 17
665590 0.2125 17
601901 0.215 17
670472 0.2175 17
785761 0.22 17
900000 0.2225 17
893417 0.225 17
0 0.0025 18
0 0.005 18
0 0.0075 18
0 0.01 18
0 0.0125 18
0 0.015 18
0 0.0175 18
0 0.02 18
0 0.0225 18
0 0.025 18
0 0.0275 18
0 0.03 18
0 0.0325 18
0 0.035 18
0 0.0375 18
0 0.04 18
0 0.0425 18
0 0.045 18
0 0.0475 18
0 0.05 18
0 0.0525 18
0 0.055 18
0 0.0575 18
0 0.06 18
0 0.0625 18
5581.02 0.065 18
89485 0.0675 18
117822 0.07 18
98334.3 0.0725 18
259881 0.075 18
260196 0.0775 18
441932 0.08 18
555524 0.0825 18
762625 0.085 18
1.25465e+06 0.0875 18
1.75148e+06 0.09 18
2.20777e+06 0.0925 18
2.97967e+06 0.095 18
3.66895e+06 0.0975 18
4.08906e+06 0.1 18
4.50238e+06 0.1025 18
5.27577e+06 0.105 18
5.25844e+06 0.1075 18
5.2509e+06 0.11 18
5.0403e+06 0.1125 18
4.69921e+06 0.115 18
4.17916e+06 0.1175 18
3.9966e+06 0.12 18
3.71349e+06 0.1225 18
3.42082e+06 0.125 18
3.21644e+06 0.1275 18
3.04333e+06 0.13 18
2.8108e+06 0.1325 18
2.36059e+06 0.135 18
1.95511e+06 0.1375 18
1.50697e+06 0.14 18
1.27906e+06 0.1425 18
1.15595e+06 0.145 18
1.20993e+06 0.1475 18
1.24034e+06 0.15 18
1.32691e+06 0.1525 18
1.20373e+06 0.155 18
957828 0.1575 18
603668 0.16 18
279705 0.1625 18
62150.9 0.165 18
32299.8 0.1675 18
186798 0.17 18
426695 0.1725 18
630753 0.175 18
784636 0.1775 18
798488 0.18 18
740413 0.1825 18
669778 0.185 18
621386 0.1875 18
587926 0.19 18
691093 0.1925 18
745106 0.195 18
739118 0.1975 18
716704 0.2 18
639502 0.2025 18
600533 0.205 18
571080 0.2075 18
558831 0.21 18
532759 0.2125 18
0 0.0025 19
0 0.005 19
0 0.0075 19
0 0.01 19
0 0.0125 19
0 0.015 19
0 0.0175 19
0 0.02 19
0 0.0225 19
0 0.025 19
0 0.0275 19
0 0.03 19
0 0.0325 19
0 0.035 19
0 0.0375 19
0 0.04 19
0 0.0425 19
0 0.045 19
0 0.0475 19
4080.17 0.05 19
36034.6 0.0525 19
49647.6 0.055 19
84248.1 0.0575 19
256889 0.06 19
337920 0.0625 19
644644 0.065 19
902676 0.0675 19
1.46317e+06 0.07 19
2.00244e+06 0.0725 19
2.67741e+06 0.075 19
3.02084e+06 0.0775 19
3.62434e+06 0.08 19
3.85589e+06 0.0825 19
3.68174e+06 0.085 19
3.66345e+06 0.0875 19
3.23923e+06 0.09 19
2.82585e+06 0.0925 19
2.35468e+06 0.095 19
1.90212e+06 0.0975 19
1.73961e+06 0.1 19
1.62049e+06 0.1025 19
1.65009e+06 0.105 19
1.93264e+06 0.1075 19
2.02423e+06 0.11 19
2.1045e+06 0.1125 19
2.10231e+06 0.115 19
1.7737e+06 0.1175 19
1.53799e+06 0.12 19
1.18521e+06 0.1225 19
864673 0.125 19
567507 0.1275 19
414403 0.13 19
270170 0.1325 19
251870 0.135 19
391082 0.1375 19
651392 0.14 19
1.03105e+06 0.1425 19
1.33237e+06 0.145 19
1.7081e+06 0.1475 19
2.00873e+06 0.15 19
2.14022e+06 0.1525 19
1.86981e+06 0.155 19
1.53677e+06 0.1575 19
1.13474e+06 0.16 19
779554 0.1625 19
508210 0.165 19
445824 0.1675 19
589030 0.17 19
856193 0.1725 19
1.17361e+06 0.175 19
1.34837e+06 0.1775 19
1.399e+06 0.18 19
1.27981e+06 0.1825 19
1.01633e+06 0.185 19
724122 0.1875 19
506690 0.19 19
355303 0.1925 19
300664 0.195 19
284971 0.1975 19
0 0.0025 20
0 0.005 20
0 0.0075 20
0 0.01 20
0 0.0125 20
0 0.015 20
0 0.0175 20
0 0.02 20
0 0.0225 20
0 0.025 20
1029.77 0.0275 20
14569.7 0.03 20
52845.3 0.0325 20
44029.3 0.035 20
40497 0.0375 20
41669.9 0.04 20
15481 0.0425 20
55802 0.045 20
52507.7 0.0475 20
53266.9 0.05 20
73187.8 0.0525 20
106185 0.055 20
91683.3 0.0575 20
82448.3 0.06 20
73721.8 0.0625 20
47841.7 0.065 20
20660.1 0.0675 20
1245.96 0.07 20
44690.1 0.0725 20
208381 0.075 20
531398 0.0775 20
1.06095e+06 0.08 20
1.79914e+06 0.0825 20
2.60719e+06 0.085 20
3.38912e+06 0.0875 20
3.99837e+06 0.09 20
4.39046e+06 0.0925 20
4.64466e+06 0.095 20
4.7185e+06 0.0975 20
4.65724e+06 0.1 20
4.499e+06 0.1025 20
4.25328e+06 0.105 20
3.90333e+06 0.1075 20
3.42369e+06 0.11 20
2.79e+06 0.1125 20
2.06939e+06 0.115 20
1.35823e+06 0.1175 20
817144 0.12 20
539043 0.1225 20
634437 0.125 20
1.043e+06 0.1275 20
1.6756e+06 0.13 20
2.34467e+06 0.1325 20
2.87362e+06 0.135 20
3.148e+06 0.1375 20
3.04124e+06 0.14 20
2.66943e+06 0.1425 20
2.11382e+06 0.145 20
1.49649e+06 0.1475 20
907894 0.15 20
459099 0.1525 20
165203 0.155 20
30621.4 0.1575 20
12215.4 0.16 20
94511.7 0.1625 20
226751 0.165 20
375011 0.1675 20
508644 0.17 20
578517 0.1725 20
638009 0.175 20
657811 0.1775 20
0 0.0025 21
0 0.005 21
501.732 0.0075 21
672.947 0.01 21
10466.9 0.0125 21
41693.1 0.015 21
125226 0.0175 21
250019 0.02 21
439597 0.0225 21
694055 0.025 21
995511 0.0275 21
1.30858e+06 0.03 21
1.58801e+06 0.0325 21
1.79222e+06 0.035 21
1.89753e+06 0.0375 21
1.90652e+06 0.04 21
1.84667e+06 0.0425 21
1.76018e+06 0.045 21
1.69078e+06 0.0475 21
1.67405e+06 0.05 21
1.73437e+06 0.0525 21
1.88538e+06 0.055 21
2.12801e+06 0.0575 21
2.44234e+06 0.06 21
2.77713e+06 0.0625 21
3.04719e+06 0.065 21
3.14928e+06 0.0675 21
2.99739e+06 0.07 21
2.5651e+06 0.0725 21
1.91257e+06 0.075 21
1.17916e+06 0.0775 21
538218 0.08 21
131641 0.0825 21
15132.4 0.085 21
141441 0.0875 21
389632 0.09 21
624060 0.0925 21
751852 0.095 21
750937 0.0975 21
659333 0.1 21
538519 0.1025 21
435685 0.105 21
365479 0.1075 21
316102 0.11 21
268943 0.1125 21
215327 0.115 21
160520 0.1175 21
116941 0.12 21
96155.8 0.1225 21
107394 0.125 21
162222 0.1275 21
276560 0.13 21
463003 0.1325 21
713051 0.135 21
997328 0.1375 21
1.25223e+06 0.14 21
1.41289e+06 0.1425 21
1.4182e+06 0.145 21
1.28537e+06 0.1475 21
1.04477e+06 0.15 21
780102 0.1525 21
557647 0.155 21
401022 0.1575 21
389489 0.16 21
29648.9 0.0025 22
111711 0.005 22
228531 0.0075 22
358793 0.01 22
484477 0.0125 22
594173 0.015 22
682299 0.0175 22
746503 0.02 22
785921 0.0225 22
801112 0.025 22
794490 0.0275 22
769812 0.03 22
730960 0.0325 22
681675 0.035 22
627407 0.0375 22
577850 0.04 22
546665 0.0425 22
545934 0.045 22
577205 0.0475 22
625504 0.05 22
663054 0.0525 22
663841 0.055 22
621747 0.0575 22
559896 0.06 22
522115 0.0625 22
548281 0.065 22
647054 0.0675 22
783526 0.07 22
891852 0.0725 22
907737 0.075 22
802716 0.0775 22
600151 0.08 22
363651 0.0825 22
165122 0.085 22
51165.5 0.0875 22
25983.9 0.09 22
57504.5 0.0925 22
99599.7 0.095 22
116049 0.0975 22
94716.2 0.1 22
49183.8 0.1025 22
12263.6 0.105 22
26559.7 0.1075 22
133249 0.11 22
357288 0.1125 22
689900 0.115 22
1.07597e+06 0.1175 22
1.41826e+06 0.12 22
1.6055e+06 0.1225 22
1.55821e+06 0.125 22
1.27144e+06 0.1275 22
829716 0.13 22
380661 0.1325 22
75840.3 0.135 22
7095.83 0.1375 22
0 0.0025 23
0 0.005 23
0 0.0075 23
0 0.01 23
0 0.0125 23
0 0.015 23
7123.5 0.0175 23
9300.72 0.02 23
36089.3 0.0225 23
59731.3 0.025 23
85365.9 0.0275 23
122760 0.03 23
139132 0.0325 23
196610 0.035 23
216248 0.0375 23
169727 0.04 23
114194 0.0425 23
39705.1 0.045 23
6652.36 0.0475 23
8230.65 0.05 23
76985.1 0.0525 23
194171 0.055 23
357245 0.0575 23
559448 0.06 23
784900 0.0625 23
1.00781e+06 0.065 23
1.19342e+06 0.0675 23
1.30541e+06 0.07 23
1.31829e+06 0.0725 23
1.2289e+06 0.075 23
1.06049e+06 0.0775 23
855981 0.08 23
663675 0.0825 23
522440 0.085 23
453539 0.0875 23
461057 0.09 23
537278 0.0925 23
667003 0.095 23
827646 0.0975 23
987411 0.1 23
1.10737e+06 0.1025 23
