2.4257e+07 0.085 0
1.46374e+07 0.0875 0
5.39172e+06 0.09 0
469783 0.0925 0
658236 0.095 0
3.76767e+06 0.0975 0
6.53688e+06 0.1 0
6.80847e+06 0.1025 0
4.61052e+06 0.105 0
1.68796e+06 0.1075 0
60031.4 0.11 0
672487 0.1125 0
2.95653e+06 0.115 0
5.39689e+06 0.1175 0
6.57449e+06 0.12 0
5.96521e+06 0.1225 0
4.0681e+06 0.125 0
1.92712e+06 0.1275 0
456326 0.13 0
32.866 0.1325 0
317456 0.135 0
886034 0.1375 0
1.2618e+06 0.14 0
1.27746e+06 0.1425 0
1.02211e+06 0.145 0
680966 0.1475 0
413642 0.15 0
257831 0.1525 0
207390 0.155 0
279481 0.1575 0
391552 0.16 0
541271 0.1625 0
771283 0.165 0
960204 0.1675 0
1.10429e+06 0.17 0
1.11376e+06 0.1725 0
952124 0.175 0
708105 0.1775 0
465772 0.18 0
301264 0.1825 0
206266 0.185 0
230807 0.1875 0
438940 0.19 0
761502 0.1925 0
927606 0.195 0
1.26823e+06 0.1975 0
1.43893e+06 0.2 0
1.3538e+06 0.2025 0
1.32539e+06 0.205 0
1.16205e+06 0.2075 0
998178 0.21 0
790240 0.2125 0
547301 0.215 0
359604 0.2175 0
230377 0.22 0
195312 0.2225 0
233065 0.225 0
369884 0.2275 0
543453 0.23 0
734876 0.2325 0
802740 0.235 0
748438 0.2375 0
701832 0.24 0
634431 0.2425 0
519558 0.245 0
417594 0.2475 0
335034 0.25 0
273636 0.2525 0
315483 0.255 0
292001 0.2575 0
241771 0.26 0
178532 0.2625 0
111650 0.265 0
63196 0.2675 0
38936.7 0.27 0
33947.1 0.2725 0
59834.9 0.275 0
117414 0.2775 0
165000 0.28 0
174784 0.2825 0
185580 0.285 0
145061 0.2875 0
127046 0.29 0
122885 0.2925 0
130020 0.295 0
139156 0.2975 0
129555 0.3 0
140865 0.3025 0
112694 0.305 0
94130 0.3075 0
76575.5 0.31 0
80178.4 0.3125 0
96102.5 0.315 0
9.90279e+06 0.0825 1
1.33723e+07 0.085 1
1.63642e+07 0.0875 1
1.80521e+07 0.09 1
1.83187e+07 0.0925 1
1.76756e+07 0.095 1
1.65922e+07 0.0975 1
1.57312e+07 0.1 1
1.54624e+07 0.1025 1
1.56973e+07 0.105 1
1.59855e+07 0.1075 1
1.5781e+07 0.11 1
1.48058e+07 0.1125 1
1.31997e+07 0.115 1
1.14456e+07 0.1175 1
1.00392e+07 0.12 1
9.15884e+06 0.1225 1
9.174e+06 0.125 1
8.94006e+06 0.1275 1
8.61072e+06 0.13 1
7.76209e+06 0.1325 1
6.43029e+06 0.135 1
4.61305e+06 0.1375 1
3.1405e+06 0.14 1
1.96656e+06 0.1425 1
1.19408e+06 0.145 1
547440 0.1475 1
292340 0.15 1
179703 0.1525 1
230569 0.155 1
523280 0.1575 1
979793 0.16 1
1.57274e+06 0.1625 1
2.05687e+06 0.165 1
2.35565e+06 0.1675 1
2.37033e+06 0.17 1
2.07324e+06 0.1725 1
1.58562e+06 0.175 1
1.19337e+06 0.1775 1
734295 0.18 1
562788 0.1825 1
478728 0.185 1
541601 0.1875 1
616295 0.19 1
737496 0.1925 1
822556 0.195 1
871341 0.1975 1
847839 0.2 1
812788 0.2025 1
688637 0.205 1
581408 0.2075 1
484182 0.21 1
527054 0.2125 1
544967 0.215 1
548043 0.2175 1
548120 0.22 1
512331 0.2225 1
567796 0.225 1
543863 0.2275 1
525563 0.23 1
447457 0.2325 1
413005 0.235 1
359109 0.2375 1
316392 0.24 1
274795 0.2425 1
214207 0.245 1
157241 0.2475 1
116367 0.25 1
84590.2 0.2525 1
93427 0.255 1
164794 0.2575 1
286609 0.26 1
420003 0.2625 1
554453 0.265 1
610694 0.2675 1
599128 0.27 1
582525 0.2725 1
538128 0.275 1
508622 0.2775 1
487114 0.28 1
453438 0.2825 1
410866 0.285 1
421438 0.2875 1
440502 0.29 1
485968 0.2925 1
572619 0.295 1
685362 0.2975 1
759220 0.3 1
794952 0.3025 1
780692 0.305 1
726684 0.3075 1
689366 0.31 1
626536 0.3125 1
584906 0.315 1
495970 0.08 2
743811 0.0825 2
1.01525e+06 0.085 2
1.30685e+06 0.0875 2
1.98046e+06 0.09 2
2.19377e+06 0.0925 2
2.19107e+06 0.095 2
2.19123e+06 0.0975 2
2.00423e+06 0.1 2
1.71087e+06 0.1025 2
1.44272e+06 0.105 2
996163 0.1075 2
528275 0.11 2
341250 0.1125 2
324846 0.115 2
414329 0.1175 2
758677 0.12 2
907218 0.1225 2
1.19258e+06 0.125 2
1.22553e+06 0.1275 2
1.27681e+06 0.13 2
1.43056e+06 0.1325 2
1.34523e+06 0.135 2
1.22571e+06 0.1375 2
1.2443e+06 0.14 2
1.31072e+06 0.1425 2
1.2231e+06 0.145 2
1.06353e+06 0.1475 2
805224 0.15 2
588424 0.1525 2
502546 0.155 2
433234 0.1575 2
442060 0.16 2
490931 0.1625 2
473203 0.165 2
408462 0.1675 2
305102 0.17 2
209612 0.1725 2
246533 0.175 2
408630 0.1775 2
635983 0.18 2
921199 0.1825 2
1.14981e+06 0.185 2
1.35152e+06 0.1875 2
1.34061e+06 0.19 2
1.17373e+06 0.1925 2
951563 0.195 2
709732 0.1975 2
559243 0.2 2
540649 0.2025 2
700294 0.205 2
895696 0.2075 2
1.0624e+06 0.21 2
1.10468e+06 0.2125 2
1.00787e+06 0.215 2
784896 0.2175 2
512238 0.22 2
285255 0.2225 2
190961 0.225 2
244784 0.2275 2
409862 0.23 2
597859 0.2325 2
701911 0.235 2
732732 0.2375 2
640320 0.24 2
496035 0.2425 2
380931 0.245 2
358480 0.2475 2
340887 0.25 2
386825 0.2525 2
477264 0.255 2
548949 0.2575 2
495696 0.26 2
438732 0.2625 2
392742 0.265 2
367068 0.2675 2
420298 0.27 2
421472 0.2725 2
410345 0.275 2
355733 0.2775 2
289549 0.28 2
272335 0.2825 2
288651 0.285 2
414142 0.2875 2
597217 0.29 2
826535 0.2925 2
987758 0.295 2
1.02869e+06 0.2975 2
932169 0.3 2
781842 0.3025 2
574690 0.305 2
440371 0.3075 2
442044 0.31 2
498806 0.3125 2
615703 0.315 2
2.56382e+07 0.0775 3
3.35914e+07 0.08 3
3.99801e+07 0.0825 3
4.22995e+07 0.085 3
3.97546e+07 0.0875 3
3.37818e+07 0.09 3
2.59137e+07 0.0925 3
1.85841e+07 0.095 3
1.38785e+07 0.0975 3
1.18778e+07 0.1 3
1.22487e+07 0.1025 3
1.34414e+07 0.105 3
1.38944e+07 0.1075 3
1.31365e+07 0.11 3
1.08897e+07 0.1125 3
7.82455e+06 0.115 3
4.85826e+06 0.1175 3
2.76939e+06 0.12 3
1.5906e+06 0.1225 3
1.3981e+06 0.125 3
1.36129e+06 0.1275 3
1.58318e+06 0.13 3
1.82319e+06 0.1325 3
1.78052e+06 0.135 3
1.8652e+06 0.1375 3
1.67393e+06 0.14 3
1.61462e+06 0.1425 3
1.48632e+06 0.145 3
1.19791e+06 0.1475 3
1.00794e+06 0.15 3
703785 0.1525 3
599669 0.155 3
590132 0.1575 3
678979 0.16 3
785223 0.1625 3
910007 0.165 3
1.07217e+06 0.1675 3
1.1645e+06 0.17 3
1.15492e+06 0.1725 3
1.09759e+06 0.175 3
1.07202e+06 0.1775 3
878074 0.18 3
710085 0.1825 3
509919 0.185 3
325128 0.1875 3
199740 0.19 3
247141 0.1925 3
414863 0.195 3
721343 0.1975 3
1.10623e+06 0.2 3
1.43602e+06 0.2025 3
1.79406e+06 0.205 3
1.93808e+06 0.2075 3
2.04497e+06 0.21 3
1.69236e+06 0.2125 3
1.56889e+06 0.215 3
1.34401e+06 0.2175 3
1.10328e+06 0.22 3
862212 0.2225 3
653977 0.225 3
500394 0.2275 3
508814 0.23 3
393759 0.2325 3
397777 0.235 3
411494 0.2375 3
396458 0.24 3
347413 0.2425 3
314678 0.245 3
277000 0.2475 3
260408 0.25 3
263580 0.2525 3
295109 0.255 3
354251 0.2575 3
408817 0.26 3
447663 0.2625 3
451010 0.265 3
412662 0.2675 3
383852 0.27 3
354351 0.2725 3
280817 0.275 3
270944 0.2775 3
231919 0.28 3
271457 0.2825 3
319519 0.285 3
413510 0.2875 3
549895 0.29 3
654889 0.2925 3
717199 0.295 3
678097 0.2975 3
610096 0.3 3
500906 0.3025 3
395508 0.305 3
321757 0.3075 3
290445 0.31 3
301951 0.3125 3
332643 0.315 3
1.44877e+06 0.07 4
514492 0.0725 4
84535.4 0.075 4
8736.86 0.0775 4
44660.3 0.08 4
39616.4 0.0825 4
6021.99 0.085 4
56602.8 0.0875 4
267374 0.09 4
582371 0.0925 4
835724 0.095 4
874949 0.0975 4
691818 0.1 4
459092 0.1025 4
437420 0.105 4
808868 0.1075 4
1.54687e+06 0.11 4
2.4103e+06 0.1125 4
3.06832e+06 0.115 4
3.2788e+06 0.1175 4
3.01173e+06 0.12 4
2.44808e+06 0.1225 4
1.86438e+06 0.125 4
1.48049e+06 0.1275 4
1.361e+06 0.13 4
1.41785e+06 0.1325 4
1.49577e+06 0.135 4
1.47669e+06 0.1375 4
1.34558e+06 0.14 4
1.16204e+06 0.1425 4
999312 0.145 4
930814 0.1475 4
975979 0.15 4
1.04765e+06 0.1525 4
1.06971e+06 0.155 4
1.06505e+06 0.1575 4
842375 0.16 4
1.01029e+06 0.1625 4
1.04328e+06 0.165 4
1.29257e+06 0.1675 4
1.83437e+06 0.17 4
2.38021e+06 0.1725 4
2.70321e+06 0.175 4
2.6633e+06 0.1775 4
2.52835e+06 0.18 4
2.33229e+06 0.1825 4
2.00048e+06 0.185 4
1.74004e+06 0.1875 4
1.4899e+06 0.19 4
1.07036e+06 0.1925 4
687143 0.195 4
413132 0.1975 4
225999 0.2 4
213488 0.2025 4
353781 0.205 4
580099 0.2075 4
778792 0.21 4
1.00996e+06 0.2125 4
1.014e+06 0.215 4
951233 0.2175 4
942833 0.22 4
1.00648e+06 0.2225 4
1.11675e+06 0.225 4
1.22724e+06 0.2275 4
1.2611e+06 0.23 4
1.12331e+06 0.2325 4
797627 0.235 4
401227 0.2375 4
132385 0.24 4
48996 0.2425 4
194687 0.245 4
550560 0.2475 4
944489 0.25 4
1.27936e+06 0.2525 4
1.47162e+06 0.255 4
1.50861e+06 0.2575 4
1.52147e+06 0.26 4
1.43044e+06 0.2625 4
1.48668e+06 0.265 4
1.57765e+06 0.2675 4
1.59685e+06 0.27 4
1.54452e+06 0.2725 4
1.35333e+06 0.275 4
1.16308e+06 0.2775 4
920143 0.28 4
667822 0.2825 4
529363 0.285 4
476083 0.2875 4
561834 0.29 4
692249 0.2925 4
855898 0.295 4
992933 0.2975 4
1.0617e+06 0.3 4
988579 0.3025 4
827446 0.305 4
627847 0.3075 4
379465 0.31 4
220448 0.3125 4
801409 0.06 5
595897 0.0625 5
651387 0.065 5
1.01636e+06 0.0675 5
1.72976e+06 0.07 5
2.71647e+06 0.0725 5
3.97466e+06 0.075 5
5.34604e+06 0.0775 5
6.6085e+06 0.08 5
7.50563e+06 0.0825 5
7.81751e+06 0.085 5
7.43726e+06 0.0875 5
6.42029e+06 0.09 5
4.98012e+06 0.0925 5
3.42644e+06 0.095 5
2.06711e+06 0.0975 5
1.11332e+06 0.1 5
625987 0.1025 5
522212 0.105 5
633285 0.1075 5
783792 0.11 5
865131 0.1125 5
824168 0.115 5
736856 0.1175 5
607281 0.12 5
491638 0.1225 5
475948 0.125 5
481099 0.1275 5
538002 0.13 5
584872 0.1325 5
744704 0.135 5
881775 0.1375 5
887020 0.14 5
778083 0.1425 5
824072 0.145 5
713645 0.1475 5
598469 0.15 5
465144 0.1525 5
327550 0.155 5
232449 0.1575 5
170052 0.16 5
180980 0.1625 5
307751 0.165 5
514040 0.1675 5
827849 0.17 5
1.12357e+06 0.1725 5
1.46522e+06 0.175 5
1.62108e+06 0.1775 5
1.62239e+06 0.18 5
1.54619e+06 0.1825 5
1.20926e+06 0.185 5
794970 0.1875 5
394015 0.19 5
207291 0.1925 5
288303 0.195 5
701722 0.1975 5
1.28458e+06 0.2 5
1.70754e+06 0.2025 5
2.01069e+06 0.205 5
2.00884e+06 0.2075 5
1.89744e+06 0.21 5
1.48998e+06 0.2125 5
905716 0.215 5
461077 0.2175 5
185699 0.22 5
206455 0.2225 5
430016 0.225 5
668149 0.2275 5
863779 0.23 5
1.02258e+06 0.2325 5
1.01793e+06 0.235 5
942925 0.2375 5
796371 0.24 5
614661 0.2425 5
474695 0.245 5
384177 0.2475 5
352821 0.25 5
325539 0.2525 5
356737 0.255 5
420078 0.2575 5
562405 0.26 5
674769 0.2625 5
776644 0.265 5
764575 0.2675 5
687676 0.27 5
530630 0.2725 5
353217 0.275 5
179577 0.2775 5
99404.8 0.28 5
123186 0.2825 5
237571 0.285 5
383458 0.2875 5
499469 0.29 5
569921 0.2925 5
578085 0.295 5
543750 0.2975 5
473639 0.3 5
390497 0.3025 5
273074 0.305 5
170404 0.3075 5
61073.4 0.31 5
0 0.045 6
0 0.0475 6
0 0.05 6
0 0.0525 6
0 0.055 6
0 0.0575 6
4260.66 0.06 6
5462.14 0.0625 6
3338.45 0.065 6
7418.75 0.0675 6
58807.7 0.07 6
134314 0.0725 6
191109 0.075 6
410518 0.0775 6
572799 0.08 6
607401 0.0825 6
783518 0.085 6
965116 0.0875 6
1.27148e+06 0.09 6
1.64428e+06 0.0925 6
1.96152e+06 0.095 6
2.09662e+06 0.0975 6
2.2735e+06 0.1 6
2.1336e+06 0.1025 6
1.90921e+06 0.105 6
1.76764e+06 0.1075 6
1.4627e+06 0.11 6
1.01657e+06 0.1125 6
761395 0.115 6
640491 0.1175 6
530503 0.12 6
518299 0.1225 6
904556 0.125 6
1.23025e+06 0.1275 6
1.78219e+06 0.13 6
2.60493e+06 0.1325 6
3.23154e+06 0.135 6
3.99201e+06 0.1375 6
4.44691e+06 0.14 6
5.30635e+06 0.1425 6
5.23231e+06 0.145 6
4.72236e+06 0.1475 6
4.19795e+06 0.15 6
3.33865e+06 0.1525 6
2.73048e+06 0.155 6
2.42936e+06 0.1575 6
2.46625e+06 0.16 6
2.7121e+06 0.1625 6
3.25006e+06 0.165 6
3.75547e+06 0.1675 6
4.07229e+06 0.17 6
3.97445e+06 0.1725 6
3.72505e+06 0.175 6
3.23173e+06 0.1775 6
2.52069e+06 0.18 6
1.76845e+06 0.1825 6
1.11193e+06 0.185 6
626095 0.1875 6
324323 0.19 6
204411 0.1925 6
233753 0.195 6
382615 0.1975 6
542038 0.2 6
683104 0.2025 6
710439 0.205 6
618647 0.2075 6
430273 0.21 6
258885 0.2125 6
216420 0.215 6
367864 0.2175 6
697262 0.22 6
1.11654e+06 0.2225 6
1.48212e+06 0.225 6
1.66787e+06 0.2275 6
1.63384e+06 0.23 6
1.45814e+06 0.2325 6
1.24221e+06 0.235 6
1.06388e+06 0.2375 6
1.01799e+06 0.24 6
1.12252e+06 0.2425 6
1.20281e+06 0.245 6
1.22286e+06 0.2475 6
1.09874e+06 0.25 6
890054 0.2525 6
700082 0.255 6
657607 0.2575 6
686812 0.26 6
836419 0.2625 6
995314 0.265 6
1.1608e+06 0.2675 6
1.16765e+06 0.27 6
1.06807e+06 0.2725 6
890612 0.275 6
680282 0.2775 6
546655 0.28 6
499754 0.2825 6
483117 0.285 6
524680 0.2875 6
581804 0.29 6
574425 0.2925 6
554548 0.295 6
503219 0.2975 6
449528 0.3 6
375488 0.3025 6
298904 0.305 6
245566 0.3075 6
0 0.0125 7
0 0.015 7
0 0.0175 7
0 0.02 7
0 0.0225 7
0 0.025 7
0 0.0275 7
0 0.03 7
0 0.0325 7
0 0.035 7
10.4917 0.0375 7
2330.67 0.04 7
64744.9 0.0425 7
134049 0.045 7
433664 0.0475 7
658188 0.05 7
975086 0.0525 7
1.54427e+06 0.055 7
1.78774e+06 0.0575 7
2.07937e+06 0.06 7
2.08447e+06 0.0625 7
2.21969e+06 0.065 7
2.04335e+06 0.0675 7
1.65493e+06 0.07 7
1.45964e+06 0.0725 7
1.29171e+06 0.075 7
1.66385e+06 0.0775 7
2.44749e+06 0.08 7
3.555e+06 0.0825 7
5.04093e+06 0.085 7
6.38292e+06 0.0875 7
7.53301e+06 0.09 7
7.65924e+06 0.0925 7
7.33399e+06 0.095 7
6.45562e+06 0.0975 7
4.89278e+06 0.1 7
3.44732e+06 0.1025 7
2.27148e+06 0.105 7
1.46666e+06 0.1075 7
1.08789e+06 0.11 7
847695 0.1125 7
635267 0.115 7
426124 0.1175 7
308578 0.12 7
215242 0.1225 7
280602 0.125 7
409548 0.1275 7
557501 0.13 7
624583 0.1325 7
756068 0.135 7
779048 0.1375 7
745892 0.14 7
768741 0.1425 7
814746 0.145 7
1.03691e+06 0.1475 7
1.12405e+06 0.15 7
1.18817e+06 0.1525 7
1.0416e+06 0.155 7
823016 0.1575 7
532316 0.16 7
355655 0.1625 7
294356 0.165 7
370752 0.1675 7
489217 0.17 7
602077 0.1725 7
694311 0.175 7
652041 0.1775 7
625573 0.18 7
499742 0.1825 7
489661 0.185 7
559781 0.1875 7
565641 0.19 7
520660 0.1925 7
457007 0.195 7
425118 0.1975 7
385054 0.2 7
412315 0.2025 7
483872 0.205 7
623001 0.2075 7
616950 0.21 7
614331 0.2125 7
531466 0.215 7
491741 0.2175 7
475234 0.22 7
486363 0.2225 7
596007 0.225 7
740910 0.2275 7
885999 0.23 7
907219 0.2325 7
919869 0.235 7
774234 0.2375 7
609605 0.24 7
431084 0.2425 7
344557 0.245 7
238996 0.2475 7
168571 0.25 7
153120 0.2525 7
191742 0.255 7
264107 0.2575 7
361335 0.26 7
496396 0.2625 7
669117 0.265 7
887619 0.2675 7
1.07032e+06 0.27 7
1.1432e+06 0.2725 7
1.11076e+06 0.275 7
1.01231e+06 0.2775 7
858086 0.28 7
721489 0.2825 7
653167 0.285 7
728371 0.2875 7
910033 0.29 7
1.09805e+06 0.2925 7
1.19015e+06 0.295 7
1.14389e+06 0.2975 7
957012 0.3 7
696393 0.3025 7
459143 0.305 7
2.00079e+06 0.01 8
3.79428e+06 0.0125 8
5.72679e+06 0.015 8
7.19063e+06 0.0175 8
7.67549e+06 0.02 8
7.02283e+06 0.0225 8
5.5054e+06 0.025 8
3.68751e+06 0.0275 8
2.14824e+06 0.03 8
1.22609e+06 0.0325 8
923945 0.035 8
1.01158e+06 0.0375 8
1.24275e+06 0.04 8
1.53847e+06 0.0425 8
2.0174e+06 0.045 8
2.85804e+06 0.0475 8
4.08998e+06 0.05 8
5.46233e+06 0.0525 8
6.49346e+06 0.055 8
6.69385e+06 0.0575 8
5.8425e+06 0.06 8
4.15451e+06 0.0625 8
2.23149e+06 0.065 8
806202 0.0675 8
408246 0.07 8
1.1226e+06 0.0725 8
2.56262e+06 0.075 8
4.06411e+06 0.0775 8
4.99392e+06 0.08 8
5.01602e+06 0.0825 8
4.19325e+06 0.085 8
2.8976e+06 0.0875 8
1.59919e+06 0.09 8
652825 0.0925 8
182105 0.095 8
94192.4 0.0975 8
187543 0.1 8
277513 0.1025 8
274297 0.105 8
188926 0.1075 8
86631.6 0.11 8
28646.5 0.1125 8
37063.2 0.115 8
93899.5 0.1175 8
163010 0.12 8
214502 0.1225 8
236914 0.125 8
234764 0.1275 8
218486 0.13 8
195692 0.1325 8
177954 0.135 8
152459 0.1375 8
124501 0.14 8
120125 0.1425 8
128561 0.145 8
102922 0.1475 8
105475 0.15 8
197167 0.1525 8
206936 0.155 8
233846 0.1575 8
249498 0.16 8
222694 0.1625 8
188816 0.165 8
141823 0.1675 8
159005 0.17 8
274963 0.1725 8
484089 0.175 8
704599 0.1775 8
845067 0.18 8
1.0196e+06 0.1825 8
1.10875e+06 0.185 8
1.15799e+06 0.1875 8
1.0055e+06 0.19 8
835209 0.1925 8
670365 0.195 8
475493 0.1975 8
286557 0.2 8
207188 0.2025 8
278102 0.205 8
522320 0.2075 8
823857 0.21 8
1.14778e+06 0.2125 8
1.47166e+06 0.215 8
1.55506e+06 0.2175 8
1.47555e+06 0.22 8
1.32543e+06 0.2225 8
1.09957e+06 0.225 8
957290 0.2275 8
878527 0.23 8
784478 0.2325 8
744870 0.235 8
724693 0.2375 8
731265 0.24 8
700115 0.2425 8
711950 0.245 8
723557 0.2475 8
766279 0.25 8
794354 0.2525 8
727930 0.255 8
666321 0.2575 8
563888 0.26 8
473478 0.2625 8
373358 0.265 8
342762 0.2675 8
299904 0.27 8
384317 0.2725 8
430797 0.275 8
513175 0.2775 8
507779 0.28 8
504340 0.2825 8
500805 0.285 8
480825 0.2875 8
474394 0.29 8
502294 0.2925 8
468897 0.295 8
444466 0.2975 8
0 0.01 9
0 0.0125 9
0 0.015 9
33177.9 0.0175 9
117123 0.02 9
302109 0.0225 9
572150 0.025 9
1.07006e+06 0.0275 9
2.02015e+06 0.03 9
2.384e+06 0.0325 9
2.77085e+06 0.035 9
2.95541e+06 0.0375 9
2.66497e+06 0.04 9
1.81694e+06 0.0425 9
949420 0.045 9
241527 0.0475 9
81993 0.05 9
480207 0.0525 9
1.36748e+06 0.055 9
2.4865e+06 0.0575 9
3.41895e+06 0.06 9
3.84666e+06 0.0625 9
3.65957e+06 0.065 9
2.98329e+06 0.0675 9
2.09658e+06 0.07 9
1.2896e+06 0.0725 9
741302 0.075 9
476669 0.0775 9
411916 0.08 9
443620 0.0825 9
517439 0.085 9
635161 0.0875 9
807389 0.09 9
998894 0.0925 9
1.11735e+06 0.095 9
1.06191e+06 0.0975 9
800626 0.1 9
419296 0.1025 9
98942.9 0.105 9
25565.3 0.1075 9
283279 0.11 9
797062 0.1125 9
1.36305e+06 0.115 9
1.75107e+06 0.1175 9
1.81667e+06 0.12 9
1.57156e+06 0.1225 9
1.13806e+06 0.125 9
731052 0.1275 9
412176 0.13 9
267047 0.1325 9
277629 0.135 9
413711 0.1375 9
546047 0.14 9
728583 0.1425 9
820003 0.145 9
1.15541e+06 0.1475 9
1.17859e+06 0.15 9
1.08307e+06 0.1525 9
1.17393e+06 0.155 9
1.20622e+06 0.1575 9
1.2989e+06 0.16 9
1.47854e+06 0.1625 9
1.64745e+06 0.165 9
1.57021e+06 0.1675 9
1.31912e+06 0.17 9
831157 0.1725 9
401211 0.175 9
105458 0.1775 9
65775.3 0.18 9
299316 0.1825 9
684328 0.185 9
1.00679e+06 0.1875 9
1.1189e+06 0.19 9
963064 0.1925 9
686076 0.195 9
424755 0.1975 9
328142 0.2 9
496258 0.2025 9
855182 0.205 9
1.0708e+06 0.2075 9
1.33314e+06 0.21 9
1.42834e+06 0.2125 9
1.38824e+06 0.215 9
1.3924e+06 0.2175 9
1.39797e+06 0.22 9
1.53028e+06 0.2225 9
1.71382e+06 0.225 9
1.96181e+06 0.2275 9
2.09506e+06 0.23 9
2.16232e+06 0.2325 9
2.19785e+06 0.235 9
2.27554e+06 0.2375 9
2.24805e+06 0.24 9
2.34751e+06 0.2425 9
2.57674e+06 0.245 9
2.89484e+06 0.2475 9
3.09904e+06 0.25 9
3.19216e+06 0.2525 9
3.07899e+06 0.255 9
2.8119e+06 0.2575 9
2.28262e+06 0.26 9
1.76217e+06 0.2625 9
1.26161e+06 0.265 9
1.07368e+06 0.2675 9
1.15186e+06 0.27 9
1.39449e+06 0.2725 9
1.63295e+06 0.275 9
1.72671e+06 0.2775 9
1.61342e+06 0.28 9
1.27183e+06 0.2825 9
941035 0.285 9
657127 0.2875 9
502778 0.29 9
480211 0.2925 9
0 0.01 10
0 0.0125 10
0 0.015 10
0 0.0175 10
0 0.02 10
0 0.0225 10
0 0.025 10
0 0.0275 10
0 0.03 10
0 0.0325 10
0 0.035 10
0 0.0375 10
0 0.04 10
0 0.0425 10
0 0.045 10
0 0.0475 10
0 0.05 10
0 0.0525 10
1600.62 0.055 10
6512.87 0.0575 10
13112.6 0.06 10
9789.5 0.0625 10
21746.1 0.065 10
74098 0.0675 10
29545 0.07 10
40771.5 0.0725 10
92729 0.075 10
137863 0.0775 10
159059 0.08 10
134842 0.0825 10
186961 0.085 10
137353 0.0875 10
101366 0.09 10
122593 0.0925 10
309020 0.095 10
613200 0.0975 10
1.2167e+06 0.1 10
1.61318e+06 0.1025 10
1.96213e+06 0.105 10
2.5104e+06 0.1075 10
3.14696e+06 0.11 10
3.64159e+06 0.1125 10
3.97338e+06 0.115 10
4.04861e+06 0.1175 10
3.7047e+06 0.12 10
3.35416e+06 0.1225 10
2.76133e+06 0.125 10
1.86511e+06 0.1275 10
1.3192e+06 0.13 10
903454 0.1325 10
653893 0.135 10
530931 0.1375 10
486800 0.14 10
422690 0.1425 10
396626 0.145 10
360042 0.1475 10
332530 0.15 10
443223 0.1525 10
684377 0.155 10
967052 0.1575 10
1.22302e+06 0.16 10
1.44327e+06 0.1625 10
1.54684e+06 0.165 10
1.5673e+06 0.1675 10
1.66308e+06 0.17 10
1.69484e+06 0.1725 10
1.70648e+06 0.175 10
1.73192e+06 0.1775 10
1.62733e+06 0.18 10
1.48747e+06 0.1825 10
1.36271e+06 0.185 10
1.33161e+06 0.1875 10
1.46563e+06 0.19 10
1.8244e+06 0.1925 10
2.37036e+06 0.195 10
2.98917e+06 0.1975 10
3.49786e+06 0.2 10
3.71226e+06 0.2025 10
3.64208e+06 0.205 10
3.21216e+06 0.2075 10
2.59287e+06 0.21 10
1.99575e+06 0.2125 10
1.54983e+06 0.215 10
1.37367e+06 0.2175 10
1.30573e+06 0.22 10
1.26927e+06 0.2225 10
1.21341e+06 0.225 10
1.07053e+06 0.2275 10
863980 0.23 10
653914 0.2325 10
566722 0.235 10
569137 0.2375 10
662173 0.24 10
748231 0.2425 10
819232 0.245 10
820272 0.2475 10
753425 0.25 10
681150 0.2525 10
645510 0.255 10
646395 0.2575 10
759026 0.26 10
906826 0.2625 10
1.04392e+06 0.265 10
1.12666e+06 0.2675 10
1.09438e+06 0.27 10
946987 0.2725 10
750073 0.275 10
533528 0.2775 10
338423 0.28 10
236469 0.2825 10
245304 0.285 10
367782 0.2875 10
0 0.01 11
0 0.0125 11
0 0.015 11
0 0.0175 11
0 0.02 11
0 0.0225 11
0 0.025 11
0 0.0275 11
0 0.03 11
0 0.0325 11
0 0.035 11
0 0.0375 11
0 0.04 11
379.13 0.0425 11
14647.4 0.045 11
13189.5 0.0475 11
8679.92 0.05 11
25032.3 0.0525 11
74286.1 0.055 11
63109.5 0.0575 11
171191 0.06 11
197346 0.0625 11
301251 0.065 11
341757 0.0675 11
528818 0.07 11
628531 0.0725 11
608092 0.075 11
536696 0.0775 11
440512 0.08 11
377667 0.0825 11
210571 0.085 11
65797 0.0875 11
55705.4 0.09 11
226265 0.0925 11
515656 0.095 11
931748 0.0975 11
1.3535e+06 0.1 11
1.59149e+06 0.1025 11
1.67048e+06 0.105 11
1.70326e+06 0.1075 11
1.80203e+06 0.11 11
2.02309e+06 0.1125 11
2.50959e+06 0.115 11
3.10043e+06 0.1175 11
4.09257e+06 0.12 11
4.76262e+06 0.1225 11
5.05169e+06 0.125 11
4.9379e+06 0.1275 11
4.21609e+06 0.13 11
3.27756e+06 0.1325 11
2.22939e+06 0.135 11
1.42886e+06 0.1375 11
978740 0.14 11
856981 0.1425 11
1.01098e+06 0.145 11
1.22215e+06 0.1475 11
1.40141e+06 0.15 11
1.54579e+06 0.1525 11
1.63744e+06 0.155 11
1.54738e+06 0.1575 11
1.34681e+06 0.16 11
1.10891e+06 0.1625 11
900731 0.165 11
604817 0.1675 11
346660 0.17 11
223295 0.1725 11
247169 0.175 11
416996 0.1775 11
625450 0.18 11
817579 0.1825 11
987370 0.185 11
996111 0.1875 11
891555 0.19 11
830700 0.1925 11
798097 0.195 11
841460 0.1975 11
934977 0.2 11
1.00945e+06 0.2025 11
1.16797e+06 0.205 11
1.18029e+06 0.2075 11
1.12626e+06 0.21 11
1.07075e+06 0.2125 11
921905 0.215 11
847415 0.2175 11
757330 0.22 11
724826 0.2225 11
713059 0.225 11
680916 0.2275 11
678691 0.23 11
673163 0.2325 11
665337 0.235 11
667221 0.2375 11
667515 0.24 11
632769 0.2425 11
595689 0.245 11
616398 0.2475 11
581716 0.25 11
547509 0.2525 11
470906 0.255 11
345956 0.2575 11
245958 0.26 11
156543 0.2625 11
90205 0.265 11
53878.4 0.2675 11
47746.9 0.27 11
84746.5 0.2725 11
161992 0.275 11
258425 0.2775 11
383702 0.28 11
503518 0.2825 11
204737 0.01 12
677525 0.0125 12
1.60869e+06 0.015 12
3.07693e+06 0.0175 12
5.09144e+06 0.02 12
7.23217e+06 0.0225 12
9.05777e+06 0.025 12
1.01068e+07 0.0275 12
1.01079e+07 0.03 12
9.08837e+06 0.0325 12
7.3592e+06 0.035 12
5.38479e+06 0.0375 12
3.60435e+06 0.04 12
2.28913e+06 0.0425 12
1.49397e+06 0.045 12
1.10873e+06 0.0475 12
965501 0.05 12
938729 0.0525 12
991428 0.055 12
1.15786e+06 0.0575 12
1.48759e+06 0.06 12
1.99005e+06 0.0625 12
2.60916e+06 0.065 12
3.2352e+06 0.0675 12
3.7409e+06 0.07 12
4.02049e+06 0.0725 12
4.01561e+06 0.075 12
3.72332e+06 0.0775 12
3.19002e+06 0.08 12
2.49854e+06 0.0825 12
1.75252e+06 0.085 12
1.05924e+06 0.0875 12
510687 0.09 12
164950 0.0925 12
32875.8 0.095 12
76059.9 0.0975 12
219413 0.1 12
376102 0.1025 12
476772 0.105 12
491841 0.1075 12
437428 0.11 12
361892 0.1125 12
318768 0.115 12
338815 0.1175 12
415117 0.12 12
509094 0.1225 12
574248 0.125 12
584525 0.1275 12
548187 0.13 12
504328 0.1325 12
489464 0.135 12
524656 0.1375 12
594215 0.14 12
590127 0.1425 12
540370 0.145 12
356591 0.1475 12
191360 0.15 12
133398 0.1525 12
200337 0.155 12
414383 0.1575 12
725291 0.16 12
875795 0.1625 12
1.01782e+06 0.165 12
1.17566e+06 0.1675 12
1.2754e+06 0.17 12
1.5879e+06 0.1725 12
1.96777e+06 0.175 12
2.35469e+06 0.1775 12
2.55781e+06 0.18 12
2.51257e+06 0.1825 12
2.04687e+06 0.185 12
1.49806e+06 0.1875 12
943324 0.19 12
789330 0.1925 12
1.12421e+06 0.195 12
1.71747e+06 0.1975 12
2.44224e+06 0.2 12
2.91181e+06 0.2025 12
3.11926e+06 0.205 12
2.905e+06 0.2075 12
2.58949e+06 0.21 12
2.41149e+06 0.2125 12
2.46172e+06 0.215 12
2.6326e+06 0.2175 12
2.86706e+06 0.22 12
2.82836e+06 0.2225 12
2.48812e+06 0.225 12
1.84663e+06 0.2275 12
1.12472e+06 0.23 12
698449 0.2325 12
619678 0.235 12
801902 0.2375 12
1.06074e+06 0.24 12
1.15523e+06 0.2425 12
1.02767e+06 0.245 12
700795 0.2475 12
358727 0.25 12
191264 0.2525 12
268145 0.255 12
543659 0.2575 12
823593 0.26 12
1.02672e+06 0.2625 12
1.02901e+06 0.265 12
894937 0.2675 12
684067 0.27 12
487652 0.2725 12
383444 0.275 12
0 0.01 13
15789.5 0.0125 13
28109.4 0.015 13
76254.8 0.0175 13
99462.9 0.02 13
111459 0.0225 13
181348 0.025 13
199425 0.0275 13
193614 0.03 13
106948 0.0325 13
44850 0.035 13
65981.4 0.0375 13
217854 0.04 13
486637 0.0425 13
803082 0.045 13
1.05529e+06 0.0475 13
1.13848e+06 0.05 13
1.00974e+06 0.0525 13
717045 0.055 13
382981 0.0575 13
148137 0.06 13
102846 0.0625 13
243951 0.065 13
480146 0.0675 13
682206 0.07 13
749419 0.0725 13
655834 0.075 13
453779 0.0775 13
238301 0.08 13
98104.4 0.0825 13
82764.9 0.085 13
201129 0.0875 13
442885 0.09 13
800236 0.0925 13
1.2694e+06 0.095 13
1.82977e+06 0.0975 13
2.41859e+06 0.1 13
2.92652e+06 0.1025 13
3.22776e+06 0.105 13
3.23507e+06 0.1075 13
2.95e+06 0.11 13
2.47625e+06 0.1125 13
1.98285e+06 0.115 13
1.63208e+06 0.1175 13
1.509e+06 0.12 13
1.5909e+06 0.1225 13
1.77505e+06 0.125 13
1.932e+06 0.1275 13
1.98428e+06 0.13 13
1.96456e+06 0.1325 13
1.99057e+06 0.135 13
2.05931e+06 0.1375 13
2.26044e+06 0.14 13
2.62245e+06 0.1425 13
2.93316e+06 0.145 13
3.09268e+06 0.1475 13
3.06342e+06 0.15 13
2.63972e+06 0.1525 13
2.12673e+06 0.155 13
1.59797e+06 0.1575 13
1.1941e+06 0.16 13
967584 0.1625 13
948836 0.165 13
951682 0.1675 13
814612 0.17 13
701022 0.1725 13
540408 0.175 13
342157 0.1775 13
225115 0.18 13
168201 0.1825 13
226877 0.185 13
377420 0.1875 13
480691 0.19 13
557553 0.1925 13
581361 0.195 13
598958 0.1975 13
670830 0.2 13
693411 0.2025 13
912936 0.205 13
1.06907e+06 0.2075 13
1.12404e+06 0.21 13
1.08057e+06 0.2125 13
1.01349e+06 0.215 13
882233 0.2175 13
713413 0.22 13
592219 0.2225 13
547583 0.225 13
533209 0.2275 13
624126 0.23 13
765142 0.2325 13
1.02706e+06 0.235 13
1.17852e+06 0.2375 13
1.31232e+06 0.24 13
1.30483e+06 0.2425 13
1.20933e+06 0.245 13
1.01426e+06 0.2475 13
753872 0.25 13
493113 0.2525 13
259919 0.255 13
121819 0.2575 13
45792.8 0.26 13
29215.9 0.2625 13
55910.1 0.265 13
96164.9 0.2675 13
0 0.02 14
0 0.0225 14
0 0.025 14
0 0.0275 14
0 0.03 14
0 0.0325 14
0 0.035 14
0 0.0375 14
0 0.04 14
0 0.0425 14
0 0.045 14
0 0.0475 14
8477.15 0.05 14
1631.38 0.0525 14
11364.4 0.055 14
24624.9 0.0575 14
68741.4 0.06 14
160699 0.0625 14
220227 0.065 14
259466 0.0675 14
445729 0.07 14
503217 0.0725 14
601508 0.075 14
700056 0.0775 14
836839 0.08 14
932184 0.0825 14
1.24523e+06 0.085 14
1.42614e+06 0.0875 14
1.56128e+06 0.09 14
1.857e+06 0.0925 14
2.16326e+06 0.095 14
2.24812e+06 0.0975 14
2.14335e+06 0.1 14
2.30575e+06 0.1025 14
2.27154e+06 0.105 14
2.13839e+06 0.1075 14
1.81783e+06 0.11 14
1.5454e+06 0.1125 14
1.27015e+06 0.115 14
904245 0.1175 14
717102 0.12 14
541157 0.1225 14
464691 0.125 14
594733 0.1275 14
984714 0.13 14
1.55601e+06 0.1325 14
2.08241e+06 0.135 14
2.54774e+06 0.1375 14
2.94214e+06 0.14 14
3.07995e+06 0.1425 14
2.99219e+06 0.145 14
2.95056e+06 0.1475 14
2.62621e+06 0.15 14
2.3258e+06 0.1525 14
1.98379e+06 0.155 14
1.78928e+06 0.1575 14
1.72877e+06 0.16 14
1.6948e+06 0.1625 14
1.66835e+06 0.165 14
1.33611e+06 0.1675 14
1.04077e+06 0.17 14
722587 0.1725 14
493029 0.175 14
333330 0.1775 14
300407 0.18 14
348673 0.1825 14
420040 0.185 14
475428 0.1875 14
439975 0.19 14
371187 0.1925 14
288676 0.195 14
242764 0.1975 14
242723 0.2 14
273323 0.2025 14
314255 0.205 14
313371 0.2075 14
291402 0.21 14
255369 0.2125 14
214668 0.215 14
210752 0.2175 14
244046 0.22 14
314151 0.2225 14
389653 0.225 14
407061 0.2275 14
388251 0.23 14
342224 0.2325 14
262120 0.235 14
177108 0.2375 14
138341 0.24 14
150687 0.2425 14
176785 0.245 14
218268 0.2475 14
271293 0.25 14
334260 0.2525 14
372809 0.255 14
405858 0.2575 14
0 0.0125 15
0 0.015 15
0 0.0175 15
0 0.02 15
0 0.0225 15
0 0.025 15
0 0.0275 15
0 0.03 15
0 0.0325 15
0 0.035 15
0 0.0375 15
0 0.04 15
0 0.0425 15
0 0.045 15
0 0.0475 15
9949.3 0.05 15
68450.9 0.0525 15
155512 0.055 15
239176 0.0575 15
224245 0.06 15
261879 0.0625 15
368792 0.065 15
530401 0.0675 15
614924 0.07 15
659322 0.0725 15
471758 0.075 15
335245 0.0775 15
174267 0.08 15
46170.4 0.0825 15
5935.89 0.085 15
88908.6 0.0875 15
245711 0.09 15
495238 0.0925 15
741893 0.095 15
829423 0.0975 15
801133 0.1 15
615216 0.1025 15
552665 0.105 15
578401 0.1075 15
703649 0.11 15
713956 0.1125 15
678936 0.115 15
671739 0.1175 15
570884 0.12 15
485750 0.1225 15
584864 0.125 15
924092 0.1275 15
1.30602e+06 0.13 15
1.82443e+06 0.1325 15
2.28491e+06 0.135 15
2.44899e+06 0.1375 15
2.41294e+06 0.14 15
2.18064e+06 0.1425 15
1.90185e+06 0.145 15
1.98839e+06 0.1475 15
2.28076e+06 0.15 15
2.75386e+06 0.1525 15
3.3582e+06 0.155 15
3.76768e+06 0.1575 15
3.69726e+06 0.16 15
3.30373e+06 0.1625 15
2.49982e+06 0.165 15
1.59329e+06 0.1675 15
884700 0.17 15
598774 0.1725 15
710732 0.175 15
1.18476e+06 0.1775 15
1.79223e+06 0.18 15
2.13213e+06 0.1825 15
2.18216e+06 0.185 15
1.95388e+06 0.1875 15
1.4974e+06 0.19 15
1.09985e+06 0.1925 15
693476 0.195 15
436992 0.1975 15
327892 0.2 15
282471 0.2025 15
333592 0.205 15
344369 0.2075 15
368576 0.21 15
389068 0.2125 15
433351 0.215 15
492693 0.2175 15
545006 0.22 15
564696 0.2225 15
519557 0.225 15
440772 0.2275 15
343163 0.23 15
264386 0.2325 15
198592 0.235 15
161325 0.2375 15
185342 0.24 15
264845 0.2425 15
364742 0.245 15
471511 0.2475 15
0 0.0025 16
0 0.005 16
0 0.0075 16
0 0.01 16
7482.35 0.0125 16
39768.6 0.015 16
80343.9 0.0175 16
200679 0.02 16
332801 0.0225 16
564993 0.025 16
965574 0.0275 16
1.52215e+06 0.03 16
2.28001e+06 0.0325 16
3.24047e+06 0.035 16
4.33438e+06 0.0375 16
5.58789e+06 0.04 16
6.88445e+06 0.0425 16
8.06314e+06 0.045 16
8.92444e+06 0.0475 16
9.27935e+06 0.05 16
9.01239e+06 0.0525 16
8.13337e+06 0.055 16
6.79262e+06 0.0575 16
5.24677e+06 0.06 16
3.78351e+06 0.0625 16
2.63395e+06 0.065 16
1.90834e+06 0.0675 16
1.5811e+06 0.07 16
1.52852e+06 0.0725 16
1.59772e+06 0.075 16
1.67259e+06 0.0775 16
1.70686e+06 0.08 16
1.71419e+06 0.0825 16
1.72861e+06 0.085 16
1.76255e+06 0.0875 16
1.7879e+06 0.09 16
1.74904e+06 0.0925 16
1.59713e+06 0.095 16
1.32278e+06 0.0975 16
966813 0.1 16
603142 0.1025 16
304620 0.105 16
111862 0.1075 16
21832.4 0.11 16
91.231 0.1125 16
6803.06 0.115 16
20027.7 0.1175 16
43664.2 0.12 16
98242.3 0.1225 16
206119 0.125 16
365643 0.1275 16
575033 0.13 16
786190 0.1325 16
953040 0.135 16
1.0719e+06 0.1375 16
1.08347e+06 0.14 16
1.07019e+06 0.1425 16
1.02726e+06 0.145 16
960105 0.1475 16
814303 0.15 16
685030 0.1525 16
549442 0.155 16
713675 0.1575 16
844576 0.16 16
1.03176e+06 0.1625 16
1.26619e+06 0.165 16
1.32784e+06 0.1675 16
1.33389e+06 0.17 16
1.20752e+06 0.1725 16
983108 0.175 16
732712 0.1775 16
572713 0.18 16
428701 0.1825 16
314934 0.185 16
247230 0.1875 16
235082 0.19 16
282668 0.1925 16
427607 0.195 16
573486 0.1975 16
723032 0.2 16
965656 0.2025 16
941890 0.205 16
966982 0.2075 16
899378 0.21 16
793470 0.2125 16
597316 0.215 16
436862 0.2175 16
369971 0.22 16
373745 0.2225 16
435079 0.225 16
491466 0.2275 16
532711 0.23 16
538440 0.2325 16
504341 0.235 16
538577 0.2375 16
0 0.0025 17
0 0.005 17
10099.3 0.0075 17
13573.9 0.01 17
47335.1 0.0125 17
105529 0.015 17
146407 0.0175 17
147208 0.02 17
92833 0.0225 17
20099.9 0.025 17
22860 0.0275 17
213196 0.03 17
647675 0.0325 17
1.26077e+06 0.035 17
1.85686e+06 0.0375 17
2.18593e+06 0.04 17
2.07677e+06 0.0425 17
1.55694e+06 0.045 17
882346 0.0475 17
442596 0.05 17
578789 0.0525 17
1.40682e+06 0.055 17
2.74412e+06 0.0575 17
4.18458e+06 0.06 17
5.28427e+06 0.0625 17
5.75879e+06 0.065 17
5.58839e+06 0.0675 17
4.98231e+06 0.07 17
4.23527e+06 0.0725 17
3.56668e+06 0.075 17
3.03449e+06 0.0775 17
2.5623e+06 0.08 17
2.04664e+06 0.0825 17
1.46595e+06 0.085 17
919075 0.0875 17
572321 0.09 17
553574 0.0925 17
863757 0.095 17
1.36113e+06 0.0975 17
1.82635e+06 0.1 17
2.06748e+06 0.1025 17
2.00381e+06 0.105 17
1.6856e+06 0.1075 17
1.24779e+06 0.11 17
832622 0.1125 17
527752 0.115 17
348690 0.1175 17
263481 0.12 17
233372 0.1225 17
239922 0.125 17
284998 0.1275 17
373428 0.13 17
479709 0.1325 17
583817 0.135 17
627038 0.1375 17
612405 0.14 17
501869 0.1425 17
402549 0.145 17
315890 0.1475 17
240318 0.15 17
230714 0.1525 17
316246 0.155 17
426300 0.1575 17
545440 0.16 17
487301 0.1625 17
446644 0.165 17
406487 0.1675 17
355542 0.17 17
289944 0.1725 17
231619 0.175 17
219828 0.1775 17
239175 0.18 17
305006 0.1825 17
391314 0.185 17
480494 0.1875 17
584767 0.19 17
653875 0.1925 17
689877 0.195 17
609174 0.1975 17
557896 0.2 17
477020 0.2025 17
432251 0.205 17
349076 0.2075 17
298199 0.21 17
246776 0.2125 17
241642 0.215 17
255975 0.2175 17
251617 0.22 17
247507 0.2225 17
234871 0.225 17
0 0.0025 18
0 0.005 18
0 0.0075 18
0 0.01 18
0 0.0125 18
0 0.015 18
0 0.0175 18
0 0.02 18
0 0.0225 18
0 0.025 18
0 0.0275 18
0 0.03 18
0 0.0325 18
0 0.035 18
0 0.0375 18
0 0.04 18
255.067 0.0425 18
38124.2 0.045 18
53916.4 0.0475 18
102969 0.05 18
62966.3 0.0525 18
116972 0.055 18
177782 0.0575 18
205393 0.06 18
220681 0.0625 18
144057 0.065 18
84365 0.0675 18
72014.8 0.07 18
19721 0.0725 18
20864.6 0.075 18
25211 0.0775 18
108036 0.08 18
161356 0.0825 18
190869 0.085 18
125486 0.0875 18
82338.6 0.09 18
38435 0.0925 18
37482.8 0.095 18
94094.4 0.0975 18
227900 0.1 18
414085 0.1025 18
655239 0.105 18
857080 0.1075 18
910037 0.11 18
858980 0.1125 18
830592 0.115 18
836329 0.1175 18
859963 0.12 18
925769 0.1225 18
916521 0.125 18
903759 0.1275 18
957170 0.13 18
892316 0.1325 18
823625 0.135 18
848715 0.1375 18
884131 0.14 18
956477 0.1425 18
1.01823e+06 0.145 18
1.1319e+06 0.1475 18
1.16614e+06 0.15 18
1.12958e+06 0.1525 18
1.16099e+06 0.155 18
1.04541e+06 0.1575 18
1.02212e+06 0.16 18
896366 0.1625 18
747186 0.165 18
552464 0.1675 18
407064 0.17 18
292410 0.1725 18
351492 0.175 18
536192 0.1775 18
747965 0.18 18
983966 0.1825 18
1.14091e+06 0.185 18
1.13366e+06 0.1875 18
1.03213e+06 0.19 18
871804 0.1925 18
696468 0.195 18
590036 0.1975 18
525337 0.2 18
447834 0.2025 18
365192 0.205 18
268281 0.2075 18
173109 0.21 18
116083 0.2125 18
0 0.0025 19
0 0.005 19
0 0.0075 19
0 0.01 19
0 0.0125 19
0 0.015 19
0 0.0175 19
0 0.02 19
0 0.0225 19
0 0.025 19
0 0.0275 19
0 0.03 19
0 0.0325 19
0 0.035 19
0 0.0375 19
0 0.04 19
0 0.0425 19
0 0.045 19
0 0.0475 19
0 0.05 19
0 0.0525 19
29.9648 0.055 19
1114.51 0.0575 19
1976.45 0.06 19
20977 0.0625 19
71554.5 0.065 19
170294 0.0675 19
244044 0.07 19
423749 0.0725 19
594226 0.075 19
900682 0.0775 19
1.18082e+06 0.08 19
1.56744e+06 0.0825 19
1.96494e+06 0.085 19
2.14729e+06 0.0875 19
2.37769e+06 0.09 19
2.33106e+06 0.0925 19
2.15686e+06 0.095 19
2.09688e+06 0.0975 19
1.80855e+06 0.1 19
1.60364e+06 0.1025 19
1.37136e+06 0.105 19
1.17077e+06 0.1075 19
959911 0.11 19
824916 0.1125 19
744993 0.115 19
716130 0.1175 19
638750 0.12 19
558049 0.1225 19
454811 0.125 19
360025 0.1275 19
297649 0.13 19
291050 0.1325 19
262746 0.135 19
223676 0.1375 19
225155 0.14 19
243177 0.1425 19
263132 0.145 19
309696 0.1475 19
433262 0.15 19
609748 0.1525 19
736016 0.155 19
827142 0.1575 19
811306 0.16 19
746443 0.1625 19
676264 0.165 19
562375 0.1675 19
449266 0.17 19
344526 0.1725 19
278749 0.175 19
257953 0.1775 19
297136 0.18 19
375244 0.1825 19
456415 0.185 19
535113 0.1875 19
543325 0.19 19
529976 0.1925 19
453177 0.195 19
364770 0.1975 19
0 0.0025 20
0 0.005 20
0 0.0075 20
0 0.01 20
0 0.0125 20
0 0.015 20
5543.87 0.0175 20
7544.98 0.02 20
4331.78 0.0225 20
13287.9 0.025 20
58088.2 0.0275 20
70305.3 0.03 20
70448 0.0325 20
59290.5 0.035 20
58482.4 0.0375 20
54090.7 0.04 20
49419 0.0425 20
81891.8 0.045 20
128218 0.0475 20
202836 0.05 20
279033 0.0525 20
320333 0.055 20
368911 0.0575 20
410672 0.06 20
453101 0.0625 20
508990 0.065 20
594539 0.0675 20
727356 0.07 20
923714 0.0725 20
1.19365e+06 0.075 20
1.53328e+06 0.0775 20
1.91639e+06 0.08 20
2.29e+06 0.0825 20
2.57954e+06 0.085 20
2.70608e+06 0.0875 20
2.61236e+06 0.09 20
2.28835e+06 0.0925 20
1.78476e+06 0.095 20
1.20649e+06 0.0975 20
685700 0.1 20
343689 0.1025 20
255311 0.105 20
429085 0.1075 20
808899 0.11 20
1.2945e+06 0.1125 20
1.77137e+06 0.115 20
2.14114e+06 0.1175 20
2.33452e+06 0.12 20
2.32814e+06 0.1225 20
2.13647e+06 0.125 20
1.80873e+06 0.1275 20
1.41936e+06 0.13 20
1.0443e+06 0.1325 20
752615 0.135 20
593830 0.1375 20
564430 0.14 20
659233 0.1425 20
816460 0.145 20
978755 0.1475 20
1.10401e+06 0.15 20
1.13219e+06 0.1525 20
1.05091e+06 0.155 20
901909 0.1575 20
720757 0.16 20
524380 0.1625 20
354269 0.165 20
231397 0.1675 20
153539 0.17 20
118156 0.1725 20
107294 0.175 20
122551 0.1775 20
39.7008 0.0025 21
525.014 0.005 21
1895.57 0.0075 21
3534.23 0.01 21
3808.18 0.0125 21
1893.42 0.015 21
16.9817 0.0175 21
3766.6 0.02 21
19331.2 0.0225 21
49174.5 0.025 21
89458.8 0.0275 21
131719 0.03 21
168165 0.0325 21
196993 0.035 21
223766 0.0375 21
257835 0.04 21
306653 0.0425 21
372467 0.045 21
453718 0.0475 21
549114 0.05 21
659481 0.0525 21
783907 0.055 21
911798 0.0575 21
1.01731e+06 0.06 21
1.06298e+06 0.0625 21
1.01424e+06 0.065 21
858515 0.0675 21
618458 0.07 21
350480 0.0725 21
127854 0.075 21
15945.2 0.0775 21
50762.5 0.08 21
228939 0.0825 21
510478 0.085 21
830172 0.0875 21
1.11277e+06 0.09 21
1.28957e+06 0.0925 21
1.31596e+06 0.095 21
1.18762e+06 0.0975 21
948767 0.1 21
683907 0.1025 21
489552 0.105 21
433800 0.1075 21
522392 0.11 21
691641 0.1125 21
837062 0.115 21
866643 0.1175 21
751336 0.12 21
543797 0.1225 21
352580 0.125 21
284256 0.1275 21
385101 0.13 21
614938 0.1325 21
867719 0.135 21
1.02601e+06 0.1375 21
1.0141e+06 0.14 21
840181 0.1425 21
575856 0.145 21
308859 0.1475 21
123778 0.15 21
47003.3 0.1525 21
31040.2 0.155 21
80155.8 0.1575 21
168278 0.16 21
0 0.0025 22
0 0.005 22
0 0.0075 22
0 0.01 22
0 0.0125 22
0 0.015 22
0 0.0175 22
0 0.02 22
0 0.0225 22
0 0.025 22
0 0.0275 22
0 0.03 22
0 0.0325 22
0 0.035 22
1056.17 0.0375 22
11724.5 0.04 22
14555.2 0.0425 22
37242.2 0.045 22
66521 0.0475 22
102952 0.05 22
165293 0.0525 22
207729 0.055 22
234835 0.0575 22
289890 0.06 22
298496 0.0625 22
255289 0.065 22
251004 0.0675 22
198802 0.07 22
89724.3 0.0725 22
32248.6 0.075 22
12070.5 0.0775 22
5024.59 0.08 22
20679.2 0.0825 22
55352.5 0.085 22
124974 0.0875 22
208646 0.09 22
273445 0.0925 22
309981 0.095 22
335727 0.0975 22
338260 0.1 22
269670 0.1025 22
243825 0.105 22
188945 0.1075 22
167450 0.11 22
130050 0.1125 22
133640 0.115 22
149650 0.1175 22
211488 0.12 22
261034 0.1225 22
318464 0.125 22
418489 0.1275 22
522344 0.13 22
590368 0.1325 22
622627 0.135 22
620241 0.1375 22
0 0.0025 23
0 0.005 23
0 0.0075 23
0 0.01 23
0 0.0125 23
0 0.015 23
0 0.0175 23
0 0.02 23
0 0.0225 23
0 0.025 23
0 0.0275 23
0 0.03 23
0 0.0325 23
0 0.035 23
0 0.0375 23
0 0.04 23
0 0.0425 23
0 0.045 23
0 0.0475 23
0 0.05 23
0 0.0525 23
0 0.055 23
0 0.0575 23
608.617 0.06 23
4968.1 0.0625 23
4910.95 0.065 23
26413.5 0.0675 23
25949.8 0.07 23
52669.4 0.0725 23
77951.3 0.075 23
104669 0.0775 23
134894 0.08 23
156620 0.0825 23
172646 0.085 23
161910 0.0875 23
213593 0.09 23
254427 0.0925 23
203961 0.095 23
209141 0.0975 23
152311 0.1 23
108543 0.1025 23
