2.82571e+07 0.085 0
1.70512e+07 0.0875 0
6.28085e+06 0.09 0
547254 0.0925 0
766784 0.095 0
4.38898e+06 0.0975 0
7.61486e+06 0.1 0
7.93124e+06 0.1025 0
5.37082e+06 0.105 0
1.96631e+06 0.1075 0
69931 0.11 0
783385 0.1125 0
3.44409e+06 0.115 0
6.28687e+06 0.1175 0
7.65867e+06 0.12 0
6.95075e+06 0.1225 0
4.74591e+06 0.125 0
2.26336e+06 0.1275 0
551357 0.13 0
62069 0.1325 0
473024 0.135 0
1.16339e+06 0.1375 0
1.71979e+06 0.14 0
2.03719e+06 0.1425 0
1.96628e+06 0.145 0
1.80011e+06 0.1475 0
1.74843e+06 0.15 0
1.30922e+06 0.1525 0
1.36711e+06 0.155 0
1.5304e+06 0.1575 0
1.73003e+06 0.16 0
1.73359e+06 0.1625 0
1.75671e+06 0.165 0
1.97962e+06 0.1675 0
1.86632e+06 0.17 0
1.81115e+06 0.1725 0
1.39916e+06 0.175 0
914799 0.1775 0
430180 0.18 0
177040 0.1825 0
82128.8 0.185 0
276404 0.1875 0
524098 0.19 0
893861 0.1925 0
1.18707e+06 0.195 0
1.44762e+06 0.1975 0
1.57853e+06 0.2 0
1.55645e+06 0.2025 0
1.52801e+06 0.205 0
1.51762e+06 0.2075 0
1.53155e+06 0.21 0
1.74128e+06 0.2125 0
1.85328e+06 0.215 0
2.11079e+06 0.2175 0
2.13498e+06 0.22 0
2.20315e+06 0.2225 0
2.04135e+06 0.225 0
1.70286e+06 0.2275 0
1.31645e+06 0.23 0
867682 0.2325 0
669941 0.235 0
576316 0.2375 0
584156 0.24 0
693608 0.2425 0
897382 0.245 0
1.02058e+06 0.2475 0
933331 0.25 0
677316 0.2525 0
353695 0.255 0
160222 0.2575 0
20993.9 0.26 0
33329.6 0.2625 0
189689 0.265 0
406414 0.2675 0
573567 0.27 0
665163 0.2725 0
585091 0.275 0
466968 0.2775 0
302704 0.28 0
154726 0.2825 0
151866 0.285 0
339307 0.2875 0
646028 0.29 0
987455 0.2925 0
1.26942e+06 0.295 0
1.50498e+06 0.2975 0
1.59125e+06 0.3 0
1.58001e+06 0.3025 0
1.4611e+06 0.305 0
1.37929e+06 0.3075 0
1.21443e+06 0.31 0
1.16716e+06 0.3125 0
1.02263e+06 0.315 0
2.4655e+07 0.0825 1
2.5362e+07 0.085 1
2.46668e+07 0.0875 1
2.3495e+07 0.09 1
2.2823e+07 0.0925 1
2.31739e+07 0.095 1
2.43228e+07 0.0975 1
2.56183e+07 0.1 1
2.60218e+07 0.1025 1
2.52848e+07 0.105 1
2.30093e+07 0.1075 1
2.02309e+07 0.11 1
1.79681e+07 0.1125 1
1.65263e+07 0.115 1
1.5505e+07 0.1175 1
1.49134e+07 0.12 1
1.35914e+07 0.1225 1
1.15719e+07 0.125 1
8.96921e+06 0.1275 1
5.73702e+06 0.13 1
3.0554e+06 0.1325 1
1.27746e+06 0.135 1
285611 0.1375 1
87172.1 0.14 1
191881 0.1425 1
383580 0.145 1
649556 0.1475 1
848708 0.15 1
1.3176e+06 0.1525 1
1.77665e+06 0.155 1
1.99431e+06 0.1575 1
1.98089e+06 0.16 1
1.6454e+06 0.1625 1
1.11924e+06 0.165 1
669635 0.1675 1
501218 0.17 1
827177 0.1725 1
1.31101e+06 0.175 1
1.8448e+06 0.1775 1
2.41648e+06 0.18 1
3.07254e+06 0.1825 1
3.39255e+06 0.185 1
3.21988e+06 0.1875 1
3.05722e+06 0.19 1
2.56162e+06 0.1925 1
1.98209e+06 0.195 1
1.4304e+06 0.1975 1
898543 0.2 1
621751 0.2025 1
377636 0.205 1
262670 0.2075 1
290117 0.21 1
390476 0.2125 1
549034 0.215 1
599136 0.2175 1
725104 0.22 1
755448 0.2225 1
845886 0.225 1
876790 0.2275 1
832767 0.23 1
873911 0.2325 1
821836 0.235 1
815605 0.2375 1
909591 0.24 1
959827 0.2425 1
1.07734e+06 0.245 1
1.11865e+06 0.2475 1
1.18819e+06 0.25 1
1.28033e+06 0.2525 1
1.37879e+06 0.255 1
1.40912e+06 0.2575 1
1.36518e+06 0.26 1
1.27975e+06 0.2625 1
1.3442e+06 0.265 1
1.39328e+06 0.2675 1
1.46648e+06 0.27 1
1.42953e+06 0.2725 1
1.37688e+06 0.275 1
1.2784e+06 0.2775 1
1.12665e+06 0.28 1
977092 0.2825 1
849397 0.285 1
783586 0.2875 1
728813 0.29 1
760520 0.2925 1
689825 0.295 1
680976 0.2975 1
676782 0.3 1
662969 0.3025 1
720929 0.305 1
858546 0.3075 1
927906 0.31 1
952632 0.3125 1
910463 0.315 1
1.15037e+07 0.08 2
1.47172e+07 0.0825 2
1.78054e+07 0.085 2
2.1029e+07 0.0875 2
2.30766e+07 0.09 2
2.364e+07 0.0925 2
2.3457e+07 0.095 2
2.12645e+07 0.0975 2
1.80659e+07 0.1 2
1.53691e+07 0.1025 2
1.17807e+07 0.105 2
9.32497e+06 0.1075 2
7.1638e+06 0.11 2
6.03284e+06 0.1125 2
5.57532e+06 0.115 2
5.50424e+06 0.1175 2
5.36323e+06 0.12 2
5.04321e+06 0.1225 2
4.5959e+06 0.125 2
3.8632e+06 0.1275 2
3.21543e+06 0.13 2
2.49101e+06 0.1325 2
1.78268e+06 0.135 2
1.28411e+06 0.1375 2
824292 0.14 2
478021 0.1425 2
218789 0.145 2
74772.7 0.1475 2
38482.9 0.15 2
13908.9 0.1525 2
26139.7 0.155 2
82215.5 0.1575 2
148401 0.16 2
234373 0.1625 2
359446 0.165 2
482397 0.1675 2
618020 0.17 2
711755 0.1725 2
724284 0.175 2
687229 0.1775 2
632419 0.18 2
592022 0.1825 2
589904 0.185 2
662830 0.1875 2
770968 0.19 2
894501 0.1925 2
1.00266e+06 0.195 2
1.05965e+06 0.1975 2
1.0506e+06 0.2 2
1.04499e+06 0.2025 2
1.03083e+06 0.205 2
1.01448e+06 0.2075 2
1.03535e+06 0.21 2
1.08884e+06 0.2125 2
954778 0.215 2
863649 0.2175 2
719929 0.22 2
616444 0.2225 2
450260 0.225 2
430927 0.2275 2
420095 0.23 2
519282 0.2325 2
576281 0.235 2
734269 0.2375 2
810031 0.24 2
810035 0.2425 2
750300 0.245 2
701037 0.2475 2
645539 0.25 2
612628 0.2525 2
592062 0.255 2
621299 0.2575 2
569661 0.26 2
496357 0.2625 2
499756 0.265 2
469827 0.2675 2
413886 0.27 2
395969 0.2725 2
403645 0.275 2
442195 0.2775 2
482133 0.28 2
458611 0.2825 2
441312 0.285 2
437094 0.2875 2
508000 0.29 2
651434 0.2925 2
858071 0.295 2
1.09019e+06 0.2975 2
1.2396e+06 0.3 2
1.24082e+06 0.3025 2
1.09858e+06 0.305 2
812163 0.3075 2
549743 0.31 2
362774 0.3125 2
289229 0.315 2
9.13848e+06 0.0725 3
8.33321e+06 0.075 3
6.18086e+06 0.0775 3
3.96302e+06 0.08 3
3.29508e+06 0.0825 3
4.38302e+06 0.085 3
7.35897e+06 0.0875 3
1.13314e+07 0.09 3
1.47431e+07 0.0925 3
1.63065e+07 0.095 3
1.56182e+07 0.0975 3
1.33014e+07 0.1 3
1.05418e+07 0.1025 3
8.64433e+06 0.105 3
7.99301e+06 0.1075 3
8.66583e+06 0.11 3
9.8786e+06 0.1125 3
1.05666e+07 0.115 3
1.00588e+07 0.1175 3
8.62766e+06 0.12 3
6.70493e+06 0.1225 3
5.01698e+06 0.125 3
4.07162e+06 0.1275 3
3.87417e+06 0.13 3
4.46513e+06 0.1325 3
4.85247e+06 0.135 3
4.69852e+06 0.1375 3
4.23729e+06 0.14 3
3.38697e+06 0.1425 3
2.65211e+06 0.145 3
1.93506e+06 0.1475 3
1.3717e+06 0.15 3
1.12348e+06 0.1525 3
1.00201e+06 0.155 3
833214 0.1575 3
580049 0.16 3
453897 0.1625 3
408725 0.165 3
491669 0.1675 3
652152 0.17 3
1.11211e+06 0.1725 3
1.64027e+06 0.175 3
2.02504e+06 0.1775 3
2.34944e+06 0.18 3
2.45181e+06 0.1825 3
2.46473e+06 0.185 3
2.59878e+06 0.1875 3
2.13848e+06 0.19 3
1.83971e+06 0.1925 3
1.46999e+06 0.195 3
1.17647e+06 0.1975 3
802256 0.2 3
541874 0.2025 3
341964 0.205 3
315047 0.2075 3
266739 0.21 3
253811 0.2125 3
345154 0.215 3
406699 0.2175 3
564202 0.22 3
732301 0.2225 3
796242 0.225 3
835591 0.2275 3
910766 0.23 3
845328 0.2325 3
766610 0.235 3
662223 0.2375 3
545856 0.24 3
461441 0.2425 3
356789 0.245 3
270777 0.2475 3
212785 0.25 3
199158 0.2525 3
252011 0.255 3
383534 0.2575 3
580027 0.26 3
763957 0.2625 3
931682 0.265 3
1.08458e+06 0.2675 3
1.18341e+06 0.27 3
1.29002e+06 0.2725 3
1.27352e+06 0.275 3
1.10627e+06 0.2775 3
1.01167e+06 0.28 3
926490 0.2825 3
894971 0.285 3
881316 0.2875 3
889115 0.29 3
889987 0.2925 3
887498 0.295 3
850947 0.2975 3
724738 0.3 3
638652 0.3025 3
497139 0.305 3
419993 0.3075 3
352011 0.31 3
324319 0.3125 3
325094 0.315 3
542799 0.0625 4
878927 0.065 4
1.08729e+06 0.0675 4
1.15045e+06 0.07 4
1.13722e+06 0.0725 4
1.12583e+06 0.075 4
1.14162e+06 0.0775 4
1.14803e+06 0.08 4
1.08719e+06 0.0825 4
933497 0.085 4
719488 0.0875 4
517400 0.09 4
392514 0.0925 4
362310 0.095 4
388735 0.0975 4
406493 0.1 4
366312 0.1025 4
264278 0.105 4
139880 0.1075 4
46975.9 0.11 4
18808.3 0.1125 4
50276.1 0.115 4
110492 0.1175 4
173690 0.12 4
207668 0.1225 4
270807 0.125 4
457719 0.1275 4
703395 0.13 4
1.12482e+06 0.1325 4
1.36729e+06 0.135 4
1.74853e+06 0.1375 4
1.73757e+06 0.14 4
1.63363e+06 0.1425 4
1.81417e+06 0.145 4
1.98496e+06 0.1475 4
2.28699e+06 0.15 4
2.83966e+06 0.1525 4
3.34403e+06 0.155 4
3.53018e+06 0.1575 4
3.28694e+06 0.16 4
2.33816e+06 0.1625 4
1.5264e+06 0.165 4
854750 0.1675 4
552219 0.17 4
562296 0.1725 4
782719 0.175 4
991469 0.1775 4
1.24453e+06 0.18 4
1.22409e+06 0.1825 4
1.31284e+06 0.185 4
1.4438e+06 0.1875 4
1.84918e+06 0.19 4
2.13204e+06 0.1925 4
2.32612e+06 0.195 4
2.3464e+06 0.1975 4
2.00362e+06 0.2 4
1.76566e+06 0.2025 4
1.53531e+06 0.205 4
1.50568e+06 0.2075 4
1.55148e+06 0.21 4
1.65539e+06 0.2125 4
1.54595e+06 0.215 4
1.21015e+06 0.2175 4
934684 0.22 4
642677 0.2225 4
606615 0.225 4
684464 0.2275 4
894742 0.23 4
1.08125e+06 0.2325 4
1.16174e+06 0.235 4
1.15729e+06 0.2375 4
1.17814e+06 0.24 4
1.19314e+06 0.2425 4
1.28078e+06 0.245 4
1.33871e+06 0.2475 4
1.31297e+06 0.25 4
1.1406e+06 0.2525 4
878019 0.255 4
738202 0.2575 4
740364 0.26 4
878480 0.2625 4
1.14551e+06 0.265 4
1.376e+06 0.2675 4
1.47931e+06 0.27 4
1.4219e+06 0.2725 4
1.2132e+06 0.275 4
940702 0.2775 4
661180 0.28 4
520177 0.2825 4
507939 0.285 4
554221 0.2875 4
629113 0.29 4
715098 0.2925 4
797971 0.295 4
842729 0.2975 4
911836 0.3 4
936931 0.3025 4
912943 0.305 4
794830 0.3075 4
648293 0.31 4
502195 0.3125 4
9.29665e+06 0.0475 5
9.51863e+06 0.05 5
9.29164e+06 0.0525 5
8.58579e+06 0.055 5
7.52123e+06 0.0575 5
6.20615e+06 0.06 5
4.81357e+06 0.0625 5
3.57647e+06 0.065 5
2.72536e+06 0.0675 5
2.4013e+06 0.07 5
2.58641e+06 0.0725 5
3.0932e+06 0.075 5
3.62762e+06 0.0775 5
3.90275e+06 0.08 5
3.75087e+06 0.0825 5
3.18051e+06 0.085 5
2.35308e+06 0.0875 5
1.49554e+06 0.09 5
797423 0.0925 5
344441 0.095 5
123972 0.0975 5
60010.1 0.1 5
84821.4 0.1025 5
178009 0.105 5
348875 0.1075 5
708202 0.11 5
1.23434e+06 0.1125 5
1.97621e+06 0.115 5
2.93096e+06 0.1175 5
3.5258e+06 0.12 5
3.79704e+06 0.1225 5
3.96729e+06 0.125 5
4.22925e+06 0.1275 5
4.12891e+06 0.13 5
4.03536e+06 0.1325 5
3.77135e+06 0.135 5
3.36105e+06 0.1375 5
3.00825e+06 0.14 5
3.09289e+06 0.1425 5
3.21827e+06 0.145 5
3.337e+06 0.1475 5
3.36394e+06 0.15 5
3.28441e+06 0.1525 5
2.9896e+06 0.155 5
2.36814e+06 0.1575 5
1.73764e+06 0.16 5
1.14593e+06 0.1625 5
738768 0.165 5
678529 0.1675 5
880084 0.17 5
1.18006e+06 0.1725 5
1.29319e+06 0.175 5
1.47788e+06 0.1775 5
1.36546e+06 0.18 5
957240 0.1825 5
666431 0.185 5
423820 0.1875 5
390056 0.19 5
538885 0.1925 5
752220 0.195 5
1.0049e+06 0.1975 5
1.13622e+06 0.2 5
1.22965e+06 0.2025 5
1.19521e+06 0.205 5
1.02043e+06 0.2075 5
844061 0.21 5
793163 0.2125 5
960339 0.215 5
1.26165e+06 0.2175 5
1.67889e+06 0.22 5
2.09937e+06 0.2225 5
2.41829e+06 0.225 5
2.50989e+06 0.2275 5
2.26861e+06 0.23 5
1.89748e+06 0.2325 5
1.49347e+06 0.235 5
1.07712e+06 0.2375 5
835400 0.24 5
726050 0.2425 5
640135 0.245 5
619484 0.2475 5
611086 0.25 5
575597 0.2525 5
475072 0.255 5
437647 0.2575 5
389693 0.26 5
410729 0.2625 5
422837 0.265 5
482703 0.2675 5
517352 0.27 5
551981 0.2725 5
591962 0.275 5
600376 0.2775 5
664939 0.28 5
749613 0.2825 5
796233 0.285 5
789594 0.2875 5
773112 0.29 5
729817 0.2925 5
655259 0.295 5
555671 0.2975 5
520000 0.3 5
540599 0.3025 5
517176 0.305 5
568039 0.3075 5
637073 0.31 5
0 0.0125 6
0 0.015 6
0 0.0175 6
0 0.02 6
0 0.0225 6
0 0.025 6
0 0.0275 6
0 0.03 6
0 0.0325 6
0 0.035 6
0 0.0375 6
0 0.04 6
0 0.0425 6
0 0.045 6
0 0.0475 6
2212.16 0.05 6
30656.1 0.0525 6
37427.3 0.055 6
64853.3 0.0575 6
237251 0.06 6
437868 0.0625 6
669579 0.065 6
857471 0.0675 6
1.10389e+06 0.07 6
1.25821e+06 0.0725 6
1.34837e+06 0.075 6
1.84979e+06 0.0775 6
1.8067e+06 0.08 6
1.61583e+06 0.0825 6
1.55036e+06 0.085 6
1.47404e+06 0.0875 6
1.26768e+06 0.09 6
1.14931e+06 0.0925 6
955806 0.095 6
1.13546e+06 0.0975 6
1.0524e+06 0.1 6
1.0991e+06 0.1025 6
1.2364e+06 0.105 6
1.32317e+06 0.1075 6
1.32048e+06 0.11 6
1.30217e+06 0.1125 6
1.23442e+06 0.115 6
1.15364e+06 0.1175 6
1.17883e+06 0.12 6
1.38277e+06 0.1225 6
1.49929e+06 0.125 6
1.52546e+06 0.1275 6
1.51114e+06 0.13 6
1.46147e+06 0.1325 6
1.33358e+06 0.135 6
1.12751e+06 0.1375 6
795020 0.14 6
548711 0.1425 6
369871 0.145 6
253466 0.1475 6
223075 0.15 6
232127 0.1525 6
288876 0.155 6
407517 0.1575 6
555884 0.16 6
791948 0.1625 6
1.05167e+06 0.165 6
1.31345e+06 0.1675 6
1.51405e+06 0.17 6
1.6189e+06 0.1725 6
1.64959e+06 0.175 6
1.66167e+06 0.1775 6
1.66419e+06 0.18 6
1.7784e+06 0.1825 6
2.00779e+06 0.185 6
2.31747e+06 0.1875 6
2.55184e+06 0.19 6
2.64905e+06 0.1925 6
2.49263e+06 0.195 6
2.08259e+06 0.1975 6
1.6001e+06 0.2 6
1.15693e+06 0.2025 6
815019 0.205 6
645207 0.2075 6
524973 0.21 6
493928 0.2125 6
481219 0.215 6
536945 0.2175 6
786078 0.22 6
1.2417e+06 0.2225 6
1.89198e+06 0.225 6
2.52781e+06 0.2275 6
3.01071e+06 0.23 6
3.10306e+06 0.2325 6
2.84322e+06 0.235 6
2.10578e+06 0.2375 6
1.46183e+06 0.24 6
1.03496e+06 0.2425 6
871361 0.245 6
1.1416e+06 0.2475 6
1.58809e+06 0.25 6
2.01099e+06 0.2525 6
2.24973e+06 0.255 6
2.13459e+06 0.2575 6
1.81301e+06 0.26 6
1.39813e+06 0.2625 6
1.08483e+06 0.265 6
766775 0.2675 6
563190 0.27 6
530744 0.2725 6
613327 0.275 6
754700 0.2775 6
914595 0.28 6
1.08181e+06 0.2825 6
1.19727e+06 0.285 6
1.24903e+06 0.2875 6
1.18649e+06 0.29 6
1.04696e+06 0.2925 6
860552 0.295 6
681138 0.2975 6
538912 0.3 6
429238 0.3025 6
365678 0.305 6
334229 0.3075 6
0 0.0125 7
0 0.015 7
0 0.0175 7
0 0.02 7
0 0.0225 7
0 0.025 7
0 0.0275 7
0 0.03 7
1254.27 0.0325 7
17960.3 0.035 7
106843 0.0375 7
444498 0.04 7
521948 0.0425 7
1.09038e+06 0.045 7
1.71485e+06 0.0475 7
2.64448e+06 0.05 7
3.5865e+06 0.0525 7
4.55333e+06 0.055 7
5.53524e+06 0.0575 7
6.30466e+06 0.06 7
6.321e+06 0.0625 7
5.54803e+06 0.065 7
4.57782e+06 0.0675 7
3.21611e+06 0.07 7
2.01654e+06 0.0725 7
990046 0.075 7
374133 0.0775 7
62571.7 0.08 7
56476.9 0.0825 7
238537 0.085 7
389727 0.0875 7
523845 0.09 7
531066 0.0925 7
383756 0.095 7
322082 0.0975 7
413161 0.1 7
553219 0.1025 7
852214 0.105 7
1.37819e+06 0.1075 7
1.94527e+06 0.11 7
2.71834e+06 0.1125 7
3.60194e+06 0.115 7
4.34187e+06 0.1175 7
4.75488e+06 0.12 7
4.88041e+06 0.1225 7
4.47013e+06 0.125 7
3.92531e+06 0.1275 7
3.09403e+06 0.13 7
2.34883e+06 0.1325 7
1.8759e+06 0.135 7
1.65862e+06 0.1375 7
1.54959e+06 0.14 7
1.61899e+06 0.1425 7
1.65612e+06 0.145 7
1.54184e+06 0.1475 7
1.38653e+06 0.15 7
1.09139e+06 0.1525 7
917890 0.155 7
840626 0.1575 7
764446 0.16 7
771031 0.1625 7
764997 0.165 7
678657 0.1675 7
597235 0.17 7
516988 0.1725 7
452466 0.175 7
455481 0.1775 7
469397 0.18 7
543200 0.1825 7
629023 0.185 7
633484 0.1875 7
593599 0.19 7
476458 0.1925 7
370538 0.195 7
298776 0.1975 7
307305 0.2 7
432671 0.2025 7
592353 0.205 7
807841 0.2075 7
1.07777e+06 0.21 7
1.24885e+06 0.2125 7
1.2603e+06 0.215 7
1.18657e+06 0.2175 7
1.09824e+06 0.22 7
1.03763e+06 0.2225 7
1.12703e+06 0.225 7
1.30534e+06 0.2275 7
1.62326e+06 0.23 7
1.86075e+06 0.2325 7
2.06818e+06 0.235 7
2.24374e+06 0.2375 7
2.31077e+06 0.24 7
2.38779e+06 0.2425 7
2.35101e+06 0.245 7
2.32749e+06 0.2475 7
2.20412e+06 0.25 7
2.09165e+06 0.2525 7
1.98149e+06 0.255 7
1.8922e+06 0.2575 7
1.74471e+06 0.26 7
1.712e+06 0.2625 7
1.67571e+06 0.265 7
1.69203e+06 0.2675 7
1.6205e+06 0.27 7
1.49946e+06 0.2725 7
1.35522e+06 0.275 7
1.18305e+06 0.2775 7
1.03259e+06 0.28 7
840510 0.2825 7
744545 0.285 7
661298 0.2875 7
625746 0.29 7
701043 0.2925 7
751260 0.295 7
792307 0.2975 7
782242 0.3 7
732801 0.3025 7
612541 0.305 7
571282 0.01 8
966863 0.0125 8
1.23961e+06 0.015 8
1.23808e+06 0.0175 8
990941 0.02 8
773507 0.0225 8
1.02236e+06 0.025 8
2.11474e+06 0.0275 8
4.12025e+06 0.03 8
6.6689e+06 0.0325 8
9.03304e+06 0.035 8
1.04107e+07 0.0375 8
1.02837e+07 0.04 8
8.6725e+06 0.0425 8
6.15027e+06 0.045 8
3.60124e+06 0.0475 8
1.83669e+06 0.05 8
1.25685e+06 0.0525 8
1.72014e+06 0.055 8
2.67125e+06 0.0575 8
3.44674e+06 0.06 8
3.59294e+06 0.0625 8
3.03882e+06 0.065 8
2.0564e+06 0.0675 8
1.05899e+06 0.07 8
366504 0.0725 8
68307.5 0.075 8
42554.2 0.0775 8
95251 0.08 8
117473 0.0825 8
160046 0.085 8
384697 0.0875 8
929583 0.09 8
1.77816e+06 0.0925 8
2.71615e+06 0.095 8
3.40825e+06 0.0975 8
3.55706e+06 0.1 8
3.06062e+06 0.1025 8
2.08469e+06 0.105 8
1.00961e+06 0.1075 8
273428 0.11 8
190335 0.1125 8
792059 0.115 8
1.83109e+06 0.1175 8
2.91015e+06 0.12 8
3.59048e+06 0.1225 8
3.52027e+06 0.125 8
2.9542e+06 0.1275 8
1.92845e+06 0.13 8
1.04678e+06 0.1325 8
594115 0.135 8
729030 0.1375 8
1.24802e+06 0.14 8
1.92042e+06 0.1425 8
2.3015e+06 0.145 8
2.49496e+06 0.1475 8
2.08411e+06 0.15 8
1.42364e+06 0.1525 8
959935 0.155 8
870137 0.1575 8
995338 0.16 8
1.32038e+06 0.1625 8
1.8329e+06 0.165 8
2.07323e+06 0.1675 8
1.99475e+06 0.17 8
1.63563e+06 0.1725 8
1.24078e+06 0.175 8
887523 0.1775 8
764565 0.18 8
787425 0.1825 8
835501 0.185 8
1.04655e+06 0.1875 8
1.27301e+06 0.19 8
1.44034e+06 0.1925 8
1.54084e+06 0.195 8
1.42196e+06 0.1975 8
1.26697e+06 0.2 8
1.05928e+06 0.2025 8
897204 0.205 8
809614 0.2075 8
889032 0.21 8
959699 0.2125 8
1.03482e+06 0.215 8
975167 0.2175 8
839715 0.22 8
678077 0.2225 8
572882 0.225 8
576954 0.2275 8
745249 0.23 8
1.08121e+06 0.2325 8
1.32305e+06 0.235 8
1.52187e+06 0.2375 8
1.5404e+06 0.24 8
1.43763e+06 0.2425 8
1.28241e+06 0.245 8
1.08686e+06 0.2475 8
949495 0.25 8
841328 0.2525 8
778275 0.255 8
710710 0.2575 8
628154 0.26 8
572234 0.2625 8
555284 0.265 8
596578 0.2675 8
710960 0.27 8
840664 0.2725 8
1.00234e+06 0.275 8
1.12931e+06 0.2775 8
1.24329e+06 0.28 8
1.28995e+06 0.2825 8
1.3562e+06 0.285 8
1.3823e+06 0.2875 8
1.33975e+06 0.29 8
1.27419e+06 0.2925 8
1.14362e+06 0.295 8
1.00164e+06 0.2975 8
0 0.01 9
14772.3 0.0125 9
68550.5 0.015 9
230175 0.0175 9
500481 0.02 9
1.17071e+06 0.0225 9
1.92128e+06 0.025 9
2.69329e+06 0.0275 9
3.58361e+06 0.03 9
4.32836e+06 0.0325 9
4.73185e+06 0.035 9
4.84065e+06 0.0375 9
4.54071e+06 0.04 9
4.02216e+06 0.0425 9
3.39452e+06 0.045 9
2.7439e+06 0.0475 9
2.13705e+06 0.05 9
1.6539e+06 0.0525 9
1.41508e+06 0.055 9
1.56808e+06 0.0575 9
2.22121e+06 0.06 9
3.3537e+06 0.0625 9
4.75832e+06 0.065 9
6.06657e+06 0.0675 9
6.86554e+06 0.07 9
6.8613e+06 0.0725 9
6.00927e+06 0.075 9
4.54147e+06 0.0775 9
2.87173e+06 0.08 9
1.42451e+06 0.0825 9
473326 0.085 9
66355.7 0.0875 9
65212.8 0.09 9
259444 0.0925 9
482423 0.095 9
664769 0.0975 9
809514 0.1 9
928231 0.1025 9
992745 0.105 9
920036 0.1075 9
708986 0.11 9
364186 0.1125 9
89820.9 0.115 9
77828.6 0.1175 9
391087 0.12 9
1.04965e+06 0.1225 9
1.83948e+06 0.125 9
2.51302e+06 0.1275 9
2.76671e+06 0.13 9
2.47437e+06 0.1325 9
1.88555e+06 0.135 9
1.14617e+06 0.1375 9
636216 0.14 9
428262 0.1425 9
564790 0.145 9
921015 0.1475 9
1.28697e+06 0.15 9
1.54927e+06 0.1525 9
1.65289e+06 0.155 9
1.57885e+06 0.1575 9
1.42337e+06 0.16 9
1.29647e+06 0.1625 9
1.21404e+06 0.165 9
1.12209e+06 0.1675 9
1.0833e+06 0.17 9
965185 0.1725 9
688698 0.175 9
622560 0.1775 9
702480 0.18 9
1.01744e+06 0.1825 9
1.60797e+06 0.185 9
2.30425e+06 0.1875 9
3.14254e+06 0.19 9
3.63748e+06 0.1925 9
3.75032e+06 0.195 9
3.62888e+06 0.1975 9
3.65525e+06 0.2 9
3.59556e+06 0.2025 9
4.09876e+06 0.205 9
4.81133e+06 0.2075 9
5.19293e+06 0.21 9
5.25977e+06 0.2125 9
4.61574e+06 0.215 9
3.42802e+06 0.2175 9
2.18949e+06 0.22 9
1.29441e+06 0.2225 9
900538 0.225 9
1.15764e+06 0.2275 9
1.72609e+06 0.23 9
2.31726e+06 0.2325 9
2.64069e+06 0.235 9
2.66489e+06 0.2375 9
2.36695e+06 0.24 9
1.9436e+06 0.2425 9
1.56564e+06 0.245 9
1.18194e+06 0.2475 9
915448 0.25 9
734856 0.2525 9
490278 0.255 9
262187 0.2575 9
167017 0.26 9
220323 0.2625 9
409076 0.265 9
726410 0.2675 9
1.09247e+06 0.27 9
1.32222e+06 0.2725 9
1.50649e+06 0.275 9
1.54815e+06 0.2775 9
1.45654e+06 0.28 9
1.35487e+06 0.2825 9
1.15042e+06 0.285 9
914122 0.2875 9
666178 0.29 9
520456 0.2925 9
0 0.01 10
0 0.0125 10
0 0.015 10
0 0.0175 10
0 0.02 10
0 0.0225 10
0 0.025 10
0 0.0275 10
0 0.03 10
0 0.0325 10
0 0.035 10
0 0.0375 10
0 0.04 10
435.981 0.0425 10
4732.06 0.045 10
32228 0.0475 10
103789 0.05 10
172297 0.0525 10
213999 0.055 10
293341 0.0575 10
510242 0.06 10
622074 0.0625 10
698592 0.065 10
915393 0.0675 10
975993 0.07 10
932385 0.0725 10
977543 0.075 10
938640 0.0775 10
900540 0.08 10
785475 0.0825 10
894752 0.085 10
854661 0.0875 10
849029 0.09 10
813108 0.0925 10
617131 0.095 10
355271 0.0975 10
176137 0.1 10
104339 0.1025 10
97947.5 0.105 10
253654 0.1075 10
481351 0.11 10
797814 0.1125 10
955306 0.115 10
1.02673e+06 0.1175 10
1.09339e+06 0.12 10
1.11703e+06 0.1225 10
1.1529e+06 0.125 10
1.29185e+06 0.1275 10
1.58728e+06 0.13 10
1.98699e+06 0.1325 10
2.49941e+06 0.135 10
2.80504e+06 0.1375 10
3.00481e+06 0.14 10
2.98125e+06 0.1425 10
2.94137e+06 0.145 10
2.9003e+06 0.1475 10
2.86402e+06 0.15 10
2.85817e+06 0.1525 10
2.82389e+06 0.155 10
2.78723e+06 0.1575 10
2.7016e+06 0.16 10
2.576e+06 0.1625 10
2.3821e+06 0.165 10
2.12713e+06 0.1675 10
1.88123e+06 0.17 10
1.65023e+06 0.1725 10
1.42279e+06 0.175 10
1.25505e+06 0.1775 10
1.15933e+06 0.18 10
1.15002e+06 0.1825 10
1.20973e+06 0.185 10
1.49516e+06 0.1875 10
1.87948e+06 0.19 10
2.20403e+06 0.1925 10
2.46712e+06 0.195 10
2.57088e+06 0.1975 10
2.48598e+06 0.2 10
2.20373e+06 0.2025 10
1.64184e+06 0.205 10
1.1814e+06 0.2075 10
851689 0.21 10
733739 0.2125 10
805090 0.215 10
1.01758e+06 0.2175 10
1.19334e+06 0.22 10
1.34532e+06 0.2225 10
1.28317e+06 0.225 10
1.1312e+06 0.2275 10
836578 0.23 10
609010 0.2325 10
418178 0.235 10
253589 0.2375 10
171893 0.24 10
159696 0.2425 10
205798 0.245 10
270319 0.2475 10
360877 0.25 10
466162 0.2525 10
481484 0.255 10
456563 0.2575 10
462882 0.26 10
385399 0.2625 10
365213 0.265 10
320808 0.2675 10
337345 0.27 10
388207 0.2725 10
437598 0.275 10
481457 0.2775 10
508900 0.28 10
558234 0.2825 10
638283 0.285 10
688425 0.2875 10
0 0.01 11
0 0.0125 11
0 0.015 11
0 0.0175 11
0 0.02 11
0 0.0225 11
0 0.025 11
0 0.0275 11
0 0.03 11
0 0.0325 11
0 0.035 11
6753.03 0.0375 11
35867.3 0.04 11
177680 0.0425 11
245026 0.045 11
640356 0.0475 11
937759 0.05 11
1.24149e+06 0.0525 11
1.52835e+06 0.055 11
1.85393e+06 0.0575 11
2.53671e+06 0.06 11
2.70838e+06 0.0625 11
2.79454e+06 0.065 11
2.50225e+06 0.0675 11
2.23392e+06 0.07 11
2.18877e+06 0.0725 11
2.16096e+06 0.075 11
2.09251e+06 0.0775 11
2.43869e+06 0.08 11
2.44358e+06 0.0825 11
2.11839e+06 0.085 11
1.78522e+06 0.0875 11
1.41744e+06 0.09 11
818247 0.0925 11
459658 0.095 11
242155 0.0975 11
279370 0.1 11
397077 0.1025 11
636642 0.105 11
804820 0.1075 11
828945 0.11 11
832819 0.1125 11
931196 0.115 11
1.13549e+06 0.1175 11
1.27373e+06 0.12 11
1.89621e+06 0.1225 11
2.34485e+06 0.125 11
2.64989e+06 0.1275 11
2.9247e+06 0.13 11
3.20736e+06 0.1325 11
2.99768e+06 0.135 11
2.84901e+06 0.1375 11
2.6696e+06 0.14 11
2.49502e+06 0.1425 11
2.09238e+06 0.145 11
1.72505e+06 0.1475 11
1.40532e+06 0.15 11
1.02367e+06 0.1525 11
560669 0.155 11
263244 0.1575 11
60979.7 0.16 11
71844.6 0.1625 11
301470 0.165 11
720017 0.1675 11
1.36192e+06 0.17 11
1.92321e+06 0.1725 11
2.42271e+06 0.175 11
2.60709e+06 0.1775 11
2.76819e+06 0.18 11
2.76709e+06 0.1825 11
2.76801e+06 0.185 11
2.76999e+06 0.1875 11
2.73035e+06 0.19 11
2.57978e+06 0.1925 11
2.29434e+06 0.195 11
1.82606e+06 0.1975 11
1.3537e+06 0.2 11
1.06432e+06 0.2025 11
1.04093e+06 0.205 11
1.42294e+06 0.2075 11
1.97174e+06 0.21 11
2.41247e+06 0.2125 11
2.71539e+06 0.215 11
2.69771e+06 0.2175 11
2.34013e+06 0.22 11
1.85495e+06 0.2225 11
1.29356e+06 0.225 11
1.0303e+06 0.2275 11
1.04253e+06 0.23 11
1.19651e+06 0.2325 11
1.35318e+06 0.235 11
1.38822e+06 0.2375 11
1.28259e+06 0.24 11
966070 0.2425 11
571180 0.245 11
337503 0.2475 11
255420 0.25 11
277505 0.2525 11
322900 0.255 11
353713 0.2575 11
384462 0.26 11
385846 0.2625 11
405564 0.265 11
454165 0.2675 11
491542 0.27 11
507255 0.2725 11
472568 0.275 11
386733 0.2775 11
297014 0.28 11
245423 0.2825 11
47596.2 0.01 12
118095 0.0125 12
290672 0.015 12
520053 0.0175 12
784544 0.02 12
969022 0.0225 12
1.02324e+06 0.025 12
934455 0.0275 12
758533 0.03 12
594740 0.0325 12
531502 0.035 12
594985 0.0375 12
733012 0.04 12
845910 0.0425 12
846488 0.045 12
712893 0.0475 12
502736 0.05 12
321318 0.0525 12
264728 0.055 12
371876 0.0575 12
610991 0.06 12
903106 0.0625 12
1.164e+06 0.065 12
1.33997e+06 0.0675 12
1.42273e+06 0.07 12
1.44458e+06 0.0725 12
1.4641e+06 0.075 12
1.54992e+06 0.0775 12
1.76153e+06 0.08 12
2.12291e+06 0.0825 12
2.59269e+06 0.085 12
3.04813e+06 0.0875 12
3.3061e+06 0.09 12
3.19147e+06 0.0925 12
2.63406e+06 0.095 12
1.7469e+06 0.0975 12
832466 0.1 12
291063 0.1025 12
456426 0.105 12
1.43115e+06 0.1075 12
3.00695e+06 0.11 12
4.71975e+06 0.1125 12
6.01004e+06 0.115 12
6.43956e+06 0.1175 12
5.95182e+06 0.12 12
4.73053e+06 0.1225 12
3.24647e+06 0.125 12
1.96798e+06 0.1275 12
1.19429e+06 0.13 12
1.03594e+06 0.1325 12
1.26187e+06 0.135 12
1.59268e+06 0.1375 12
1.70533e+06 0.14 12
1.7766e+06 0.1425 12
1.69355e+06 0.145 12
1.6127e+06 0.1475 12
1.59194e+06 0.15 12
1.54255e+06 0.1525 12
1.51025e+06 0.155 12
1.40708e+06 0.1575 12
1.28028e+06 0.16 12
1.07175e+06 0.1625 12
929824 0.165 12
794136 0.1675 12
874456 0.17 12
929738 0.1725 12
1.21161e+06 0.175 12
1.68368e+06 0.1775 12
1.90244e+06 0.18 12
2.01659e+06 0.1825 12
1.89718e+06 0.185 12
1.49041e+06 0.1875 12
975553 0.19 12
513825 0.1925 12
216217 0.195 12
191238 0.1975 12
410230 0.2 12
730222 0.2025 12
1.11934e+06 0.205 12
1.41156e+06 0.2075 12
1.47349e+06 0.21 12
1.4356e+06 0.2125 12
1.24803e+06 0.215 12
1.04263e+06 0.2175 12
761987 0.22 12
582599 0.2225 12
490632 0.225 12
434482 0.2275 12
374278 0.23 12
327479 0.2325 12
232764 0.235 12
134219 0.2375 12
112428 0.24 12
173202 0.2425 12
351686 0.245 12
598047 0.2475 12
940033 0.25 12
1.2827e+06 0.2525 12
1.5067e+06 0.255 12
1.64386e+06 0.2575 12
1.64766e+06 0.26 12
1.43069e+06 0.2625 12
1.21947e+06 0.265 12
986577 0.2675 12
730318 0.27 12
560396 0.2725 12
450583 0.275 12
18511.7 0.01 13
71291.6 0.0125 13
160050 0.015 13
282435 0.0175 13
463731 0.02 13
676192 0.0225 13
914554 0.025 13
1.18461e+06 0.0275 13
1.50011e+06 0.03 13
1.86254e+06 0.0325 13
2.23614e+06 0.035 13
2.53725e+06 0.0375 13
2.65323e+06 0.04 13
2.49057e+06 0.0425 13
2.03179e+06 0.045 13
1.36966e+06 0.0475 13
693195 0.05 13
223169 0.0525 13
122010 0.055 13
420210 0.0575 13
996408 0.06 13
1.6235e+06 0.0625 13
2.06085e+06 0.065 13
2.1502e+06 0.0675 13
1.87243e+06 0.07 13
1.34253e+06 0.0725 13
750763 0.075 13
281367 0.0775 13
46592.2 0.08 13
60858.7 0.0825 13
257891 0.085 13
534150 0.0875 13
794263 0.09 13
979456 0.0925 13
1.07263e+06 0.095 13
1.0857e+06 0.0975 13
1.04075e+06 0.1 13
955294 0.1025 13
837006 0.105 13
693945 0.1075 13
519527 0.11 13
364476 0.1125 13
247693 0.115 13
262332 0.1175 13
438727 0.12 13
625673 0.1225 13
765070 0.125 13
1.10099e+06 0.1275 13
1.41905e+06 0.13 13
1.62173e+06 0.1325 13
1.60346e+06 0.135 13
1.45443e+06 0.1375 13
1.26754e+06 0.14 13
958621 0.1425 13
755080 0.145 13
709434 0.1475 13
676323 0.15 13
781867 0.1525 13
922739 0.155 13
1.12206e+06 0.1575 13
1.39935e+06 0.16 13
1.64581e+06 0.1625 13
1.83119e+06 0.165 13
1.81242e+06 0.1675 13
1.5378e+06 0.17 13
1.23428e+06 0.1725 13
890701 0.175 13
730939 0.1775 13
777605 0.18 13
1.02019e+06 0.1825 13
1.20023e+06 0.185 13
1.56789e+06 0.1875 13
1.77423e+06 0.19 13
1.64411e+06 0.1925 13
1.51603e+06 0.195 13
1.15984e+06 0.1975 13
866866 0.2 13
475982 0.2025 13
260561 0.205 13
125955 0.2075 13
75883.4 0.21 13
94950.5 0.2125 13
138995 0.215 13
147819 0.2175 13
114816 0.22 13
99631.3 0.2225 13
84407.5 0.225 13
128121 0.2275 13
219469 0.23 13
375887 0.2325 13
555769 0.235 13
653221 0.2375 13
736554 0.24 13
637614 0.2425 13
531147 0.245 13
346191 0.2475 13
250936 0.25 13
223888 0.2525 13
237337 0.255 13
302910 0.2575 13
376860 0.26 13
406426 0.2625 13
385182 0.265 13
311286 0.2675 13
0 0.02 14
0 0.0225 14
0 0.025 14
0 0.0275 14
0 0.03 14
0 0.0325 14
0 0.035 14
482.044 0.0375 14
28781.9 0.04 14
98607.4 0.0425 14
176945 0.045 14
230896 0.0475 14
286956 0.05 14
448922 0.0525 14
564382 0.055 14
653256 0.0575 14
719443 0.06 14
782489 0.0625 14
744478 0.065 14
617088 0.0675 14
374566 0.07 14
222141 0.0725 14
124506 0.075 14
114774 0.0775 14
157582 0.08 14
389627 0.0825 14
691107 0.085 14
1.13685e+06 0.0875 14
1.606e+06 0.09 14
2.23201e+06 0.0925 14
2.80936e+06 0.095 14
3.31549e+06 0.0975 14
3.52863e+06 0.1 14
3.69588e+06 0.1025 14
3.30109e+06 0.105 14
2.54667e+06 0.1075 14
1.87686e+06 0.11 14
1.23658e+06 0.1125 14
925406 0.115 14
965254 0.1175 14
1.31667e+06 0.12 14
1.68896e+06 0.1225 14
1.89955e+06 0.125 14
1.79586e+06 0.1275 14
1.45132e+06 0.13 14
859381 0.1325 14
415058 0.135 14
211386 0.1375 14
386022 0.14 14
742532 0.1425 14
1.23161e+06 0.145 14
1.74166e+06 0.1475 14
2.00459e+06 0.15 14
1.90802e+06 0.1525 14
1.54521e+06 0.155 14
1.07937e+06 0.1575 14
649725 0.16 14
394036 0.1625 14
378265 0.165 14
619019 0.1675 14
1.12097e+06 0.17 14
1.65604e+06 0.1725 14
1.98049e+06 0.175 14
2.0931e+06 0.1775 14
1.85779e+06 0.18 14
1.48009e+06 0.1825 14
1.04576e+06 0.185 14
695292 0.1875 14
566906 0.19 14
670969 0.1925 14
973941 0.195 14
1.30845e+06 0.1975 14
1.44947e+06 0.2 14
1.4835e+06 0.2025 14
1.28431e+06 0.205 14
972837 0.2075 14
607282 0.21 14
393524 0.2125 14
293809 0.215 14
329694 0.2175 14
422049 0.22 14
452628 0.2225 14
447185 0.225 14
407934 0.2275 14
346728 0.23 14
358207 0.2325 14
417744 0.235 14
504086 0.2375 14
568160 0.24 14
627024 0.2425 14
620767 0.245 14
589268 0.2475 14
578886 0.25 14
622019 0.2525 14
695780 0.255 14
776021 0.2575 14
0 0.0125 15
0 0.015 15
0 0.0175 15
0 0.02 15
0 0.0225 15
0 0.025 15
0 0.0275 15
0 0.03 15
0 0.0325 15
0 0.035 15
0 0.0375 15
0 0.04 15
312.398 0.0425 15
776.371 0.045 15
120.572 0.0475 15
38649.4 0.05 15
123141 0.0525 15
340648 0.055 15
628784 0.0575 15
1.09486e+06 0.06 15
1.61721e+06 0.0625 15
2.23545e+06 0.065 15
2.96298e+06 0.0675 15
3.25854e+06 0.07 15
4.19857e+06 0.0725 15
4.80312e+06 0.075 15
5.10333e+06 0.0775 15
4.9525e+06 0.08 15
4.8508e+06 0.0825 15
4.75694e+06 0.085 15
4.57327e+06 0.0875 15
4.33304e+06 0.09 15
4.12945e+06 0.0925 15
3.9645e+06 0.095 15
3.82826e+06 0.0975 15
3.7013e+06 0.1 15
3.55431e+06 0.1025 15
3.12408e+06 0.105 15
2.70668e+06 0.1075 15
2.07115e+06 0.11 15
1.48149e+06 0.1125 15
909568 0.115 15
531490 0.1175 15
310720 0.12 15
235588 0.1225 15
330037 0.125 15
485915 0.1275 15
730897 0.13 15
1.1236e+06 0.1325 15
1.30423e+06 0.135 15
1.45082e+06 0.1375 15
1.50293e+06 0.14 15
1.39506e+06 0.1425 15
1.08966e+06 0.145 15
832072 0.1475 15
652044 0.15 15
614811 0.1525 15
700541 0.155 15
886930 0.1575 15
1.04594e+06 0.16 15
1.08864e+06 0.1625 15
1.0377e+06 0.165 15
908950 0.1675 15
738410 0.17 15
581214 0.1725 15
470580 0.175 15
388342 0.1775 15
349381 0.18 15
335416 0.1825 15
350884 0.185 15
410100 0.1875 15
516191 0.19 15
701898 0.1925 15
866408 0.195 15
944139 0.1975 15
913242 0.2 15
804300 0.2025 15
630390 0.205 15
545522 0.2075 15
512183 0.21 15
511231 0.2125 15
690383 0.215 15
769595 0.2175 15
814161 0.22 15
765404 0.2225 15
612936 0.225 15
391420 0.2275 15
228038 0.23 15
126250 0.2325 15
164196 0.235 15
273444 0.2375 15
423257 0.24 15
560013 0.2425 15
710812 0.245 15
822696 0.2475 15
0 0.0025 16
0 0.005 16
0 0.0075 16
0 0.01 16
17547.4 0.0125 16
33591.5 0.015 16
91280.9 0.0175 16
131649 0.02 16
234994 0.0225 16
312650 0.025 16
376862 0.0275 16
395798 0.03 16
280417 0.0325 16
172359 0.035 16
138733 0.0375 16
235161 0.04 16
491986 0.0425 16
882911 0.045 16
1.34287e+06 0.0475 16
1.8136e+06 0.05 16
2.28836e+06 0.0525 16
2.82204e+06 0.055 16
3.49056e+06 0.0575 16
4.31598e+06 0.06 16
5.20164e+06 0.0625 16
5.92495e+06 0.065 16
6.20873e+06 0.0675 16
5.84655e+06 0.07 16
4.82102e+06 0.0725 16
3.34867e+06 0.075 16
1.81779e+06 0.0775 16
640579 0.08 16
87349.4 0.0825 16
182371 0.085 16
710680 0.0875 16
1.32912e+06 0.09 16
1.72389e+06 0.0925 16
1.7379e+06 0.095 16
1.41214e+06 0.0975 16
932979 0.1 16
526805 0.1025 16
349895 0.105 16
418127 0.1075 16
649465 0.11 16
936513 0.1125 16
1.09734e+06 0.115 16
1.09174e+06 0.1175 16
1.00338e+06 0.12 16
777300 0.1225 16
562262 0.125 16
440997 0.1275 16
414060 0.13 16
515830 0.1325 16
703386 0.135 16
999000 0.1375 16
1.2007e+06 0.14 16
1.30149e+06 0.1425 16
1.26753e+06 0.145 16
1.04921e+06 0.1475 16
780889 0.15 16
470611 0.1525 16
239855 0.155 16
75118 0.1575 16
23456.5 0.16 16
61981.1 0.1625 16
143282 0.165 16
223371 0.1675 16
287567 0.17 16
336709 0.1725 16
371493 0.175 16
441058 0.1775 16
500132 0.18 16
389903 0.1825 16
337407 0.185 16
287318 0.1875 16
284248 0.19 16
304195 0.1925 16
291166 0.195 16
271011 0.1975 16
272480 0.2 16
239093 0.2025 16
182896 0.205 16
130984 0.2075 16
129452 0.21 16
150338 0.2125 16
177394 0.215 16
238874 0.2175 16
296535 0.22 16
355621 0.2225 16
374035 0.225 16
390085 0.2275 16
350570 0.23 16
281079 0.2325 16
220495 0.235 16
147839 0.2375 16
662.505 0.0025 17
9650.95 0.005 17
41904.6 0.0075 17
107637 0.01 17
204753 0.0125 17
323684 0.015 17
460517 0.0175 17
625645 0.02 17
837213 0.0225 17
1.1009e+06 0.025 17
1.39043e+06 0.0275 17
1.64598e+06 0.03 17
1.79656e+06 0.0325 17
1.79548e+06 0.035 17
1.64696e+06 0.0375 17
1.40692e+06 0.04 17
1.15734e+06 0.0425 17
971309 0.045 17
890025 0.0475 17
922481 0.05 17
1.06032e+06 0.0525 17
1.29002e+06 0.055 17
1.58943e+06 0.0575 17
1.91264e+06 0.06 17
2.18126e+06 0.0625 17
2.30011e+06 0.065 17
2.19816e+06 0.0675 17
1.87401e+06 0.07 17
1.41545e+06 0.0725 17
974253 0.075 17
703761 0.0775 17
691198 0.08 17
921961 0.0825 17
1.29475e+06 0.085 17
1.67659e+06 0.0875 17
1.96454e+06 0.09 17
2.12015e+06 0.0925 17
2.16279e+06 0.095 17
2.13414e+06 0.0975 17
2.06133e+06 0.1 17
1.94188e+06 0.1025 17
1.75532e+06 0.105 17
1.48824e+06 0.1075 17
1.15352e+06 0.11 17
792614 0.1125 17
462400 0.115 17
215049 0.1175 17
91467.9 0.12 17
119315 0.1225 17
290094 0.125 17
601958 0.1275 17
950392 0.13 17
1.27834e+06 0.1325 17
1.51824e+06 0.135 17
1.53189e+06 0.1375 17
1.40861e+06 0.14 17
1.24309e+06 0.1425 17
1.0668e+06 0.145 17
973476 0.1475 17
1.05861e+06 0.15 17
1.20423e+06 0.1525 17
1.28122e+06 0.155 17
1.37085e+06 0.1575 17
1.40938e+06 0.16 17
1.27685e+06 0.1625 17
1.30817e+06 0.165 17
1.28326e+06 0.1675 17
1.39918e+06 0.17 17
1.44392e+06 0.1725 17
1.38403e+06 0.175 17
1.31903e+06 0.1775 17
1.13886e+06 0.18 17
901585 0.1825 17
694613 0.185 17
513474 0.1875 17
453532 0.19 17
449348 0.1925 17
421539 0.195 17
374331 0.1975 17
338276 0.2 17
310517 0.2025 17
287728 0.205 17
273233 0.2075 17
256418 0.21 17
245229 0.2125 17
197991 0.215 17
173142 0.2175 17
139991 0.22 17
109450 0.2225 17
91197.4 0.225 17
0 0.0025 18
0 0.005 18
0 0.0075 18
0 0.01 18
0 0.0125 18
0 0.015 18
0 0.0175 18
0 0.02 18
0 0.0225 18
0 0.025 18
0 0.0275 18
0 0.03 18
1969.4 0.0325 18
21052.3 0.035 18
30311.9 0.0375 18
54444.2 0.04 18
122287 0.0425 18
132595 0.045 18
226241 0.0475 18
239969 0.05 18
344132 0.0525 18
300569 0.055 18
261784 0.0575 18
196733 0.06 18
225504 0.0625 18
142596 0.065 18
53313.9 0.0675 18
35911.6 0.07 18
48125 0.0725 18
49542.9 0.075 18
55660.4 0.0775 18
79053 0.08 18
91035.6 0.0825 18
120434 0.085 18
123797 0.0875 18
170309 0.09 18
202846 0.0925 18
282331 0.095 18
346055 0.0975 18
433170 0.1 18
558673 0.1025 18
719456 0.105 18
879405 0.1075 18
1.03366e+06 0.11 18
1.1061e+06 0.1125 18
1.11876e+06 0.115 18
1.00346e+06 0.1175 18
850436 0.12 18
656187 0.1225 18
507451 0.125 18
372346 0.1275 18
295718 0.13 18
264814 0.1325 18
333036 0.135 18
458488 0.1375 18
566260 0.14 18
765279 0.1425 18
867393 0.145 18
835021 0.1475 18
688536 0.15 18
510800 0.1525 18
333299 0.155 18
208507 0.1575 18
139141 0.16 18
114532 0.1625 18
114917 0.165 18
101854 0.1675 18
75046.1 0.17 18
50336.2 0.1725 18
53119.6 0.175 18
93291 0.1775 18
160984 0.18 18
206413 0.1825 18
209914 0.185 18
196852 0.1875 18
172378 0.19 18
186146 0.1925 18
257892 0.195 18
376046 0.1975 18
483611 0.2 18
520646 0.2025 18
511649 0.205 18
403813 0.2075 18
289169 0.21 18
203701 0.2125 18
0 0.0025 19
0 0.005 19
0 0.0075 19
0 0.01 19
0 0.0125 19
0 0.015 19
0 0.0175 19
0 0.02 19
0 0.0225 19
0 0.025 19
0 0.0275 19
0 0.03 19
0 0.0325 19
0 0.035 19
0 0.0375 19
0 0.04 19
0 0.0425 19
0 0.045 19
0 0.0475 19
1711.55 0.05 19
315.86 0.0525 19
5174.72 0.055 19
12229.9 0.0575 19
54645.9 0.06 19
59632.5 0.0625 19
114857 0.065 19
136935 0.0675 19
147783 0.07 19
234942 0.0725 19
270066 0.075 19
405899 0.0775 19
433048 0.08 19
419660 0.0825 19
469746 0.085 19
453783 0.0875 19
363008 0.09 19
267324 0.0925 19
153156 0.095 19
169595 0.0975 19
187174 0.1 19
152825 0.1025 19
137494 0.105 19
145723 0.1075 19
158399 0.11 19
161746 0.1125 19
179697 0.115 19
193200 0.1175 19
196782 0.12 19
212740 0.1225 19
213197 0.125 19
232219 0.1275 19
195944 0.13 19
189781 0.1325 19
233805 0.135 19
361903 0.1375 19
588150 0.14 19
884966 0.1425 19
1.21226e+06 0.145 19
1.46726e+06 0.1475 19
1.5439e+06 0.15 19
1.47561e+06 0.1525 19
1.1854e+06 0.155 19
859131 0.1575 19
543235 0.16 19
330331 0.1625 19
218809 0.165 19
223263 0.1675 19
284679 0.17 19
346812 0.1725 19
371064 0.175 19
347911 0.1775 19
288085 0.18 19
220876 0.1825 19
167062 0.185 19
138169 0.1875 19
132826 0.19 19
146410 0.1925 19
188806 0.195 19
282089 0.1975 19
0 0.0025 20
0 0.005 20
0 0.0075 20
0 0.01 20
0 0.0125 20
0 0.015 20
1619.41 0.0175 20
11235.9 0.02 20
30065.4 0.0225 20
54856.3 0.025 20
81537.2 0.0275 20
137048 0.03 20
186149 0.0325 20
152105 0.035 20
161804 0.0375 20
163223 0.04 20
78489.8 0.0425 20
38224.7 0.045 20
13476.4 0.0475 20
48889 0.05 20
193934 0.0525 20
453307 0.055 20
743949 0.0575 20
1.00621e+06 0.06 20
1.15868e+06 0.0625 20
1.14594e+06 0.065 20
963335 0.0675 20
663685 0.07 20
341257 0.0725 20
98617.3 0.075 20
9786.63 0.0775 20
95090.3 0.08 20
317643 0.0825 20
601433 0.085 20
861506 0.0875 20
1.03255e+06 0.09 20
1.08489e+06 0.0925 20
1.02441e+06 0.095 20
881182 0.0975 20
697739 0.1 20
502469 0.1025 20
330874 0.105 20
203565 0.1075 20
133102 0.11 20
99348.3 0.1125 20
120017 0.115 20
146734 0.1175 20
177016 0.12 20
161423 0.1225 20
127775 0.125 20
131423 0.1275 20
134439 0.13 20
213602 0.1325 20
397621 0.135 20
529756 0.1375 20
663260 0.14 20
802057 0.1425 20
818523 0.145 20
712108 0.1475 20
573219 0.15 20
442539 0.1525 20
315544 0.155 20
225422 0.1575 20
171229 0.16 20
189321 0.1625 20
222352 0.165 20
294057 0.1675 20
359154 0.17 20
385807 0.1725 20
374753 0.175 20
330992 0.1775 20
46339 0.0025 21
181213 0.005 21
392224 0.0075 21
658955 0.01 21
953781 0.0125 21
1.2438e+06 0.015 21
1.49427e+06 0.0175 21
1.67331e+06 0.02 21
1.75709e+06 0.0225 21
1.73401e+06 0.025 21
1.60693e+06 0.0275 21
1.39315e+06 0.03 21
1.12269e+06 0.0325 21
835520 0.035 21
577316 0.0375 21
392550 0.04 21
314268 0.0425 21
352091 0.045 21
483247 0.0475 21
652975 0.05 21
788420 0.0525 21
824018 0.055 21
729140 0.0575 21
524855 0.06 21
279567 0.0625 21
82623.8 0.065 21
6423.27 0.0675 21
74603.5 0.07 21
252012 0.0725 21
461646 0.075 21
620061 0.0775 21
673431 0.08 21
616717 0.0825 21
488046 0.085 21
343775 0.0875 21
229232 0.09 21
160771 0.0925 21
126748 0.095 21
103645 0.0975 21
75513.5 0.1 21
44525.9 0.1025 21
27185.5 0.105 21
40068.2 0.1075 21
85196.8 0.11 21
144881 0.1125 21
189728 0.115 21
195523 0.1175 21
159764 0.12 21
104625 0.1225 21
68612.9 0.125 21
94314 0.1275 21
192800 0.13 21
356578 0.1325 21
517507 0.135 21
637778 0.1375 21
680668 0.14 21
634955 0.1425 21
488302 0.145 21
328767 0.1475 21
211166 0.15 21
172344 0.1525 21
238745 0.155 21
337087 0.1575 21
466789 0.16 21
0 0.0025 22
0 0.005 22
0 0.0075 22
0 0.01 22
0 0.0125 22
0 0.015 22
0 0.0175 22
0 0.02 22
0 0.0225 22
0 0.025 22
1107.65 0.0275 22
10952.2 0.03 22
18685.5 0.0325 22
49974.6 0.035 22
65752.3 0.0375 22
131273 0.04 22
208129 0.0425 22
274755 0.045 22
308444 0.0475 22
398960 0.05 22
469908 0.0525 22
473632 0.055 22
451108 0.0575 22
411067 0.06 22
384459 0.0625 22
345149 0.065 22
289370 0.0675 22
226996 0.07 22
171558 0.0725 22
121916 0.075 22
74596.8 0.0775 22
41377.4 0.08 22
34943 0.0825 22
61826.6 0.085 22
93643.1 0.0875 22
134474 0.09 22
173474 0.0925 22
202520 0.095 22
246792 0.0975 22
315001 0.1 22
402448 0.1025 22
517642 0.105 22
653019 0.1075 22
724322 0.11 22
718095 0.1125 22
685688 0.115 22
627181 0.1175 22
578716 0.12 22
524007 0.1225 22
509349 0.125 22
504320 0.1275 22
527912 0.13 22
539956 0.1325 22
554554 0.135 22
530433 0.1375 22
0 0.0025 23
0 0.005 23
0 0.0075 23
0 0.01 23
0 0.0125 23
0 0.015 23
0 0.0175 23
0 0.02 23
0 0.0225 23
0 0.025 23
0 0.0275 23
0 0.03 23
0 0.0325 23
0 0.035 23
0 0.0375 23
0 0.04 23
0 0.0425 23
0 0.045 23
0 0.0475 23
0 0.05 23
0 0.0525 23
601.905 0.055 23
4220.35 0.0575 23
105.901 0.06 23
5127.68 0.0625 23
17902.6 0.065 23
46937.2 0.0675 23
81916.1 0.07 23
146726 0.0725 23
190281 0.075 23
222608 0.0775 23
292323 0.08 23
301079 0.0825 23
291046 0.085 23
309095 0.0875 23
291709 0.09 23
266332 0.0925 23
205877 0.095 23
144744 0.0975 23
84311.3 0.1 23
