1.90206e+07 0.085 0
1.5116e+07 0.0875 0
1.34933e+07 0.09 0
1.53326e+07 0.0925 0
1.84026e+07 0.095 0
2.13691e+07 0.0975 0
2.34418e+07 0.1 0
2.43736e+07 0.1025 0
2.43306e+07 0.105 0
2.48664e+07 0.1075 0
2.48593e+07 0.11 0
2.45643e+07 0.1125 0
2.36544e+07 0.115 0
2.19986e+07 0.1175 0
1.97612e+07 0.12 0
1.70351e+07 0.1225 0
1.3159e+07 0.125 0
9.35958e+06 0.1275 0
5.82688e+06 0.13 0
3.04179e+06 0.1325 0
1.19037e+06 0.135 0
463099 0.1375 0
593013 0.14 0
1.11665e+06 0.1425 0
1.64892e+06 0.145 0
2.00245e+06 0.1475 0
2.14416e+06 0.15 0
2.00747e+06 0.1525 0
1.83253e+06 0.155 0
1.73148e+06 0.1575 0
1.72358e+06 0.16 0
1.81927e+06 0.1625 0
1.81971e+06 0.165 0
1.8162e+06 0.1675 0
1.93091e+06 0.17 0
2.06263e+06 0.1725 0
2.18496e+06 0.175 0
2.3557e+06 0.1775 0
2.62136e+06 0.18 0
2.71021e+06 0.1825 0
2.91656e+06 0.185 0
2.7972e+06 0.1875 0
2.65296e+06 0.19 0
2.42483e+06 0.1925 0
2.38548e+06 0.195 0
2.63719e+06 0.1975 0
3.26376e+06 0.2 0
4.01107e+06 0.2025 0
4.84947e+06 0.205 0
5.14149e+06 0.2075 0
4.76293e+06 0.21 0
3.89561e+06 0.2125 0
2.85884e+06 0.215 0
1.90455e+06 0.2175 0
1.29307e+06 0.22 0
1.17719e+06 0.2225 0
1.44211e+06 0.225 0
1.7296e+06 0.2275 0
1.8308e+06 0.23 0
1.65734e+06 0.2325 0
1.42351e+06 0.235 0
1.34482e+06 0.2375 0
1.4577e+06 0.24 0
1.74139e+06 0.2425 0
2.09282e+06 0.245 0
2.26402e+06 0.2475 0
2.14399e+06 0.25 0
1.71003e+06 0.2525 0
1.23132e+06 0.255 0
810083 0.2575 0
568333 0.26 0
509385 0.2625 0
607180 0.265 0
777380 0.2675 0
1.00924e+06 0.27 0
1.14404e+06 0.2725 0
1.23939e+06 0.275 0
1.07776e+06 0.2775 0
905897 0.28 0
750167 0.2825 0
602680 0.285 0
657321 0.2875 0
883592 0.29 0
1.23793e+06 0.2925 0
1.61197e+06 0.295 0
1.85539e+06 0.2975 0
1.86268e+06 0.3 0
1.68286e+06 0.3025 0
1.38608e+06 0.305 0
1.08714e+06 0.3075 0
889862 0.31 0
778894 0.3125 0
741339 0.315 0
0 0.0825 1
0 0.085 1
0 0.0875 1
0 0.09 1
0 0.0925 1
0 0.095 1
0 0.0975 1
0 0.1 1
0 0.1025 1
0 0.105 1
0 0.1075 1
0 0.11 1
0 0.1125 1
0 0.115 1
0 0.1175 1
0 0.12 1
0 0.1225 1
0 0.125 1
0 0.1275 1
0 0.13 1
0 0.1325 1
0 0.135 1
0 0.1375 1
0 0.14 1
0 0.1425 1
0 0.145 1
0 0.1475 1
0 0.15 1
0 0.1525 1
0 0.155 1
0 0.1575 1
0 0.16 1
0 0.1625 1
0 0.165 1
0 0.1675 1
0 0.17 1
0 0.1725 1
0 0.175 1
0 0.1775 1
0 0.18 1
0 0.1825 1
0 0.185 1
0 0.1875 1
0 0.19 1
0 0.1925 1
0 0.195 1
0 0.1975 1
0 0.2 1
0 0.2025 1
0 0.205 1
0 0.2075 1
0 0.21 1
0 0.2125 1
0 0.215 1
0 0.2175 1
0 0.22 1
0 0.2225 1
0 0.225 1
0 0.2275 1
0 0.23 1
0 0.2325 1
0 0.235 1
0 0.2375 1
0 0.24 1
0 0.2425 1
0 0.245 1
0 0.2475 1
0 0.25 1
0 0.2525 1
0 0.255 1
0 0.2575 1
0 0.26 1
0 0.2625 1
0 0.265 1
0 0.2675 1
0 0.27 1
0 0.2725 1
0 0.275 1
0 0.2775 1
0 0.28 1
0 0.2825 1
0 0.285 1
0 0.2875 1
0 0.29 1
0 0.2925 1
0 0.295 1
0 0.2975 1
0 0.3 1
0 0.3025 1
0 0.305 1
0 0.3075 1
0 0.31 1
0 0.3125 1
0 0.315 1
0 0.08 2
0 0.0825 2
0 0.085 2
0 0.0875 2
0 0.09 2
0 0.0925 2
0 0.095 2
0 0.0975 2
0 0.1 2
0 0.1025 2
0 0.105 2
0 0.1075 2
0 0.11 2
0 0.1125 2
0 0.115 2
0 0.1175 2
0 0.12 2
0 0.1225 2
0 0.125 2
0 0.1275 2
0 0.13 2
0 0.1325 2
0 0.135 2
0 0.1375 2
0 0.14 2
0 0.1425 2
0 0.145 2
0 0.1475 2
0 0.15 2
0 0.1525 2
0 0.155 2
0 0.1575 2
0 0.16 2
0 0.1625 2
0 0.165 2
0 0.1675 2
0 0.17 2
0 0.1725 2
0 0.175 2
0 0.1775 2
0 0.18 2
0 0.1825 2
0 0.185 2
0 0.1875 2
0 0.19 2
0 0.1925 2
0 0.195 2
0 0.1975 2
0 0.2 2
0 0.2025 2
0 0.205 2
0 0.2075 2
0 0.21 2
0 0.2125 2
0 0.215 2
0 0.2175 2
0 0.22 2
0 0.2225 2
0 0.225 2
0 0.2275 2
0 0.23 2
0 0.2325 2
0 0.235 2
0 0.2375 2
0 0.24 2
0 0.2425 2
0 0.245 2
0 0.2475 2
0 0.25 2
0 0.2525 2
0 0.255 2
0 0.2575 2
0 0.26 2
0 0.2625 2
0 0.265 2
0 0.2675 2
0 0.27 2
0 0.2725 2
0 0.275 2
0 0.2775 2
0 0.28 2
0 0.2825 2
0 0.285 2
0 0.2875 2
0 0.29 2
0 0.2925 2
0 0.295 2
0 0.2975 2
0 0.3 2
0 0.3025 2
0 0.305 2
0 0.3075 2
0 0.31 2
0 0.3125 2
0 0.315 2
1.83165e+07 0.075 3
2.07219e+07 0.0775 3
2.23419e+07 0.08 3
2.4467e+07 0.0825 3
2.69508e+07 0.085 3
3.03906e+07 0.0875 3
3.31922e+07 0.09 3
3.46272e+07 0.0925 3
3.52331e+07 0.095 3
3.50527e+07 0.0975 3
3.34332e+07 0.1 3
3.08945e+07 0.1025 3
2.70742e+07 0.105 3
2.33405e+07 0.1075 3
1.9645e+07 0.11 3
1.58112e+07 0.1125 3
1.23965e+07 0.115 3
9.67634e+06 0.1175 3
7.37173e+06 0.12 3
5.95092e+06 0.1225 3
5.25444e+06 0.125 3
5.02978e+06 0.1275 3
4.86448e+06 0.13 3
5.31633e+06 0.1325 3
5.86208e+06 0.135 3
6.21936e+06 0.1375 3
6.11785e+06 0.14 3
5.44561e+06 0.1425 3
4.31289e+06 0.145 3
3.12408e+06 0.1475 3
2.20387e+06 0.15 3
1.86353e+06 0.1525 3
2.12621e+06 0.155 3
2.35432e+06 0.1575 3
2.45774e+06 0.16 3
2.21929e+06 0.1625 3
1.9419e+06 0.165 3
1.74267e+06 0.1675 3
1.7064e+06 0.17 3
1.81061e+06 0.1725 3
1.99682e+06 0.175 3
2.01313e+06 0.1775 3
1.9685e+06 0.18 3
1.85463e+06 0.1825 3
2.07112e+06 0.185 3
2.47098e+06 0.1875 3
2.92271e+06 0.19 3
3.29163e+06 0.1925 3
3.31669e+06 0.195 3
2.968e+06 0.1975 3
2.61912e+06 0.2 3
2.23227e+06 0.2025 3
1.87324e+06 0.205 3
1.67438e+06 0.2075 3
1.67591e+06 0.21 3
1.58993e+06 0.2125 3
1.39723e+06 0.215 3
1.29873e+06 0.2175 3
1.26282e+06 0.22 3
1.16228e+06 0.2225 3
1.34662e+06 0.225 3
1.34644e+06 0.2275 3
1.3615e+06 0.23 3
1.39557e+06 0.2325 3
1.29662e+06 0.235 3
1.29466e+06 0.2375 3
1.52814e+06 0.24 3
1.87396e+06 0.2425 3
2.19738e+06 0.245 3
2.44395e+06 0.2475 3
2.58173e+06 0.25 3
2.41954e+06 0.2525 3
2.26323e+06 0.255 3
1.95923e+06 0.2575 3
1.61314e+06 0.26 3
1.36526e+06 0.2625 3
1.14816e+06 0.265 3
1.21629e+06 0.2675 3
1.42272e+06 0.27 3
1.64482e+06 0.2725 3
1.77983e+06 0.275 3
1.82181e+06 0.2775 3
1.70768e+06 0.28 3
1.5551e+06 0.2825 3
1.49456e+06 0.285 3
1.56096e+06 0.2875 3
1.68163e+06 0.29 3
1.74179e+06 0.2925 3
1.71221e+06 0.295 3
1.5889e+06 0.2975 3
1.33082e+06 0.3 3
1.11515e+06 0.3025 3
986189 0.305 3
991506 0.3075 3
1.15309e+06 0.31 3
1.2427e+06 0.3125 3
1.29409e+06 0.315 3
0 0.0675 4
0 0.07 4
0 0.0725 4
0 0.075 4
0 0.0775 4
0 0.08 4
0 0.0825 4
0 0.085 4
0 0.0875 4
0 0.09 4
0 0.0925 4
0 0.095 4
0 0.0975 4
0 0.1 4
0 0.1025 4
0 0.105 4
0 0.1075 4
0 0.11 4
0 0.1125 4
0 0.115 4
0 0.1175 4
0 0.12 4
0 0.1225 4
0 0.125 4
0 0.1275 4
0 0.13 4
0 0.1325 4
0 0.135 4
0 0.1375 4
0 0.14 4
0 0.1425 4
0 0.145 4
0 0.1475 4
0 0.15 4
0 0.1525 4
0 0.155 4
0 0.1575 4
0 0.16 4
0 0.1625 4
0 0.165 4
0 0.1675 4
0 0.17 4
0 0.1725 4
0 0.175 4
0 0.1775 4
0 0.18 4
0 0.1825 4
0 0.185 4
0 0.1875 4
0 0.19 4
0 0.1925 4
0 0.195 4
0 0.1975 4
0 0.2 4
0 0.2025 4
0 0.205 4
0 0.2075 4
0 0.21 4
0 0.2125 4
0 0.215 4
0 0.2175 4
0 0.22 4
0 0.2225 4
0 0.225 4
0 0.2275 4
0 0.23 4
0 0.2325 4
0 0.235 4
0 0.2375 4
0 0.24 4
0 0.2425 4
0 0.245 4
0 0.2475 4
0 0.25 4
0 0.2525 4
0 0.255 4
0 0.2575 4
0 0.26 4
0 0.2625 4
0 0.265 4
0 0.2675 4
0 0.27 4
0 0.2725 4
0 0.275 4
0 0.2775 4
0 0.28 4
0 0.2825 4
0 0.285 4
0 0.2875 4
0 0.29 4
0 0.2925 4
0 0.295 4
0 0.2975 4
0 0.3 4
0 0.3025 4
0 0.305 4
0 0.3075 4
0 0.31 4
0 0.3125 4
0 0.055 5
0 0.0575 5
0 0.06 5
0 0.0625 5
0 0.065 5
0 0.0675 5
0 0.07 5
0 0.0725 5
0 0.075 5
0 0.0775 5
0 0.08 5
0 0.0825 5
0 0.085 5
0 0.0875 5
0 0.09 5
0 0.0925 5
0 0.095 5
0 0.0975 5
0 0.1 5
0 0.1025 5
0 0.105 5
0 0.1075 5
0 0.11 5
0 0.1125 5
0 0.115 5
0 0.1175 5
0 0.12 5
0 0.1225 5
0 0.125 5
0 0.1275 5
0 0.13 5
0 0.1325 5
0 0.135 5
0 0.1375 5
0 0.14 5
0 0.1425 5
0 0.145 5
0 0.1475 5
0 0.15 5
0 0.1525 5
0 0.155 5
0 0.1575 5
0 0.16 5
0 0.1625 5
0 0.165 5
0 0.1675 5
0 0.17 5
0 0.1725 5
0 0.175 5
0 0.1775 5
0 0.18 5
0 0.1825 5
0 0.185 5
0 0.1875 5
0 0.19 5
0 0.1925 5
0 0.195 5
0 0.1975 5
0 0.2 5
0 0.2025 5
0 0.205 5
0 0.2075 5
0 0.21 5
0 0.2125 5
0 0.215 5
0 0.2175 5
0 0.22 5
0 0.2225 5
0 0.225 5
0 0.2275 5
0 0.23 5
0 0.2325 5
0 0.235 5
0 0.2375 5
0 0.24 5
0 0.2425 5
0 0.245 5
0 0.2475 5
0 0.25 5
0 0.2525 5
0 0.255 5
0 0.2575 5
0 0.26 5
0 0.2625 5
0 0.265 5
0 0.2675 5
0 0.27 5
0 0.2725 5
0 0.275 5
0 0.2775 5
0 0.28 5
0 0.2825 5
0 0.285 5
0 0.2875 5
0 0.29 5
0 0.2925 5
0 0.295 5
0 0.2975 5
0 0.3 5
0 0.3025 5
0 0.305 5
0 0.3075 5
0 0.31 5
4.67197e+06 0.035 6
3.92494e+06 0.0375 6
2.8762e+06 0.04 6
1.74218e+06 0.0425 6
745003 0.045 6
267375 0.0475 6
548767 0.05 6
1.21292e+06 0.0525 6
1.93509e+06 0.055 6
2.58821e+06 0.0575 6
2.79937e+06 0.06 6
2.76368e+06 0.0625 6
2.54438e+06 0.065 6
2.28601e+06 0.0675 6
2.35256e+06 0.07 6
2.76302e+06 0.0725 6
2.9867e+06 0.075 6
3.23091e+06 0.0775 6
3.11952e+06 0.08 6
2.97927e+06 0.0825 6
2.78225e+06 0.085 6
2.58571e+06 0.0875 6
2.30841e+06 0.09 6
2.34242e+06 0.0925 6
2.44239e+06 0.095 6
2.67899e+06 0.0975 6
3.16651e+06 0.1 6
3.9235e+06 0.1025 6
4.21639e+06 0.105 6
4.46573e+06 0.1075 6
4.13789e+06 0.11 6
3.67117e+06 0.1125 6
2.86401e+06 0.115 6
2.15958e+06 0.1175 6
1.76969e+06 0.12 6
1.90369e+06 0.1225 6
2.40067e+06 0.125 6
3.07673e+06 0.1275 6
3.43691e+06 0.13 6
3.42583e+06 0.1325 6
2.98789e+06 0.135 6
2.5354e+06 0.1375 6
2.44745e+06 0.14 6
2.65824e+06 0.1425 6
3.39291e+06 0.145 6
4.15183e+06 0.1475 6
4.49142e+06 0.15 6
4.39344e+06 0.1525 6
3.94869e+06 0.155 6
3.47908e+06 0.1575 6
3.14097e+06 0.16 6
3.11176e+06 0.1625 6
3.33948e+06 0.165 6
3.5079e+06 0.1675 6
3.43227e+06 0.17 6
3.01202e+06 0.1725 6
2.67958e+06 0.175 6
2.82583e+06 0.1775 6
3.17811e+06 0.18 6
3.71096e+06 0.1825 6
3.96301e+06 0.185 6
3.91633e+06 0.1875 6
3.53265e+06 0.19 6
2.9211e+06 0.1925 6
2.35862e+06 0.195 6
2.06654e+06 0.1975 6
2.03012e+06 0.2 6
2.23164e+06 0.2025 6
2.58254e+06 0.205 6
2.79803e+06 0.2075 6
2.87282e+06 0.21 6
2.77134e+06 0.2125 6
2.67806e+06 0.215 6
2.56515e+06 0.2175 6
2.38879e+06 0.22 6
2.08759e+06 0.2225 6
1.80981e+06 0.225 6
1.41705e+06 0.2275 6
1.31373e+06 0.23 6
1.31482e+06 0.2325 6
1.52606e+06 0.235 6
1.77482e+06 0.2375 6
1.95011e+06 0.24 6
2.10096e+06 0.2425 6
2.12065e+06 0.245 6
2.03058e+06 0.2475 6
1.90134e+06 0.25 6
1.89026e+06 0.2525 6
1.88608e+06 0.255 6
2.05914e+06 0.2575 6
2.23648e+06 0.26 6
2.31005e+06 0.2625 6
2.308e+06 0.265 6
2.20672e+06 0.2675 6
1.94813e+06 0.27 6
1.63624e+06 0.2725 6
1.42934e+06 0.275 6
1.23932e+06 0.2775 6
1.17502e+06 0.28 6
1.204e+06 0.2825 6
1.26136e+06 0.285 6
1.3422e+06 0.2875 6
1.40366e+06 0.29 6
1.43756e+06 0.2925 6
1.4423e+06 0.295 6
1.43079e+06 0.2975 6
1.36667e+06 0.3 6
1.31952e+06 0.3025 6
1.17988e+06 0.305 6
983335 0.3075 6
0 0.0125 7
0 0.015 7
0 0.0175 7
0 0.02 7
0 0.0225 7
0 0.025 7
0 0.0275 7
0 0.03 7
0 0.0325 7
0 0.035 7
0 0.0375 7
0 0.04 7
0 0.0425 7
0 0.045 7
0 0.0475 7
0 0.05 7
0 0.0525 7
0 0.055 7
0 0.0575 7
0 0.06 7
0 0.0625 7
0 0.065 7
0 0.0675 7
0 0.07 7
0 0.0725 7
0 0.075 7
0 0.0775 7
0 0.08 7
0 0.0825 7
0 0.085 7
0 0.0875 7
0 0.09 7
0 0.0925 7
0 0.095 7
0 0.0975 7
0 0.1 7
0 0.1025 7
0 0.105 7
0 0.1075 7
0 0.11 7
0 0.1125 7
0 0.115 7
0 0.1175 7
0 0.12 7
0 0.1225 7
0 0.125 7
0 0.1275 7
0 0.13 7
0 0.1325 7
0 0.135 7
0 0.1375 7
0 0.14 7
0 0.1425 7
0 0.145 7
0 0.1475 7
0 0.15 7
0 0.1525 7
0 0.155 7
0 0.1575 7
0 0.16 7
0 0.1625 7
0 0.165 7
0 0.1675 7
0 0.17 7
0 0.1725 7
0 0.175 7
0 0.1775 7
0 0.18 7
0 0.1825 7
0 0.185 7
0 0.1875 7
0 0.19 7
0 0.1925 7
0 0.195 7
0 0.1975 7
0 0.2 7
0 0.2025 7
0 0.205 7
0 0.2075 7
0 0.21 7
0 0.2125 7
0 0.215 7
0 0.2175 7
0 0.22 7
0 0.2225 7
0 0.225 7
0 0.2275 7
0 0.23 7
0 0.2325 7
0 0.235 7
0 0.2375 7
0 0.24 7
0 0.2425 7
0 0.245 7
0 0.2475 7
0 0.25 7
0 0.2525 7
0 0.255 7
0 0.2575 7
0 0.26 7
0 0.2625 7
0 0.265 7
0 0.2675 7
0 0.27 7
0 0.2725 7
0 0.275 7
0 0.2775 7
0 0.28 7
0 0.2825 7
0 0.285 7
0 0.2875 7
0 0.29 7
0 0.2925 7
0 0.295 7
0 0.2975 7
0 0.3 7
0 0.3025 7
0 0.305 7
0 0.01 8
0 0.0125 8
0 0.015 8
0 0.0175 8
0 0.02 8
0 0.0225 8
0 0.025 8
0 0.0275 8
0 0.03 8
0 0.0325 8
0 0.035 8
0 0.0375 8
0 0.04 8
0 0.0425 8
0 0.045 8
0 0.0475 8
0 0.05 8
0 0.0525 8
0 0.055 8
0 0.0575 8
0 0.06 8
0 0.0625 8
0 0.065 8
0 0.0675 8
0 0.07 8
0 0.0725 8
0 0.075 8
0 0.0775 8
0 0.08 8
0 0.0825 8
0 0.085 8
0 0.0875 8
0 0.09 8
0 0.0925 8
0 0.095 8
0 0.0975 8
0 0.1 8
0 0.1025 8
0 0.105 8
0 0.1075 8
0 0.11 8
0 0.1125 8
0 0.115 8
0 0.1175 8
0 0.12 8
0 0.1225 8
0 0.125 8
0 0.1275 8
0 0.13 8
0 0.1325 8
0 0.135 8
0 0.1375 8
0 0.14 8
0 0.1425 8
0 0.145 8
0 0.1475 8
0 0.15 8
0 0.1525 8
0 0.155 8
0 0.1575 8
0 0.16 8
0 0.1625 8
0 0.165 8
0 0.1675 8
0 0.17 8
0 0.1725 8
0 0.175 8
0 0.1775 8
0 0.18 8
0 0.1825 8
0 0.185 8
0 0.1875 8
0 0.19 8
0 0.1925 8
0 0.195 8
0 0.1975 8
0 0.2 8
0 0.2025 8
0 0.205 8
0 0.2075 8
0 0.21 8
0 0.2125 8
0 0.215 8
0 0.2175 8
0 0.22 8
0 0.2225 8
0 0.225 8
0 0.2275 8
0 0.23 8
0 0.2325 8
0 0.235 8
0 0.2375 8
0 0.24 8
0 0.2425 8
0 0.245 8
0 0.2475 8
0 0.25 8
0 0.2525 8
0 0.255 8
0 0.2575 8
0 0.26 8
0 0.2625 8
0 0.265 8
0 0.2675 8
0 0.27 8
0 0.2725 8
0 0.275 8
0 0.2775 8
0 0.28 8
0 0.2825 8
0 0.285 8
0 0.2875 8
0 0.29 8
0 0.2925 8
0 0.295 8
0 0.2975 8
99805.5 0.01 9
313679 0.0125 9
777813 0.015 9
1.42483e+06 0.0175 9
2.11671e+06 0.02 9
2.69549e+06 0.0225 9
2.98278e+06 0.025 9
2.92096e+06 0.0275 9
2.67256e+06 0.03 9
2.46806e+06 0.0325 9
2.43115e+06 0.035 9
2.61703e+06 0.0375 9
2.81218e+06 0.04 9
2.83513e+06 0.0425 9
2.56607e+06 0.045 9
1.91987e+06 0.0475 9
1.18464e+06 0.05 9
639193 0.0525 9
643320 0.055 9
1.25509e+06 0.0575 9
2.4422e+06 0.06 9
3.77148e+06 0.0625 9
4.95082e+06 0.065 9
5.52393e+06 0.0675 9
5.43057e+06 0.07 9
4.60843e+06 0.0725 9
3.33481e+06 0.075 9
2.40131e+06 0.0775 9
1.65034e+06 0.08 9
1.48586e+06 0.0825 9
1.72472e+06 0.085 9
2.1779e+06 0.0875 9
2.47634e+06 0.09 9
2.67717e+06 0.0925 9
2.57184e+06 0.095 9
2.41784e+06 0.0975 9
2.51176e+06 0.1 9
2.94721e+06 0.1025 9
3.85382e+06 0.105 9
4.48937e+06 0.1075 9
4.73938e+06 0.11 9
4.37844e+06 0.1125 9
3.66849e+06 0.115 9
2.88236e+06 0.1175 9
2.25625e+06 0.12 9
2.25679e+06 0.1225 9
2.57374e+06 0.125 9
3.00652e+06 0.1275 9
3.0744e+06 0.13 9
3.2182e+06 0.1325 9
2.87751e+06 0.135 9
2.48897e+06 0.1375 9
2.29127e+06 0.14 9
2.36666e+06 0.1425 9
2.69137e+06 0.145 9
3.13694e+06 0.1475 9
3.68679e+06 0.15 9
4.14557e+06 0.1525 9
4.39846e+06 0.155 9
4.92586e+06 0.1575 9
5.29822e+06 0.16 9
5.66486e+06 0.1625 9
5.77757e+06 0.165 9
5.69405e+06 0.1675 9
5.13291e+06 0.17 9
4.68534e+06 0.1725 9
4.21102e+06 0.175 9
3.98107e+06 0.1775 9
4.06882e+06 0.18 9
4.29116e+06 0.1825 9
4.3447e+06 0.185 9
4.42133e+06 0.1875 9
4.38493e+06 0.19 9
4.21331e+06 0.1925 9
4.11768e+06 0.195 9
4.31045e+06 0.1975 9
4.51405e+06 0.2 9
4.60524e+06 0.2025 9
4.59926e+06 0.205 9
4.36714e+06 0.2075 9
4.19243e+06 0.21 9
3.90035e+06 0.2125 9
3.79402e+06 0.215 9
3.7963e+06 0.2175 9
3.84092e+06 0.22 9
3.73069e+06 0.2225 9
3.33899e+06 0.225 9
2.80272e+06 0.2275 9
2.22203e+06 0.23 9
1.76846e+06 0.2325 9
1.47895e+06 0.235 9
1.39993e+06 0.2375 9
1.48626e+06 0.24 9
1.63612e+06 0.2425 9
1.7532e+06 0.245 9
1.86265e+06 0.2475 9
1.95705e+06 0.25 9
1.95926e+06 0.2525 9
1.93609e+06 0.255 9
1.83996e+06 0.2575 9
1.85908e+06 0.26 9
1.79953e+06 0.2625 9
1.88724e+06 0.265 9
2.01578e+06 0.2675 9
2.16407e+06 0.27 9
2.34327e+06 0.2725 9
2.52282e+06 0.275 9
2.59091e+06 0.2775 9
2.6147e+06 0.28 9
2.49148e+06 0.2825 9
2.33391e+06 0.285 9
2.07855e+06 0.2875 9
1.86886e+06 0.29 9
1.65695e+06 0.2925 9
0 0.01 10
0 0.0125 10
0 0.015 10
0 0.0175 10
0 0.02 10
0 0.0225 10
0 0.025 10
0 0.0275 10
0 0.03 10
0 0.0325 10
0 0.035 10
0 0.0375 10
0 0.04 10
0 0.0425 10
0 0.045 10
0 0.0475 10
0 0.05 10
0 0.0525 10
0 0.055 10
0 0.0575 10
0 0.06 10
0 0.0625 10
0 0.065 10
0 0.0675 10
0 0.07 10
0 0.0725 10
0 0.075 10
0 0.0775 10
0 0.08 10
0 0.0825 10
0 0.085 10
0 0.0875 10
0 0.09 10
0 0.0925 10
0 0.095 10
0 0.0975 10
0 0.1 10
0 0.1025 10
0 0.105 10
0 0.1075 10
0 0.11 10
0 0.1125 10
0 0.115 10
0 0.1175 10
0 0.12 10
0 0.1225 10
0 0.125 10
0 0.1275 10
0 0.13 10
0 0.1325 10
0 0.135 10
0 0.1375 10
0 0.14 10
0 0.1425 10
0 0.145 10
0 0.1475 10
0 0.15 10
0 0.1525 10
0 0.155 10
0 0.1575 10
0 0.16 10
0 0.1625 10
0 0.165 10
0 0.1675 10
0 0.17 10
0 0.1725 10
0 0.175 10
0 0.1775 10
0 0.18 10
0 0.1825 10
0 0.185 10
0 0.1875 10
0 0.19 10
0 0.1925 10
0 0.195 10
0 0.1975 10
0 0.2 10
0 0.2025 10
0 0.205 10
0 0.2075 10
0 0.21 10
0 0.2125 10
0 0.215 10
0 0.2175 10
0 0.22 10
0 0.2225 10
0 0.225 10
0 0.2275 10
0 0.23 10
0 0.2325 10
0 0.235 10
0 0.2375 10
0 0.24 10
0 0.2425 10
0 0.245 10
0 0.2475 10
0 0.25 10
0 0.2525 10
0 0.255 10
0 0.2575 10
0 0.26 10
0 0.2625 10
0 0.265 10
0 0.2675 10
0 0.27 10
0 0.2725 10
0 0.275 10
0 0.2775 10
0 0.28 10
0 0.2825 10
0 0.285 10
0 0.2875 10
0 0.01 11
0 0.0125 11
0 0.015 11
0 0.0175 11
0 0.02 11
0 0.0225 11
0 0.025 11
0 0.0275 11
0 0.03 11
0 0.0325 11
0 0.035 11
0 0.0375 11
0 0.04 11
0 0.0425 11
0 0.045 11
0 0.0475 11
0 0.05 11
0 0.0525 11
0 0.055 11
0 0.0575 11
0 0.06 11
0 0.0625 11
0 0.065 11
0 0.0675 11
0 0.07 11
0 0.0725 11
0 0.075 11
0 0.0775 11
0 0.08 11
0 0.0825 11
0 0.085 11
0 0.0875 11
0 0.09 11
0 0.0925 11
0 0.095 11
0 0.0975 11
0 0.1 11
0 0.1025 11
0 0.105 11
0 0.1075 11
0 0.11 11
0 0.1125 11
0 0.115 11
0 0.1175 11
0 0.12 11
0 0.1225 11
0 0.125 11
0 0.1275 11
0 0.13 11
0 0.1325 11
0 0.135 11
0 0.1375 11
0 0.14 11
0 0.1425 11
0 0.145 11
0 0.1475 11
0 0.15 11
0 0.1525 11
0 0.155 11
0 0.1575 11
0 0.16 11
0 0.1625 11
0 0.165 11
0 0.1675 11
0 0.17 11
0 0.1725 11
0 0.175 11
0 0.1775 11
0 0.18 11
0 0.1825 11
0 0.185 11
0 0.1875 11
0 0.19 11
0 0.1925 11
0 0.195 11
0 0.1975 11
0 0.2 11
0 0.2025 11
0 0.205 11
0 0.2075 11
0 0.21 11
0 0.2125 11
0 0.215 11
0 0.2175 11
0 0.22 11
0 0.2225 11
0 0.225 11
0 0.2275 11
0 0.23 11
0 0.2325 11
0 0.235 11
0 0.2375 11
0 0.24 11
0 0.2425 11
0 0.245 11
0 0.2475 11
0 0.25 11
0 0.2525 11
0 0.255 11
0 0.2575 11
0 0.26 11
0 0.2625 11
0 0.265 11
0 0.2675 11
0 0.27 11
0 0.2725 11
0 0.275 11
0 0.2775 11
0 0.28 11
0 0.2825 11
687867 0.01 12
1.3826e+06 0.0125 12
2.26348e+06 0.015 12
3.17896e+06 0.0175 12
3.95635e+06 0.02 12
4.46534e+06 0.0225 12
4.66039e+06 0.025 12
4.61469e+06 0.0275 12
4.38373e+06 0.03 12
4.04304e+06 0.0325 12
3.78387e+06 0.035 12
3.58835e+06 0.0375 12
3.39001e+06 0.04 12
3.14963e+06 0.0425 12
2.72096e+06 0.045 12
2.16073e+06 0.0475 12
1.53242e+06 0.05 12
1.07481e+06 0.0525 12
912244 0.055 12
1.16319e+06 0.0575 12
2.00951e+06 0.06 12
3.27902e+06 0.0625 12
4.71245e+06 0.065 12
5.91492e+06 0.0675 12
6.71576e+06 0.07 12
7.11797e+06 0.0725 12
7.31053e+06 0.075 12
7.18107e+06 0.0775 12
6.87132e+06 0.08 12
6.56675e+06 0.0825 12
6.52253e+06 0.085 12
6.13645e+06 0.0875 12
6.07288e+06 0.09 12
6.52624e+06 0.0925 12
7.01798e+06 0.095 12
7.31277e+06 0.0975 12
7.41679e+06 0.1 12
7.322e+06 0.1025 12
6.89332e+06 0.105 12
6.63518e+06 0.1075 12
6.13595e+06 0.11 12
6.38795e+06 0.1125 12
7.26784e+06 0.115 12
8.21536e+06 0.1175 12
8.89373e+06 0.12 12
9.28508e+06 0.1225 12
8.81951e+06 0.125 12
7.47361e+06 0.1275 12
5.8621e+06 0.13 12
4.13428e+06 0.1325 12
2.47543e+06 0.135 12
1.41085e+06 0.1375 12
868530 0.14 12
891422 0.1425 12
1.30816e+06 0.145 12
1.98036e+06 0.1475 12
2.79545e+06 0.15 12
3.57562e+06 0.1525 12
4.24486e+06 0.155 12
4.72747e+06 0.1575 12
4.92891e+06 0.16 12
4.85893e+06 0.1625 12
4.45154e+06 0.165 12
3.69516e+06 0.1675 12
3.11996e+06 0.17 12
2.62688e+06 0.1725 12
2.55619e+06 0.175 12
2.72312e+06 0.1775 12
3.24863e+06 0.18 12
3.62957e+06 0.1825 12
3.77999e+06 0.185 12
3.72828e+06 0.1875 12
3.49085e+06 0.19 12
3.38177e+06 0.1925 12
3.33648e+06 0.195 12
3.37209e+06 0.1975 12
3.44474e+06 0.2 12
3.38225e+06 0.2025 12
3.24452e+06 0.205 12
3.02648e+06 0.2075 12
2.8444e+06 0.21 12
2.70057e+06 0.2125 12
2.69936e+06 0.215 12
2.82879e+06 0.2175 12
2.84892e+06 0.22 12
2.76419e+06 0.2225 12
2.48821e+06 0.225 12
2.14991e+06 0.2275 12
1.79201e+06 0.23 12
1.47301e+06 0.2325 12
1.32419e+06 0.235 12
1.28767e+06 0.2375 12
1.31788e+06 0.24 12
1.35303e+06 0.2425 12
1.28447e+06 0.245 12
1.1929e+06 0.2475 12
1.04093e+06 0.25 12
924517 0.2525 12
894620 0.255 12
977488 0.2575 12
1.06731e+06 0.26 12
1.10796e+06 0.2625 12
1.13671e+06 0.265 12
1.1183e+06 0.2675 12
1.05569e+06 0.27 12
945684 0.2725 12
869530 0.275 12
0 0.01 13
0 0.0125 13
0 0.015 13
0 0.0175 13
0 0.02 13
0 0.0225 13
0 0.025 13
0 0.0275 13
0 0.03 13
0 0.0325 13
0 0.035 13
0 0.0375 13
0 0.04 13
0 0.0425 13
0 0.045 13
0 0.0475 13
0 0.05 13
0 0.0525 13
0 0.055 13
0 0.0575 13
0 0.06 13
0 0.0625 13
0 0.065 13
0 0.0675 13
0 0.07 13
0 0.0725 13
0 0.075 13
0 0.0775 13
0 0.08 13
0 0.0825 13
0 0.085 13
0 0.0875 13
0 0.09 13
0 0.0925 13
0 0.095 13
0 0.0975 13
0 0.1 13
0 0.1025 13
0 0.105 13
0 0.1075 13
0 0.11 13
0 0.1125 13
0 0.115 13
0 0.1175 13
0 0.12 13
0 0.1225 13
0 0.125 13
0 0.1275 13
0 0.13 13
0 0.1325 13
0 0.135 13
0 0.1375 13
0 0.14 13
0 0.1425 13
0 0.145 13
0 0.1475 13
0 0.15 13
0 0.1525 13
0 0.155 13
0 0.1575 13
0 0.16 13
0 0.1625 13
0 0.165 13
0 0.1675 13
0 0.17 13
0 0.1725 13
0 0.175 13
0 0.1775 13
0 0.18 13
0 0.1825 13
0 0.185 13
0 0.1875 13
0 0.19 13
0 0.1925 13
0 0.195 13
0 0.1975 13
0 0.2 13
0 0.2025 13
0 0.205 13
0 0.2075 13
0 0.21 13
0 0.2125 13
0 0.215 13
0 0.2175 13
0 0.22 13
0 0.2225 13
0 0.225 13
0 0.2275 13
0 0.23 13
0 0.2325 13
0 0.235 13
0 0.2375 13
0 0.24 13
0 0.2425 13
0 0.245 13
0 0.2475 13
0 0.25 13
0 0.2525 13
0 0.255 13
0 0.2575 13
0 0.26 13
0 0.2625 13
0 0.265 13
0 0.2675 13
0 0.02 14
0 0.0225 14
0 0.025 14
0 0.0275 14
0 0.03 14
0 0.0325 14
0 0.035 14
0 0.0375 14
0 0.04 14
0 0.0425 14
0 0.045 14
0 0.0475 14
0 0.05 14
0 0.0525 14
0 0.055 14
0 0.0575 14
0 0.06 14
0 0.0625 14
0 0.065 14
0 0.0675 14
0 0.07 14
0 0.0725 14
0 0.075 14
0 0.0775 14
0 0.08 14
0 0.0825 14
0 0.085 14
0 0.0875 14
0 0.09 14
0 0.0925 14
0 0.095 14
0 0.0975 14
0 0.1 14
0 0.1025 14
0 0.105 14
0 0.1075 14
0 0.11 14
0 0.1125 14
0 0.115 14
0 0.1175 14
0 0.12 14
0 0.1225 14
0 0.125 14
0 0.1275 14
0 0.13 14
0 0.1325 14
0 0.135 14
0 0.1375 14
0 0.14 14
0 0.1425 14
0 0.145 14
0 0.1475 14
0 0.15 14
0 0.1525 14
0 0.155 14
0 0.1575 14
0 0.16 14
0 0.1625 14
0 0.165 14
0 0.1675 14
0 0.17 14
0 0.1725 14
0 0.175 14
0 0.1775 14
0 0.18 14
0 0.1825 14
0 0.185 14
0 0.1875 14
0 0.19 14
0 0.1925 14
0 0.195 14
0 0.1975 14
0 0.2 14
0 0.2025 14
0 0.205 14
0 0.2075 14
0 0.21 14
0 0.2125 14
0 0.215 14
0 0.2175 14
0 0.22 14
0 0.2225 14
0 0.225 14
0 0.2275 14
0 0.23 14
0 0.2325 14
0 0.235 14
0 0.2375 14
0 0.24 14
0 0.2425 14
0 0.245 14
0 0.2475 14
0 0.25 14
0 0.2525 14
0 0.255 14
0 0.2575 14
1.44041e+07 0.0125 15
1.96544e+07 0.015 15
2.13807e+07 0.0175 15
1.84675e+07 0.02 15
1.21076e+07 0.0225 15
5.35327e+06 0.025 15
1.55113e+06 0.0275 15
2.61286e+06 0.03 15
7.6321e+06 0.0325 15
1.39939e+07 0.035 15
1.87544e+07 0.0375 15
1.97045e+07 0.04 15
1.71528e+07 0.0425 15
1.24997e+07 0.045 15
8.08871e+06 0.0475 15
5.19487e+06 0.05 15
3.93681e+06 0.0525 15
3.75006e+06 0.055 15
3.67734e+06 0.0575 15
3.59898e+06 0.06 15
3.40679e+06 0.0625 15
3.64429e+06 0.065 15
4.57137e+06 0.0675 15
6.05526e+06 0.07 15
7.52357e+06 0.0725 15
8.71474e+06 0.075 15
9.41997e+06 0.0775 15
9.5153e+06 0.08 15
9.12769e+06 0.0825 15
8.25547e+06 0.085 15
6.71826e+06 0.0875 15
4.71445e+06 0.09 15
2.70338e+06 0.0925 15
1.30541e+06 0.095 15
826518 0.0975 15
1.74912e+06 0.1 15
3.66398e+06 0.1025 15
5.94234e+06 0.105 15
7.92251e+06 0.1075 15
8.94082e+06 0.11 15
8.98617e+06 0.1125 15
8.34192e+06 0.115 15
7.22769e+06 0.1175 15
6.01547e+06 0.12 15
4.85963e+06 0.1225 15
3.76759e+06 0.125 15
2.58515e+06 0.1275 15
1.81936e+06 0.13 15
1.54275e+06 0.1325 15
1.62782e+06 0.135 15
2.27084e+06 0.1375 15
2.92653e+06 0.14 15
3.39478e+06 0.1425 15
3.69172e+06 0.145 15
3.52862e+06 0.1475 15
3.06615e+06 0.15 15
2.79562e+06 0.1525 15
2.60489e+06 0.155 15
2.58702e+06 0.1575 15
2.63732e+06 0.16 15
2.54829e+06 0.1625 15
2.24999e+06 0.165 15
1.80381e+06 0.1675 15
1.36119e+06 0.17 15
1.0476e+06 0.1725 15
963956 0.175 15
1.08247e+06 0.1775 15
1.31819e+06 0.18 15
1.52987e+06 0.1825 15
1.70303e+06 0.185 15
1.77455e+06 0.1875 15
1.87742e+06 0.19 15
1.96017e+06 0.1925 15
2.01152e+06 0.195 15
2.00729e+06 0.1975 15
1.86056e+06 0.2 15
1.6651e+06 0.2025 15
1.3748e+06 0.205 15
1.08598e+06 0.2075 15
889386 0.21 15
783004 0.2125 15
725725 0.215 15
665315 0.2175 15
563554 0.22 15
456973 0.2225 15
390832 0.225 15
362764 0.2275 15
420975 0.23 15
547102 0.2325 15
692073 0.235 15
816499 0.2375 15
894713 0.24 15
949941 0.2425 15
950830 0.245 15
865235 0.2475 15
0 0.0025 16
0 0.005 16
0 0.0075 16
0 0.01 16
0 0.0125 16
0 0.015 16
0 0.0175 16
0 0.02 16
0 0.0225 16
0 0.025 16
0 0.0275 16
0 0.03 16
0 0.0325 16
0 0.035 16
0 0.0375 16
0 0.04 16
0 0.0425 16
0 0.045 16
0 0.0475 16
0 0.05 16
0 0.0525 16
0 0.055 16
0 0.0575 16
0 0.06 16
0 0.0625 16
0 0.065 16
0 0.0675 16
0 0.07 16
0 0.0725 16
0 0.075 16
0 0.0775 16
0 0.08 16
0 0.0825 16
0 0.085 16
0 0.0875 16
0 0.09 16
0 0.0925 16
0 0.095 16
0 0.0975 16
0 0.1 16
0 0.1025 16
0 0.105 16
0 0.1075 16
0 0.11 16
0 0.1125 16
0 0.115 16
0 0.1175 16
0 0.12 16
0 0.1225 16
0 0.125 16
0 0.1275 16
0 0.13 16
0 0.1325 16
0 0.135 16
0 0.1375 16
0 0.14 16
0 0.1425 16
0 0.145 16
0 0.1475 16
0 0.15 16
0 0.1525 16
0 0.155 16
0 0.1575 16
0 0.16 16
0 0.1625 16
0 0.165 16
0 0.1675 16
0 0.17 16
0 0.1725 16
0 0.175 16
0 0.1775 16
0 0.18 16
0 0.1825 16
0 0.185 16
0 0.1875 16
0 0.19 16
0 0.1925 16
0 0.195 16
0 0.1975 16
0 0.2 16
0 0.2025 16
0 0.205 16
0 0.2075 16
0 0.21 16
0 0.2125 16
0 0.215 16
0 0.2175 16
0 0.22 16
0 0.2225 16
0 0.225 16
0 0.2275 16
0 0.23 16
0 0.2325 16
0 0.235 16
0 0.2375 16
0 0.0025 17
0 0.005 17
0 0.0075 17
0 0.01 17
0 0.0125 17
0 0.015 17
0 0.0175 17
0 0.02 17
0 0.0225 17
0 0.025 17
0 0.0275 17
0 0.03 17
0 0.0325 17
0 0.035 17
0 0.0375 17
0 0.04 17
0 0.0425 17
0 0.045 17
0 0.0475 17
0 0.05 17
0 0.0525 17
0 0.055 17
0 0.0575 17
0 0.06 17
0 0.0625 17
0 0.065 17
0 0.0675 17
0 0.07 17
0 0.0725 17
0 0.075 17
0 0.0775 17
0 0.08 17
0 0.0825 17
0 0.085 17
0 0.0875 17
0 0.09 17
0 0.0925 17
0 0.095 17
0 0.0975 17
0 0.1 17
0 0.1025 17
0 0.105 17
0 0.1075 17
0 0.11 17
0 0.1125 17
0 0.115 17
0 0.1175 17
0 0.12 17
0 0.1225 17
0 0.125 17
0 0.1275 17
0 0.13 17
0 0.1325 17
0 0.135 17
0 0.1375 17
0 0.14 17
0 0.1425 17
0 0.145 17
0 0.1475 17
0 0.15 17
0 0.1525 17
0 0.155 17
0 0.1575 17
0 0.16 17
0 0.1625 17
0 0.165 17
0 0.1675 17
0 0.17 17
0 0.1725 17
0 0.175 17
0 0.1775 17
0 0.18 17
0 0.1825 17
0 0.185 17
0 0.1875 17
0 0.19 17
0 0.1925 17
0 0.195 17
0 0.1975 17
0 0.2 17
0 0.2025 17
0 0.205 17
0 0.2075 17
0 0.21 17
0 0.2125 17
0 0.215 17
0 0.2175 17
0 0.22 17
0 0.2225 17
0 0.225 17
0 0.0025 18
51.397 0.005 18
2500.1 0.0075 18
32988.1 0.01 18
83902.9 0.0125 18
184004 0.015 18
319708 0.0175 18
456628 0.02 18
549002 0.0225 18
551218 0.025 18
489712 0.0275 18
386399 0.03 18
287002 0.0325 18
296216 0.035 18
384334 0.0375 18
500578 0.04 18
567233 0.0425 18
557507 0.045 18
397014 0.0475 18
250332 0.05 18
176969 0.0525 18
192415 0.055 18
401184 0.0575 18
754095 0.06 18
1.11482e+06 0.0625 18
1.67777e+06 0.065 18
2.19617e+06 0.0675 18
2.92401e+06 0.07 18
3.60978e+06 0.0725 18
4.39423e+06 0.075 18
5.09038e+06 0.0775 18
5.4651e+06 0.08 18
5.76399e+06 0.0825 18
5.70966e+06 0.085 18
5.29686e+06 0.0875 18
4.93465e+06 0.09 18
4.4315e+06 0.0925 18
3.77177e+06 0.095 18
3.19221e+06 0.0975 18
2.78669e+06 0.1 18
2.64251e+06 0.1025 18
2.56448e+06 0.105 18
2.81915e+06 0.1075 18
3.12416e+06 0.11 18
3.5069e+06 0.1125 18
3.66217e+06 0.115 18
3.48962e+06 0.1175 18
3.00407e+06 0.12 18
2.48346e+06 0.1225 18
2.02308e+06 0.125 18
1.65135e+06 0.1275 18
1.34192e+06 0.13 18
1.15952e+06 0.1325 18
1.03229e+06 0.135 18
1.00808e+06 0.1375 18
1.06113e+06 0.14 18
1.25147e+06 0.1425 18
1.58233e+06 0.145 18
1.9316e+06 0.1475 18
2.26642e+06 0.15 18
2.48e+06 0.1525 18
2.49718e+06 0.155 18
2.4121e+06 0.1575 18
2.30032e+06 0.16 18
2.11866e+06 0.1625 18
1.97479e+06 0.165 18
1.86613e+06 0.1675 18
1.6742e+06 0.17 18
1.32378e+06 0.1725 18
1.05419e+06 0.175 18
798345 0.1775 18
593000 0.18 18
493427 0.1825 18
509182 0.185 18
529276 0.1875 18
515947 0.19 18
567306 0.1925 18
611973 0.195 18
680809 0.1975 18
862651 0.2 18
958752 0.2025 18
1.01478e+06 0.205 18
934285 0.2075 18
811145 0.21 18
604460 0.2125 18
0 0.0025 19
0 0.005 19
0 0.0075 19
0 0.01 19
0 0.0125 19
0 0.015 19
0 0.0175 19
0 0.02 19
0 0.0225 19
0 0.025 19
0 0.0275 19
0 0.03 19
0 0.0325 19
0 0.035 19
0 0.0375 19
0 0.04 19
0 0.0425 19
0 0.045 19
0 0.0475 19
0 0.05 19
0 0.0525 19
0 0.055 19
0 0.0575 19
0 0.06 19
0 0.0625 19
0 0.065 19
0 0.0675 19
0 0.07 19
0 0.0725 19
0 0.075 19
0 0.0775 19
0 0.08 19
0 0.0825 19
0 0.085 19
0 0.0875 19
0 0.09 19
0 0.0925 19
0 0.095 19
0 0.0975 19
0 0.1 19
0 0.1025 19
0 0.105 19
0 0.1075 19
0 0.11 19
0 0.1125 19
0 0.115 19
0 0.1175 19
0 0.12 19
0 0.1225 19
0 0.125 19
0 0.1275 19
0 0.13 19
0 0.1325 19
0 0.135 19
0 0.1375 19
0 0.14 19
0 0.1425 19
0 0.145 19
0 0.1475 19
0 0.15 19
0 0.1525 19
0 0.155 19
0 0.1575 19
0 0.16 19
0 0.1625 19
0 0.165 19
0 0.1675 19
0 0.17 19
0 0.1725 19
0 0.175 19
0 0.1775 19
0 0.18 19
0 0.1825 19
0 0.185 19
0 0.1875 19
0 0.19 19
0 0.1925 19
0 0.195 19
0 0.1975 19
0 0.0025 20
0 0.005 20
0 0.0075 20
0 0.01 20
0 0.0125 20
0 0.015 20
0 0.0175 20
0 0.02 20
0 0.0225 20
0 0.025 20
0 0.0275 20
0 0.03 20
0 0.0325 20
0 0.035 20
0 0.0375 20
0 0.04 20
0 0.0425 20
0 0.045 20
0 0.0475 20
0 0.05 20
0 0.0525 20
0 0.055 20
0 0.0575 20
0 0.06 20
0 0.0625 20
0 0.065 20
0 0.0675 20
0 0.07 20
0 0.0725 20
0 0.075 20
0 0.0775 20
0 0.08 20
0 0.0825 20
0 0.085 20
0 0.0875 20
0 0.09 20
0 0.0925 20
0 0.095 20
0 0.0975 20
0 0.1 20
0 0.1025 20
0 0.105 20
0 0.1075 20
0 0.11 20
0 0.1125 20
0 0.115 20
0 0.1175 20
0 0.12 20
0 0.1225 20
0 0.125 20
0 0.1275 20
0 0.13 20
0 0.1325 20
0 0.135 20
0 0.1375 20
0 0.14 20
0 0.1425 20
0 0.145 20
0 0.1475 20
0 0.15 20
0 0.1525 20
0 0.155 20
0 0.1575 20
0 0.16 20
0 0.1625 20
0 0.165 20
0 0.1675 20
0 0.17 20
0 0.1725 20
0 0.175 20
0 0.1775 20
19736.9 0.0025 21
66439.7 0.005 21
120962 0.0075 21
193852 0.01 21
339873 0.0125 21
625911 0.015 21
1.06759e+06 0.0175 21
1.58221e+06 0.02 21
2.00211e+06 0.0225 21
2.15224e+06 0.025 21
1.94831e+06 0.0275 21
1.4525e+06 0.03 21
848803 0.0325 21
352434 0.035 21
93076.5 0.0375 21
110726 0.04 21
275256 0.0425 21
513114 0.045 21
697103 0.0475 21
874916 0.05 21
1.00013e+06 0.0525 21
1.19617e+06 0.055 21
1.33762e+06 0.0575 21
1.4022e+06 0.06 21
1.3728e+06 0.0625 21
1.27702e+06 0.065 21
1.06799e+06 0.0675 21
795363 0.07 21
539723 0.0725 21
294389 0.075 21
176458 0.0775 21
124310 0.08 21
139894 0.0825 21
194151 0.085 21
295181 0.0875 21
350964 0.09 21
448902 0.0925 21
511042 0.095 21
553931 0.0975 21
595445 0.1 21
721913 0.1025 21
779066 0.105 21
901238 0.1075 21
1.04476e+06 0.11 21
1.07678e+06 0.1125 21
1.07151e+06 0.115 21
1.08341e+06 0.1175 21
1.0506e+06 0.12 21
998580 0.1225 21
960241 0.125 21
972216 0.1275 21
1.02769e+06 0.13 21
1.07391e+06 0.1325 21
1.04046e+06 0.135 21
1.02869e+06 0.1375 21
1.01001e+06 0.14 21
1.03268e+06 0.1425 21
1.02981e+06 0.145 21
999429 0.1475 21
1.04532e+06 0.15 21
1.09369e+06 0.1525 21
1.10909e+06 0.155 21
1.09103e+06 0.1575 21
1.05831e+06 0.16 21
0 0.0025 22
0 0.005 22
0 0.0075 22
0 0.01 22
0 0.0125 22
0 0.015 22
0 0.0175 22
0 0.02 22
0 0.0225 22
0 0.025 22
0 0.0275 22
0 0.03 22
0 0.0325 22
0 0.035 22
0 0.0375 22
0 0.04 22
0 0.0425 22
0 0.045 22
0 0.0475 22
0 0.05 22
0 0.0525 22
0 0.055 22
0 0.0575 22
0 0.06 22
0 0.0625 22
0 0.065 22
0 0.0675 22
0 0.07 22
0 0.0725 22
0 0.075 22
0 0.0775 22
0 0.08 22
0 0.0825 22
0 0.085 22
0 0.0875 22
0 0.09 22
0 0.0925 22
0 0.095 22
0 0.0975 22
0 0.1 22
0 0.1025 22
0 0.105 22
0 0.1075 22
0 0.11 22
0 0.1125 22
0 0.115 22
0 0.1175 22
0 0.12 22
0 0.1225 22
0 0.125 22
0 0.1275 22
0 0.13 22
0 0.1325 22
0 0.135 22
0 0.1375 22
0 0.0025 23
0 0.005 23
0 0.0075 23
0 0.01 23
0 0.0125 23
0 0.015 23
0 0.0175 23
0 0.02 23
0 0.0225 23
0 0.025 23
0 0.0275 23
0 0.03 23
0 0.0325 23
0 0.035 23
0 0.0375 23
0 0.04 23
0 0.0425 23
0 0.045 23
0 0.0475 23
0 0.05 23
0 0.0525 23
0 0.055 23
0 0.0575 23
0 0.06 23
0 0.0625 23
0 0.065 23
0 0.0675 23
0 0.07 23
0 0.0725 23
0 0.075 23
0 0.0775 23
0 0.08 23
0 0.0825 23
0 0.085 23
0 0.0875 23
0 0.09 23
0 0.0925 23
0 0.095 23
0 0.0975 23
0 0.1 23
0 0.1025 23
