3.2655e+07 0.085 0
1.9705e+07 0.0875 0
7.25838e+06 0.09 0
632427 0.0925 0
886124 0.095 0
5.07207e+06 0.0975 0
8.80001e+06 0.1 0
9.16564e+06 0.1025 0
6.20672e+06 0.105 0
2.27234e+06 0.1075 0
80814.8 0.11 0
905309 0.1125 0
3.98011e+06 0.115 0
7.26535e+06 0.1175 0
8.85064e+06 0.12 0
8.03042e+06 0.1225 0
5.47652e+06 0.125 0
2.59431e+06 0.1275 0
614310 0.13 0
44.2445 0.1325 0
431966 0.135 0
1.19973e+06 0.1375 0
1.70568e+06 0.14 0
1.74524e+06 0.1425 0
1.45112e+06 0.145 0
1.01798e+06 0.1475 0
619350 0.15 0
397637 0.1525 0
411143 0.155 0
501228 0.1575 0
651924 0.16 0
938163 0.1625 0
1.19582e+06 0.165 0
1.44823e+06 0.1675 0
1.65382e+06 0.17 0
1.63236e+06 0.1725 0
1.55537e+06 0.175 0
1.13758e+06 0.1775 0
710563 0.18 0
362284 0.1825 0
100997 0.185 0
116966 0.1875 0
251678 0.19 0
475405 0.1925 0
785933 0.195 0
1.12839e+06 0.1975 0
1.40835e+06 0.2 0
1.6561e+06 0.2025 0
1.89196e+06 0.205 0
2.05032e+06 0.2075 0
1.97617e+06 0.21 0
1.88518e+06 0.2125 0
1.75371e+06 0.215 0
1.48953e+06 0.2175 0
1.06411e+06 0.22 0
769811 0.2225 0
528546 0.225 0
437367 0.2275 0
465570 0.23 0
553135 0.2325 0
598793 0.235 0
666733 0.2375 0
660915 0.24 0
640566 0.2425 0
528213 0.245 0
374376 0.2475 0
270016 0.25 0
188017 0.2525 0
249798 0.255 0
383985 0.2575 0
525954 0.26 0
557489 0.2625 0
625524 0.265 0
530072 0.2675 0
447495 0.27 0
264320 0.2725 0
133343 0.275 0
39074.3 0.2775 0
4960.49 0.28 0
26818.5 0.2825 0
73414.1 0.285 0
128217 0.2875 0
162702 0.29 0
128457 0.2925 0
88648.9 0.295 0
48250.5 0.2975 0
23942.5 0.3 0
15619.3 0.3025 0
32854.3 0.305 0
68864.9 0.3075 0
98232.4 0.31 0
151703 0.3125 0
212507 0.315 0
1.51988e+06 0.0825 1
2.70148e+06 0.085 1
4.56933e+06 0.0875 1
6.61836e+06 0.09 1
8.70963e+06 0.0925 1
1.064e+07 0.095 1
1.14846e+07 0.0975 1
1.22466e+07 0.1 1
1.26551e+07 0.1025 1
1.35169e+07 0.105 1
1.42833e+07 0.1075 1
1.54713e+07 0.11 1
1.70055e+07 0.1125 1
1.80134e+07 0.115 1
1.77895e+07 0.1175 1
1.69921e+07 0.12 1
1.52968e+07 0.1225 1
1.36158e+07 0.125 1
1.2477e+07 0.1275 1
1.12797e+07 0.13 1
1.04969e+07 0.1325 1
9.76303e+06 0.135 1
8.63452e+06 0.1375 1
7.34731e+06 0.14 1
5.89857e+06 0.1425 1
4.61144e+06 0.145 1
3.64357e+06 0.1475 1
2.9179e+06 0.15 1
2.60457e+06 0.1525 1
2.38114e+06 0.155 1
1.97793e+06 0.1575 1
1.6081e+06 0.16 1
1.38308e+06 0.1625 1
1.38222e+06 0.165 1
1.67685e+06 0.1675 1
2.21667e+06 0.17 1
2.88417e+06 0.1725 1
3.24227e+06 0.175 1
3.28712e+06 0.1775 1
3.16641e+06 0.18 1
2.96463e+06 0.1825 1
2.65383e+06 0.185 1
2.17417e+06 0.1875 1
2.05003e+06 0.19 1
1.6923e+06 0.1925 1
1.32364e+06 0.195 1
1.09319e+06 0.1975 1
785505 0.2 1
566944 0.2025 1
482222 0.205 1
482157 0.2075 1
514563 0.21 1
659842 0.2125 1
823057 0.215 1
850408 0.2175 1
903681 0.22 1
848478 0.2225 1
740604 0.225 1
605392 0.2275 1
459346 0.23 1
367812 0.2325 1
227036 0.235 1
136941 0.2375 1
115526 0.24 1
203472 0.2425 1
348336 0.245 1
491298 0.2475 1
732926 0.25 1
921555 0.2525 1
1.14985e+06 0.255 1
1.33591e+06 0.2575 1
1.42441e+06 0.26 1
1.53747e+06 0.2625 1
1.69348e+06 0.265 1
1.73432e+06 0.2675 1
1.76982e+06 0.27 1
1.71072e+06 0.2725 1
1.43835e+06 0.275 1
1.1405e+06 0.2775 1
913799 0.28 1
635341 0.2825 1
497682 0.285 1
494521 0.2875 1
524569 0.29 1
584633 0.2925 1
647898 0.295 1
780653 0.2975 1
882212 0.3 1
962648 0.3025 1
1.11996e+06 0.305 1
1.23493e+06 0.3075 1
1.23291e+06 0.31 1
1.18699e+06 0.3125 1
1.09013e+06 0.315 1
8.12075e+07 0.08 2
8.17383e+07 0.0825 2
7.59654e+07 0.085 2
6.70062e+07 0.0875 2
5.36035e+07 0.09 2
4.08947e+07 0.0925 2
2.88561e+07 0.095 2
1.96404e+07 0.0975 2
1.28588e+07 0.1 2
8.84802e+06 0.1025 2
6.71607e+06 0.105 2
5.2943e+06 0.1075 2
4.43816e+06 0.11 2
3.60595e+06 0.1125 2
2.50905e+06 0.115 2
1.67232e+06 0.1175 2
1.16313e+06 0.12 2
1.30967e+06 0.1225 2
1.86056e+06 0.125 2
2.47614e+06 0.1275 2
2.71462e+06 0.13 2
2.70427e+06 0.1325 2
2.33318e+06 0.135 2
1.7645e+06 0.1375 2
1.19802e+06 0.14 2
871230 0.1425 2
963168 0.145 2
1.35335e+06 0.1475 2
2.05596e+06 0.15 2
2.98632e+06 0.1525 2
3.90356e+06 0.155 2
4.47268e+06 0.1575 2
4.46007e+06 0.16 2
3.90246e+06 0.1625 2
3.03439e+06 0.165 2
2.07903e+06 0.1675 2
1.26071e+06 0.17 2
776070 0.1725 2
675494 0.175 2
903108 0.1775 2
1.29663e+06 0.18 2
1.53181e+06 0.1825 2
1.48647e+06 0.185 2
1.20619e+06 0.1875 2
775271 0.19 2
579575 0.1925 2
626672 0.195 2
1.02395e+06 0.1975 2
1.60094e+06 0.2 2
2.32868e+06 0.2025 2
2.79915e+06 0.205 2
2.79868e+06 0.2075 2
2.587e+06 0.21 2
2.02057e+06 0.2125 2
1.35299e+06 0.215 2
828733 0.2175 2
548109 0.22 2
536265 0.2225 2
579770 0.225 2
664765 0.2275 2
637093 0.23 2
573482 0.2325 2
504009 0.235 2
562897 0.2375 2
752413 0.24 2
1.07249e+06 0.2425 2
1.42573e+06 0.245 2
1.78477e+06 0.2475 2
1.99274e+06 0.25 2
1.98932e+06 0.2525 2
1.81951e+06 0.255 2
1.61162e+06 0.2575 2
1.26545e+06 0.26 2
1.03747e+06 0.2625 2
935064 0.265 2
865127 0.2675 2
778937 0.27 2
659731 0.2725 2
549145 0.275 2
445572 0.2775 2
422019 0.28 2
442362 0.2825 2
522002 0.285 2
608609 0.2875 2
682522 0.29 2
735152 0.2925 2
749705 0.295 2
756731 0.2975 2
737653 0.3 2
785351 0.3025 2
795253 0.305 2
761342 0.3075 2
743315 0.31 2
665991 0.3125 2
554958 0.315 2
5.80144e+06 0.075 3
6.09283e+06 0.0775 3
5.07298e+06 0.08 3
3.4916e+06 0.0825 3
2.76491e+06 0.085 3
4.16642e+06 0.0875 3
7.97308e+06 0.09 3
1.31091e+07 0.0925 3
1.75642e+07 0.095 3
1.93984e+07 0.0975 3
1.77759e+07 0.1 3
1.34277e+07 0.1025 3
8.27239e+06 0.105 3
4.41434e+06 0.1075 3
3.09296e+06 0.11 3
4.16308e+06 0.1125 3
6.34892e+06 0.115 3
8.06099e+06 0.1175 3
8.26461e+06 0.12 3
6.90331e+06 0.1225 3
4.76798e+06 0.125 3
2.94774e+06 0.1275 3
2.07685e+06 0.13 3
2.1989e+06 0.1325 3
2.61648e+06 0.135 3
2.88572e+06 0.1375 3
2.78575e+06 0.14 3
2.17901e+06 0.1425 3
1.52256e+06 0.145 3
1.147e+06 0.1475 3
1.03108e+06 0.15 3
1.57808e+06 0.1525 3
1.77057e+06 0.155 3
1.84662e+06 0.1575 3
1.63227e+06 0.16 3
1.43732e+06 0.1625 3
1.02087e+06 0.165 3
941308 0.1675 3
767679 0.17 3
924655 0.1725 3
1.25388e+06 0.175 3
1.04169e+06 0.1775 3
1.04945e+06 0.18 3
961745 0.1825 3
762413 0.185 3
738124 0.1875 3
623188 0.19 3
604626 0.1925 3
821752 0.195 3
994215 0.1975 3
1.21307e+06 0.2 3
1.52584e+06 0.2025 3
1.8711e+06 0.205 3
2.018e+06 0.2075 3
1.91772e+06 0.21 3
1.79261e+06 0.2125 3
1.70344e+06 0.215 3
1.50394e+06 0.2175 3
1.33038e+06 0.22 3
1.18807e+06 0.2225 3
1.17036e+06 0.225 3
1.16128e+06 0.2275 3
1.06987e+06 0.23 3
1.03156e+06 0.2325 3
1.02154e+06 0.235 3
1.01144e+06 0.2375 3
926807 0.24 3
831891 0.2425 3
677216 0.245 3
596881 0.2475 3
639592 0.25 3
777092 0.2525 3
937956 0.255 3
994964 0.2575 3
1.01617e+06 0.26 3
956333 0.2625 3
841994 0.265 3
730619 0.2675 3
614413 0.27 3
590257 0.2725 3
664576 0.275 3
764860 0.2775 3
860187 0.28 3
905538 0.2825 3
910051 0.285 3
856333 0.2875 3
798517 0.29 3
821089 0.2925 3
868775 0.295 3
919184 0.2975 3
939586 0.3 3
875557 0.3025 3
703777 0.305 3
464472 0.3075 3
235409 0.31 3
89793 0.3125 3
72542.3 0.315 3
5.21904e+06 0.0675 4
6.07472e+06 0.07 4
6.68004e+06 0.0725 4
6.97404e+06 0.075 4
6.95814e+06 0.0775 4
6.6811e+06 0.08 4
6.21122e+06 0.0825 4
5.6137e+06 0.085 4
4.9452e+06 0.0875 4
4.26384e+06 0.09 4
3.63976e+06 0.0925 4
3.15002e+06 0.095 4
2.85258e+06 0.0975 4
2.75194e+06 0.1 4
2.77984e+06 0.1025 4
2.80994e+06 0.105 4
2.72182e+06 0.1075 4
2.41049e+06 0.11 4
1.94276e+06 0.1125 4
1.28515e+06 0.115 4
752589 0.1175 4
426837 0.12 4
328300 0.1225 4
451615 0.125 4
757970 0.1275 4
1.01896e+06 0.13 4
1.12871e+06 0.1325 4
1.07608e+06 0.135 4
863721 0.1375 4
787183 0.14 4
661858 0.1425 4
694499 0.145 4
811719 0.1475 4
1.06625e+06 0.15 4
1.23199e+06 0.1525 4
1.36535e+06 0.155 4
1.46611e+06 0.1575 4
1.54478e+06 0.16 4
1.69769e+06 0.1625 4
2.09842e+06 0.165 4
2.44645e+06 0.1675 4
3.01936e+06 0.17 4
3.82723e+06 0.1725 4
4.1412e+06 0.175 4
4.46291e+06 0.1775 4
4.00516e+06 0.18 4
3.29037e+06 0.1825 4
2.42914e+06 0.185 4
1.60098e+06 0.1875 4
1.14804e+06 0.19 4
1.02456e+06 0.1925 4
1.22909e+06 0.195 4
1.67516e+06 0.1975 4
1.98622e+06 0.2 4
2.07595e+06 0.2025 4
1.84733e+06 0.205 4
1.43396e+06 0.2075 4
1.08633e+06 0.21 4
748940 0.2125 4
446632 0.215 4
350337 0.2175 4
400401 0.22 4
441255 0.2225 4
576775 0.225 4
590200 0.2275 4
554671 0.23 4
515013 0.2325 4
530500 0.235 4
656815 0.2375 4
897867 0.24 4
1.15909e+06 0.2425 4
1.36079e+06 0.245 4
1.45811e+06 0.2475 4
1.31302e+06 0.25 4
1.03854e+06 0.2525 4
647578 0.255 4
369717 0.2575 4
207644 0.26 4
166791 0.2625 4
178521 0.265 4
311929 0.2675 4
517722 0.27 4
726021 0.2725 4
924578 0.275 4
1.04128e+06 0.2775 4
1.06818e+06 0.28 4
994356 0.2825 4
879080 0.285 4
774839 0.2875 4
751931 0.29 4
848370 0.2925 4
932358 0.295 4
1.07975e+06 0.2975 4
1.08945e+06 0.3 4
1.08498e+06 0.3025 4
989209 0.305 4
911747 0.3075 4
908867 0.31 4
1.06605e+06 0.3125 4
0 0.055 5
0 0.0575 5
3584.23 0.06 5
6387.42 0.0625 5
10608.5 0.065 5
54432.1 0.0675 5
155072 0.07 5
425285 0.0725 5
670700 0.075 5
1.42864e+06 0.0775 5
2.22478e+06 0.08 5
2.67234e+06 0.0825 5
3.32977e+06 0.085 5
3.89653e+06 0.0875 5
4.09577e+06 0.09 5
4.09699e+06 0.0925 5
3.88487e+06 0.095 5
3.36723e+06 0.0975 5
2.79665e+06 0.1 5
2.14375e+06 0.1025 5
1.58977e+06 0.105 5
1.73487e+06 0.1075 5
2.36027e+06 0.11 5
3.27591e+06 0.1125 5
4.36667e+06 0.115 5
5.69839e+06 0.1175 5
6.57303e+06 0.12 5
7.09632e+06 0.1225 5
6.59091e+06 0.125 5
5.63102e+06 0.1275 5
4.24389e+06 0.13 5
2.76271e+06 0.1325 5
1.8547e+06 0.135 5
1.60665e+06 0.1375 5
1.92129e+06 0.14 5
3.12936e+06 0.1425 5
4.77566e+06 0.145 5
6.28718e+06 0.1475 5
7.49174e+06 0.15 5
7.94108e+06 0.1525 5
7.42952e+06 0.155 5
6.27706e+06 0.1575 5
4.78876e+06 0.16 5
3.48583e+06 0.1625 5
2.33195e+06 0.165 5
1.56634e+06 0.1675 5
1.14677e+06 0.17 5
980757 0.1725 5
1.03173e+06 0.175 5
1.14261e+06 0.1775 5
1.18893e+06 0.18 5
1.16374e+06 0.1825 5
1.10852e+06 0.185 5
1.01598e+06 0.1875 5
876210 0.19 5
695750 0.1925 5
557734 0.195 5
354202 0.1975 5
230605 0.2 5
147840 0.2025 5
147863 0.205 5
259140 0.2075 5
479938 0.21 5
848313 0.2125 5
1.38296e+06 0.215 5
2.02896e+06 0.2175 5
2.74958e+06 0.22 5
3.31729e+06 0.2225 5
3.76072e+06 0.225 5
3.72172e+06 0.2275 5
3.28231e+06 0.23 5
2.58991e+06 0.2325 5
1.79782e+06 0.235 5
1.09867e+06 0.2375 5
638826 0.24 5
502673 0.2425 5
604259 0.245 5
789587 0.2475 5
978506 0.25 5
1.05336e+06 0.2525 5
995673 0.255 5
862246 0.2575 5
666221 0.26 5
507582 0.2625 5
394946 0.265 5
453838 0.2675 5
529544 0.27 5
592341 0.2725 5
726782 0.275 5
879398 0.2775 5
945338 0.28 5
943204 0.2825 5
849617 0.285 5
692583 0.2875 5
514331 0.29 5
383565 0.2925 5
316224 0.295 5
337234 0.2975 5
386998 0.3 5
477229 0.3025 5
537017 0.305 5
555233 0.3075 5
530611 0.31 5
1.72453e+06 0.035 6
2.41296e+06 0.0375 6
2.88092e+06 0.04 6
2.966e+06 0.0425 6
2.78872e+06 0.045 6
2.2341e+06 0.0475 6
1.51823e+06 0.05 6
874917 0.0525 6
793539 0.055 6
1.61081e+06 0.0575 6
3.37845e+06 0.06 6
5.80653e+06 0.0625 6
8.39061e+06 0.065 6
1.0549e+07 0.0675 6
1.1312e+07 0.07 6
1.0708e+07 0.0725 6
8.70199e+06 0.075 6
6.0585e+06 0.0775 6
3.54629e+06 0.08 6
1.77482e+06 0.0825 6
981573 0.085 6
998860 0.0875 6
1.40125e+06 0.09 6
1.74573e+06 0.0925 6
1.77722e+06 0.095 6
1.50176e+06 0.0975 6
1.11017e+06 0.1 6
831360 0.1025 6
735739 0.105 6
778302 0.1075 6
860952 0.11 6
794787 0.1125 6
751846 0.115 6
684768 0.1175 6
725425 0.12 6
952231 0.1225 6
1.36965e+06 0.125 6
1.68085e+06 0.1275 6
1.69491e+06 0.13 6
1.59025e+06 0.1325 6
1.21211e+06 0.135 6
865304 0.1375 6
714372 0.14 6
1.05061e+06 0.1425 6
1.4608e+06 0.145 6
1.81754e+06 0.1475 6
1.8762e+06 0.15 6
1.64789e+06 0.1525 6
1.32778e+06 0.155 6
934698 0.1575 6
702425 0.16 6
658486 0.1625 6
759323 0.165 6
851075 0.1675 6
876424 0.17 6
964135 0.1725 6
1.02892e+06 0.175 6
1.24251e+06 0.1775 6
1.31282e+06 0.18 6
1.4564e+06 0.1825 6
1.47878e+06 0.185 6
1.26003e+06 0.1875 6
1.01177e+06 0.19 6
631685 0.1925 6
676587 0.195 6
1.04297e+06 0.1975 6
1.54863e+06 0.2 6
2.06069e+06 0.2025 6
2.34554e+06 0.205 6
2.47251e+06 0.2075 6
2.2697e+06 0.21 6
1.75434e+06 0.2125 6
1.41782e+06 0.215 6
1.16515e+06 0.2175 6
1.02216e+06 0.22 6
869363 0.2225 6
740306 0.225 6
697652 0.2275 6
606746 0.23 6
707740 0.2325 6
893573 0.235 6
1.19106e+06 0.2375 6
1.4699e+06 0.24 6
1.66067e+06 0.2425 6
1.71491e+06 0.245 6
1.59071e+06 0.2475 6
1.29251e+06 0.25 6
1.08459e+06 0.2525 6
798128 0.255 6
571935 0.2575 6
403447 0.26 6
278157 0.2625 6
181363 0.265 6
118319 0.2675 6
100985 0.27 6
131858 0.2725 6
204401 0.275 6
361054 0.2775 6
585190 0.28 6
853995 0.2825 6
1.0827e+06 0.285 6
1.23207e+06 0.2875 6
1.33925e+06 0.29 6
1.38363e+06 0.2925 6
1.38751e+06 0.295 6
1.43844e+06 0.2975 6
1.57551e+06 0.3 6
1.78354e+06 0.3025 6
1.96839e+06 0.305 6
2.03597e+06 0.3075 6
4.04689e+06 0.0125 7
6.02298e+06 0.015 7
7.42523e+06 0.0175 7
7.73561e+06 0.02 7
6.84375e+06 0.0225 7
5.10058e+06 0.025 7
3.1302e+06 0.0275 7
1.51457e+06 0.03 7
537400 0.0325 7
128824 0.035 7
22218.5 0.0375 7
2258.1 0.04 7
72718.7 0.0425 7
433505 0.045 7
1.28764e+06 0.0475 7
2.61486e+06 0.05 7
4.07447e+06 0.0525 7
5.12e+06 0.055 7
5.27321e+06 0.0575 7
4.40071e+06 0.06 7
2.8277e+06 0.0625 7
1.21482e+06 0.065 7
258654 0.0675 7
373567 0.07 7
1.51691e+06 0.0725 7
3.23455e+06 0.075 7
4.88468e+06 0.0775 7
5.9137e+06 0.08 7
6.05147e+06 0.0825 7
5.35581e+06 0.085 7
4.12169e+06 0.0875 7
2.72925e+06 0.09 7
1.50939e+06 0.0925 7
670106 0.095 7
282214 0.0975 7
299377 0.1 7
590546 0.1025 7
978742 0.105 7
1.28841e+06 0.1075 7
1.39683e+06 0.11 7
1.27195e+06 0.1125 7
976017 0.115 7
628204 0.1175 7
343861 0.12 7
185339 0.1225 7
143430 0.125 7
176010 0.1275 7
221566 0.13 7
252207 0.1325 7
327113 0.135 7
422051 0.1375 7
394055 0.14 7
416718 0.1425 7
306109 0.145 7
263682 0.1475 7
220333 0.15 7
337478 0.1525 7
590280 0.155 7
995553 0.1575 7
1.41932e+06 0.16 7
1.74983e+06 0.1625 7
1.80863e+06 0.165 7
1.63739e+06 0.1675 7
1.32371e+06 0.17 7
1.10842e+06 0.1725 7
947566 0.175 7
966289 0.1775 7
943293 0.18 7
1.06823e+06 0.1825 7
1.12699e+06 0.185 7
1.08297e+06 0.1875 7
938349 0.19 7
796180 0.1925 7
655177 0.195 7
736743 0.1975 7
859974 0.2 7
1.22887e+06 0.2025 7
1.48642e+06 0.205 7
1.73834e+06 0.2075 7
1.88257e+06 0.21 7
1.90835e+06 0.2125 7
1.91196e+06 0.215 7
2.1201e+06 0.2175 7
2.08486e+06 0.22 7
1.98268e+06 0.2225 7
1.86319e+06 0.225 7
1.85611e+06 0.2275 7
1.69793e+06 0.23 7
1.6686e+06 0.2325 7
1.47538e+06 0.235 7
1.23799e+06 0.2375 7
1.08795e+06 0.24 7
1.00291e+06 0.2425 7
942136 0.245 7
1.07868e+06 0.2475 7
1.19854e+06 0.25 7
1.198e+06 0.2525 7
1.2476e+06 0.255 7
1.27336e+06 0.2575 7
1.21906e+06 0.26 7
1.22435e+06 0.2625 7
1.27909e+06 0.265 7
1.39091e+06 0.2675 7
1.45228e+06 0.27 7
1.41655e+06 0.2725 7
1.30768e+06 0.275 7
1.13945e+06 0.2775 7
1.03289e+06 0.28 7
978570 0.2825 7
1.00426e+06 0.285 7
1.05166e+06 0.2875 7
1.04677e+06 0.29 7
979040 0.2925 7
823522 0.295 7
646920 0.2975 7
477008 0.3 7
374930 0.3025 7
342936 0.305 7
0 0.01 8
0 0.0125 8
0 0.015 8
0 0.0175 8
0 0.02 8
0 0.0225 8
0 0.025 8
0 0.0275 8
0 0.03 8
0 0.0325 8
0 0.035 8
0 0.0375 8
0 0.04 8
509.292 0.0425 8
7553.9 0.045 8
85508.1 0.0475 8
155429 0.05 8
591350 0.0525 8
818066 0.055 8
1.23373e+06 0.0575 8
1.81031e+06 0.06 8
2.78987e+06 0.0625 8
3.55973e+06 0.065 8
3.77132e+06 0.0675 8
3.83955e+06 0.07 8
3.82164e+06 0.0725 8
3.63879e+06 0.075 8
2.77673e+06 0.0775 8
1.76275e+06 0.08 8
904871 0.0825 8
391404 0.085 8
477695 0.0875 8
1.01973e+06 0.09 8
1.90563e+06 0.0925 8
2.7765e+06 0.095 8
3.51494e+06 0.0975 8
3.96412e+06 0.1 8
3.90548e+06 0.1025 8
3.81336e+06 0.105 8
3.51405e+06 0.1075 8
3.22254e+06 0.11 8
2.90286e+06 0.1125 8
2.60058e+06 0.115 8
2.37398e+06 0.1175 8
2.11594e+06 0.12 8
1.6064e+06 0.1225 8
1.32478e+06 0.125 8
1.27218e+06 0.1275 8
1.37529e+06 0.13 8
1.62473e+06 0.1325 8
1.88451e+06 0.135 8
2.07906e+06 0.1375 8
1.90115e+06 0.14 8
1.80877e+06 0.1425 8
1.59581e+06 0.145 8
1.47418e+06 0.1475 8
1.53121e+06 0.15 8
1.61627e+06 0.1525 8
1.68839e+06 0.155 8
1.64641e+06 0.1575 8
1.65163e+06 0.16 8
1.6088e+06 0.1625 8
1.66645e+06 0.165 8
1.94784e+06 0.1675 8
2.33176e+06 0.17 8
2.56601e+06 0.1725 8
2.63397e+06 0.175 8
2.4939e+06 0.1775 8
2.2828e+06 0.18 8
2.00056e+06 0.1825 8
1.80576e+06 0.185 8
1.75521e+06 0.1875 8
1.73352e+06 0.19 8
1.78311e+06 0.1925 8
1.75681e+06 0.195 8
1.65123e+06 0.1975 8
1.43076e+06 0.2 8
1.24446e+06 0.2025 8
1.16262e+06 0.205 8
1.23855e+06 0.2075 8
1.42466e+06 0.21 8
1.74023e+06 0.2125 8
2.01257e+06 0.215 8
2.25976e+06 0.2175 8
2.34172e+06 0.22 8
2.2585e+06 0.2225 8
2.07399e+06 0.225 8
1.86472e+06 0.2275 8
1.75556e+06 0.23 8
1.76746e+06 0.2325 8
1.9004e+06 0.235 8
2.05952e+06 0.2375 8
2.19168e+06 0.24 8
2.31514e+06 0.2425 8
2.5629e+06 0.245 8
2.68961e+06 0.2475 8
2.90103e+06 0.25 8
3.04361e+06 0.2525 8
3.21528e+06 0.255 8
3.239e+06 0.2575 8
3.07261e+06 0.26 8
2.69584e+06 0.2625 8
2.25384e+06 0.265 8
1.83121e+06 0.2675 8
1.58029e+06 0.27 8
1.47456e+06 0.2725 8
1.55552e+06 0.275 8
1.61545e+06 0.2775 8
1.57409e+06 0.28 8
1.41853e+06 0.2825 8
1.1142e+06 0.285 8
834287 0.2875 8
680335 0.29 8
805709 0.2925 8
1.11093e+06 0.295 8
1.41181e+06 0.2975 8
0 0.01 9
0 0.0125 9
0 0.015 9
0 0.0175 9
0 0.02 9
0 0.0225 9
0 0.025 9
0 0.0275 9
0 0.03 9
0 0.0325 9
0 0.035 9
4730.76 0.0375 9
4237.94 0.04 9
7184.31 0.0425 9
16139.9 0.045 9
56344.4 0.0475 9
63393.5 0.05 9
130166 0.0525 9
194838 0.055 9
319193 0.0575 9
371845 0.06 9
514741 0.0625 9
661714 0.065 9
917820 0.0675 9
1.00111e+06 0.07 9
770875 0.0725 9
453949 0.075 9
262654 0.0775 9
119717 0.08 9
29452.6 0.0825 9
32518.4 0.085 9
136037 0.0875 9
288368 0.09 9
562542 0.0925 9
785641 0.095 9
1.04875e+06 0.0975 9
870079 0.1 9
830066 0.1025 9
973133 0.105 9
1.01558e+06 0.1075 9
983653 0.11 9
1.34756e+06 0.1125 9
1.62251e+06 0.115 9
2.11262e+06 0.1175 9
2.63147e+06 0.12 9
3.17866e+06 0.1225 9
3.75072e+06 0.125 9
4.02848e+06 0.1275 9
4.18469e+06 0.13 9
4.14998e+06 0.1325 9
3.60554e+06 0.135 9
2.74517e+06 0.1375 9
1.8865e+06 0.14 9
1.11772e+06 0.1425 9
614134 0.145 9
450654 0.1475 9
673849 0.15 9
1.03401e+06 0.1525 9
1.45768e+06 0.155 9
1.83953e+06 0.1575 9
2.12739e+06 0.16 9
2.11639e+06 0.1625 9
1.93128e+06 0.165 9
1.59867e+06 0.1675 9
1.24241e+06 0.17 9
1.10068e+06 0.1725 9
1.07381e+06 0.175 9
1.15917e+06 0.1775 9
1.47545e+06 0.18 9
1.72763e+06 0.1825 9
1.82132e+06 0.185 9
1.76085e+06 0.1875 9
1.5214e+06 0.19 9
1.05396e+06 0.1925 9
741895 0.195 9
556525 0.1975 9
562957 0.2 9
787741 0.2025 9
1.15858e+06 0.205 9
1.58324e+06 0.2075 9
2.06748e+06 0.21 9
2.62913e+06 0.2125 9
2.9893e+06 0.215 9
3.33156e+06 0.2175 9
3.30866e+06 0.22 9
3.21256e+06 0.2225 9
2.94122e+06 0.225 9
2.49049e+06 0.2275 9
2.02067e+06 0.23 9
1.58348e+06 0.2325 9
1.10623e+06 0.235 9
768191 0.2375 9
511673 0.24 9
316013 0.2425 9
182765 0.245 9
98641.7 0.2475 9
47041.2 0.25 9
59084.7 0.2525 9
133136 0.255 9
280545 0.2575 9
450323 0.26 9
712008 0.2625 9
1.04311e+06 0.265 9
1.34072e+06 0.2675 9
1.69772e+06 0.27 9
1.95917e+06 0.2725 9
2.08088e+06 0.275 9
2.08699e+06 0.2775 9
2.02518e+06 0.28 9
1.77912e+06 0.2825 9
1.44622e+06 0.285 9
1.05475e+06 0.2875 9
769106 0.29 9
594353 0.2925 9
8.50204e+06 0.01 10
1.03654e+07 0.0125 10
1.10891e+07 0.015 10
1.07245e+07 0.0175 10
9.5586e+06 0.02 10
7.93396e+06 0.0225 10
6.12367e+06 0.025 10
4.31048e+06 0.0275 10
2.64111e+06 0.03 10
1.28263e+06 0.0325 10
418699 0.035 10
177610 0.0375 10
541643 0.04 10
1.30798e+06 0.0425 10
2.14241e+06 0.045 10
2.70827e+06 0.0475 10
2.80437e+06 0.05 10
2.43791e+06 0.0525 10
1.79593e+06 0.055 10
1.13691e+06 0.0575 10
665748 0.06 10
457424 0.0625 10
459196 0.065 10
553585 0.0675 10
634562 0.07 10
652592 0.0725 10
613247 0.075 10
546169 0.0775 10
475195 0.08 10
410346 0.0825 10
359639 0.085 10
342079 0.0875 10
384535 0.09 10
501639 0.0925 10
674878 0.095 10
850563 0.0975 10
963210 0.1 10
971176 0.1025 10
880498 0.105 10
739721 0.1075 10
608488 0.11 10
521249 0.1125 10
470791 0.115 10
421771 0.1175 10
342676 0.12 10
231716 0.1225 10
117716 0.125 10
37321.5 0.1275 10
7347.08 0.13 10
15823 0.1325 10
38734.3 0.135 10
88369.4 0.1375 10
205219 0.14 10
359198 0.1425 10
685457 0.145 10
1.00266e+06 0.1475 10
1.36112e+06 0.15 10
1.62301e+06 0.1525 10
1.61789e+06 0.155 10
1.50275e+06 0.1575 10
1.31406e+06 0.16 10
1.5067e+06 0.1625 10
1.90655e+06 0.165 10
2.55392e+06 0.1675 10
3.49188e+06 0.17 10
4.26717e+06 0.1725 10
4.876e+06 0.175 10
5.38143e+06 0.1775 10
5.42204e+06 0.18 10
5.61377e+06 0.1825 10
5.78251e+06 0.185 10
5.77514e+06 0.1875 10
5.95662e+06 0.19 10
5.8445e+06 0.1925 10
5.95594e+06 0.195 10
5.74564e+06 0.1975 10
4.88928e+06 0.2 10
4.08832e+06 0.2025 10
2.91105e+06 0.205 10
2.00668e+06 0.2075 10
1.5071e+06 0.21 10
1.69413e+06 0.2125 10
2.20001e+06 0.215 10
2.97786e+06 0.2175 10
3.53457e+06 0.22 10
3.75959e+06 0.2225 10
3.55217e+06 0.225 10
2.76407e+06 0.2275 10
1.74817e+06 0.23 10
921359 0.2325 10
424971 0.235 10
341228 0.2375 10
536598 0.24 10
782731 0.2425 10
951214 0.245 10
988361 0.2475 10
940940 0.25 10
853980 0.2525 10
726918 0.255 10
613655 0.2575 10
503114 0.26 10
334772 0.2625 10
175825 0.265 10
112779 0.2675 10
131099 0.27 10
222311 0.2725 10
358976 0.275 10
456656 0.2775 10
476698 0.28 10
427068 0.2825 10
346771 0.285 10
384654 0.2875 10
0 0.01 11
0 0.0125 11
0 0.015 11
0 0.0175 11
0 0.02 11
0 0.0225 11
0 0.025 11
384.796 0.0275 11
25767.1 0.03 11
61296.5 0.0325 11
40966.5 0.035 11
189561 0.0375 11
268777 0.04 11
338058 0.0425 11
186154 0.045 11
184397 0.0475 11
110757 0.05 11
109513 0.0525 11
68818.1 0.055 11
83186.1 0.0575 11
128357 0.06 11
264189 0.0625 11
398367 0.065 11
548428 0.0675 11
540774 0.07 11
489711 0.0725 11
366860 0.075 11
207339 0.0775 11
111363 0.08 11
150287 0.0825 11
423740 0.085 11
831764 0.0875 11
1.23851e+06 0.09 11
1.63789e+06 0.0925 11
1.82385e+06 0.095 11
1.80286e+06 0.0975 11
1.60704e+06 0.1 11
1.30413e+06 0.1025 11
987132 0.105 11
809610 0.1075 11
636244 0.11 11
654145 0.1125 11
918948 0.115 11
1.27896e+06 0.1175 11
1.68905e+06 0.12 11
1.99192e+06 0.1225 11
2.26693e+06 0.125 11
2.73856e+06 0.1275 11
3.22614e+06 0.13 11
3.38575e+06 0.1325 11
3.84644e+06 0.135 11
4.05308e+06 0.1375 11
4.23102e+06 0.14 11
4.06504e+06 0.1425 11
3.68845e+06 0.145 11
3.32366e+06 0.1475 11
2.91453e+06 0.15 11
2.54064e+06 0.1525 11
2.34586e+06 0.155 11
2.34883e+06 0.1575 11
2.4746e+06 0.16 11
2.79887e+06 0.1625 11
3.16691e+06 0.165 11
3.48927e+06 0.1675 11
3.61935e+06 0.17 11
3.60387e+06 0.1725 11
3.31569e+06 0.175 11
2.70157e+06 0.1775 11
2.01101e+06 0.18 11
1.31987e+06 0.1825 11
758425 0.185 11
437382 0.1875 11
440181 0.19 11
691298 0.1925 11
1.01433e+06 0.195 11
1.20638e+06 0.1975 11
1.31474e+06 0.2 11
1.33233e+06 0.2025 11
1.16291e+06 0.205 11
983578 0.2075 11
846871 0.21 11
958180 0.2125 11
1.09917e+06 0.215 11
1.30153e+06 0.2175 11
1.31562e+06 0.22 11
1.14101e+06 0.2225 11
962229 0.225 11
719479 0.2275 11
477749 0.23 11
319826 0.2325 11
285238 0.235 11
367394 0.2375 11
510697 0.24 11
665075 0.2425 11
802593 0.245 11
852624 0.2475 11
883532 0.25 11
806808 0.2525 11
680091 0.255 11
550341 0.2575 11
412866 0.26 11
335212 0.2625 11
274970 0.265 11
264404 0.2675 11
258499 0.27 11
274945 0.2725 11
298138 0.275 11
297087 0.2775 11
297510 0.28 11
318132 0.2825 11
0 0.01 12
0 0.0125 12
0 0.015 12
0 0.0175 12
0 0.02 12
0 0.0225 12
0 0.025 12
0 0.0275 12
0 0.03 12
0 0.0325 12
0 0.035 12
0 0.0375 12
0 0.04 12
0 0.0425 12
0 0.045 12
0 0.0475 12
0 0.05 12
0 0.0525 12
13662.2 0.055 12
109236 0.0575 12
307281 0.06 12
332304 0.0625 12
548858 0.065 12
922806 0.0675 12
1.22228e+06 0.07 12
1.22749e+06 0.0725 12
1.48234e+06 0.075 12
1.43361e+06 0.0775 12
1.31448e+06 0.08 12
1.135e+06 0.0825 12
885554 0.085 12
853599 0.0875 12
968883 0.09 12
1.03927e+06 0.0925 12
1.60221e+06 0.095 12
1.98402e+06 0.0975 12
2.35337e+06 0.1 12
2.6141e+06 0.1025 12
2.63463e+06 0.105 12
2.5318e+06 0.1075 12
2.1974e+06 0.11 12
2.03543e+06 0.1125 12
2.23812e+06 0.115 12
2.64045e+06 0.1175 12
3.12438e+06 0.12 12
4.1556e+06 0.1225 12
4.62109e+06 0.125 12
4.87561e+06 0.1275 12
4.67529e+06 0.13 12
4.16537e+06 0.1325 12
3.36026e+06 0.135 12
2.45295e+06 0.1375 12
1.79182e+06 0.14 12
1.2577e+06 0.1425 12
932215 0.145 12
678526 0.1475 12
564803 0.15 12
477228 0.1525 12
475863 0.155 12
622700 0.1575 12
917418 0.16 12
1.39896e+06 0.1625 12
1.87653e+06 0.165 12
2.60655e+06 0.1675 12
3.31905e+06 0.17 12
3.89003e+06 0.1725 12
4.21993e+06 0.175 12
4.18513e+06 0.1775 12
3.923e+06 0.18 12
3.35908e+06 0.1825 12
2.63721e+06 0.185 12
1.96559e+06 0.1875 12
1.34646e+06 0.19 12
1.07804e+06 0.1925 12
1.03155e+06 0.195 12
1.08247e+06 0.1975 12
1.13366e+06 0.2 12
1.10371e+06 0.2025 12
942747 0.205 12
719195 0.2075 12
534878 0.21 12
477420 0.2125 12
554114 0.215 12
699466 0.2175 12
846561 0.22 12
907896 0.2225 12
867541 0.225 12
746645 0.2275 12
566234 0.23 12
385254 0.2325 12
287276 0.235 12
248107 0.2375 12
223259 0.24 12
236800 0.2425 12
341126 0.245 12
494020 0.2475 12
644216 0.25 12
835467 0.2525 12
988415 0.255 12
982762 0.2575 12
894652 0.26 12
750124 0.2625 12
641402 0.265 12
574515 0.2675 12
651806 0.27 12
651510 0.2725 12
682483 0.275 12
0 0.01 13
28012.8 0.0125 13
51020 0.015 13
174487 0.0175 13
296135 0.02 13
484503 0.0225 13
779130 0.025 13
1.09417e+06 0.0275 13
1.19682e+06 0.03 13
1.20081e+06 0.0325 13
1.02329e+06 0.035 13
879600 0.0375 13
747196 0.04 13
729859 0.0425 13
840164 0.045 13
1.01935e+06 0.0475 13
1.16719e+06 0.05 13
1.19398e+06 0.0525 13
1.06503e+06 0.055 13
813514 0.0575 13
517726 0.06 13
259408 0.0625 13
88594.6 0.065 13
11856.4 0.0675 13
3506.25 0.07 13
26203.5 0.0725 13
47145.3 0.075 13
46453 0.0775 13
24449.2 0.08 13
14041.4 0.0825 13
92865.4 0.085 13
377774 0.0875 13
985396 0.09 13
1.96192e+06 0.0925 13
3.21311e+06 0.095 13
4.48153e+06 0.0975 13
5.40568e+06 0.1 13
5.65507e+06 0.1025 13
5.08742e+06 0.105 13
3.84844e+06 0.1075 13
2.35151e+06 0.11 13
1.13165e+06 0.1125 13
627544 0.115 13
1.01229e+06 0.1175 13
2.12648e+06 0.12 13
3.46252e+06 0.1225 13
4.6247e+06 0.125 13
5.2289e+06 0.1275 13
5.17277e+06 0.13 13
4.62745e+06 0.1325 13
3.86063e+06 0.135 13
3.205e+06 0.1375 13
2.70271e+06 0.14 13
2.48359e+06 0.1425 13
2.28823e+06 0.145 13
1.9658e+06 0.1475 13
1.85343e+06 0.15 13
1.66508e+06 0.1525 13
1.53689e+06 0.155 13
1.45588e+06 0.1575 13
1.32533e+06 0.16 13
1.10322e+06 0.1625 13
952703 0.165 13
821221 0.1675 13
544601 0.17 13
351197 0.1725 13
265549 0.175 13
200979 0.1775 13
353887 0.18 13
524871 0.1825 13
906631 0.185 13
1.25819e+06 0.1875 13
1.47441e+06 0.19 13
1.57681e+06 0.1925 13
1.43616e+06 0.195 13
1.07411e+06 0.1975 13
746854 0.2 13
415551 0.2025 13
311663 0.205 13
473656 0.2075 13
852771 0.21 13
1.15418e+06 0.2125 13
1.35325e+06 0.215 13
1.4574e+06 0.2175 13
1.34796e+06 0.22 13
1.09012e+06 0.2225 13
786544 0.225 13
461042 0.2275 13
212454 0.23 13
84949.4 0.2325 13
67678 0.235 13
117475 0.2375 13
222090 0.24 13
347705 0.2425 13
420832 0.245 13
462199 0.2475 13
496686 0.25 13
536865 0.2525 13
472259 0.255 13
433952 0.2575 13
362512 0.26 13
341569 0.2625 13
349166 0.265 13
409437 0.2675 13
211316 0.02 14
392196 0.0225 14
738217 0.025 14
945598 0.0275 14
1.24569e+06 0.03 14
1.37335e+06 0.0325 14
1.4341e+06 0.035 14
1.49105e+06 0.0375 14
1.54373e+06 0.04 14
1.66222e+06 0.0425 14
1.85434e+06 0.045 14
2.06554e+06 0.0475 14
2.19551e+06 0.05 14
2.14391e+06 0.0525 14
1.86343e+06 0.055 14
1.39166e+06 0.0575 14
843270 0.06 14
364366 0.0625 14
71179.8 0.065 14
3395.9 0.0675 14
114244 0.07 14
299874 0.0725 14
450759 0.075 14
498627 0.0775 14
437775 0.08 14
315052 0.0825 14
198988 0.085 14
146683 0.0875 14
184316 0.09 14
306870 0.0925 14
491770 0.095 14
715460 0.0975 14
963179 0.1 14
1.22805e+06 0.1025 14
1.50203e+06 0.105 14
1.76523e+06 0.1075 14
1.98027e+06 0.11 14
2.1035e+06 0.1125 14
2.07938e+06 0.115 14
1.88083e+06 0.1175 14
1.54836e+06 0.12 14
1.26864e+06 0.1225 14
899289 0.125 14
699326 0.1275 14
612242 0.13 14
834430 0.1325 14
1.13159e+06 0.135 14
1.60056e+06 0.1375 14
1.94406e+06 0.14 14
2.06169e+06 0.1425 14
2.01943e+06 0.145 14
1.81199e+06 0.1475 14
1.50317e+06 0.15 14
1.23374e+06 0.1525 14
1.09222e+06 0.155 14
910698 0.1575 14
955931 0.16 14
966100 0.1625 14
1.16527e+06 0.165 14
1.29145e+06 0.1675 14
1.47706e+06 0.17 14
1.49893e+06 0.1725 14
1.32489e+06 0.175 14
1.02545e+06 0.1775 14
641221 0.18 14
407725 0.1825 14
296107 0.185 14
490734 0.1875 14
849024 0.19 14
1.25952e+06 0.1925 14
1.61381e+06 0.195 14
1.98503e+06 0.1975 14
2.11204e+06 0.2 14
1.73543e+06 0.2025 14
1.34344e+06 0.205 14
960698 0.2075 14
684692 0.21 14
424978 0.2125 14
315188 0.215 14
323361 0.2175 14
391156 0.22 14
443059 0.2225 14
426916 0.225 14
426297 0.2275 14
335509 0.23 14
247590 0.2325 14
181549 0.235 14
214046 0.2375 14
288712 0.24 14
396669 0.2425 14
553219 0.245 14
668279 0.2475 14
707204 0.25 14
727190 0.2525 14
657391 0.255 14
591248 0.2575 14
0 0.0125 15
0 0.015 15
0 0.0175 15
0 0.02 15
0 0.0225 15
0 0.025 15
0 0.0275 15
0 0.03 15
0 0.0325 15
0 0.035 15
0 0.0375 15
0 0.04 15
0 0.0425 15
0 0.045 15
0 0.0475 15
0 0.05 15
0 0.0525 15
16486.2 0.055 15
63451.4 0.0575 15
123445 0.06 15
186535 0.0625 15
164675 0.065 15
167030 0.0675 15
222267 0.07 15
234633 0.0725 15
393179 0.075 15
492263 0.0775 15
640201 0.08 15
901032 0.0825 15
1.02977e+06 0.085 15
991977 0.0875 15
1.21711e+06 0.09 15
1.29138e+06 0.0925 15
1.37638e+06 0.095 15
1.29677e+06 0.0975 15
1.01657e+06 0.1 15
857746 0.1025 15
529187 0.105 15
338515 0.1075 15
463301 0.11 15
709110 0.1125 15
1.04666e+06 0.115 15
1.41151e+06 0.1175 15
1.50712e+06 0.12 15
1.35682e+06 0.1225 15
965554 0.125 15
516010 0.1275 15
237234 0.13 15
359322 0.1325 15
938902 0.135 15
1.95168e+06 0.1375 15
3.09483e+06 0.14 15
3.93287e+06 0.1425 15
4.15276e+06 0.145 15
3.89547e+06 0.1475 15
3.23629e+06 0.15 15
2.3445e+06 0.1525 15
1.48024e+06 0.155 15
1.18684e+06 0.1575 15
1.33894e+06 0.16 15
1.67577e+06 0.1625 15
2.1255e+06 0.165 15
2.35462e+06 0.1675 15
2.29687e+06 0.17 15
1.93078e+06 0.1725 15
1.31689e+06 0.175 15
740962 0.1775 15
414138 0.18 15
452034 0.1825 15
730656 0.185 15
1.18644e+06 0.1875 15
1.62293e+06 0.19 15
1.8471e+06 0.1925 15
1.91414e+06 0.195 15
1.8258e+06 0.1975 15
1.6439e+06 0.2 15
1.37913e+06 0.2025 15
1.18261e+06 0.205 15
979481 0.2075 15
781334 0.21 15
585274 0.2125 15
388170 0.215 15
264611 0.2175 15
208851 0.22 15
214387 0.2225 15
299980 0.225 15
411792 0.2275 15
534475 0.23 15
596895 0.2325 15
559184 0.235 15
503698 0.2375 15
516133 0.24 15
522957 0.2425 15
582835 0.245 15
668241 0.2475 15
0 0.0025 16
0 0.005 16
0 0.0075 16
0 0.01 16
0 0.0125 16
0 0.015 16
0 0.0175 16
0 0.02 16
0 0.0225 16
0 0.025 16
48.2144 0.0275 16
1527.99 0.03 16
50944.8 0.0325 16
159125 0.035 16
387702 0.0375 16
740616 0.04 16
1.44347e+06 0.0425 16
2.26348e+06 0.045 16
3.37399e+06 0.0475 16
4.51142e+06 0.05 16
6.05947e+06 0.0525 16
7.70575e+06 0.055 16
8.78678e+06 0.0575 16
9.42245e+06 0.06 16
9.95544e+06 0.0625 16
1.00712e+07 0.065 16
9.83164e+06 0.0675 16
9.36475e+06 0.07 16
7.95072e+06 0.0725 16
6.83966e+06 0.075 16
5.73044e+06 0.0775 16
4.66783e+06 0.08 16
3.68605e+06 0.0825 16
2.76779e+06 0.085 16
1.92337e+06 0.0875 16
1.25605e+06 0.09 16
830406 0.0925 16
653977 0.095 16
635083 0.0975 16
702620 0.1 16
790099 0.1025 16
834258 0.105 16
791249 0.1075 16
674661 0.11 16
683408 0.1125 16
689213 0.115 16
619934 0.1175 16
663440 0.12 16
718400 0.1225 16
745489 0.125 16
721993 0.1275 16
710734 0.13 16
641880 0.1325 16
604298 0.135 16
516980 0.1375 16
481425 0.14 16
426169 0.1425 16
372577 0.145 16
285960 0.1475 16
235250 0.15 16
209796 0.1525 16
185104 0.155 16
151326 0.1575 16
169662 0.16 16
153818 0.1625 16
140240 0.165 16
117312 0.1675 16
60904.4 0.17 16
64926.7 0.1725 16
96931.9 0.175 16
190682 0.1775 16
341361 0.18 16
565560 0.1825 16
712747 0.185 16
856298 0.1875 16
863927 0.19 16
758113 0.1925 16
566274 0.195 16
448467 0.1975 16
378845 0.2 16
552593 0.2025 16
721631 0.205 16
983314 0.2075 16
1.20578e+06 0.21 16
1.29471e+06 0.2125 16
1.27649e+06 0.215 16
1.1265e+06 0.2175 16
846154 0.22 16
563257 0.2225 16
329968 0.225 16
285763 0.2275 16
293903 0.23 16
400326 0.2325 16
513259 0.235 16
648693 0.2375 16
302892 0.0025 17
1.01562e+06 0.005 17
1.67451e+06 0.0075 17
1.84349e+06 0.01 17
1.3975e+06 0.0125 17
619484 0.015 17
52422.2 0.0175 17
196321 0.02 17
1.22897e+06 0.0225 17
2.90726e+06 0.025 17
4.69296e+06 0.0275 17
6.01756e+06 0.03 17
6.53355e+06 0.0325 17
6.22691e+06 0.035 17
5.35926e+06 0.0375 17
4.30327e+06 0.04 17
3.37515e+06 0.0425 17
2.74113e+06 0.045 17
2.41314e+06 0.0475 17
2.29874e+06 0.05 17
2.26153e+06 0.0525 17
2.17145e+06 0.055 17
1.9499e+06 0.0575 17
1.61578e+06 0.06 17
1.31671e+06 0.0625 17
1.31063e+06 0.065 17
1.87318e+06 0.0675 17
3.15033e+06 0.07 17
5.02555e+06 0.0725 17
7.08759e+06 0.075 17
8.74623e+06 0.0775 17
9.46395e+06 0.08 17
8.99754e+06 0.0825 17
7.52437e+06 0.085 17
5.57969e+06 0.0875 17
3.82913e+06 0.09 17
2.78785e+06 0.0925 17
2.62382e+06 0.095 17
3.13407e+06 0.0975 17
3.88896e+06 0.1 17
4.45496e+06 0.1025 17
4.57833e+06 0.105 17
4.24844e+06 0.1075 17
3.63448e+06 0.11 17
2.95515e+06 0.1125 17
2.36329e+06 0.115 17
1.90105e+06 0.1175 17
1.52962e+06 0.12 17
1.19472e+06 0.1225 17
878362 0.125 17
608386 0.1275 17
430854 0.13 17
361707 0.1325 17
392607 0.135 17
452120 0.1375 17
499626 0.14 17
510353 0.1425 17
460446 0.145 17
402568 0.1475 17
322798 0.15 17
267001 0.1525 17
310489 0.155 17
403822 0.1575 17
472396 0.16 17
479207 0.1625 17
437579 0.165 17
441175 0.1675 17
437495 0.17 17
393732 0.1725 17
348921 0.175 17
372986 0.1775 17
369055 0.18 17
349090 0.1825 17
388565 0.185 17
488835 0.1875 17
562023 0.19 17
564737 0.1925 17
544523 0.195 17
509108 0.1975 17
367715 0.2 17
253829 0.2025 17
158720 0.205 17
125105 0.2075 17
184599 0.21 17
282141 0.2125 17
403547 0.215 17
548640 0.2175 17
606918 0.22 17
589469 0.2225 17
517944 0.225 17
0 0.0025 18
0 0.005 18
0 0.0075 18
0 0.01 18
0 0.0125 18
0 0.015 18
0 0.0175 18
0 0.02 18
0 0.0225 18
0 0.025 18
0 0.0275 18
0 0.03 18
0 0.0325 18
0 0.035 18
2617.01 0.0375 18
42615.6 0.04 18
39394.4 0.0425 18
74430.8 0.045 18
119467 0.0475 18
144143 0.05 18
258534 0.0525 18
301990 0.055 18
374773 0.0575 18
332042 0.06 18
243209 0.0625 18
138833 0.065 18
27631.9 0.0675 18
15072.8 0.07 18
48105.5 0.0725 18
120595 0.075 18
208633 0.0775 18
262927 0.08 18
304526 0.0825 18
316458 0.085 18
253318 0.0875 18
183803 0.09 18
159312 0.0925 18
169053 0.095 18
251418 0.0975 18
377804 0.1 18
638340 0.1025 18
1.0232e+06 0.105 18
1.54359e+06 0.1075 18
2.09593e+06 0.11 18
2.56404e+06 0.1125 18
3.04434e+06 0.115 18
3.32052e+06 0.1175 18
3.44614e+06 0.12 18
3.26697e+06 0.1225 18
3.06171e+06 0.125 18
2.87792e+06 0.1275 18
2.79394e+06 0.13 18
2.58066e+06 0.1325 18
2.60732e+06 0.135 18
2.30633e+06 0.1375 18
1.8746e+06 0.14 18
1.637e+06 0.1425 18
1.27719e+06 0.145 18
1.04628e+06 0.1475 18
913152 0.15 18
1.06445e+06 0.1525 18
1.31231e+06 0.155 18
1.46905e+06 0.1575 18
1.46908e+06 0.16 18
1.31808e+06 0.1625 18
1.03091e+06 0.165 18
711468 0.1675 18
441384 0.17 18
274419 0.1725 18
219733 0.175 18
225127 0.1775 18
261969 0.18 18
329293 0.1825 18
400394 0.185 18
478752 0.1875 18
545342 0.19 18
576619 0.1925 18
573963 0.195 18
547250 0.1975 18
528686 0.2 18
510357 0.2025 18
500279 0.205 18
458285 0.2075 18
412195 0.21 18
331634 0.2125 18
0 0.0025 19
0 0.005 19
0 0.0075 19
0 0.01 19
0 0.0125 19
0 0.015 19
0 0.0175 19
0 0.02 19
0 0.0225 19
0 0.025 19
0 0.0275 19
0 0.03 19
0 0.0325 19
0 0.035 19
0 0.0375 19
0 0.04 19
275.454 0.0425 19
583.111 0.045 19
15963.7 0.0475 19
16460.8 0.05 19
72323.6 0.0525 19
53463.9 0.055 19
113942 0.0575 19
113508 0.06 19
190284 0.0625 19
241006 0.065 19
215154 0.0675 19
227308 0.07 19
223163 0.0725 19
254418 0.075 19
229472 0.0775 19
221521 0.08 19
244885 0.0825 19
196828 0.085 19
178202 0.0875 19
251722 0.09 19
267472 0.0925 19
338042 0.095 19
454098 0.0975 19
684996 0.1 19
1.02129e+06 0.1025 19
1.40404e+06 0.105 19
1.84764e+06 0.1075 19
2.1751e+06 0.11 19
2.47419e+06 0.1125 19
2.56207e+06 0.115 19
2.64232e+06 0.1175 19
2.52711e+06 0.12 19
2.2285e+06 0.1225 19
1.92806e+06 0.125 19
1.61588e+06 0.1275 19
1.32337e+06 0.13 19
1.21291e+06 0.1325 19
1.16197e+06 0.135 19
1.1041e+06 0.1375 19
1.06163e+06 0.14 19
1.03649e+06 0.1425 19
901799 0.145 19
716822 0.1475 19
506970 0.15 19
304752 0.1525 19
162669 0.155 19
160939 0.1575 19
229351 0.16 19
369502 0.1625 19
534142 0.165 19
676584 0.1675 19
748962 0.17 19
763812 0.1725 19
737109 0.175 19
692734 0.1775 19
676323 0.18 19
715894 0.1825 19
790120 0.185 19
899537 0.1875 19
911542 0.19 19
821657 0.1925 19
680648 0.195 19
507661 0.1975 19
229.25 0.0025 20
3480.39 0.005 20
16122.3 0.0075 20
44884.6 0.01 20
92753.9 0.0125 20
156275 0.015 20
226223 0.0175 20
292503 0.02 20
352074 0.0225 20
416390 0.025 20
513616 0.0275 20
681927 0.03 20
953958 0.0325 20
1.33754e+06 0.035 20
1.80155e+06 0.0375 20
2.27559e+06 0.04 20
2.66659e+06 0.0425 20
2.88773e+06 0.045 20
2.88792e+06 0.0475 20
2.66886e+06 0.05 20
2.2822e+06 0.0525 20
1.80902e+06 0.055 20
1.33188e+06 0.0575 20
912295 0.06 20
581407 0.0625 20
343673 0.065 20
186995 0.0675 20
92198.5 0.07 20
39053 0.0725 20
10842.2 0.075 20
357.913 0.0775 20
16301.8 0.08 20
84243.4 0.0825 20
235893 0.085 20
486935 0.0875 20
813616 0.09 20
1.14423e+06 0.0925 20
1.37722e+06 0.095 20
1.42323e+06 0.0975 20
1.25206e+06 0.1 20
917938 0.1025 20
545015 0.105 20
275814 0.1075 20
206943 0.11 20
345364 0.1125 20
608358 0.115 20
866605 0.1175 20
1.0065e+06 0.12 20
980313 0.1225 20
810527 0.125 20
578806 0.1275 20
358552 0.13 20
204758 0.1325 20
123826 0.135 20
88744.1 0.1375 20
63144.1 0.14 20
40504.8 0.1425 20
31396.1 0.145 20
65495.6 0.1475 20
96237.8 0.15 20
197499 0.1525 20
327849 0.155 20
478647 0.1575 20
711039 0.16 20
950533 0.1625 20
1.12287e+06 0.165 20
1.15493e+06 0.1675 20
1.11096e+06 0.17 20
1.01171e+06 0.1725 20
748505 0.175 20
464777 0.1775 20
0 0.0025 21
0 0.005 21
0 0.0075 21
0 0.01 21
0 0.0125 21
0 0.015 21
0 0.0175 21
0 0.02 21
4323.62 0.0225 21
8818.97 0.025 21
27911.6 0.0275 21
63184.9 0.03 21
96964.9 0.0325 21
145220 0.035 21
208001 0.0375 21
232244 0.04 21
181847 0.0425 21
221742 0.045 21
192856 0.0475 21
142815 0.05 21
62675.7 0.0525 21
27436.9 0.055 21
6081.93 0.0575 21
23667.2 0.06 21
75816.8 0.0625 21
177070 0.065 21
301418 0.0675 21
442855 0.07 21
564447 0.0725 21
666158 0.075 21
723242 0.0775 21
723023 0.08 21
666996 0.0825 21
571875 0.085 21
463858 0.0875 21
368769 0.09 21
303292 0.0925 21
271657 0.095 21
268426 0.0975 21
284148 0.1 21
310419 0.1025 21
336527 0.105 21
355275 0.1075 21
356037 0.11 21
339611 0.1125 21
301625 0.115 21
274199 0.1175 21
290321 0.12 21
399000 0.1225 21
529038 0.125 21
673676 0.1275 21
790595 0.13 21
856974 0.1325 21
833846 0.135 21
736427 0.1375 21
584149 0.14 21
442645 0.1425 21
347018 0.145 21
297171 0.1475 21
242600 0.15 21
203165 0.1525 21
173876 0.155 21
187400 0.1575 21
223075 0.16 21
0 0.0025 22
0 0.005 22
0 0.0075 22
0 0.01 22
0 0.0125 22
0 0.015 22
0 0.0175 22
0 0.02 22
0 0.0225 22
0 0.025 22
0 0.0275 22
0 0.03 22
0 0.0325 22
0 0.035 22
0 0.0375 22
0 0.04 22
0 0.0425 22
0 0.045 22
0 0.0475 22
0 0.05 22
0 0.0525 22
0 0.055 22
0 0.0575 22
808.124 0.06 22
7027.6 0.0625 22
8388.41 0.065 22
43308.1 0.0675 22
53844.1 0.07 22
124747 0.0725 22
132956 0.075 22
164321 0.0775 22
194113 0.08 22
256062 0.0825 22
320748 0.085 22
361681 0.0875 22
399428 0.09 22
337521 0.0925 22
309092 0.095 22
300328 0.0975 22
321974 0.1 22
322695 0.1025 22
325003 0.105 22
287908 0.1075 22
241977 0.11 22
235121 0.1125 22
191868 0.115 22
174295 0.1175 22
115719 0.12 22
104107 0.1225 22
144351 0.125 22
191278 0.1275 22
292446 0.13 22
397259 0.1325 22
513608 0.135 22
610079 0.1375 22
0 0.0025 23
0 0.005 23
0 0.0075 23
0 0.01 23
0 0.0125 23
0 0.015 23
150.465 0.0175 23
5150.97 0.02 23
20410.5 0.0225 23
52755.2 0.025 23
102508 0.0275 23
177987 0.03 23
278887 0.0325 23
437095 0.035 23
596442 0.0375 23
677176 0.04 23
702550 0.0425 23
656228 0.045 23
540981 0.0475 23
402056 0.05 23
258806 0.0525 23
139715 0.055 23
73055.3 0.0575 23
64399.8 0.06 23
100052 0.0625 23
152851 0.065 23
193652 0.0675 23
202723 0.07 23
176196 0.0725 23
125174 0.075 23
68681.5 0.0775 23
24473.4 0.08 23
2354.63 0.0825 23
2899.17 0.085 23
21288.6 0.0875 23
53207.3 0.09 23
98836.9 0.0925 23
162389 0.095 23
247435 0.0975 23
350888 0.1 23
459471 0.1025 23
