5.69359e+07 0.085 0
3.43569e+07 0.0875 0
1.26554e+07 0.09 0
1.10268e+06 0.0925 0
1.54501e+06 0.095 0
8.84347e+06 0.0975 0
1.53434e+07 0.1 0
1.59808e+07 0.1025 0
1.08218e+07 0.105 0
3.96197e+06 0.1075 0
140906 0.11 0
1.57846e+06 0.1125 0
6.93957e+06 0.115 0
1.26676e+07 0.1175 0
1.54316e+07 0.12 0
1.40015e+07 0.1225 0
9.54865e+06 0.125 0
4.52334e+06 0.1275 0
1.07109e+06 0.13 0
77.143 0.1325 0
745132 0.135 0
2.0797e+06 0.1375 0
2.96169e+06 0.14 0
2.99846e+06 0.1425 0
2.39909e+06 0.145 0
1.59836e+06 0.1475 0
970900 0.15 0
605180 0.1525 0
486787 0.155 0
655998 0.1575 0
919051 0.16 0
1.27047e+06 0.1625 0
1.81035e+06 0.165 0
2.25379e+06 0.1675 0
2.592e+06 0.17 0
2.61421e+06 0.1725 0
2.23482e+06 0.175 0
1.66206e+06 0.1775 0
1.09326e+06 0.18 0
707126 0.1825 0
484148 0.185 0
541749 0.1875 0
1.03028e+06 0.19 0
1.7874e+06 0.1925 0
2.17728e+06 0.195 0
2.9768e+06 0.1975 0
3.37747e+06 0.2 0
3.17763e+06 0.2025 0
3.11096e+06 0.205 0
2.72756e+06 0.2075 0
2.34292e+06 0.21 0
1.85485e+06 0.2125 0
1.28463e+06 0.215 0
844061 0.2175 0
540741 0.22 0
458437 0.2225 0
547050 0.225 0
868190 0.2275 0
1.27559e+06 0.23 0
1.7249e+06 0.2325 0
1.88419e+06 0.235 0
1.75673e+06 0.2375 0
1.64734e+06 0.24 0
1.48914e+06 0.2425 0
1.21951e+06 0.245 0
980176 0.2475 0
786392 0.25 0
642278 0.2525 0
740501 0.255 0
685385 0.2575 0
567485 0.26 0
419051 0.2625 0
262065 0.265 0
148334 0.2675 0
91392.2 0.27 0
79680.6 0.2725 0
140444 0.275 0
275594 0.2775 0
387287 0.28 0
410254 0.2825 0
435594 0.285 0
340487 0.2875 0
298201 0.29 0
288435 0.2925 0
305184 0.295 0
326627 0.2975 0
304090 0.3 0
330639 0.3025 0
264516 0.305 0
220942 0.3075 0
179738 0.31 0
188195 0.3125 0
225572 0.315 0
2.69735e+06 0.0825 1
3.76749e+06 0.085 1
4.67768e+06 0.0875 1
5.70896e+06 0.09 1
5.91363e+06 0.0925 1
6.94011e+06 0.095 1
7.31698e+06 0.0975 1
7.08443e+06 0.1 1
6.13799e+06 0.1025 1
5.32917e+06 0.105 1
5.00256e+06 0.1075 1
5.1598e+06 0.11 1
5.79239e+06 0.1125 1
6.55874e+06 0.115 1
7.52007e+06 0.1175 1
8.25773e+06 0.12 1
8.7941e+06 0.1225 1
8.8504e+06 0.125 1
8.35313e+06 0.1275 1
7.33767e+06 0.13 1
6.19389e+06 0.1325 1
5.12489e+06 0.135 1
4.16228e+06 0.1375 1
3.95764e+06 0.14 1
4.37038e+06 0.1425 1
4.92927e+06 0.145 1
5.19691e+06 0.1475 1
5.18356e+06 0.15 1
5.02849e+06 0.1525 1
3.95414e+06 0.155 1
3.00479e+06 0.1575 1
1.89386e+06 0.16 1
1.06799e+06 0.1625 1
863622 0.165 1
1.27897e+06 0.1675 1
1.9523e+06 0.17 1
2.97397e+06 0.1725 1
3.81118e+06 0.175 1
4.47682e+06 0.1775 1
4.80276e+06 0.18 1
4.7647e+06 0.1825 1
4.32207e+06 0.185 1
3.87065e+06 0.1875 1
3.16147e+06 0.19 1
2.37897e+06 0.1925 1
1.75512e+06 0.195 1
1.22789e+06 0.1975 1
809181 0.2 1
570301 0.2025 1
626746 0.205 1
851603 0.2075 1
1.21851e+06 0.21 1
1.64299e+06 0.2125 1
2.16457e+06 0.215 1
2.51893e+06 0.2175 1
2.56522e+06 0.22 1
2.45503e+06 0.2225 1
2.16433e+06 0.225 1
1.74359e+06 0.2275 1
1.27361e+06 0.23 1
859001 0.2325 1
532196 0.235 1
452139 0.2375 1
524856 0.24 1
775097 0.2425 1
1.13024e+06 0.245 1
1.57143e+06 0.2475 1
1.8448e+06 0.25 1
2.08546e+06 0.2525 1
2.24186e+06 0.255 1
2.37569e+06 0.2575 1
2.39815e+06 0.26 1
2.20694e+06 0.2625 1
2.13991e+06 0.265 1
2.10283e+06 0.2675 1
2.11899e+06 0.27 1
2.09729e+06 0.2725 1
2.18267e+06 0.275 1
2.38043e+06 0.2775 1
2.44403e+06 0.28 1
2.69034e+06 0.2825 1
2.762e+06 0.285 1
2.83096e+06 0.2875 1
2.78367e+06 0.29 1
2.63044e+06 0.2925 1
2.29602e+06 0.295 1
1.89537e+06 0.2975 1
1.55113e+06 0.3 1
1.22039e+06 0.3025 1
995363 0.305 1
933168 0.3075 1
885790 0.31 1
837618 0.3125 1
785927 0.315 1
4.04872e+07 0.08 2
4.00459e+07 0.0825 2
4.47435e+07 0.085 2
4.78873e+07 0.0875 2
4.60171e+07 0.09 2
3.9633e+07 0.0925 2
3.159e+07 0.095 2
2.46619e+07 0.0975 2
1.9924e+07 0.1 2
1.67171e+07 0.1025 2
1.37753e+07 0.105 2
1.04448e+07 0.1075 2
7.11089e+06 0.11 2
4.69719e+06 0.1125 2
3.79654e+06 0.115 2
4.16029e+06 0.1175 2
4.88986e+06 0.12 2
5.10214e+06 0.1225 2
4.51834e+06 0.125 2
3.55058e+06 0.1275 2
2.87965e+06 0.13 2
2.88882e+06 0.1325 2
3.38238e+06 0.135 2
3.76455e+06 0.1375 2
3.50734e+06 0.14 2
2.54213e+06 0.1425 2
1.2971e+06 0.145 2
424787 0.1475 2
427575 0.15 2
1.29953e+06 0.1525 2
2.6255e+06 0.155 2
3.59854e+06 0.1575 2
3.94847e+06 0.16 2
4.26636e+06 0.1625 2
4.18899e+06 0.165 2
4.00098e+06 0.1675 2
3.96605e+06 0.17 2
4.35244e+06 0.1725 2
5.18309e+06 0.175 2
5.52836e+06 0.1775 2
5.86525e+06 0.18 2
5.79449e+06 0.1825 2
4.7935e+06 0.185 2
4.03686e+06 0.1875 2
3.20647e+06 0.19 2
2.69964e+06 0.1925 2
2.13814e+06 0.195 2
1.44851e+06 0.1975 2
1.16657e+06 0.2 2
1.06415e+06 0.2025 2
1.0149e+06 0.205 2
1.18448e+06 0.2075 2
1.32689e+06 0.21 2
1.50665e+06 0.2125 2
1.82598e+06 0.215 2
2.06225e+06 0.2175 2
2.4358e+06 0.22 2
2.72058e+06 0.2225 2
2.9346e+06 0.225 2
2.83597e+06 0.2275 2
2.82267e+06 0.23 2
2.33652e+06 0.2325 2
1.79201e+06 0.235 2
1.13561e+06 0.2375 2
695261 0.24 2
487086 0.2425 2
572673 0.245 2
744165 0.2475 2
1.15701e+06 0.25 2
1.52239e+06 0.2525 2
1.94305e+06 0.255 2
2.16013e+06 0.2575 2
2.14453e+06 0.26 2
2.10945e+06 0.2625 2
1.79965e+06 0.265 2
1.35675e+06 0.2675 2
1.07096e+06 0.27 2
978166 0.2725 2
1.02578e+06 0.275 2
1.21934e+06 0.2775 2
1.55149e+06 0.28 2
1.75906e+06 0.2825 2
1.93364e+06 0.285 2
1.87417e+06 0.2875 2
1.7847e+06 0.29 2
1.50072e+06 0.2925 2
1.28081e+06 0.295 2
1.14051e+06 0.2975 2
1.15323e+06 0.3 2
1.28881e+06 0.3025 2
1.35586e+06 0.305 2
1.41884e+06 0.3075 2
1.33081e+06 0.31 2
1.13766e+06 0.3125 2
914194 0.315 2
1.28669e+06 0.0775 3
1.62707e+06 0.08 3
1.93822e+06 0.0825 3
2.26245e+06 0.085 3
2.90452e+06 0.0875 3
3.96532e+06 0.09 3
4.47877e+06 0.0925 3
5.16904e+06 0.095 3
6.68651e+06 0.0975 3
8.09648e+06 0.1 3
8.86432e+06 0.1025 3
1.00005e+07 0.105 3
1.09323e+07 0.1075 3
1.17312e+07 0.11 3
1.182e+07 0.1125 3
1.09512e+07 0.115 3
9.67614e+06 0.1175 3
8.17473e+06 0.12 3
6.57963e+06 0.1225 3
6.14684e+06 0.125 3
5.72762e+06 0.1275 3
6.36176e+06 0.13 3
6.70965e+06 0.1325 3
7.29421e+06 0.135 3
6.65303e+06 0.1375 3
5.69596e+06 0.14 3
4.17203e+06 0.1425 3
2.90293e+06 0.145 3
2.33116e+06 0.1475 3
2.87819e+06 0.15 3
4.34579e+06 0.1525 3
6.73275e+06 0.155 3
8.71548e+06 0.1575 3
9.93057e+06 0.16 3
9.98373e+06 0.1625 3
8.8092e+06 0.165 3
6.72636e+06 0.1675 3
4.22384e+06 0.17 3
2.18933e+06 0.1725 3
1.4165e+06 0.175 3
1.49519e+06 0.1775 3
2.29977e+06 0.18 3
3.19904e+06 0.1825 3
3.63874e+06 0.185 3
3.51688e+06 0.1875 3
2.9487e+06 0.19 3
2.17103e+06 0.1925 3
1.50002e+06 0.195 3
1.20695e+06 0.1975 3
1.13947e+06 0.2 3
1.24112e+06 0.2025 3
1.30257e+06 0.205 3
1.25852e+06 0.2075 3
1.20001e+06 0.21 3
1.21687e+06 0.2125 3
1.49518e+06 0.215 3
2.03569e+06 0.2175 3
2.67144e+06 0.22 3
3.21493e+06 0.2225 3
3.36944e+06 0.225 3
3.23754e+06 0.2275 3
2.82725e+06 0.23 3
2.30624e+06 0.2325 3
1.8034e+06 0.235 3
1.52245e+06 0.2375 3
1.41149e+06 0.24 3
1.47886e+06 0.2425 3
1.49952e+06 0.245 3
1.42758e+06 0.2475 3
1.25126e+06 0.25 3
1.14994e+06 0.2525 3
1.04364e+06 0.255 3
1.04266e+06 0.2575 3
1.15978e+06 0.26 3
1.36764e+06 0.2625 3
1.53274e+06 0.265 3
1.59232e+06 0.2675 3
1.43937e+06 0.27 3
1.30167e+06 0.2725 3
1.15433e+06 0.275 3
1.13639e+06 0.2775 3
1.11595e+06 0.28 3
1.06759e+06 0.2825 3
1.11273e+06 0.285 3
1.15424e+06 0.2875 3
1.10652e+06 0.29 3
870654 0.2925 3
811214 0.295 3
647480 0.2975 3
558350 0.3 3
500222 0.3025 3
452332 0.305 3
394477 0.3075 3
438414 0.31 3
614554 0.3125 3
993442 0.315 3
7.70332e+06 0.07 4
6.3696e+06 0.0725 4
4.29223e+06 0.075 4
2.51322e+06 0.0775 4
1.73026e+06 0.08 4
1.92761e+06 0.0825 4
2.48666e+06 0.085 4
2.67656e+06 0.0875 4
2.18169e+06 0.09 4
1.31051e+06 0.0925 4
754367 0.095 4
1.07344e+06 0.0975 4
2.27125e+06 0.1 4
3.75488e+06 0.1025 4
4.71311e+06 0.105 4
4.659e+06 0.1075 4
3.77185e+06 0.11 4
2.80712e+06 0.1125 4
2.62856e+06 0.115 4
3.66214e+06 0.1175 4
5.61645e+06 0.12 4
7.63766e+06 0.1225 4
8.79203e+06 0.125 4
8.57519e+06 0.1275 4
7.151e+06 0.13 4
5.20651e+06 0.1325 4
3.55832e+06 0.135 4
2.68959e+06 0.1375 4
2.60542e+06 0.14 4
2.9539e+06 0.1425 4
3.39791e+06 0.145 4
3.34778e+06 0.1475 4
3.18738e+06 0.15 4
2.62341e+06 0.1525 4
2.37499e+06 0.155 4
2.26179e+06 0.1575 4
2.49834e+06 0.16 4
2.85019e+06 0.1625 4
3.62908e+06 0.165 4
4.19285e+06 0.1675 4
4.45682e+06 0.17 4
4.51032e+06 0.1725 4
4.69273e+06 0.175 4
4.87705e+06 0.1775 4
5.10343e+06 0.18 4
4.86906e+06 0.1825 4
3.60089e+06 0.185 4
2.90685e+06 0.1875 4
2.04835e+06 0.19 4
1.29468e+06 0.1925 4
936208 0.195 4
937334 0.1975 4
876630 0.2 4
879593 0.2025 4
1.02594e+06 0.205 4
1.21643e+06 0.2075 4
1.48477e+06 0.21 4
1.9831e+06 0.2125 4
2.38032e+06 0.215 4
2.59118e+06 0.2175 4
2.50295e+06 0.22 4
2.26235e+06 0.2225 4
1.78895e+06 0.225 4
1.40869e+06 0.2275 4
1.47826e+06 0.23 4
1.77681e+06 0.2325 4
2.38642e+06 0.235 4
3.10445e+06 0.2375 4
3.51341e+06 0.24 4
3.40817e+06 0.2425 4
2.83529e+06 0.245 4
2.06356e+06 0.2475 4
1.49823e+06 0.25 4
1.28116e+06 0.2525 4
1.75428e+06 0.255 4
2.50123e+06 0.2575 4
3.57044e+06 0.26 4
4.31371e+06 0.2625 4
4.72695e+06 0.265 4
4.7577e+06 0.2675 4
4.54634e+06 0.27 4
3.74019e+06 0.2725 4
2.94563e+06 0.275 4
2.39815e+06 0.2775 4
1.79107e+06 0.28 4
1.30311e+06 0.2825 4
973872 0.285 4
807005 0.2875 4
765618 0.29 4
764434 0.2925 4
802748 0.295 4
801029 0.2975 4
881104 0.3 4
860819 0.3025 4
860757 0.305 4
844687 0.3075 4
814177 0.31 4
791622 0.3125 4
28023.4 0.06 5
65868.9 0.0625 5
72116.9 0.065 5
79031.7 0.0675 5
119831 0.07 5
219629 0.0725 5
287328 0.075 5
414822 0.0775 5
543550 0.08 5
1.27831e+06 0.0825 5
1.76167e+06 0.085 5
2.4392e+06 0.0875 5
3.29255e+06 0.09 5
4.61795e+06 0.0925 5
5.88378e+06 0.095 5
8.19978e+06 0.0975 5
1.07868e+07 0.1 5
1.22803e+07 0.1025 5
1.41284e+07 0.105 5
1.62463e+07 0.1075 5
1.76223e+07 0.11 5
1.81728e+07 0.1125 5
1.79729e+07 0.115 5
1.79145e+07 0.1175 5
1.69431e+07 0.12 5
1.56672e+07 0.1225 5
1.31526e+07 0.125 5
1.04882e+07 0.1275 5
7.84566e+06 0.13 5
5.19555e+06 0.1325 5
3.28329e+06 0.135 5
2.17476e+06 0.1375 5
2.40707e+06 0.14 5
3.26204e+06 0.1425 5
4.59516e+06 0.145 5
6.19018e+06 0.1475 5
7.18565e+06 0.15 5
7.23483e+06 0.1525 5
7.11807e+06 0.155 5
6.67846e+06 0.1575 5
5.63405e+06 0.16 5
4.59419e+06 0.1625 5
3.39308e+06 0.165 5
2.55452e+06 0.1675 5
2.03618e+06 0.17 5
1.66236e+06 0.1725 5
1.37881e+06 0.175 5
1.26997e+06 0.1775 5
1.20584e+06 0.18 5
1.10487e+06 0.1825 5
1.12332e+06 0.185 5
1.51445e+06 0.1875 5
2.17192e+06 0.19 5
3.18071e+06 0.1925 5
4.41487e+06 0.195 5
5.64173e+06 0.1975 5
6.54347e+06 0.2 5
7.12192e+06 0.2025 5
7.15792e+06 0.205 5
6.43607e+06 0.2075 5
5.43484e+06 0.21 5
4.28555e+06 0.2125 5
3.38726e+06 0.215 5
2.88629e+06 0.2175 5
2.83235e+06 0.22 5
3.00223e+06 0.2225 5
3.13204e+06 0.225 5
3.17909e+06 0.2275 5
2.89115e+06 0.23 5
2.42865e+06 0.2325 5
1.64614e+06 0.235 5
1.03745e+06 0.2375 5
716805 0.24 5
565241 0.2425 5
599810 0.245 5
708660 0.2475 5
778502 0.25 5
735243 0.2525 5
746402 0.255 5
693017 0.2575 5
772245 0.26 5
887521 0.2625 5
1.05727e+06 0.265 5
1.23414e+06 0.2675 5
1.37554e+06 0.27 5
1.53739e+06 0.2725 5
1.55549e+06 0.275 5
1.42007e+06 0.2775 5
1.17374e+06 0.28 5
950281 0.2825 5
843682 0.285 5
757812 0.2875 5
692324 0.29 5
833044 0.2925 5
1.00151e+06 0.295 5
1.26658e+06 0.2975 5
1.52745e+06 0.3 5
1.62741e+06 0.3025 5
1.6916e+06 0.305 5
1.60607e+06 0.3075 5
1.40868e+06 0.31 5
1.38659e+07 0.045 6
1.49927e+07 0.0475 6
1.33526e+07 0.05 6
9.57404e+06 0.0525 6
5.12146e+06 0.055 6
1.6273e+06 0.0575 6
168903 0.06 6
848310 0.0625 6
2.86389e+06 0.065 6
5.00012e+06 0.0675 6
6.25149e+06 0.07 6
6.25181e+06 0.0725 6
5.31638e+06 0.075 6
4.1321e+06 0.0775 6
3.31594e+06 0.08 6
3.10341e+06 0.0825 6
3.31658e+06 0.085 6
3.57735e+06 0.0875 6
3.59244e+06 0.09 6
3.32066e+06 0.0925 6
2.93709e+06 0.095 6
2.65312e+06 0.0975 6
2.53953e+06 0.1 6
2.48022e+06 0.1025 6
2.27882e+06 0.105 6
1.82868e+06 0.1075 6
1.21575e+06 0.11 6
677620 0.1125 6
449188 0.115 6
607059 0.1175 6
1.02421e+06 0.12 6
1.46558e+06 0.1225 6
1.75335e+06 0.125 6
1.88194e+06 0.1275 6
2.02059e+06 0.13 6
2.302e+06 0.1325 6
2.71385e+06 0.135 6
3.13081e+06 0.1375 6
3.42523e+06 0.14 6
3.25848e+06 0.1425 6
2.95774e+06 0.145 6
2.41516e+06 0.1475 6
2.0895e+06 0.15 6
2.36183e+06 0.1525 6
3.05613e+06 0.155 6
3.79974e+06 0.1575 6
4.11055e+06 0.16 6
3.91466e+06 0.1625 6
3.23923e+06 0.165 6
2.45914e+06 0.1675 6
1.95065e+06 0.17 6
1.53564e+06 0.1725 6
1.68968e+06 0.175 6
1.87771e+06 0.1775 6
1.72091e+06 0.18 6
1.22033e+06 0.1825 6
846273 0.185 6
745462 0.1875 6
1.50296e+06 0.19 6
2.46914e+06 0.1925 6
3.51078e+06 0.195 6
4.31833e+06 0.1975 6
4.00515e+06 0.2 6
3.28689e+06 0.2025 6
2.37198e+06 0.205 6
1.69507e+06 0.2075 6
1.3036e+06 0.21 6
1.26576e+06 0.2125 6
1.55235e+06 0.215 6
1.86816e+06 0.2175 6
1.91743e+06 0.22 6
1.66984e+06 0.2225 6
1.39151e+06 0.225 6
1.15034e+06 0.2275 6
1.18686e+06 0.23 6
1.41533e+06 0.2325 6
1.77989e+06 0.235 6
2.03175e+06 0.2375 6
1.98807e+06 0.24 6
2.1338e+06 0.2425 6
2.08429e+06 0.245 6
1.86461e+06 0.2475 6
1.45941e+06 0.25 6
1.29756e+06 0.2525 6
1.13071e+06 0.255 6
968301 0.2575 6
920052 0.26 6
897924 0.2625 6
960318 0.265 6
1.25279e+06 0.2675 6
1.57681e+06 0.27 6
2.0414e+06 0.2725 6
2.41279e+06 0.275 6
2.60474e+06 0.2775 6
2.63009e+06 0.28 6
2.60128e+06 0.2825 6
2.27248e+06 0.285 6
1.90156e+06 0.2875 6
1.804e+06 0.29 6
1.91846e+06 0.2925 6
2.27611e+06 0.295 6
2.6952e+06 0.2975 6
2.92892e+06 0.3 6
2.93204e+06 0.3025 6
2.53368e+06 0.305 6
1.96202e+06 0.3075 6
0 0.0125 7
0 0.015 7
0 0.0175 7
0 0.02 7
0 0.0225 7
0 0.025 7
0 0.0275 7
0 0.03 7
0 0.0325 7
0 0.035 7
0 0.0375 7
0 0.04 7
0 0.0425 7
0 0.045 7
0 0.0475 7
4399.09 0.05 7
64086.4 0.0525 7
80620.9 0.055 7
138545 0.0575 7
500473 0.06 7
903386 0.0625 7
1.39171e+06 0.065 7
1.78937e+06 0.0675 7
2.30778e+06 0.07 7
2.62928e+06 0.0725 7
2.76792e+06 0.075 7
3.49667e+06 0.0775 7
3.1131e+06 0.08 7
2.60739e+06 0.0825 7
2.08586e+06 0.085 7
1.45315e+06 0.0875 7
730708 0.09 7
340874 0.0925 7
129175 0.095 7
169093 0.0975 7
465482 0.1 7
1.15059e+06 0.1025 7
1.79986e+06 0.105 7
2.65761e+06 0.1075 7
2.90317e+06 0.11 7
3.26801e+06 0.1125 7
3.36812e+06 0.115 7
3.48437e+06 0.1175 7
3.40994e+06 0.12 7
3.4123e+06 0.1225 7
3.8172e+06 0.125 7
3.58176e+06 0.1275 7
3.24189e+06 0.13 7
3.23257e+06 0.1325 7
3.02023e+06 0.135 7
3.01548e+06 0.1375 7
3.12308e+06 0.14 7
3.45059e+06 0.1425 7
3.36997e+06 0.145 7
3.84841e+06 0.1475 7
4.6218e+06 0.15 7
4.95462e+06 0.1525 7
5.00937e+06 0.155 7
5.10998e+06 0.1575 7
5.5466e+06 0.16 7
5.99941e+06 0.1625 7
6.33772e+06 0.165 7
6.13736e+06 0.1675 7
5.6151e+06 0.17 7
4.90007e+06 0.1725 7
3.78637e+06 0.175 7
2.58188e+06 0.1775 7
1.78715e+06 0.18 7
1.52189e+06 0.1825 7
1.92653e+06 0.185 7
2.86503e+06 0.1875 7
3.95403e+06 0.19 7
4.71548e+06 0.1925 7
4.8621e+06 0.195 7
4.30534e+06 0.1975 7
3.22336e+06 0.2 7
2.10308e+06 0.2025 7
1.15946e+06 0.205 7
691080 0.2075 7
547373 0.21 7
626444 0.2125 7
714568 0.215 7
765861 0.2175 7
914293 0.22 7
1.38046e+06 0.2225 7
2.17956e+06 0.225 7
3.02675e+06 0.2275 7
3.81575e+06 0.23 7
4.06348e+06 0.2325 7
3.58962e+06 0.235 7
2.61552e+06 0.2375 7
1.43498e+06 0.24 7
622744 0.2425 7
487037 0.245 7
990020 0.2475 7
1.79081e+06 0.25 7
2.77855e+06 0.2525 7
3.50131e+06 0.255 7
3.65598e+06 0.2575 7
3.35531e+06 0.26 7
2.71244e+06 0.2625 7
2.159e+06 0.265 7
1.67664e+06 0.2675 7
1.62152e+06 0.27 7
1.74473e+06 0.2725 7
2.19019e+06 0.275 7
2.65482e+06 0.2775 7
3.24747e+06 0.28 7
3.54982e+06 0.2825 7
3.60916e+06 0.285 7
3.49341e+06 0.2875 7
3.15608e+06 0.29 7
2.78056e+06 0.2925 7
2.27832e+06 0.295 7
1.83518e+06 0.2975 7
1.49947e+06 0.3 7
1.2194e+06 0.3025 7
929361 0.305 7
0 0.01 8
11503 0.0125 8
62675.7 0.015 8
144396 0.0175 8
217865 0.02 8
448812 0.0225 8
612509 0.025 8
805932 0.0275 8
662744 0.03 8
548538 0.0325 8
324297 0.035 8
110742 0.0375 8
26805 0.04 8
248038 0.0425 8
803928 0.045 8
1.57808e+06 0.0475 8
2.3396e+06 0.05 8
2.83996e+06 0.0525 8
2.93282e+06 0.055 8
2.65549e+06 0.0575 8
2.22437e+06 0.06 8
1.93914e+06 0.0625 8
2.03897e+06 0.065 8
2.58207e+06 0.0675 8
3.41036e+06 0.07 8
4.21746e+06 0.0725 8
4.68534e+06 0.075 8
4.62052e+06 0.0775 8
4.02505e+06 0.08 8
3.07508e+06 0.0825 8
2.02903e+06 0.085 8
1.11991e+06 0.0875 8
484950 0.09 8
156340 0.0925 8
98684.3 0.095 8
256457 0.0975 8
578986 0.1 8
1.0147e+06 0.1025 8
1.49184e+06 0.105 8
1.91202e+06 0.1075 8
2.17115e+06 0.11 8
2.19957e+06 0.1125 8
1.99635e+06 0.115 8
1.63388e+06 0.1175 8
1.22661e+06 0.12 8
886306 0.1225 8
675933 0.125 8
559978 0.1275 8
547775 0.13 8
554643 0.1325 8
529360 0.135 8
403916 0.1375 8
504063 0.14 8
421357 0.1425 8
392234 0.145 8
421407 0.1475 8
490589 0.15 8
609445 0.1525 8
598204 0.155 8
527696 0.1575 8
635433 0.16 8
712467 0.1625 8
750610 0.165 8
799495 0.1675 8
851881 0.17 8
1.00266e+06 0.1725 8
909703 0.175 8
835768 0.1775 8
772310 0.18 8
761459 0.1825 8
930427 0.185 8
1.17112e+06 0.1875 8
1.49491e+06 0.19 8
1.75916e+06 0.1925 8
1.97442e+06 0.195 8
2.39401e+06 0.1975 8
2.65103e+06 0.2 8
3.00454e+06 0.2025 8
3.7911e+06 0.205 8
4.55394e+06 0.2075 8
5.40962e+06 0.21 8
6.05288e+06 0.2125 8
5.89704e+06 0.215 8
5.27509e+06 0.2175 8
4.20417e+06 0.22 8
2.94219e+06 0.2225 8
2.03709e+06 0.225 8
1.50248e+06 0.2275 8
1.60321e+06 0.23 8
1.82822e+06 0.2325 8
2.17299e+06 0.235 8
2.45076e+06 0.2375 8
2.51835e+06 0.24 8
2.25679e+06 0.2425 8
1.73878e+06 0.245 8
1.24423e+06 0.2475 8
790119 0.25 8
730295 0.2525 8
740354 0.255 8
893173 0.2575 8
1.03708e+06 0.26 8
1.38675e+06 0.2625 8
1.63191e+06 0.265 8
1.83835e+06 0.2675 8
1.79739e+06 0.27 8
1.65457e+06 0.2725 8
1.47272e+06 0.275 8
1.206e+06 0.2775 8
858357 0.28 8
545572 0.2825 8
402332 0.285 8
381473 0.2875 8
511910 0.29 8
819656 0.2925 8
1.08757e+06 0.295 8
1.29409e+06 0.2975 8
0 0.01 9
0 0.0125 9
0 0.015 9
0 0.0175 9
0 0.02 9
0 0.0225 9
0 0.025 9
0 0.0275 9
0 0.03 9
0 0.0325 9
0 0.035 9
0 0.0375 9
0 0.04 9
893.901 0.0425 9
13167.9 0.045 9
129197 0.0475 9
233173 0.05 9
824764 0.0525 9
1.08405e+06 0.055 9
1.50109e+06 0.0575 9
2.24959e+06 0.06 9
3.37184e+06 0.0625 9
4.51343e+06 0.065 9
4.8602e+06 0.0675 9
4.88266e+06 0.07 9
5.09601e+06 0.0725 9
4.28884e+06 0.075 9
3.32985e+06 0.0775 9
2.20601e+06 0.08 9
1.17462e+06 0.0825 9
362800 0.085 9
30838 0.0875 9
151137 0.09 9
551429 0.0925 9
970344 0.095 9
1.55163e+06 0.0975 9
1.93638e+06 0.1 9
2.17992e+06 0.1025 9
2.57543e+06 0.105 9
3.28206e+06 0.1075 9
4.14473e+06 0.11 9
4.97066e+06 0.1125 9
5.69928e+06 0.115 9
6.06316e+06 0.1175 9
6.28975e+06 0.12 9
5.69634e+06 0.1225 9
4.45458e+06 0.125 9
3.37296e+06 0.1275 9
2.55751e+06 0.13 9
2.0449e+06 0.1325 9
2.14568e+06 0.135 9
2.07814e+06 0.1375 9
2.43802e+06 0.14 9
2.55934e+06 0.1425 9
2.86525e+06 0.145 9
3.01897e+06 0.1475 9
3.00365e+06 0.15 9
3.01985e+06 0.1525 9
2.92902e+06 0.155 9
2.79379e+06 0.1575 9
2.30757e+06 0.16 9
2.08137e+06 0.1625 9
2.02318e+06 0.165 9
2.2219e+06 0.1675 9
2.6334e+06 0.17 9
2.95873e+06 0.1725 9
3.09518e+06 0.175 9
2.98584e+06 0.1775 9
2.74828e+06 0.18 9
2.58898e+06 0.1825 9
2.36817e+06 0.185 9
2.71825e+06 0.1875 9
3.53253e+06 0.19 9
4.66739e+06 0.1925 9
5.71395e+06 0.195 9
6.46611e+06 0.1975 9
6.79803e+06 0.2 9
6.61121e+06 0.2025 9
5.82671e+06 0.205 9
4.70587e+06 0.2075 9
3.52417e+06 0.21 9
2.5406e+06 0.2125 9
1.88864e+06 0.215 9
1.72144e+06 0.2175 9
1.84126e+06 0.22 9
2.14401e+06 0.2225 9
2.32721e+06 0.225 9
2.31784e+06 0.2275 9
2.29219e+06 0.23 9
2.46832e+06 0.2325 9
2.96902e+06 0.235 9
3.60561e+06 0.2375 9
4.46178e+06 0.24 9
5.3766e+06 0.2425 9
5.77798e+06 0.245 9
5.84966e+06 0.2475 9
5.21898e+06 0.25 9
4.41954e+06 0.2525 9
3.32621e+06 0.255 9
2.56511e+06 0.2575 9
1.94377e+06 0.26 9
1.45181e+06 0.2625 9
1.33715e+06 0.265 9
1.23153e+06 0.2675 9
1.33008e+06 0.27 9
1.45201e+06 0.2725 9
1.65818e+06 0.275 9
1.64883e+06 0.2775 9
1.62563e+06 0.28 9
1.47712e+06 0.2825 9
1.31541e+06 0.285 9
1.28302e+06 0.2875 9
1.38576e+06 0.29 9
1.53442e+06 0.2925 9
0 0.01 10
0 0.0125 10
0 0.015 10
6164.9 0.0175 10
130759 0.02 10
328694 0.0225 10
573606 0.025 10
1.03374e+06 0.0275 10
1.1582e+06 0.03 10
2.24974e+06 0.0325 10
2.49582e+06 0.035 10
2.66264e+06 0.0375 10
2.52804e+06 0.04 10
1.93961e+06 0.0425 10
1.10162e+06 0.045 10
360767 0.0475 10
18603.4 0.05 10
362326 0.0525 10
1.43082e+06 0.055 10
2.98867e+06 0.0575 10
4.44951e+06 0.06 10
5.21544e+06 0.0625 10
4.94065e+06 0.065 10
3.73753e+06 0.0675 10
2.18355e+06 0.07 10
1.09606e+06 0.0725 10
1.16042e+06 0.075 10
2.58427e+06 0.0775 10
4.95572e+06 0.08 10
7.39348e+06 0.0825 10
8.93269e+06 0.085 10
8.96549e+06 0.0875 10
7.51935e+06 0.09 10
5.2331e+06 0.0925 10
3.04241e+06 0.095 10
1.73491e+06 0.0975 10
1.59895e+06 0.1 10
2.33655e+06 0.1025 10
3.27006e+06 0.105 10
3.72056e+06 0.1075 10
3.35531e+06 0.11 10
2.33076e+06 0.1125 10
1.17474e+06 0.115 10
499652 0.1175 10
654218 0.12 10
1.60299e+06 0.1225 10
2.98714e+06 0.125 10
4.24506e+06 0.1275 10
4.7513e+06 0.13 10
4.58663e+06 0.1325 10
3.76016e+06 0.135 10
2.67226e+06 0.1375 10
1.91551e+06 0.14 10
1.21324e+06 0.1425 10
1.37148e+06 0.145 10
1.49188e+06 0.1475 10
1.99438e+06 0.15 10
2.18904e+06 0.1525 10
2.20491e+06 0.155 10
1.84425e+06 0.1575 10
1.45645e+06 0.16 10
1.22076e+06 0.1625 10
1.28632e+06 0.165 10
1.53437e+06 0.1675 10
2.12938e+06 0.17 10
2.82619e+06 0.1725 10
3.64623e+06 0.175 10
4.25308e+06 0.1775 10
4.38024e+06 0.18 10
4.34067e+06 0.1825 10
3.8901e+06 0.185 10
3.34293e+06 0.1875 10
2.55884e+06 0.19 10
1.87654e+06 0.1925 10
1.42559e+06 0.195 10
1.18344e+06 0.1975 10
1.24988e+06 0.2 10
1.34637e+06 0.2025 10
1.43138e+06 0.205 10
1.46778e+06 0.2075 10
1.3645e+06 0.21 10
1.33557e+06 0.2125 10
1.30017e+06 0.215 10
1.3876e+06 0.2175 10
1.60986e+06 0.22 10
1.76173e+06 0.2225 10
1.75251e+06 0.225 10
1.54812e+06 0.2275 10
1.17607e+06 0.23 10
716561 0.2325 10
349009 0.235 10
248687 0.2375 10
533769 0.24 10
980391 0.2425 10
1.50728e+06 0.245 10
1.97615e+06 0.2475 10
2.49969e+06 0.25 10
2.74827e+06 0.2525 10
2.79937e+06 0.255 10
2.65042e+06 0.2575 10
2.4899e+06 0.26 10
2.39247e+06 0.2625 10
2.24572e+06 0.265 10
2.03699e+06 0.2675 10
1.61778e+06 0.27 10
1.1947e+06 0.2725 10
865914 0.275 10
645208 0.2775 10
478777 0.28 10
536330 0.2825 10
648401 0.285 10
843626 0.2875 10
0 0.01 11
0 0.0125 11
0 0.015 11
0 0.0175 11
0 0.02 11
0 0.0225 11
0 0.025 11
0 0.0275 11
0 0.03 11
0 0.0325 11
0 0.035 11
12905.3 0.0375 11
13208 0.04 11
109541 0.0425 11
63176.4 0.045 11
102872 0.0475 11
91970.1 0.05 11
245816 0.0525 11
298484 0.055 11
269957 0.0575 11
254838 0.06 11
66172.8 0.0625 11
41971 0.065 11
17616.4 0.0675 11
141300 0.07 11
236505 0.0725 11
473175 0.075 11
682816 0.0775 11
981565 0.08 11
1.28361e+06 0.0825 11
1.43035e+06 0.085 11
1.48334e+06 0.0875 11
1.1971e+06 0.09 11
943796 0.0925 11
733017 0.095 11
488672 0.0975 11
415087 0.1 11
443713 0.1025 11
674884 0.105 11
1.09943e+06 0.1075 11
1.57582e+06 0.11 11
2.18449e+06 0.1125 11
2.71506e+06 0.115 11
3.23437e+06 0.1175 11
3.85347e+06 0.12 11
3.85218e+06 0.1225 11
3.35515e+06 0.125 11
3.29194e+06 0.1275 11
3.25313e+06 0.13 11
3.28597e+06 0.1325 11
3.71282e+06 0.135 11
3.64405e+06 0.1375 11
3.37944e+06 0.14 11
2.94926e+06 0.1425 11
2.56097e+06 0.145 11
2.75319e+06 0.1475 11
3.28726e+06 0.15 11
4.03124e+06 0.1525 11
5.29222e+06 0.155 11
6.49487e+06 0.1575 11
7.31383e+06 0.16 11
7.59209e+06 0.1625 11
7.29214e+06 0.165 11
6.54597e+06 0.1675 11
5.53305e+06 0.17 11
4.48724e+06 0.1725 11
3.52429e+06 0.175 11
2.58567e+06 0.1775 11
1.82716e+06 0.18 11
1.38888e+06 0.1825 11
1.35841e+06 0.185 11
1.70488e+06 0.1875 11
2.41151e+06 0.19 11
3.09242e+06 0.1925 11
3.72707e+06 0.195 11
3.80625e+06 0.1975 11
3.36656e+06 0.2 11
2.34464e+06 0.2025 11
1.32736e+06 0.205 11
612180 0.2075 11
369483 0.21 11
586226 0.2125 11
1.04836e+06 0.215 11
1.53837e+06 0.2175 11
1.75269e+06 0.22 11
1.60764e+06 0.2225 11
1.26264e+06 0.225 11
912092 0.2275 11
788099 0.23 11
914734 0.2325 11
1.3632e+06 0.235 11
1.9056e+06 0.2375 11
2.39243e+06 0.24 11
2.69089e+06 0.2425 11
2.69934e+06 0.245 11
2.36898e+06 0.2475 11
1.9769e+06 0.25 11
1.52418e+06 0.2525 11
1.13292e+06 0.255 11
829640 0.2575 11
617934 0.26 11
604542 0.2625 11
637282 0.265 11
710166 0.2675 11
720640 0.27 11
700633 0.2725 11
704306 0.275 11
601796 0.2775 11
515963 0.28 11
519173 0.2825 11
0 0.01 12
0 0.0125 12
0 0.015 12
0 0.0175 12
0 0.02 12
23850.2 0.0225 12
62959.7 0.025 12
495560 0.0275 12
797206 0.03 12
1.34675e+06 0.0325 12
2.59835e+06 0.035 12
3.98373e+06 0.0375 12
5.02238e+06 0.04 12
6.35536e+06 0.0425 12
7.23663e+06 0.045 12
7.66753e+06 0.0475 12
7.27529e+06 0.05 12
6.36763e+06 0.0525 12
5.00899e+06 0.055 12
3.98817e+06 0.0575 12
2.73938e+06 0.06 12
1.94034e+06 0.0625 12
1.20884e+06 0.065 12
784703 0.0675 12
414989 0.07 12
134311 0.0725 12
7479.3 0.075 12
42868.5 0.0775 12
202665 0.08 12
404608 0.0825 12
560476 0.085 12
622636 0.0875 12
608015 0.09 12
583825 0.0925 12
624167 0.095 12
764505 0.0975 12
980806 0.1 12
1.20328e+06 0.1025 12
1.35343e+06 0.105 12
1.38131e+06 0.1075 12
1.28322e+06 0.11 12
1.09619e+06 0.1125 12
871091 0.115 12
654263 0.1175 12
497616 0.12 12
512287 0.1225 12
449824 0.125 12
478451 0.1275 12
395082 0.13 12
449589 0.1325 12
498454 0.135 12
557601 0.1375 12
833577 0.14 12
1.14884e+06 0.1425 12
1.52563e+06 0.145 12
1.94912e+06 0.1475 12
2.10184e+06 0.15 12
2.14871e+06 0.1525 12
2.08285e+06 0.155 12
2.02627e+06 0.1575 12
2.31331e+06 0.16 12
2.96784e+06 0.1625 12
3.53402e+06 0.165 12
3.84059e+06 0.1675 12
3.88316e+06 0.17 12
3.86702e+06 0.1725 12
3.84002e+06 0.175 12
3.73567e+06 0.1775 12
3.70031e+06 0.18 12
4.13748e+06 0.1825 12
4.7964e+06 0.185 12
5.15286e+06 0.1875 12
5.12753e+06 0.19 12
4.88519e+06 0.1925 12
4.66936e+06 0.195 12
4.58464e+06 0.1975 12
4.97227e+06 0.2 12
5.74442e+06 0.2025 12
6.5584e+06 0.205 12
6.73459e+06 0.2075 12
6.23703e+06 0.21 12
5.01946e+06 0.2125 12
3.52229e+06 0.215 12
1.99706e+06 0.2175 12
1.36973e+06 0.22 12
1.36705e+06 0.2225 12
2.1902e+06 0.225 12
3.19946e+06 0.2275 12
3.85885e+06 0.23 12
3.93364e+06 0.2325 12
3.44385e+06 0.235 12
2.90177e+06 0.2375 12
2.32235e+06 0.24 12
2.16532e+06 0.2425 12
2.09732e+06 0.245 12
2.21033e+06 0.2475 12
1.99577e+06 0.25 12
1.60755e+06 0.2525 12
1.20258e+06 0.255 12
948985 0.2575 12
895214 0.26 12
954901 0.2625 12
1.14662e+06 0.265 12
1.19521e+06 0.2675 12
1.19511e+06 0.27 12
1.08349e+06 0.2725 12
968650 0.275 12
0 0.01 13
0 0.0125 13
0 0.015 13
0 0.0175 13
0 0.02 13
0 0.0225 13
0 0.025 13
0 0.0275 13
0 0.03 13
4867.35 0.0325 13
11520.5 0.035 13
109269 0.0375 13
130621 0.04 13
285208 0.0425 13
389313 0.045 13
631749 0.0475 13
1.02444e+06 0.05 13
1.29664e+06 0.0525 13
1.33344e+06 0.055 13
1.70898e+06 0.0575 13
1.47447e+06 0.06 13
1.34253e+06 0.0625 13
1.06575e+06 0.065 13
877830 0.0675 13
578553 0.07 13
398039 0.0725 13
418568 0.075 13
634364 0.0775 13
823057 0.08 13
1.2596e+06 0.0825 13
1.59558e+06 0.085 13
1.82624e+06 0.0875 13
2.04449e+06 0.09 13
2.38945e+06 0.0925 13
2.66961e+06 0.095 13
2.9365e+06 0.0975 13
3.23681e+06 0.1 13
3.80749e+06 0.1025 13
4.30393e+06 0.105 13
4.81269e+06 0.1075 13
5.6704e+06 0.11 13
6.57833e+06 0.1125 13
7.2944e+06 0.115 13
7.84012e+06 0.1175 13
8.2443e+06 0.12 13
8.06592e+06 0.1225 13
7.68683e+06 0.125 13
6.42122e+06 0.1275 13
5.18173e+06 0.13 13
4.26149e+06 0.1325 13
3.50681e+06 0.135 13
2.85637e+06 0.1375 13
2.2872e+06 0.14 13
1.9007e+06 0.1425 13
1.81651e+06 0.145 13
1.93415e+06 0.1475 13
1.88495e+06 0.15 13
1.81707e+06 0.1525 13
1.76605e+06 0.155 13
1.91391e+06 0.1575 13
1.7977e+06 0.16 13
1.77436e+06 0.1625 13
1.49363e+06 0.165 13
1.11705e+06 0.1675 13
813951 0.17 13
431393 0.1725 13
305053 0.175 13
323365 0.1775 13
503055 0.18 13
790487 0.1825 13
1.07228e+06 0.185 13
1.2208e+06 0.1875 13
1.36326e+06 0.19 13
1.42169e+06 0.1925 13
1.53317e+06 0.195 13
1.6343e+06 0.1975 13
1.59286e+06 0.2 13
1.57744e+06 0.2025 13
1.72974e+06 0.205 13
1.82221e+06 0.2075 13
1.94727e+06 0.21 13
1.91558e+06 0.2125 13
1.98716e+06 0.215 13
1.99843e+06 0.2175 13
1.92388e+06 0.22 13
1.89395e+06 0.2225 13
1.81694e+06 0.225 13
1.67157e+06 0.2275 13
1.4188e+06 0.23 13
1.30068e+06 0.2325 13
1.25279e+06 0.235 13
1.23405e+06 0.2375 13
1.26864e+06 0.24 13
1.15944e+06 0.2425 13
1.10356e+06 0.245 13
967695 0.2475 13
833215 0.25 13
690422 0.2525 13
558965 0.255 13
432361 0.2575 13
356799 0.26 13
371430 0.2625 13
471064 0.265 13
590671 0.2675 13
0 0.02 14
0 0.0225 14
0 0.025 14
5754.23 0.0275 14
87038.4 0.03 14
232677 0.0325 14
416780 0.035 14
896637 0.0375 14
1.27653e+06 0.04 14
1.37363e+06 0.0425 14
1.64136e+06 0.045 14
1.78645e+06 0.0475 14
1.62439e+06 0.05 14
1.43507e+06 0.0525 14
1.28005e+06 0.055 14
1.22956e+06 0.0575 14
716420 0.06 14
531372 0.0625 14
529288 0.065 14
511282 0.0675 14
511023 0.07 14
700731 0.0725 14
697505 0.075 14
669771 0.0775 14
739558 0.08 14
973155 0.0825 14
1.48433e+06 0.085 14
2.05834e+06 0.0875 14
2.53542e+06 0.09 14
2.99705e+06 0.0925 14
3.39441e+06 0.095 14
3.75208e+06 0.0975 14
4.08242e+06 0.1 14
4.32878e+06 0.1025 14
4.37119e+06 0.105 14
4.09142e+06 0.1075 14
3.461e+06 0.11 14
2.5956e+06 0.1125 14
1.69148e+06 0.115 14
942074 0.1175 14
610584 0.12 14
639835 0.1225 14
970882 0.125 14
1.46236e+06 0.1275 14
2.01948e+06 0.13 14
2.77671e+06 0.1325 14
3.66589e+06 0.135 14
4.65206e+06 0.1375 14
5.42244e+06 0.14 14
6.35561e+06 0.1425 14
6.87984e+06 0.145 14
6.97474e+06 0.1475 14
6.60901e+06 0.15 14
5.84757e+06 0.1525 14
5.20422e+06 0.155 14
4.89684e+06 0.1575 14
5.08297e+06 0.16 14
5.16935e+06 0.1625 14
5.23906e+06 0.165 14
5.0526e+06 0.1675 14
4.44968e+06 0.17 14
3.74588e+06 0.1725 14
3.13806e+06 0.175 14
2.91682e+06 0.1775 14
2.80988e+06 0.18 14
2.76557e+06 0.1825 14
2.46793e+06 0.185 14
1.77275e+06 0.1875 14
1.10883e+06 0.19 14
488765 0.1925 14
167608 0.195 14
237673 0.1975 14
650847 0.2 14
1.04573e+06 0.2025 14
1.3773e+06 0.205 14
1.63079e+06 0.2075 14
1.54517e+06 0.21 14
1.60058e+06 0.2125 14
1.65072e+06 0.215 14
1.80031e+06 0.2175 14
1.83307e+06 0.22 14
1.81296e+06 0.2225 14
1.63216e+06 0.225 14
1.41024e+06 0.2275 14
1.26006e+06 0.23 14
1.14079e+06 0.2325 14
1.04363e+06 0.235 14
1.05709e+06 0.2375 14
1.00405e+06 0.24 14
983537 0.2425 14
990460 0.245 14
963778 0.2475 14
1.01536e+06 0.25 14
1.11864e+06 0.2525 14
1.25752e+06 0.255 14
1.31786e+06 0.2575 14
0 0.0125 15
0 0.015 15
0 0.0175 15
0 0.02 15
0 0.0225 15
0 0.025 15
9013.13 0.0275 15
20047.5 0.03 15
147266 0.0325 15
410721 0.035 15
652850 0.0375 15
1.25425e+06 0.04 15
1.7618e+06 0.0425 15
2.65714e+06 0.045 15
3.37067e+06 0.0475 15
4.16001e+06 0.05 15
4.60969e+06 0.0525 15
4.93782e+06 0.055 15
4.76814e+06 0.0575 15
4.37865e+06 0.06 15
3.80279e+06 0.0625 15
2.90787e+06 0.065 15
2.10973e+06 0.0675 15
1.55998e+06 0.07 15
1.13916e+06 0.0725 15
749224 0.075 15
450096 0.0775 15
212158 0.08 15
37556.8 0.0825 15
1579.66 0.085 15
28651.8 0.0875 15
108687 0.09 15
198857 0.0925 15
260236 0.095 15
305647 0.0975 15
365281 0.1 15
478954 0.1025 15
669186 0.105 15
932472 0.1075 15
1.18674e+06 0.11 15
1.41869e+06 0.1125 15
1.53444e+06 0.115 15
1.61635e+06 0.1175 15
1.69141e+06 0.12 15
1.52523e+06 0.1225 15
1.18384e+06 0.125 15
1.41121e+06 0.1275 15
1.93513e+06 0.13 15
2.72003e+06 0.1325 15
3.53829e+06 0.135 15
4.38299e+06 0.1375 15
5.16941e+06 0.14 15
5.4864e+06 0.1425 15
5.5696e+06 0.145 15
5.474e+06 0.1475 15
4.99737e+06 0.15 15
4.59395e+06 0.1525 15
4.19794e+06 0.155 15
4.06156e+06 0.1575 15
4.01144e+06 0.16 15
4.07858e+06 0.1625 15
3.8338e+06 0.165 15
3.29505e+06 0.1675 15
2.3691e+06 0.17 15
1.43933e+06 0.1725 15
610382 0.175 15
121865 0.1775 15
81976.8 0.18 15
448561 0.1825 15
924451 0.185 15
1.61154e+06 0.1875 15
2.15795e+06 0.19 15
2.33304e+06 0.1925 15
2.61537e+06 0.195 15
2.61423e+06 0.1975 15
2.77893e+06 0.2 15
2.59441e+06 0.2025 15
2.44516e+06 0.205 15
2.21479e+06 0.2075 15
1.9026e+06 0.21 15
1.5452e+06 0.2125 15
1.18936e+06 0.215 15
874504 0.2175 15
622732 0.22 15
473555 0.2225 15
429281 0.225 15
527570 0.2275 15
696855 0.23 15
874492 0.2325 15
1.03018e+06 0.235 15
1.0527e+06 0.2375 15
1.06835e+06 0.24 15
920408 0.2425 15
750621 0.245 15
539713 0.2475 15
0 0.0025 16
0 0.005 16
0 0.0075 16
0 0.01 16
0 0.0125 16
0 0.015 16
0 0.0175 16
0 0.02 16
0 0.0225 16
0 0.025 16
0 0.0275 16
0 0.03 16
2501.63 0.0325 16
12019.1 0.035 16
139882 0.0375 16
361113 0.04 16
616054 0.0425 16
1.0559e+06 0.045 16
1.06796e+06 0.0475 16
1.33572e+06 0.05 16
1.59976e+06 0.0525 16
1.70414e+06 0.055 16
1.56527e+06 0.0575 16
1.43627e+06 0.06 16
932972 0.0625 16
670439 0.065 16
390065 0.0675 16
512064 0.07 16
990291 0.0725 16
1.6163e+06 0.075 16
2.48802e+06 0.0775 16
3.39672e+06 0.08 16
4.62304e+06 0.0825 16
6.04795e+06 0.085 16
7.04709e+06 0.0875 16
8.35698e+06 0.09 16
1.00635e+07 0.0925 16
1.21311e+07 0.095 16
1.38323e+07 0.0975 16
1.50754e+07 0.1 16
1.52792e+07 0.1025 16
1.44251e+07 0.105 16
1.26178e+07 0.1075 16
1.02095e+07 0.11 16
7.90475e+06 0.1125 16
5.73105e+06 0.115 16
4.11183e+06 0.1175 16
2.94613e+06 0.12 16
2.02092e+06 0.1225 16
1.22038e+06 0.125 16
721771 0.1275 16
341311 0.13 16
300729 0.1325 16
459249 0.135 16
794418 0.1375 16
1.00192e+06 0.14 16
1.14623e+06 0.1425 16
1.17875e+06 0.145 16
1.00218e+06 0.1475 16
943459 0.15 16
1.14888e+06 0.1525 16
1.72855e+06 0.155 16
2.26255e+06 0.1575 16
2.80393e+06 0.16 16
3.02644e+06 0.1625 16
2.78867e+06 0.165 16
2.16517e+06 0.1675 16
1.47255e+06 0.17 16
1.01028e+06 0.1725 16
1.03405e+06 0.175 16
1.29927e+06 0.1775 16
1.79782e+06 0.18 16
2.33973e+06 0.1825 16
2.624e+06 0.185 16
2.52277e+06 0.1875 16
2.09454e+06 0.19 16
1.49626e+06 0.1925 16
1.00868e+06 0.195 16
688649 0.1975 16
605219 0.2 16
718148 0.2025 16
905785 0.205 16
945466 0.2075 16
947861 0.21 16
920611 0.2125 16
827605 0.215 16
767603 0.2175 16
713173 0.22 16
699165 0.2225 16
736879 0.225 16
949779 0.2275 16
997175 0.23 16
1.08463e+06 0.2325 16
1.12161e+06 0.235 16
1.06781e+06 0.2375 16
0 0.0025 17
0 0.005 17
0 0.0075 17
0 0.01 17
0 0.0125 17
0 0.015 17
0 0.0175 17
0 0.02 17
26514 0.0225 17
201774 0.025 17
207546 0.0275 17
478008 0.03 17
688357 0.0325 17
1.35591e+06 0.035 17
2.58646e+06 0.0375 17
3.41117e+06 0.04 17
3.94866e+06 0.0425 17
4.59792e+06 0.045 17
4.51312e+06 0.0475 17
4.03774e+06 0.05 17
3.33028e+06 0.0525 17
2.75234e+06 0.055 17
2.19691e+06 0.0575 17
2.06715e+06 0.06 17
2.19248e+06 0.0625 17
2.58917e+06 0.065 17
3.34349e+06 0.0675 17
4.03672e+06 0.07 17
5.15695e+06 0.0725 17
6.09279e+06 0.075 17
6.69356e+06 0.0775 17
6.66687e+06 0.08 17
5.87152e+06 0.0825 17
4.43793e+06 0.085 17
2.77666e+06 0.0875 17
1.44148e+06 0.09 17
894686 0.0925 17
1.28825e+06 0.095 17
2.38052e+06 0.0975 17
3.64479e+06 0.1 17
4.52395e+06 0.1025 17
4.70291e+06 0.105 17
4.25692e+06 0.1075 17
3.59831e+06 0.11 17
3.25895e+06 0.1125 17
3.59881e+06 0.115 17
4.64688e+06 0.1175 17
6.05731e+06 0.12 17
7.41793e+06 0.1225 17
8.21377e+06 0.125 17
8.26255e+06 0.1275 17
7.37564e+06 0.13 17
6.01286e+06 0.1325 17
4.6986e+06 0.135 17
3.44455e+06 0.1375 17
2.74767e+06 0.14 17
1.96437e+06 0.1425 17
1.43038e+06 0.145 17
1.25653e+06 0.1475 17
1.01797e+06 0.15 17
763788 0.1525 17
531012 0.155 17
428832 0.1575 17
333049 0.16 17
385490 0.1625 17
460417 0.165 17
746736 0.1675 17
1.05968e+06 0.17 17
1.46786e+06 0.1725 17
1.76597e+06 0.175 17
2.04008e+06 0.1775 17
2.07449e+06 0.18 17
2.00415e+06 0.1825 17
2.02587e+06 0.185 17
1.88458e+06 0.1875 17
1.79881e+06 0.19 17
1.59445e+06 0.1925 17
1.40279e+06 0.195 17
1.42001e+06 0.1975 17
1.17501e+06 0.2 17
854856 0.2025 17
618620 0.205 17
426639 0.2075 17
271878 0.21 17
342434 0.2125 17
558181 0.215 17
814854 0.2175 17
1.12925e+06 0.22 17
1.33811e+06 0.2225 17
1.50158e+06 0.225 17
0 0.0025 18
0 0.005 18
0 0.0075 18
0 0.01 18
0 0.0125 18
0 0.015 18
0 0.0175 18
0 0.02 18
0 0.0225 18
0 0.025 18
0 0.0275 18
0 0.03 18
0 0.0325 18
0 0.035 18
104.206 0.0375 18
1068.29 0.04 18
16226.9 0.0425 18
98662.6 0.045 18
299720 0.0475 18
575666 0.05 18
1.12866e+06 0.0525 18
2.11161e+06 0.055 18
3.31199e+06 0.0575 18
4.71585e+06 0.06 18
6.47512e+06 0.0625 18
8.08854e+06 0.065 18
9.41721e+06 0.0675 18
1.03625e+07 0.07 18
1.08977e+07 0.0725 18
1.1224e+07 0.075 18
1.10292e+07 0.0775 18
9.29996e+06 0.08 18
7.60946e+06 0.0825 18
5.76997e+06 0.085 18
4.30008e+06 0.0875 18
3.10117e+06 0.09 18
2.24538e+06 0.0925 18
1.61385e+06 0.095 18
1.29024e+06 0.0975 18
1.21252e+06 0.1 18
1.29171e+06 0.1025 18
1.57119e+06 0.105 18
1.96213e+06 0.1075 18
2.30172e+06 0.11 18
2.69017e+06 0.1125 18
3.13335e+06 0.115 18
3.09053e+06 0.1175 18
2.92219e+06 0.12 18
2.71507e+06 0.1225 18
2.42463e+06 0.125 18
1.83146e+06 0.1275 18
1.62652e+06 0.13 18
1.15309e+06 0.1325 18
990672 0.135 18
774314 0.1375 18
665868 0.14 18
417515 0.1425 18
197049 0.145 18
101538 0.1475 18
141959 0.15 18
258953 0.1525 18
604891 0.155 18
1.0432e+06 0.1575 18
1.62914e+06 0.16 18
2.09753e+06 0.1625 18
2.5211e+06 0.165 18
2.91699e+06 0.1675 18
2.97316e+06 0.17 18
2.97398e+06 0.1725 18
2.68249e+06 0.175 18
2.31509e+06 0.1775 18
1.93756e+06 0.18 18
1.53437e+06 0.1825 18
1.07477e+06 0.185 18
704932 0.1875 18
402811 0.19 18
235480 0.1925 18
209620 0.195 18
271740 0.1975 18
388838 0.2 18
531953 0.2025 18
640845 0.205 18
659863 0.2075 18
619617 0.21 18
538844 0.2125 18
0 0.0025 19
0 0.005 19
0 0.0075 19
0 0.01 19
0 0.0125 19
0 0.015 19
19974.5 0.0175 19
34133.6 0.02 19
106739 0.0225 19
120986 0.025 19
246223 0.0275 19
473710 0.03 19
741149 0.0325 19
778025 0.035 19
778862 0.0375 19
610748 0.04 19
418280 0.0425 19
275595 0.045 19
188938 0.0475 19
165954 0.05 19
127519 0.0525 19
124450 0.055 19
132519 0.0575 19
247762 0.06 19
553091 0.0625 19
1.06424e+06 0.065 19
1.68008e+06 0.0675 19
2.19696e+06 0.07 19
2.39468e+06 0.0725 19
2.15424e+06 0.075 19
1.54e+06 0.0775 19
791465 0.08 19
219703 0.0825 19
60359.8 0.085 19
363444 0.0875 19
980182 0.09 19
1.65082e+06 0.0925 19
2.1394e+06 0.095 19
2.33806e+06 0.0975 19
2.28802e+06 0.1 19
2.11803e+06 0.1025 19
1.94935e+06 0.105 19
1.82838e+06 0.1075 19
1.7213e+06 0.11 19
1.56048e+06 0.1125 19
1.30249e+06 0.115 19
960422 0.1175 19
594255 0.12 19
277104 0.1225 19
69895.9 0.125 19
45333.8 0.1275 19
267606 0.13 19
721549 0.1325 19
1.44187e+06 0.135 19
2.16473e+06 0.1375 19
2.89779e+06 0.14 19
3.37034e+06 0.1425 19
3.25487e+06 0.145 19
2.84406e+06 0.1475 19
2.39113e+06 0.15 19
2.09005e+06 0.1525 19
1.89562e+06 0.155 19
2.03742e+06 0.1575 19
2.42981e+06 0.16 19
2.58384e+06 0.1625 19
2.53364e+06 0.165 19
2.28655e+06 0.1675 19
1.83032e+06 0.17 19
1.3202e+06 0.1725 19
1.14678e+06 0.175 19
1.38586e+06 0.1775 19
1.80435e+06 0.18 19
2.24158e+06 0.1825 19
2.40714e+06 0.185 19
2.34592e+06 0.1875 19
2.01385e+06 0.19 19
1.49653e+06 0.1925 19
1.04598e+06 0.195 19
666276 0.1975 19
0 0.0025 20
0 0.005 20
0 0.0075 20
0 0.01 20
0 0.0125 20
0 0.015 20
0 0.0175 20
0 0.02 20
0 0.0225 20
0 0.025 20
0 0.0275 20
0 0.03 20
0 0.0325 20
0 0.035 20
0 0.0375 20
0 0.04 20
499.507 0.0425 20
498.749 0.045 20
52015.6 0.0475 20
49929.5 0.05 20
194416 0.0525 20
191007 0.055 20
335763 0.0575 20
371125 0.06 20
609275 0.0625 20
788897 0.065 20
810769 0.0675 20
742922 0.07 20
728672 0.0725 20
896972 0.075 20
938931 0.0775 20
1.03499e+06 0.08 20
1.21073e+06 0.0825 20
1.2067e+06 0.085 20
1.28795e+06 0.0875 20
1.38051e+06 0.09 20
1.39072e+06 0.0925 20
1.35995e+06 0.095 20
1.11371e+06 0.0975 20
1.06326e+06 0.1 20
1.27687e+06 0.1025 20
1.63477e+06 0.105 20
2.37952e+06 0.1075 20
3.02121e+06 0.11 20
3.96103e+06 0.1125 20
4.47778e+06 0.115 20
4.91607e+06 0.1175 20
4.94919e+06 0.12 20
4.49871e+06 0.1225 20
3.89305e+06 0.125 20
2.92929e+06 0.1275 20
1.9417e+06 0.13 20
1.26072e+06 0.1325 20
745454 0.135 20
358424 0.1375 20
205036 0.14 20
201716 0.1425 20
214554 0.145 20
210397 0.1475 20
245383 0.15 20
245296 0.1525 20
330587 0.155 20
409825 0.1575 20
555599 0.16 20
632427 0.1625 20
797609 0.165 20
886078 0.1675 20
927770 0.17 20
903317 0.1725 20
889705 0.175 20
856752 0.1775 20
0 0.0025 21
0 0.005 21
0 0.0075 21
0 0.01 21
6785.44 0.0125 21
12303.4 0.015 21
17342.4 0.0175 21
71290.2 0.02 21
150029 0.0225 21
233974 0.025 21
261907 0.0275 21
262716 0.03 21
248712 0.0325 21
198361 0.035 21
159529 0.0375 21
137147 0.04 21
139812 0.0425 21
165427 0.045 21
209221 0.0475 21
272078 0.05 21
361317 0.0525 21
481646 0.055 21
623253 0.0575 21
758731 0.06 21
855809 0.0625 21
900814 0.065 21
917096 0.0675 21
962265 0.07 21
1.10016e+06 0.0725 21
1.3609e+06 0.075 21
1.71292e+06 0.0775 21
2.06636e+06 0.08 21
2.30937e+06 0.0825 21
2.35918e+06 0.085 21
2.20094e+06 0.0875 21
1.89466e+06 0.09 21
1.54924e+06 0.0925 21
1.27862e+06 0.095 21
1.16115e+06 0.0975 21
1.21576e+06 0.1 21
1.39822e+06 0.1025 21
1.61367e+06 0.105 21
1.74258e+06 0.1075 21
1.67913e+06 0.11 21
1.37754e+06 0.1125 21
891470 0.115 21
382688 0.1175 21
79312.4 0.12 21
187610 0.1225 21
782408 0.125 21
1.75143e+06 0.1275 21
2.812e+06 0.13 21
3.59564e+06 0.1325 21
3.83395e+06 0.135 21
3.46402e+06 0.1375 21
2.65694e+06 0.14 21
1.66723e+06 0.1425 21
860006 0.145 21
465103 0.1475 21
372483 0.15 21
542547 0.1525 21
732862 0.155 21
870360 0.1575 21
758449 0.16 21
0 0.0025 22
0 0.005 22
0 0.0075 22
0 0.01 22
0 0.0125 22
0 0.015 22
0 0.0175 22
0 0.02 22
0 0.0225 22
0 0.025 22
0 0.0275 22
0 0.03 22
0 0.0325 22
0 0.035 22
0 0.0375 22
0 0.04 22
0 0.0425 22
0 0.045 22
0 0.0475 22
3453.1 0.05 22
648.606 0.0525 22
9266.56 0.055 22
23131.1 0.0575 22
106570 0.06 22
117622 0.0625 22
228122 0.065 22
257921 0.0675 22
278083 0.07 22
406143 0.0725 22
484675 0.075 22
703116 0.0775 22
726614 0.08 22
761865 0.0825 22
804108 0.085 22
721393 0.0875 22
524228 0.09 22
304981 0.0925 22
157348 0.095 22
142659 0.0975 22
111663 0.1 22
158732 0.1025 22
235162 0.105 22
282116 0.1075 22
260589 0.11 22
358092 0.1125 22
427204 0.115 22
459027 0.1175 22
552450 0.12 22
633170 0.1225 22
639609 0.125 22
619371 0.1275 22
616227 0.13 22
647171 0.1325 22
657596 0.135 22
758558 0.1375 22
0 0.0025 23
0 0.005 23
2392.87 0.0075 23
6647.22 0.01 23
16214.4 0.0125 23
18589.5 0.015 23
26604.3 0.0175 23
37380.7 0.02 23
53277 0.0225 23
91195.9 0.025 23
174945 0.0275 23
325212 0.03 23
544928 0.0325 23
809742 0.035 23
1.07131e+06 0.0375 23
1.274e+06 0.04 23
1.37702e+06 0.0425 23
1.36977e+06 0.045 23
1.27228e+06 0.0475 23
1.12174e+06 0.05 23
954727 0.0525 23
796190 0.055 23
659922 0.0575 23
555979 0.06 23
495648 0.0625 23
487594 0.065 23
527519 0.0675 23
590740 0.07 23
636697 0.0725 23
626149 0.075 23
541833 0.0775 23
399274 0.08 23
239865 0.0825 23
109745 0.085 23
37239.7 0.0875 23
22194.6 0.09 23
42084 0.0925 23
68723 0.095 23
83629.8 0.0975 23
83264.7 0.1 23
74238.2 0.1025 23
