2.55923e+07 0.085 0
1.54432e+07 0.0875 0
5.68853e+06 0.09 0
495645 0.0925 0
694472 0.095 0
3.97508e+06 0.0975 0
6.89674e+06 0.1 0
7.18328e+06 0.1025 0
4.86433e+06 0.105 0
1.78088e+06 0.1075 0
63336.1 0.11 0
709508 0.1125 0
3.11929e+06 0.115 0
5.69399e+06 0.1175 0
6.93641e+06 0.12 0
6.29526e+06 0.1225 0
4.29834e+06 0.125 0
2.04991e+06 0.1275 0
499362 0.13 0
56215.5 0.1325 0
428415 0.135 0
1.05368e+06 0.1375 0
1.5576e+06 0.14 0
1.84507e+06 0.1425 0
1.78085e+06 0.145 0
1.63035e+06 0.1475 0
1.58355e+06 0.15 0
1.18576e+06 0.1525 0
1.23818e+06 0.155 0
1.38607e+06 0.1575 0
1.56688e+06 0.16 0
1.5701e+06 0.1625 0
1.59105e+06 0.165 0
1.79293e+06 0.1675 0
1.69031e+06 0.17 0
1.64035e+06 0.1725 0
1.26721e+06 0.175 0
828529 0.1775 0
389612 0.18 0
160345 0.1825 0
74383.6 0.185 0
250338 0.1875 0
474673 0.19 0
809565 0.1925 0
1.07513e+06 0.195 0
1.31111e+06 0.1975 0
1.42967e+06 0.2 0
1.40967e+06 0.2025 0
1.38392e+06 0.205 0
1.3745e+06 0.2075 0
1.38711e+06 0.21 0
1.57707e+06 0.2125 0
1.67851e+06 0.215 0
1.91173e+06 0.2175 0
1.93364e+06 0.22 0
1.99538e+06 0.2225 0
1.84884e+06 0.225 0
1.54227e+06 0.2275 0
1.1923e+06 0.23 0
785855 0.2325 0
606763 0.235 0
521967 0.2375 0
529067 0.24 0
628197 0.2425 0
812754 0.245 0
924334 0.2475 0
845313 0.25 0
613441 0.2525 0
320340 0.255 0
145113 0.2575 0
19014 0.26 0
30186.4 0.2625 0
171801 0.265 0
368087 0.2675 0
519476 0.27 0
602434 0.2725 0
529914 0.275 0
422931 0.2775 0
274158 0.28 0
140135 0.2825 0
137544 0.285 0
307308 0.2875 0
585104 0.29 0
894333 0.2925 0
1.14971e+06 0.295 0
1.36305e+06 0.2975 0
1.44119e+06 0.3 0
1.431e+06 0.3025 0
1.32331e+06 0.305 0
1.24922e+06 0.3075 0
1.0999e+06 0.31 0
1.05709e+06 0.3125 0
926194 0.315 0
3.42231e+07 0.0825 1
3.17854e+07 0.085 1
3.11628e+07 0.0875 1
3.04469e+07 0.09 1
2.82428e+07 0.0925 1
2.43057e+07 0.095 1
1.9446e+07 0.0975 1
1.48736e+07 0.1 1
1.14558e+07 0.1025 1
9.30202e+06 0.105 1
7.90282e+06 0.1075 1
6.63456e+06 0.11 1
5.20699e+06 0.1125 1
3.6043e+06 0.115 1
2.48159e+06 0.1175 1
1.62826e+06 0.12 1
1.29169e+06 0.1225 1
1.55225e+06 0.125 1
1.67244e+06 0.1275 1
1.63178e+06 0.13 1
1.82041e+06 0.1325 1
1.97741e+06 0.135 1
2.4561e+06 0.1375 1
2.87047e+06 0.14 1
3.41279e+06 0.1425 1
3.28357e+06 0.145 1
2.62641e+06 0.1475 1
1.65759e+06 0.15 1
760298 0.1525 1
300767 0.155 1
408480 0.1575 1
1.11079e+06 0.16 1
2.14535e+06 0.1625 1
2.87867e+06 0.165 1
3.21642e+06 0.1675 1
3.23817e+06 0.17 1
2.9779e+06 0.1725 1
2.34039e+06 0.175 1
1.74596e+06 0.1775 1
1.19413e+06 0.18 1
999180 0.1825 1
833334 0.185 1
938870 0.1875 1
910865 0.19 1
932386 0.1925 1
881937 0.195 1
759515 0.1975 1
662069 0.2 1
730150 0.2025 1
855079 0.205 1
938731 0.2075 1
1.08221e+06 0.21 1
1.2957e+06 0.2125 1
1.2768e+06 0.215 1
1.18039e+06 0.2175 1
1.15547e+06 0.22 1
1.17554e+06 0.2225 1
1.18277e+06 0.225 1
1.21728e+06 0.2275 1
1.19579e+06 0.23 1
1.12099e+06 0.2325 1
1.13221e+06 0.235 1
996920 0.2375 1
815420 0.24 1
555320 0.2425 1
345978 0.245 1
202566 0.2475 1
179025 0.25 1
226890 0.2525 1
373970 0.255 1
605070 0.2575 1
870999 0.26 1
1.17935e+06 0.2625 1
1.39001e+06 0.265 1
1.54761e+06 0.2675 1
1.70209e+06 0.27 1
1.75314e+06 0.2725 1
1.61142e+06 0.275 1
1.53164e+06 0.2775 1
1.36632e+06 0.28 1
1.13671e+06 0.2825 1
957798 0.285 1
858157 0.2875 1
801441 0.29 1
792971 0.2925 1
796798 0.295 1
831478 0.2975 1
798105 0.3 1
720733 0.3025 1
664727 0.305 1
550691 0.3075 1
457206 0.31 1
366396 0.3125 1
322456 0.315 1
1.17001e+06 0.08 2
766206 0.0825 2
481935 0.085 2
283971 0.0875 2
130045 0.09 2
341894 0.0925 2
522045 0.095 2
701606 0.0975 2
943087 0.1 2
1.56124e+06 0.1025 2
1.7262e+06 0.105 2
1.89891e+06 0.1075 2
1.88875e+06 0.11 2
1.72293e+06 0.1125 2
1.35938e+06 0.115 2
900448 0.1175 2
604549 0.12 2
421173 0.1225 2
457847 0.125 2
690458 0.1275 2
841119 0.13 2
780666 0.1325 2
648889 0.135 2
483699 0.1375 2
396266 0.14 2
644277 0.1425 2
1.25703e+06 0.145 2
2.12635e+06 0.1475 2
3.10169e+06 0.15 2
3.96688e+06 0.1525 2
4.45813e+06 0.155 2
4.66726e+06 0.1575 2
4.53731e+06 0.16 2
4.20879e+06 0.1625 2
3.69746e+06 0.165 2
3.07662e+06 0.1675 2
2.46792e+06 0.17 2
1.86802e+06 0.1725 2
1.34349e+06 0.175 2
975993 0.1775 2
797928 0.18 2
695564 0.1825 2
721253 0.185 2
780985 0.1875 2
741190 0.19 2
636809 0.1925 2
567446 0.195 2
498586 0.1975 2
448573 0.2 2
534235 0.2025 2
609500 0.205 2
608576 0.2075 2
599707 0.21 2
626232 0.2125 2
578540 0.215 2
566197 0.2175 2
579391 0.22 2
551673 0.2225 2
572026 0.225 2
581154 0.2275 2
597431 0.23 2
615111 0.2325 2
660939 0.235 2
667450 0.2375 2
710601 0.24 2
755363 0.2425 2
837298 0.245 2
951686 0.2475 2
973637 0.25 2
918029 0.2525 2
777695 0.255 2
584396 0.2575 2
391630 0.26 2
307745 0.2625 2
341219 0.265 2
483184 0.2675 2
674232 0.27 2
858588 0.2725 2
949285 0.275 2
942771 0.2775 2
836902 0.28 2
657526 0.2825 2
491032 0.285 2
356296 0.2875 2
255965 0.29 2
261577 0.2925 2
278060 0.295 2
348565 0.2975 2
489375 0.3 2
641908 0.3025 2
860642 0.305 2
1.01519e+06 0.3075 2
1.15163e+06 0.31 2
1.20149e+06 0.3125 2
1.19889e+06 0.315 2
4.73844e+06 0.0725 3
8.04591e+06 0.075 3
1.25736e+07 0.0775 3
1.71523e+07 0.08 3
2.33736e+07 0.0825 3
2.93929e+07 0.085 3
3.28404e+07 0.0875 3
3.5122e+07 0.09 3
3.69837e+07 0.0925 3
3.58883e+07 0.095 3
3.4045e+07 0.0975 3
3.00506e+07 0.1 3
2.46996e+07 0.1025 3
1.99166e+07 0.105 3
1.46274e+07 0.1075 3
1.08725e+07 0.11 3
8.41423e+06 0.1125 3
7.40151e+06 0.115 3
6.99296e+06 0.1175 3
6.70186e+06 0.12 3
6.6249e+06 0.1225 3
6.56568e+06 0.125 3
5.88915e+06 0.1275 3
4.79545e+06 0.13 3
3.47578e+06 0.1325 3
2.26822e+06 0.135 3
1.50346e+06 0.1375 3
1.31628e+06 0.14 3
1.67606e+06 0.1425 3
2.51532e+06 0.145 3
3.41477e+06 0.1475 3
4.37491e+06 0.15 3
4.6338e+06 0.1525 3
4.32223e+06 0.155 3
3.37081e+06 0.1575 3
2.27675e+06 0.16 3
1.31752e+06 0.1625 3
754795 0.165 3
702955 0.1675 3
984212 0.17 3
1.47947e+06 0.1725 3
1.88844e+06 0.175 3
2.08824e+06 0.1775 3
2.04802e+06 0.18 3
1.84576e+06 0.1825 3
1.66747e+06 0.185 3
1.58083e+06 0.1875 3
1.67793e+06 0.19 3
1.85232e+06 0.1925 3
1.98923e+06 0.195 3
1.97734e+06 0.1975 3
1.80702e+06 0.2 3
1.59216e+06 0.2025 3
1.37708e+06 0.205 3
1.25895e+06 0.2075 3
1.2668e+06 0.21 3
1.3737e+06 0.2125 3
1.34476e+06 0.215 3
1.28711e+06 0.2175 3
1.20377e+06 0.22 3
1.15088e+06 0.2225 3
1.07577e+06 0.225 3
1.02927e+06 0.2275 3
1.01459e+06 0.23 3
1.09848e+06 0.2325 3
1.1016e+06 0.235 3
1.18132e+06 0.2375 3
1.12787e+06 0.24 3
1.09941e+06 0.2425 3
1.05314e+06 0.245 3
1.02814e+06 0.2475 3
1.01248e+06 0.25 3
1.0124e+06 0.2525 3
998646 0.255 3
956282 0.2575 3
932798 0.26 3
919931 0.2625 3
964005 0.265 3
1.06262e+06 0.2675 3
1.18172e+06 0.27 3
1.26475e+06 0.2725 3
1.2758e+06 0.275 3
1.18821e+06 0.2775 3
1.03116e+06 0.28 3
761902 0.2825 3
537161 0.285 3
347129 0.2875 3
254535 0.29 3
216482 0.2925 3
227217 0.295 3
257749 0.2975 3
270689 0.3 3
306032 0.3025 3
377699 0.305 3
504197 0.3075 3
677256 0.31 3
823755 0.3125 3
866628 0.315 3
2.2659e+06 0.0625 4
2.26321e+06 0.065 4
2.27454e+06 0.0675 4
2.74205e+06 0.07 4
3.02445e+06 0.0725 4
3.46928e+06 0.075 4
3.77732e+06 0.0775 4
4.21575e+06 0.08 4
4.04349e+06 0.0825 4
3.49077e+06 0.085 4
2.91304e+06 0.0875 4
2.36979e+06 0.09 4
1.85439e+06 0.0925 4
1.92321e+06 0.095 4
2.53857e+06 0.0975 4
3.2643e+06 0.1 4
4.11929e+06 0.1025 4
4.58431e+06 0.105 4
4.57396e+06 0.1075 4
3.89068e+06 0.11 4
3.10035e+06 0.1125 4
2.33443e+06 0.115 4
1.77088e+06 0.1175 4
1.67075e+06 0.12 4
1.96914e+06 0.1225 4
2.57021e+06 0.125 4
3.26612e+06 0.1275 4
3.76742e+06 0.13 4
4.12137e+06 0.1325 4
4.20985e+06 0.135 4
4.20258e+06 0.1375 4
4.06386e+06 0.14 4
3.86104e+06 0.1425 4
3.65605e+06 0.145 4
3.32384e+06 0.1475 4
2.81231e+06 0.15 4
2.35638e+06 0.1525 4
1.70962e+06 0.155 4
1.14149e+06 0.1575 4
783836 0.16 4
486031 0.1625 4
300056 0.165 4
193255 0.1675 4
100320 0.17 4
85291.1 0.1725 4
81441.8 0.175 4
125698 0.1775 4
162282 0.18 4
214550 0.1825 4
354999 0.185 4
423693 0.1875 4
479221 0.19 4
506249 0.1925 4
581061 0.195 4
696562 0.1975 4
909631 0.2 4
883312 0.2025 4
906387 0.205 4
936527 0.2075 4
839647 0.21 4
759475 0.2125 4
711045 0.215 4
714498 0.2175 4
786376 0.22 4
885293 0.2225 4
993739 0.225 4
1.09287e+06 0.2275 4
1.09618e+06 0.23 4
1.07103e+06 0.2325 4
1.00134e+06 0.235 4
917170 0.2375 4
930136 0.24 4
1.02999e+06 0.2425 4
1.16772e+06 0.245 4
1.26826e+06 0.2475 4
1.33914e+06 0.25 4
1.31274e+06 0.2525 4
1.21892e+06 0.255 4
1.02125e+06 0.2575 4
816246 0.26 4
633608 0.2625 4
437159 0.265 4
369875 0.2675 4
403682 0.27 4
531899 0.2725 4
755211 0.275 4
985051 0.2775 4
1.14677e+06 0.28 4
1.2509e+06 0.2825 4
1.23776e+06 0.285 4
1.12985e+06 0.2875 4
936559 0.29 4
687473 0.2925 4
506653 0.295 4
397796 0.2975 4
284016 0.3 4
299641 0.3025 4
339709 0.305 4
367562 0.3075 4
374458 0.31 4
365360 0.3125 4
1.66978e+06 0.0475 5
2.33972e+06 0.05 5
3.00548e+06 0.0525 5
3.70402e+06 0.055 5
3.99448e+06 0.0575 5
3.81428e+06 0.06 5
3.15004e+06 0.0625 5
2.16102e+06 0.065 5
1.13368e+06 0.0675 5
373922 0.07 5
83592.8 0.0725 5
279246 0.075 5
793159 0.0775 5
1.35617e+06 0.08 5
1.72081e+06 0.0825 5
1.76347e+06 0.085 5
1.5175e+06 0.0875 5
1.1274e+06 0.09 5
756866 0.0925 5
505062 0.095 5
385112 0.0975 5
315071 0.1 5
246447 0.1025 5
197044 0.105 5
181775 0.1075 5
287508 0.11 5
607513 0.1125 5
837257 0.115 5
989863 0.1175 5
1.10563e+06 0.12 5
1.03938e+06 0.1225 5
900984 0.125 5
793253 0.1275 5
746941 0.13 5
854379 0.1325 5
1.01925e+06 0.135 5
1.13224e+06 0.1375 5
1.12483e+06 0.14 5
948488 0.1425 5
691231 0.145 5
504090 0.1475 5
457702 0.15 5
623320 0.1525 5
883067 0.155 5
1.08552e+06 0.1575 5
1.20116e+06 0.16 5
1.27121e+06 0.1625 5
1.30363e+06 0.165 5
1.44369e+06 0.1675 5
1.44829e+06 0.17 5
1.46414e+06 0.1725 5
1.31494e+06 0.175 5
1.1496e+06 0.1775 5
960493 0.18 5
872683 0.1825 5
940272 0.185 5
1.37978e+06 0.1875 5
1.82739e+06 0.19 5
2.21446e+06 0.1925 5
2.40849e+06 0.195 5
2.29224e+06 0.1975 5
1.88115e+06 0.2 5
1.41172e+06 0.2025 5
1.13916e+06 0.205 5
942498 0.2075 5
1.0258e+06 0.21 5
1.06653e+06 0.2125 5
1.20622e+06 0.215 5
1.20489e+06 0.2175 5
1.18879e+06 0.22 5
1.19935e+06 0.2225 5
1.18254e+06 0.225 5
1.20065e+06 0.2275 5
1.26761e+06 0.23 5
1.23047e+06 0.2325 5
1.09265e+06 0.235 5
959775 0.2375 5
880586 0.24 5
809450 0.2425 5
777080 0.245 5
756504 0.2475 5
680912 0.25 5
558054 0.2525 5
388851 0.255 5
251574 0.2575 5
244058 0.26 5
472723 0.2625 5
831437 0.265 5
1.1686e+06 0.2675 5
1.53329e+06 0.27 5
1.77129e+06 0.2725 5
1.85887e+06 0.275 5
1.78105e+06 0.2775 5
1.59132e+06 0.28 5
1.36064e+06 0.2825 5
1.03296e+06 0.285 5
845924 0.2875 5
833245 0.29 5
1.00344e+06 0.2925 5
1.24412e+06 0.295 5
1.42298e+06 0.2975 5
1.52585e+06 0.3 5
1.47337e+06 0.3025 5
1.29772e+06 0.305 5
1.00265e+06 0.3075 5
792153 0.31 5
9.56241e+06 0.0125 6
1.07592e+07 0.015 6
1.11609e+07 0.0175 6
1.09584e+07 0.02 6
1.03842e+07 0.0225 6
9.5975e+06 0.025 6
8.64986e+06 0.0275 6
7.53012e+06 0.03 6
6.24222e+06 0.0325 6
4.8597e+06 0.035 6
3.52354e+06 0.0375 6
2.38968e+06 0.04 6
1.5626e+06 0.0425 6
1.05579e+06 0.045 6
799097 0.0475 6
683345 0.05 6
613012 0.0525 6
538880 0.055 6
459722 0.0575 6
402005 0.06 6
396016 0.0625 6
461951 0.065 6
607012 0.0675 6
825383 0.07 6
1.09395e+06 0.0725 6
1.36563e+06 0.075 6
1.57027e+06 0.0775 6
1.6325e+06 0.08 6
1.50476e+06 0.0825 6
1.20032e+06 0.085 6
805080 0.0875 6
454769 0.09 6
282798 0.0925 6
361888 0.095 6
668994 0.0975 6
1.09264e+06 0.1 6
1.48016e+06 0.1025 6
1.70194e+06 0.105 6
1.70156e+06 0.1075 6
1.50964e+06 0.11 6
1.21864e+06 0.1125 6
935352 0.115 6
741595 0.1175 6
666468 0.12 6
661571 0.1225 6
720260 0.125 6
857815 0.1275 6
927260 0.13 6
1.08605e+06 0.1325 6
1.16408e+06 0.135 6
1.07735e+06 0.1375 6
980542 0.14 6
863572 0.1425 6
652416 0.145 6
525705 0.1475 6
472980 0.15 6
528001 0.1525 6
748159 0.155 6
1.00202e+06 0.1575 6
1.23108e+06 0.16 6
1.30373e+06 0.1625 6
1.17665e+06 0.165 6
844516 0.1675 6
534764 0.17 6
355830 0.1725 6
451284 0.175 6
804864 0.1775 6
1.35113e+06 0.18 6
1.82838e+06 0.1825 6
2.19209e+06 0.185 6
2.32354e+06 0.1875 6
2.16551e+06 0.19 6
1.87411e+06 0.1925 6
1.63577e+06 0.195 6
1.58931e+06 0.1975 6
1.63272e+06 0.2 6
1.66167e+06 0.2025 6
1.70642e+06 0.205 6
1.524e+06 0.2075 6
1.23649e+06 0.21 6
847277 0.2125 6
574915 0.215 6
500699 0.2175 6
526187 0.22 6
725154 0.2225 6
841917 0.225 6
949378 0.2275 6
908920 0.23 6
887487 0.2325 6
863683 0.235 6
932344 0.2375 6
902716 0.24 6
1.01628e+06 0.2425 6
942299 0.245 6
864799 0.2475 6
694024 0.25 6
494909 0.2525 6
338603 0.255 6
253697 0.2575 6
260009 0.26 6
421899 0.2625 6
573838 0.265 6
847771 0.2675 6
1.05113e+06 0.27 6
1.17142e+06 0.2725 6
1.17563e+06 0.275 6
1.08075e+06 0.2775 6
972075 0.28 6
856207 0.2825 6
731563 0.285 6
585438 0.2875 6
491788 0.29 6
411404 0.2925 6
370785 0.295 6
353290 0.2975 6
368934 0.3 6
423041 0.3025 6
485705 0.305 6
529104 0.3075 6
177964 0.0125 7
374009 0.015 7
641175 0.0175 7
863049 0.02 7
948672 0.0225 7
812437 0.025 7
492348 0.0275 7
166844 0.03 7
102117 0.0325 7
532008 0.035 7
1.52665e+06 0.0375 7
2.92244e+06 0.04 7
4.35997e+06 0.0425 7
5.4205e+06 0.045 7
5.7969e+06 0.0475 7
5.41459e+06 0.05 7
4.44477e+06 0.0525 7
3.21006e+06 0.055 7
2.03839e+06 0.0575 7
1.14172e+06 0.06 7
573220 0.0625 7
266225 0.065 7
114198 0.0675 7
37429.3 0.07 7
3798.92 0.0725 7
8294.99 0.075 7
42253.8 0.0775 7
82547.7 0.08 7
107820 0.0825 7
123523 0.085 7
169646 0.0875 7
299496 0.09 7
542084 0.0925 7
874991 0.095 7
1.22785e+06 0.0975 7
1.51431e+06 0.1 7
1.67004e+06 0.1025 7
1.67228e+06 0.105 7
1.53347e+06 0.1075 7
1.27907e+06 0.11 7
945779 0.1125 7
593125 0.115 7
283462 0.1175 7
132345 0.12 7
237392 0.1225 7
688672 0.125 7
1.37965e+06 0.1275 7
2.03346e+06 0.13 7
2.561e+06 0.1325 7
2.66546e+06 0.135 7
2.24797e+06 0.1375 7
1.68371e+06 0.14 7
1.14424e+06 0.1425 7
811317 0.145 7
855934 0.1475 7
1.00629e+06 0.15 7
1.09664e+06 0.1525 7
1.07057e+06 0.155 7
949714 0.1575 7
626791 0.16 7
387852 0.1625 7
355047 0.165 7
462662 0.1675 7
676394 0.17 7
826680 0.1725 7
866312 0.175 7
936923 0.1775 7
1.0108e+06 0.18 7
1.05854e+06 0.1825 7
1.25812e+06 0.185 7
1.38562e+06 0.1875 7
1.52908e+06 0.19 7
1.43091e+06 0.1925 7
1.38115e+06 0.195 7
1.15604e+06 0.1975 7
984730 0.2 7
811264 0.2025 7
578213 0.205 7
334675 0.2075 7
152342 0.21 7
29318.1 0.2125 7
98482.1 0.215 7
314974 0.2175 7
652140 0.22 7
1.01788e+06 0.2225 7
1.3128e+06 0.225 7
1.46233e+06 0.2275 7
1.49348e+06 0.23 7
1.57949e+06 0.2325 7
1.68851e+06 0.235 7
1.87891e+06 0.2375 7
2.03648e+06 0.24 7
2.088e+06 0.2425 7
2.04891e+06 0.245 7
1.89018e+06 0.2475 7
1.66085e+06 0.25 7
1.44575e+06 0.2525 7
1.31035e+06 0.255 7
1.19762e+06 0.2575 7
1.15554e+06 0.26 7
1.1223e+06 0.2625 7
1.02545e+06 0.265 7
939903 0.2675 7
858765 0.27 7
744801 0.2725 7
688481 0.275 7
652231 0.2775 7
633981 0.28 7
602710 0.2825 7
547674 0.285 7
486421 0.2875 7
454093 0.29 7
434808 0.2925 7
402892 0.295 7
442194 0.2975 7
483150 0.3 7
498655 0.3025 7
475557 0.305 7
0 0.01 8
0 0.0125 8
0 0.015 8
0 0.0175 8
0 0.02 8
0 0.0225 8
0 0.025 8
289.482 0.0275 8
89337.7 0.03 8
236970 0.0325 8
291494 0.035 8
672237 0.0375 8
1.28165e+06 0.04 8
1.62498e+06 0.0425 8
2.04147e+06 0.045 8
2.46992e+06 0.0475 8
2.6632e+06 0.05 8
2.50558e+06 0.0525 8
2.06124e+06 0.055 8
1.40489e+06 0.0575 8
760953 0.06 8
412585 0.0625 8
424580 0.065 8
874500 0.0675 8
1.56086e+06 0.07 8
2.3016e+06 0.0725 8
2.83633e+06 0.075 8
2.98597e+06 0.0775 8
2.69386e+06 0.08 8
2.33475e+06 0.0825 8
1.91394e+06 0.085 8
1.82478e+06 0.0875 8
1.94193e+06 0.09 8
2.13687e+06 0.0925 8
2.16258e+06 0.095 8
1.91628e+06 0.0975 8
1.47775e+06 0.1 8
823924 0.1025 8
386509 0.105 8
212287 0.1075 8
335050 0.11 8
628407 0.1125 8
911725 0.115 8
1.08622e+06 0.1175 8
1.12251e+06 0.12 8
1.11082e+06 0.1225 8
1.2202e+06 0.125 8
1.31696e+06 0.1275 8
1.42155e+06 0.13 8
1.5138e+06 0.1325 8
1.61804e+06 0.135 8
1.63873e+06 0.1375 8
1.58824e+06 0.14 8
1.62876e+06 0.1425 8
1.66428e+06 0.145 8
1.7817e+06 0.1475 8
1.70948e+06 0.15 8
1.53701e+06 0.1525 8
1.27171e+06 0.155 8
1.04407e+06 0.1575 8
1.12071e+06 0.16 8
1.32498e+06 0.1625 8
1.75658e+06 0.165 8
2.14874e+06 0.1675 8
2.39123e+06 0.17 8
2.48477e+06 0.1725 8
2.21283e+06 0.175 8
2.0858e+06 0.1775 8
1.82996e+06 0.18 8
1.8221e+06 0.1825 8
1.79727e+06 0.185 8
1.76677e+06 0.1875 8
1.69245e+06 0.19 8
1.51211e+06 0.1925 8
1.14988e+06 0.195 8
815163 0.1975 8
583052 0.2 8
499524 0.2025 8
661305 0.205 8
1.01244e+06 0.2075 8
1.60326e+06 0.21 8
2.20058e+06 0.2125 8
2.75845e+06 0.215 8
3.05605e+06 0.2175 8
3.24229e+06 0.22 8
3.39128e+06 0.2225 8
3.3777e+06 0.225 8
3.51762e+06 0.2275 8
3.82244e+06 0.23 8
4.06899e+06 0.2325 8
4.09698e+06 0.235 8
3.95205e+06 0.2375 8
3.58373e+06 0.24 8
3.11666e+06 0.2425 8
2.53991e+06 0.245 8
1.91943e+06 0.2475 8
1.52676e+06 0.25 8
1.26975e+06 0.2525 8
1.10618e+06 0.255 8
1.06162e+06 0.2575 8
967535 0.26 8
826015 0.2625 8
663116 0.265 8
668162 0.2675 8
724551 0.27 8
857350 0.2725 8
947455 0.275 8
1.06754e+06 0.2775 8
1.16587e+06 0.28 8
1.29572e+06 0.2825 8
1.40832e+06 0.285 8
1.5415e+06 0.2875 8
1.54322e+06 0.29 8
1.41226e+06 0.2925 8
1.18232e+06 0.295 8
949239 0.2975 8
0 0.01 9
0 0.0125 9
0 0.015 9
0 0.0175 9
0 0.02 9
0 0.0225 9
0 0.025 9
0 0.0275 9
0 0.03 9
0 0.0325 9
0 0.035 9
0 0.0375 9
0 0.04 9
0 0.0425 9
0 0.045 9
0 0.0475 9
2556.9 0.05 9
11221.7 0.0525 9
48798.7 0.055 9
20826.5 0.0575 9
80915.7 0.06 9
26710.3 0.0625 9
55254.8 0.065 9
137128 0.0675 9
171039 0.07 9
190448 0.0725 9
188909 0.075 9
346652 0.0775 9
458231 0.08 9
443275 0.0825 9
683397 0.085 9
911761 0.0875 9
1.14943e+06 0.09 9
1.27525e+06 0.0925 9
1.48061e+06 0.095 9
1.55186e+06 0.0975 9
1.45065e+06 0.1 9
1.55722e+06 0.1025 9
1.48571e+06 0.105 9
1.45291e+06 0.1075 9
1.27843e+06 0.11 9
1.11149e+06 0.1125 9
894974 0.115 9
888909 0.1175 9
906081 0.12 9
1.01151e+06 0.1225 9
1.07253e+06 0.125 9
1.05514e+06 0.1275 9
1.12903e+06 0.13 9
1.04691e+06 0.1325 9
913880 0.135 9
740420 0.1375 9
555394 0.14 9
493103 0.1425 9
532966 0.145 9
717728 0.1475 9
982591 0.15 9
1.25525e+06 0.1525 9
1.46319e+06 0.155 9
1.5621e+06 0.1575 9
1.65566e+06 0.16 9
1.74123e+06 0.1625 9
1.94346e+06 0.165 9
2.20164e+06 0.1675 9
2.55013e+06 0.17 9
2.97095e+06 0.1725 9
3.4277e+06 0.175 9
3.70474e+06 0.1775 9
3.88785e+06 0.18 9
3.99618e+06 0.1825 9
4.00815e+06 0.185 9
3.94091e+06 0.1875 9
3.7443e+06 0.19 9
3.39519e+06 0.1925 9
2.91812e+06 0.195 9
2.34035e+06 0.1975 9
1.70433e+06 0.2 9
1.16613e+06 0.2025 9
802171 0.205 9
593166 0.2075 9
555589 0.21 9
730979 0.2125 9
1.0783e+06 0.215 9
1.40729e+06 0.2175 9
1.71639e+06 0.22 9
1.95275e+06 0.2225 9
1.9934e+06 0.225 9
1.98419e+06 0.2275 9
1.80367e+06 0.23 9
1.69812e+06 0.2325 9
1.4893e+06 0.235 9
1.30258e+06 0.2375 9
1.10301e+06 0.24 9
919851 0.2425 9
813430 0.245 9
710622 0.2475 9
670135 0.25 9
700810 0.2525 9
668440 0.255 9
650165 0.2575 9
708832 0.26 9
718176 0.2625 9
717551 0.265 9
753668 0.2675 9
755822 0.27 9
782115 0.2725 9
844003 0.275 9
926836 0.2775 9
1.00346e+06 0.28 9
1.04832e+06 0.2825 9
1.07268e+06 0.285 9
1.06793e+06 0.2875 9
1.0477e+06 0.29 9
1.06656e+06 0.2925 9
0 0.01 10
0 0.0125 10
0 0.015 10
0 0.0175 10
0 0.02 10
0 0.0225 10
0 0.025 10
0 0.0275 10
0 0.03 10
0 0.0325 10
0 0.035 10
0 0.0375 10
0 0.04 10
394.865 0.0425 10
20341.4 0.045 10
41183.8 0.0475 10
23948 0.05 10
73425.7 0.0525 10
106545 0.055 10
81817.6 0.0575 10
86559.8 0.06 10
45202.5 0.0625 10
35625.4 0.065 10
2590.23 0.0675 10
31271.2 0.07 10
80309.3 0.0725 10
151806 0.075 10
319087 0.0775 10
515770 0.08 10
719882 0.0825 10
991212 0.085 10
1.19191e+06 0.0875 10
1.54337e+06 0.09 10
1.82589e+06 0.0925 10
2.05867e+06 0.095 10
2.45768e+06 0.0975 10
2.70844e+06 0.1 10
2.72077e+06 0.1025 10
2.80734e+06 0.105 10
2.68942e+06 0.1075 10
2.33836e+06 0.11 10
2.01281e+06 0.1125 10
1.55104e+06 0.115 10
1.48943e+06 0.1175 10
1.55013e+06 0.12 10
1.39537e+06 0.1225 10
1.37987e+06 0.125 10
1.37982e+06 0.1275 10
1.27951e+06 0.13 10
1.09531e+06 0.1325 10
1.12571e+06 0.135 10
1.45632e+06 0.1375 10
1.80627e+06 0.14 10
2.09019e+06 0.1425 10
2.27454e+06 0.145 10
2.27293e+06 0.1475 10
2.11129e+06 0.15 10
1.87516e+06 0.1525 10
1.66447e+06 0.155 10
1.79704e+06 0.1575 10
2.03787e+06 0.16 10
2.47218e+06 0.1625 10
2.75147e+06 0.165 10
2.98941e+06 0.1675 10
2.87436e+06 0.17 10
2.56994e+06 0.1725 10
2.11175e+06 0.175 10
1.61381e+06 0.1775 10
1.27921e+06 0.18 10
1.04631e+06 0.1825 10
901503 0.185 10
843064 0.1875 10
785865 0.19 10
767167 0.1925 10
741022 0.195 10
715417 0.1975 10
679276 0.2 10
682828 0.2025 10
649704 0.205 10
548706 0.2075 10
484310 0.21 10
424460 0.2125 10
394782 0.215 10
356943 0.2175 10
456702 0.22 10
494487 0.2225 10
582003 0.225 10
671201 0.2275 10
705496 0.23 10
750799 0.2325 10
785106 0.235 10
796089 0.2375 10
753581 0.24 10
729474 0.2425 10
606280 0.245 10
521108 0.2475 10
433000 0.25 10
387255 0.2525 10
402289 0.255 10
453267 0.2575 10
486188 0.26 10
480450 0.2625 10
557929 0.265 10
509634 0.2675 10
506910 0.27 10
495353 0.2725 10
463340 0.275 10
441188 0.2775 10
383215 0.28 10
331789 0.2825 10
282183 0.285 10
255549 0.2875 10
0 0.01 11
0 0.0125 11
0 0.015 11
0 0.0175 11
0 0.02 11
10395.9 0.0225 11
52510.8 0.025 11
236034 0.0275 11
531763 0.03 11
857840 0.0325 11
1.55149e+06 0.035 11
2.16593e+06 0.0375 11
3.04412e+06 0.04 11
3.58795e+06 0.0425 11
3.85302e+06 0.045 11
3.96588e+06 0.0475 11
4.05833e+06 0.05 11
3.80417e+06 0.0525 11
3.73317e+06 0.055 11
3.52558e+06 0.0575 11
3.44384e+06 0.06 11
3.41654e+06 0.0625 11
3.55834e+06 0.065 11
3.45335e+06 0.0675 11
3.26192e+06 0.07 11
2.79498e+06 0.0725 11
2.17148e+06 0.075 11
1.5137e+06 0.0775 11
935506 0.08 11
508910 0.0825 11
251111 0.085 11
135812 0.0875 11
116807 0.09 11
150002 0.0925 11
204501 0.095 11
281264 0.0975 11
376296 0.1 11
472293 0.1025 11
542178 0.105 11
588271 0.1075 11
659668 0.11 11
669536 0.1125 11
678442 0.115 11
595949 0.1175 11
491090 0.12 11
393368 0.1225 11
334359 0.125 11
315017 0.1275 11
427217 0.13 11
669685 0.1325 11
857142 0.135 11
1.03331e+06 0.1375 11
1.18063e+06 0.14 11
1.2668e+06 0.1425 11
1.11705e+06 0.145 11
1.18261e+06 0.1475 11
1.21366e+06 0.15 11
1.14381e+06 0.1525 11
1.06858e+06 0.155 11
1.24857e+06 0.1575 11
1.64412e+06 0.16 11
2.10513e+06 0.1625 11
2.53626e+06 0.165 11
3.05119e+06 0.1675 11
3.40248e+06 0.17 11
3.36873e+06 0.1725 11
3.13864e+06 0.175 11
2.74029e+06 0.1775 11
2.3298e+06 0.18 11
2.20803e+06 0.1825 11
2.1769e+06 0.185 11
2.11757e+06 0.1875 11
1.99884e+06 0.19 11
1.65817e+06 0.1925 11
1.35256e+06 0.195 11
1.20468e+06 0.1975 11
1.29911e+06 0.2 11
1.72376e+06 0.2025 11
2.34315e+06 0.205 11
2.82598e+06 0.2075 11
3.05721e+06 0.21 11
2.85467e+06 0.2125 11
2.28941e+06 0.215 11
1.78562e+06 0.2175 11
1.36746e+06 0.22 11
1.18666e+06 0.2225 11
1.28119e+06 0.225 11
1.41494e+06 0.2275 11
1.4101e+06 0.23 11
1.18441e+06 0.2325 11
786816 0.235 11
384276 0.2375 11
181105 0.24 11
234776 0.2425 11
477126 0.245 11
825942 0.2475 11
1.0237e+06 0.25 11
1.009e+06 0.2525 11
820172 0.255 11
554327 0.2575 11
314874 0.26 11
219784 0.2625 11
255406 0.265 11
358945 0.2675 11
428599 0.27 11
463327 0.2725 11
443107 0.275 11
366650 0.2775 11
340582 0.28 11
314257 0.2825 11
332460 0.01 12
592130 0.0125 12
824059 0.015 12
934937 0.0175 12
884756 0.02 12
713898 0.0225 12
518220 0.025 12
387342 0.0275 12
348046 0.03 12
352617 0.0325 12
321860 0.035 12
214809 0.0375 12
77633.3 0.04 12
36441.7 0.0425 12
234493 0.045 12
749828 0.0475 12
1.54159e+06 0.05 12
2.45534e+06 0.0525 12
3.28238e+06 0.055 12
3.83909e+06 0.0575 12
4.02604e+06 0.06 12
3.84451e+06 0.0625 12
3.3748e+06 0.065 12
2.73764e+06 0.0675 12
2.05975e+06 0.07 12
1.45091e+06 0.0725 12
988324 0.075 12
703536 0.0775 12
576017 0.08 12
545294 0.0825 12
547963 0.085 12
568007 0.0875 12
670599 0.09 12
988041 0.0925 12
1.64894e+06 0.095 12
2.67857e+06 0.0975 12
3.92634e+06 0.1 12
5.07406e+06 0.1025 12
5.74104e+06 0.105 12
5.64767e+06 0.1075 12
4.75884e+06 0.11 12
3.32956e+06 0.1125 12
1.81557e+06 0.115 12
698628 0.1175 12
287673 0.12 12
526715 0.1225 12
1.22149e+06 0.125 12
1.95153e+06 0.1275 12
2.36783e+06 0.13 12
2.33564e+06 0.1325 12
1.92636e+06 0.135 12
1.39645e+06 0.1375 12
920301 0.14 12
739383 0.1425 12
756125 0.145 12
829603 0.1475 12
1.01423e+06 0.15 12
1.08929e+06 0.1525 12
1.2134e+06 0.155 12
1.30055e+06 0.1575 12
1.37455e+06 0.16 12
1.49877e+06 0.1625 12
1.57086e+06 0.165 12
1.72947e+06 0.1675 12
1.71252e+06 0.17 12
1.52048e+06 0.1725 12
1.309e+06 0.175 12
1.03603e+06 0.1775 12
818790 0.18 12
670201 0.1825 12
780081 0.185 12
944802 0.1875 12
1.13625e+06 0.19 12
1.24327e+06 0.1925 12
1.19337e+06 0.195 12
997000 0.1975 12
820689 0.2 12
620152 0.2025 12
510859 0.205 12
529831 0.2075 12
650207 0.21 12
702557 0.2125 12
735533 0.215 12
763497 0.2175 12
668541 0.22 12
593680 0.2225 12
451517 0.225 12
308808 0.2275 12
193299 0.23 12
153522 0.2325 12
184114 0.235 12
286424 0.2375 12
478870 0.24 12
706926 0.2425 12
890461 0.245 12
1.07043e+06 0.2475 12
1.2079e+06 0.25 12
1.20651e+06 0.2525 12
1.23969e+06 0.255 12
1.18126e+06 0.2575 12
1.04778e+06 0.26 12
945760 0.2625 12
825515 0.265 12
760953 0.2675 12
686054 0.27 12
605720 0.2725 12
500133 0.275 12
140581 0.01 13
306391 0.0125 13
559766 0.015 13
902541 0.0175 13
1.31834e+06 0.02 13
1.76226e+06 0.0225 13
2.1535e+06 0.025 13
2.38311e+06 0.0275 13
2.34571e+06 0.03 13
1.99101e+06 0.0325 13
1.37414e+06 0.035 13
674126 0.0375 13
157192 0.04 13
86150.2 0.0425 13
607399 0.045 13
1.66658e+06 0.0475 13
2.99871e+06 0.05 13
4.20825e+06 0.0525 13
4.9119e+06 0.055 13
4.88503e+06 0.0575 13
4.14741e+06 0.06 13
2.95062e+06 0.0625 13
1.67447e+06 0.065 13
680108 0.0675 13
184072 0.07 13
202964 0.0725 13
582179 0.075 13
1.08414e+06 0.0775 13
1.48979e+06 0.08 13
1.66993e+06 0.0825 13
1.60503e+06 0.085 13
1.35888e+06 0.0875 13
1.03e+06 0.09 13
706872 0.0925 13
443445 0.095 13
256829 0.0975 13
138997 0.1 13
71766.8 0.1025 13
37865.3 0.105 13
26062.4 0.1075 13
31690.1 0.11 13
60070.3 0.1125 13
107776 0.115 13
174528 0.1175 13
275232 0.12 13
496219 0.1225 13
630975 0.125 13
786106 0.1275 13
832736 0.13 13
909864 0.1325 13
879252 0.135 13
902596 0.1375 13
865921 0.14 13
768984 0.1425 13
691351 0.145 13
623519 0.1475 13
559531 0.15 13
565102 0.1525 13
687606 0.155 13
777558 0.1575 13
1.0025e+06 0.16 13
1.12073e+06 0.1625 13
1.23877e+06 0.165 13
1.39734e+06 0.1675 13
1.46099e+06 0.17 13
1.48397e+06 0.1725 13
1.41516e+06 0.175 13
1.11374e+06 0.1775 13
820812 0.18 13
582961 0.1825 13
400121 0.185 13
358939 0.1875 13
438620 0.19 13
556677 0.1925 13
702151 0.195 13
868221 0.1975 13
895700 0.2 13
741825 0.2025 13
600492 0.205 13
426336 0.2075 13
319493 0.21 13
171397 0.2125 13
127376 0.215 13
122632 0.2175 13
194348 0.22 13
276913 0.2225 13
331137 0.225 13
392646 0.2275 13
393731 0.23 13
358787 0.2325 13
331773 0.235 13
316959 0.2375 13
356341 0.24 13
399687 0.2425 13
438585 0.245 13
465675 0.2475 13
461848 0.25 13
450619 0.2525 13
400950 0.255 13
334586 0.2575 13
290934 0.26 13
284889 0.2625 13
273677 0.265 13
281685 0.2675 13
0 0.02 14
7830.59 0.0225 14
81450.8 0.025 14
147048 0.0275 14
210357 0.03 14
371226 0.0325 14
444345 0.035 14
436844 0.0375 14
442109 0.04 14
391489 0.0425 14
263492 0.045 14
199254 0.0475 14
244155 0.05 14
553560 0.0525 14
1.12641e+06 0.055 14
1.81886e+06 0.0575 14
2.72182e+06 0.06 14
3.50952e+06 0.0625 14
4.0026e+06 0.065 14
4.15718e+06 0.0675 14
3.66147e+06 0.07 14
3.09652e+06 0.0725 14
2.3932e+06 0.075 14
1.80863e+06 0.0775 14
1.40181e+06 0.08 14
1.13343e+06 0.0825 14
918785 0.085 14
698227 0.0875 14
482592 0.09 14
354697 0.0925 14
403983 0.095 14
661985 0.0975 14
1.18016e+06 0.1 14
1.66707e+06 0.1025 14
2.09573e+06 0.105 14
2.20756e+06 0.1075 14
2.12924e+06 0.11 14
1.78225e+06 0.1125 14
1.35163e+06 0.115 14
1.09228e+06 0.1175 14
853351 0.12 14
703988 0.1225 14
693203 0.125 14
623675 0.1275 14
645248 0.13 14
734385 0.1325 14
936138 0.135 14
1.27466e+06 0.1375 14
1.67639e+06 0.14 14
2.03243e+06 0.1425 14
2.203e+06 0.145 14
2.11066e+06 0.1475 14
1.9599e+06 0.15 14
1.5489e+06 0.1525 14
1.15394e+06 0.155 14
742414 0.1575 14
696495 0.16 14
703556 0.1625 14
853925 0.165 14
1.10212e+06 0.1675 14
1.35671e+06 0.17 14
1.40642e+06 0.1725 14
1.28476e+06 0.175 14
1.06332e+06 0.1775 14
862835 0.18 14
685394 0.1825 14
627625 0.185 14
722795 0.1875 14
950227 0.19 14
1.21639e+06 0.1925 14
1.42828e+06 0.195 14
1.45201e+06 0.1975 14
1.29607e+06 0.2 14
972084 0.2025 14
663274 0.205 14
422646 0.2075 14
329838 0.21 14
316939 0.2125 14
413423 0.215 14
538485 0.2175 14
637198 0.22 14
630709 0.2225 14
589928 0.225 14
508008 0.2275 14
443620 0.23 14
412631 0.2325 14
426778 0.235 14
454388 0.2375 14
461395 0.24 14
442729 0.2425 14
402581 0.245 14
351553 0.2475 14
325031 0.25 14
337504 0.2525 14
340361 0.255 14
332153 0.2575 14
0 0.0125 15
0 0.015 15
0 0.0175 15
0 0.02 15
0 0.0225 15
0 0.025 15
0 0.0275 15
0 0.03 15
0 0.0325 15
0 0.035 15
0 0.0375 15
0 0.04 15
282.937 0.0425 15
37778 0.045 15
72638 0.0475 15
122793 0.05 15
74529.1 0.0525 15
105159 0.055 15
237755 0.0575 15
255329 0.06 15
239334 0.0625 15
246087 0.065 15
155936 0.0675 15
97908.2 0.07 15
123667 0.0725 15
210097 0.075 15
353726 0.0775 15
760659 0.08 15
969574 0.0825 15
1.25418e+06 0.085 15
1.60483e+06 0.0875 15
1.77158e+06 0.09 15
1.80931e+06 0.0925 15
1.78152e+06 0.095 15
1.71913e+06 0.0975 15
1.67085e+06 0.1 15
1.47507e+06 0.1025 15
1.67227e+06 0.105 15
1.66555e+06 0.1075 15
1.55405e+06 0.11 15
1.55076e+06 0.1125 15
1.52292e+06 0.115 15
1.54484e+06 0.1175 15
1.64058e+06 0.12 15
1.8122e+06 0.1225 15
1.83814e+06 0.125 15
1.79498e+06 0.1275 15
1.74262e+06 0.13 15
1.5358e+06 0.1325 15
1.31201e+06 0.135 15
1.22754e+06 0.1375 15
1.31669e+06 0.14 15
1.49514e+06 0.1425 15
1.65045e+06 0.145 15
1.63696e+06 0.1475 15
1.47774e+06 0.15 15
1.16252e+06 0.1525 15
901904 0.155 15
708407 0.1575 15
677410 0.16 15
826363 0.1625 15
1.05406e+06 0.165 15
1.2358e+06 0.1675 15
1.22846e+06 0.17 15
1.02762e+06 0.1725 15
698733 0.175 15
370216 0.1775 15
160618 0.18 15
143588 0.1825 15
307509 0.185 15
590223 0.1875 15
832992 0.19 15
1.05353e+06 0.1925 15
1.07708e+06 0.195 15
961802 0.1975 15
748479 0.2 15
521187 0.2025 15
330161 0.205 15
221116 0.2075 15
204671 0.21 15
326420 0.2125 15
523463 0.215 15
712191 0.2175 15
829749 0.22 15
881447 0.2225 15
878887 0.225 15
746666 0.2275 15
597118 0.23 15
443936 0.2325 15
318298 0.235 15
274078 0.2375 15
323728 0.24 15
381568 0.2425 15
477009 0.245 15
596027 0.2475 15
0 0.0025 16
0 0.005 16
0 0.0075 16
0 0.01 16
0 0.0125 16
0 0.015 16
0 0.0175 16
0 0.02 16
0 0.0225 16
0 0.025 16
0 0.0275 16
0 0.03 16
0 0.0325 16
0 0.035 16
0 0.0375 16
0 0.04 16
0 0.0425 16
0 0.045 16
0 0.0475 16
2725.54 0.05 16
13684.2 0.0525 16
27554.2 0.055 16
46458.3 0.0575 16
150464 0.06 16
213379 0.0625 16
451618 0.065 16
715974 0.0675 16
1.12034e+06 0.07 16
1.56959e+06 0.0725 16
2.21133e+06 0.075 16
2.64402e+06 0.0775 16
3.30016e+06 0.08 16
3.7108e+06 0.0825 16
3.61169e+06 0.085 16
3.7164e+06 0.0875 16
3.33753e+06 0.09 16
2.90128e+06 0.0925 16
2.3287e+06 0.095 16
1.69546e+06 0.0975 16
1.26824e+06 0.1 16
794487 0.1025 16
527512 0.105 16
510426 0.1075 16
514544 0.11 16
621840 0.1125 16
687174 0.115 16
665468 0.1175 16
778678 0.12 16
816964 0.1225 16
768200 0.125 16
673892 0.1275 16
641582 0.13 16
548356 0.1325 16
418871 0.135 16
341597 0.1375 16
288394 0.14 16
315685 0.1425 16
359800 0.145 16
475328 0.1475 16
603238 0.15 16
661672 0.1525 16
571807 0.155 16
441433 0.1575 16
322612 0.16 16
235404 0.1625 16
246625 0.165 16
362117 0.1675 16
529303 0.17 16
707991 0.1725 16
850472 0.175 16
920596 0.1775 16
890367 0.18 16
838974 0.1825 16
787478 0.185 16
750118 0.1875 16
725707 0.19 16
689305 0.1925 16
602314 0.195 16
495238 0.1975 16
356945 0.2 16
237066 0.2025 16
140552 0.205 16
77677.8 0.2075 16
79950.1 0.21 16
80719.7 0.2125 16
129272 0.215 16
169685 0.2175 16
242215 0.22 16
322077 0.2225 16
430158 0.225 16
494739 0.2275 16
471054 0.23 16
394914 0.2325 16
275937 0.235 16
164000 0.2375 16
0 0.0025 17
0 0.005 17
0 0.0075 17
0 0.01 17
0 0.0125 17
0 0.015 17
0 0.0175 17
0 0.02 17
0 0.0225 17
0 0.025 17
504.179 0.0275 17
10574.8 0.03 17
45602.8 0.0325 17
47951.9 0.035 17
49670.2 0.0375 17
74625.9 0.04 17
46549.4 0.0425 17
58276.4 0.045 17
68742.5 0.0475 17
49612 0.05 17
56939.2 0.0525 17
62772.9 0.055 17
103729 0.0575 17
117447 0.06 17
126373 0.0625 17
126362 0.065 17
95886.8 0.0675 17
84294.7 0.07 17
127693 0.0725 17
229330 0.075 17
474408 0.0775 17
919979 0.08 17
1.61055e+06 0.0825 17
2.35472e+06 0.085 17
3.09358e+06 0.0875 17
3.63177e+06 0.09 17
3.86163e+06 0.0925 17
3.80809e+06 0.095 17
3.46299e+06 0.0975 17
2.935e+06 0.1 17
2.31095e+06 0.1025 17
1.79409e+06 0.105 17
1.42487e+06 0.1075 17
1.17081e+06 0.11 17
984921 0.1125 17
838376 0.115 17
741154 0.1175 17
598836 0.12 17
519635 0.1225 17
507897 0.125 17
605075 0.1275 17
762146 0.13 17
943283 0.1325 17
1.1298e+06 0.135 17
1.25513e+06 0.1375 17
1.24375e+06 0.14 17
1.13395e+06 0.1425 17
967162 0.145 17
747941 0.1475 17
545997 0.15 17
373630 0.1525 17
248802 0.155 17
179212 0.1575 17
137917 0.16 17
110448 0.1625 17
154501 0.165 17
268652 0.1675 17
374269 0.17 17
453421 0.1725 17
506859 0.175 17
504463 0.1775 17
439040 0.18 17
342626 0.1825 17
256181 0.185 17
187344 0.1875 17
121969 0.19 17
143114 0.1925 17
227269 0.195 17
293998 0.1975 17
354360 0.2 17
342970 0.2025 17
308977 0.205 17
290623 0.2075 17
287379 0.21 17
348598 0.2125 17
450355 0.215 17
549112 0.2175 17
653863 0.22 17
665003 0.2225 17
633726 0.225 17
0 0.0025 18
0 0.005 18
246.084 0.0075 18
328.846 0.01 18
5252.47 0.0125 18
22807.7 0.015 18
66138.9 0.0175 18
133565 0.02 18
237123 0.0225 18
378159 0.025 18
548078 0.0275 18
728395 0.03 18
894788 0.0325 18
1.02476e+06 0.035 18
1.10587e+06 0.0375 18
1.14064e+06 0.04 18
1.14515e+06 0.0425 18
1.14219e+06 0.045 18
1.15223e+06 0.0475 18
1.18735e+06 0.05 18
1.25051e+06 0.0525 18
1.33895e+06 0.055 18
1.44723e+06 0.0575 18
1.5661e+06 0.06 18
1.67722e+06 0.0625 18
1.74887e+06 0.065 18
1.73944e+06 0.0675 18
1.61171e+06 0.07 18
1.35345e+06 0.0725 18
993315 0.075 18
600598 0.0775 18
264640 0.08 18
61205.8 0.0825 18
21615.1 0.085 18
120514 0.0875 18
288856 0.09 18
445343 0.0925 18
530031 0.095 18
523801 0.0975 18
446362 0.1 18
337662 0.1025 18
235347 0.105 18
161499 0.1075 18
120598 0.11 18
93716.7 0.1125 18
79323.4 0.115 18
67595.9 0.1175 18
51694.2 0.12 18
29905 0.1225 18
19075.1 0.125 18
20434.6 0.1275 18
70157.6 0.13 18
184628 0.1325 18
372123 0.135 18
618805 0.1375 18
837382 0.14 18
1.01174e+06 0.1425 18
1.05821e+06 0.145 18
980574 0.1475 18
810384 0.15 18
616798 0.1525 18
435608 0.155 18
327251 0.1575 18
273655 0.16 18
336490 0.1625 18
507644 0.165 18
728380 0.1675 18
947841 0.17 18
1.1728e+06 0.1725 18
1.37209e+06 0.175 18
1.48001e+06 0.1775 18
1.42041e+06 0.18 18
1.18051e+06 0.1825 18
893295 0.185 18
583823 0.1875 18
339986 0.19 18
215164 0.1925 18
261206 0.195 18
405785 0.1975 18
558588 0.2 18
637327 0.2025 18
662973 0.205 18
610689 0.2075 18
535523 0.21 18
419800 0.2125 18
17260.4 0.0025 19
64759 0.005 19
131563 0.0075 19
204650 0.01 19
273440 0.0125 19
332009 0.015 19
378562 0.0175 19
413467 0.02 19
437595 0.0225 19
451692 0.025 19
456376 0.0275 19
452028 0.03 19
438636 0.0325 19
416346 0.035 19
387126 0.0375 19
356555 0.04 19
333650 0.0425 19
327314 0.045 19
340578 0.0475 19
366449 0.05 19
389405 0.0525 19
393451 0.055 19
372714 0.0575 19
337541 0.06 19
310700 0.0625 19
314297 0.065 19
354714 0.0675 19
415309 0.07 19
462651 0.0725 19
463720 0.075 19
404241 0.0775 19
297162 0.08 19
176191 0.0825 19
78423.2 0.085 19
26441.2 0.0875 19
19825.7 0.09 19
39511.9 0.0925 19
60650.4 0.095 19
65683.1 0.0975 19
51181.8 0.1 19
27257.5 0.1025 19
12629.7 0.105 19
28909 0.1075 19
95085.5 0.11 19
221025 0.1125 19
399705 0.115 19
601505 0.1175 19
777281 0.12 19
868666 0.1225 19
839077 0.125 19
683886 0.1275 19
447222 0.13 19
211678 0.1325 19
55675.4 0.135 19
9863.08 0.1375 19
108428 0.14 19
273369 0.1425 19
450379 0.145 19
577271 0.1475 19
641553 0.15 19
630384 0.1525 19
601955 0.155 19
553875 0.1575 19
515277 0.16 19
447565 0.1625 19
332460 0.165 19
280997 0.1675 19
242219 0.17 19
204347 0.1725 19
198776 0.175 19
224084 0.1775 19
247838 0.18 19
231889 0.1825 19
205265 0.185 19
189557 0.1875 19
180343 0.19 19
167041 0.1925 19
174664 0.195 19
159618 0.1975 19
0 0.0025 20
0 0.005 20
0 0.0075 20
0 0.01 20
0 0.0125 20
0 0.015 20
3935.48 0.0175 20
4705.63 0.02 20
17288 0.0225 20
30473.1 0.025 20
47140.5 0.0275 20
56622.5 0.03 20
63711.8 0.0325 20
96958.9 0.035 20
105219 0.0375 20
82265 0.04 20
58533.9 0.0425 20
26105.5 0.045 20
7628.17 0.0475 20
1604.8 0.05 20
25755.9 0.0525 20
76645.1 0.055 20
156003 0.0575 20
262736 0.06 20
390064 0.0625 20
524346 0.065 20
645649 0.0675 20
731978 0.07 20
766158 0.0725 20
742185 0.075 20
667641 0.0775 20
560802 0.08 20
444216 0.0825 20
338501 0.085 20
259457 0.0875 20
218731 0.09 20
225303 0.0925 20
284420 0.095 20
394043 0.0975 20
535398 0.1 20
678921 0.1025 20
783037 0.105 20
817921 0.1075 20
766338 0.11 20
644210 0.1125 20
494002 0.115 20
355106 0.1175 20
257019 0.12 20
209347 0.1225 20
207412 0.125 20
245715 0.1275 20
276919 0.13 20
264754 0.1325 20
222747 0.135 20
164152 0.1375 20
119188 0.14 20
120663 0.1425 20
158305 0.145 20
257954 0.1475 20
395116 0.15 20
542538 0.1525 20
684599 0.155 20
764201 0.1575 20
763086 0.16 20
654401 0.1625 20
520354 0.165 20
367399 0.1675 20
252872 0.17 20
198174 0.1725 20
187000 0.175 20
193776 0.1775 20
0 0.0025 21
0 0.005 21
0 0.0075 21
0 0.01 21
0 0.0125 21
0 0.015 21
0 0.0175 21
0 0.02 21
0 0.0225 21
0 0.025 21
0 0.0275 21
0 0.03 21
0 0.0325 21
0 0.035 21
159.973 0.0375 21
4079 0.04 21
26635.6 0.0425 21
31843.3 0.045 21
16884.1 0.0475 21
30410.1 0.05 21
61639.8 0.0525 21
71850.4 0.055 21
39291.2 0.0575 21
38986.6 0.06 21
26912.3 0.0625 21
21976 0.065 21
19275.4 0.0675 21
37835.5 0.07 21
78541.8 0.0725 21
144623 0.075 21
187050 0.0775 21
202701 0.08 21
201174 0.0825 21
187700 0.085 21
168429 0.0875 21
149549 0.09 21
200089 0.0925 21
262482 0.095 21
369528 0.0975 21
499798 0.1 21
626477 0.1025 21
786121 0.105 21
849071 0.1075 21
864610 0.11 21
762848 0.1125 21
648709 0.115 21
492219 0.1175 21
396365 0.12 21
302420 0.1225 21
224306 0.125 21
223009 0.1275 21
239968 0.13 21
213466 0.1325 21
205889 0.135 21
216270 0.1375 21
227207 0.14 21
244106 0.1425 21
253233 0.145 21
289948 0.1475 21
371212 0.15 21
346878 0.1525 21
382264 0.155 21
362897 0.1575 21
334735 0.16 21
0 0.0025 22
0 0.005 22
0 0.0075 22
0 0.01 22
0 0.0125 22
0 0.015 22
0 0.0175 22
0 0.02 22
0 0.0225 22
0 0.025 22
0 0.0275 22
0 0.03 22
0 0.0325 22
0 0.035 22
0 0.0375 22
0 0.04 22
0 0.0425 22
0 0.045 22
0 0.0475 22
0 0.05 22
0 0.0525 22
696.003 0.055 22
5794 0.0575 22
2451.38 0.06 22
10727.6 0.0625 22
41488.4 0.065 22
104405 0.0675 22
128529 0.07 22
197681 0.0725 22
227287 0.075 22
250275 0.0775 22
295385 0.08 22
328456 0.0825 22
351096 0.085 22
319743 0.0875 22
260163 0.09 22
202631 0.0925 22
134541 0.095 22
80907.1 0.0975 22
22152.3 0.1 22
6748.72 0.1025 22
19817.5 0.105 22
69046.5 0.1075 22
134829 0.11 22
178200 0.1125 22
225676 0.115 22
272478 0.1175 22
299284 0.12 22
345711 0.1225 22
388735 0.125 22
421630 0.1275 22
470519 0.13 22
561898 0.1325 22
653949 0.135 22
713974 0.1375 22
0 0.0025 23
0 0.005 23
0 0.0075 23
0 0.01 23
0 0.0125 23
0 0.015 23
0 0.0175 23
0 0.02 23
0 0.0225 23
0 0.025 23
0 0.0275 23
0 0.03 23
247.89 0.0325 23
124.371 0.035 23
1190.02 0.0375 23
5392.02 0.04 23
40562.1 0.0425 23
73124.8 0.045 23
156877 0.0475 23
223017 0.05 23
312129 0.0525 23
344164 0.055 23
466948 0.0575 23
568605 0.06 23
657908 0.0625 23
651949 0.065 23
661194 0.0675 23
629606 0.07 23
572470 0.0725 23
495945 0.075 23
415246 0.0775 23
395045 0.08 23
434419 0.0825 23
482480 0.085 23
609846 0.0875 23
689791 0.09 23
701755 0.0925 23
639129 0.095 23
481607 0.0975 23
338626 0.1 23
