2.96989e+07 0.085 0
1.79212e+07 0.0875 0
6.60132e+06 0.09 0
575177 0.0925 0
805907 0.095 0
4.61292e+06 0.0975 0
8.00339e+06 0.1 0
8.33592e+06 0.1025 0
5.64486e+06 0.105 0
2.06664e+06 0.1075 0
73499.1 0.11 0
823356 0.1125 0
3.61981e+06 0.115 0
6.60765e+06 0.1175 0
8.04943e+06 0.12 0
7.3054e+06 0.1225 0
4.98806e+06 0.125 0
2.37884e+06 0.1275 0
579489 0.13 0
65235.9 0.1325 0
497159 0.135 0
1.22275e+06 0.1375 0
1.80754e+06 0.14 0
2.14113e+06 0.1425 0
2.06661e+06 0.145 0
1.89196e+06 0.1475 0
1.83764e+06 0.15 0
1.37602e+06 0.1525 0
1.43686e+06 0.155 0
1.60848e+06 0.1575 0
1.8183e+06 0.16 0
1.82204e+06 0.1625 0
1.84635e+06 0.165 0
2.08062e+06 0.1675 0
1.96154e+06 0.17 0
1.90356e+06 0.1725 0
1.47055e+06 0.175 0
961475 0.1775 0
452130 0.18 0
186074 0.1825 0
86319.2 0.185 0
290507 0.1875 0
550839 0.19 0
939468 0.1925 0
1.24764e+06 0.195 0
1.52149e+06 0.1975 0
1.65907e+06 0.2 0
1.63586e+06 0.2025 0
1.60598e+06 0.205 0
1.59505e+06 0.2075 0
1.60969e+06 0.21 0
1.83013e+06 0.2125 0
1.94784e+06 0.215 0
2.21849e+06 0.2175 0
2.24391e+06 0.22 0
2.31556e+06 0.2225 0
2.1455e+06 0.225 0
1.78974e+06 0.2275 0
1.38362e+06 0.23 0
911953 0.2325 0
704124 0.235 0
605722 0.2375 0
613961 0.24 0
728998 0.2425 0
943169 0.245 0
1.07265e+06 0.2475 0
980952 0.25 0
711874 0.2525 0
371742 0.255 0
168397 0.2575 0
22065 0.26 0
35030.2 0.2625 0
199368 0.265 0
427150 0.2675 0
602832 0.27 0
699101 0.2725 0
614945 0.275 0
490795 0.2775 0
318149 0.28 0
162621 0.2825 0
159615 0.285 0
356619 0.2875 0
678990 0.29 0
1.03784e+06 0.2925 0
1.33419e+06 0.295 0
1.58176e+06 0.2975 0
1.67244e+06 0.3 0
1.66062e+06 0.3025 0
1.53565e+06 0.305 0
1.44967e+06 0.3075 0
1.27639e+06 0.31 0
1.22672e+06 0.3125 0
1.07481e+06 0.315 0
8.31194e+06 0.0825 1
1.08899e+07 0.085 1
1.30326e+07 0.0875 1
1.42104e+07 0.09 1
1.45606e+07 0.0925 1
1.47213e+07 0.095 1
1.51598e+07 0.0975 1
1.64201e+07 0.1 1
1.79529e+07 0.1025 1
1.98693e+07 0.105 1
2.11752e+07 0.1075 1
2.15415e+07 0.11 1
2.05367e+07 0.1125 1
1.854e+07 0.115 1
1.67153e+07 0.1175 1
1.5331e+07 0.12 1
1.41356e+07 0.1225 1
1.35881e+07 0.125 1
1.30431e+07 0.1275 1
1.18206e+07 0.13 1
1.01926e+07 0.1325 1
8.04987e+06 0.135 1
5.80078e+06 0.1375 1
4.09523e+06 0.14 1
2.70278e+06 0.1425 1
1.90009e+06 0.145 1
1.37347e+06 0.1475 1
1.01102e+06 0.15 1
725658 0.1525 1
566784 0.155 1
721075 0.1575 1
1.22002e+06 0.16 1
2.01532e+06 0.1625 1
2.676e+06 0.165 1
3.05073e+06 0.1675 1
3.27769e+06 0.17 1
3.04185e+06 0.1725 1
2.82831e+06 0.175 1
2.33892e+06 0.1775 1
2.14794e+06 0.18 1
1.67287e+06 0.1825 1
1.29167e+06 0.185 1
1.27399e+06 0.1875 1
1.14705e+06 0.19 1
1.03851e+06 0.1925 1
994297 0.195 1
1.05706e+06 0.1975 1
1.15501e+06 0.2 1
1.30833e+06 0.2025 1
1.24196e+06 0.205 1
1.26181e+06 0.2075 1
1.19662e+06 0.21 1
1.01305e+06 0.2125 1
833174 0.215 1
701795 0.2175 1
511425 0.22 1
370190 0.2225 1
251197 0.225 1
185448 0.2275 1
156998 0.23 1
246495 0.2325 1
388854 0.235 1
507573 0.2375 1
729134 0.24 1
931858 0.2425 1
1.1349e+06 0.245 1
1.32398e+06 0.2475 1
1.46982e+06 0.25 1
1.52856e+06 0.2525 1
1.60835e+06 0.255 1
1.54758e+06 0.2575 1
1.55962e+06 0.26 1
1.47415e+06 0.2625 1
1.3725e+06 0.265 1
1.16748e+06 0.2675 1
937842 0.27 1
690356 0.2725 1
542351 0.275 1
531846 0.2775 1
630699 0.28 1
723208 0.2825 1
937195 0.285 1
1.11391e+06 0.2875 1
1.22764e+06 0.29 1
1.2501e+06 0.2925 1
1.18146e+06 0.295 1
1.05476e+06 0.2975 1
954016 0.3 1
823957 0.3025 1
618346 0.305 1
512649 0.3075 1
449529 0.31 1
448074 0.3125 1
479778 0.315 1
8.37816e+07 0.08 2
8.50982e+07 0.0825 2
7.93628e+07 0.085 2
6.97123e+07 0.0875 2
5.57328e+07 0.09 2
4.19273e+07 0.0925 2
2.87271e+07 0.095 2
1.76854e+07 0.0975 2
9.70997e+06 0.1 2
4.74376e+06 0.1025 2
2.16746e+06 0.105 2
1.02151e+06 0.1075 2
605693 0.11 2
439344 0.1125 2
268284 0.115 2
250362 0.1175 2
448902 0.12 2
878522 0.1225 2
1.57966e+06 0.125 2
2.2736e+06 0.1275 2
2.71258e+06 0.13 2
3.13031e+06 0.1325 2
3.29579e+06 0.135 2
3.36423e+06 0.1375 2
3.45868e+06 0.14 2
3.43059e+06 0.1425 2
3.31662e+06 0.145 2
2.86166e+06 0.1475 2
2.09946e+06 0.15 2
1.35026e+06 0.1525 2
886153 0.155 2
513761 0.1575 2
512405 0.16 2
700526 0.1625 2
909680 0.165 2
1.04497e+06 0.1675 2
1.04108e+06 0.17 2
809480 0.1725 2
477773 0.175 2
322306 0.1775 2
405178 0.18 2
752983 0.1825 2
1.23531e+06 0.185 2
1.78775e+06 0.1875 2
1.98712e+06 0.19 2
1.90017e+06 0.1925 2
1.57281e+06 0.195 2
1.12912e+06 0.1975 2
781922 0.2 2
582879 0.2025 2
665332 0.205 2
890897 0.2075 2
1.24768e+06 0.21 2
1.39143e+06 0.2125 2
1.48387e+06 0.215 2
1.43639e+06 0.2175 2
1.3702e+06 0.22 2
1.41782e+06 0.2225 2
1.47642e+06 0.225 2
1.62007e+06 0.2275 2
1.80198e+06 0.23 2
1.87888e+06 0.2325 2
1.75933e+06 0.235 2
1.56944e+06 0.2375 2
1.30317e+06 0.24 2
1.01802e+06 0.2425 2
835311 0.245 2
770621 0.2475 2
927732 0.25 2
1.02576e+06 0.2525 2
1.12491e+06 0.255 2
1.05704e+06 0.2575 2
959153 0.26 2
855444 0.2625 2
758352 0.265 2
662784 0.2675 2
650837 0.27 2
629504 0.2725 2
615162 0.275 2
494693 0.2775 2
419289 0.28 2
353073 0.2825 2
358527 0.285 2
442935 0.2875 2
593452 0.29 2
752621 0.2925 2
858004 0.295 2
862604 0.2975 2
757128 0.3 2
597720 0.3025 2
450958 0.305 2
384741 0.3075 2
424191 0.31 2
514004 0.3125 2
611034 0.315 2
1.29994e+06 0.0725 3
1.15867e+06 0.075 3
2.01286e+06 0.0775 3
3.65517e+06 0.08 3
5.30081e+06 0.0825 3
6.00128e+06 0.085 3
5.24415e+06 0.0875 3
3.36793e+06 0.09 3
1.49765e+06 0.0925 3
983602 0.095 3
2.63753e+06 0.0975 3
6.20882e+06 0.1 3
1.04262e+07 0.1025 3
1.35943e+07 0.105 3
1.44549e+07 0.1075 3
1.28091e+07 0.11 3
9.58876e+06 0.1125 3
6.11938e+06 0.115 3
3.74686e+06 0.1175 3
3.21072e+06 0.12 3
3.89513e+06 0.1225 3
5.21824e+06 0.125 3
5.89388e+06 0.1275 3
5.84183e+06 0.13 3
5.35371e+06 0.1325 3
4.27153e+06 0.135 3
3.5767e+06 0.1375 3
2.86824e+06 0.14 3
2.67833e+06 0.1425 3
2.56423e+06 0.145 3
2.21556e+06 0.1475 3
1.78731e+06 0.15 3
1.13285e+06 0.1525 3
687139 0.155 3
512109 0.1575 3
555215 0.16 3
804658 0.1625 3
1.16164e+06 0.165 3
1.70156e+06 0.1675 3
2.06913e+06 0.17 3
2.00546e+06 0.1725 3
2.26698e+06 0.175 3
2.29132e+06 0.1775 3
2.16305e+06 0.18 3
2.03818e+06 0.1825 3
1.73047e+06 0.185 3
1.2968e+06 0.1875 3
870995 0.19 3
562537 0.1925 3
341973 0.195 3
333306 0.1975 3
511886 0.2 3
776383 0.2025 3
1.27663e+06 0.205 3
1.82418e+06 0.2075 3
2.24348e+06 0.21 3
2.342e+06 0.2125 3
2.46005e+06 0.215 3
2.32321e+06 0.2175 3
2.02619e+06 0.22 3
1.70268e+06 0.2225 3
1.28571e+06 0.225 3
1.05049e+06 0.2275 3
757102 0.23 3
577096 0.2325 3
442203 0.235 3
296432 0.2375 3
207666 0.24 3
162235 0.2425 3
162424 0.245 3
215420 0.2475 3
292824 0.25 3
389122 0.2525 3
529499 0.255 3
610093 0.2575 3
689291 0.26 3
813713 0.2625 3
907470 0.265 3
1.01094e+06 0.2675 3
1.10251e+06 0.27 3
1.12097e+06 0.2725 3
1.09734e+06 0.275 3
992212 0.2775 3
866087 0.28 3
748896 0.2825 3
739103 0.285 3
842624 0.2875 3
1.04717e+06 0.29 3
1.25453e+06 0.2925 3
1.50952e+06 0.295 3
1.62731e+06 0.2975 3
1.65763e+06 0.3 3
1.66163e+06 0.3025 3
1.62131e+06 0.305 3
1.4626e+06 0.3075 3
1.36157e+06 0.31 3
1.21313e+06 0.3125 3
1.01529e+06 0.315 3
8.5347e+06 0.0625 4
6.93991e+06 0.065 4
5.25429e+06 0.0675 4
3.70669e+06 0.07 4
2.48098e+06 0.0725 4
1.69429e+06 0.075 4
1.38236e+06 0.0775 4
1.48939e+06 0.08 4
1.86827e+06 0.0825 4
2.30325e+06 0.085 4
2.56299e+06 0.0875 4
2.47599e+06 0.09 4
2.00208e+06 0.0925 4
1.26438e+06 0.095 4
517555 0.0975 4
55750.4 0.1 4
95093.4 0.1025 4
681741 0.105 4
1.68014e+06 0.1075 4
2.78256e+06 0.11 4
3.71687e+06 0.1125 4
4.11802e+06 0.115 4
4.04962e+06 0.1175 4
3.56553e+06 0.12 4
2.77305e+06 0.1225 4
2.01175e+06 0.125 4
1.42506e+06 0.1275 4
1.06097e+06 0.13 4
873372 0.1325 4
767911 0.135 4
626485 0.1375 4
584954 0.14 4
402005 0.1425 4
243473 0.145 4
197094 0.1475 4
391527 0.15 4
752982 0.1525 4
1.19065e+06 0.155 4
1.79815e+06 0.1575 4
2.11865e+06 0.16 4
2.48211e+06 0.1625 4
2.8235e+06 0.165 4
3.18929e+06 0.1675 4
3.81827e+06 0.17 4
4.62633e+06 0.1725 4
4.87736e+06 0.175 4
4.97627e+06 0.1775 4
4.51891e+06 0.18 4
3.60923e+06 0.1825 4
2.58332e+06 0.185 4
1.72477e+06 0.1875 4
1.11592e+06 0.19 4
947196 0.1925 4
1.16914e+06 0.195 4
1.42048e+06 0.1975 4
1.71359e+06 0.2 4
1.6774e+06 0.2025 4
1.26375e+06 0.205 4
866848 0.2075 4
517753 0.21 4
365019 0.2125 4
420597 0.215 4
611646 0.2175 4
902253 0.22 4
1.01499e+06 0.2225 4
1.25125e+06 0.225 4
1.34741e+06 0.2275 4
1.1783e+06 0.23 4
971777 0.2325 4
772249 0.235 4
679422 0.2375 4
633997 0.24 4
661060 0.2425 4
824323 0.245 4
967849 0.2475 4
1.00536e+06 0.25 4
998830 0.2525 4
908265 0.255 4
855870 0.2575 4
806817 0.26 4
755236 0.2625 4
659679 0.265 4
571795 0.2675 4
536266 0.27 4
550197 0.2725 4
637981 0.275 4
767935 0.2775 4
893434 0.28 4
986862 0.2825 4
1.09602e+06 0.285 4
1.17536e+06 0.2875 4
1.37408e+06 0.29 4
1.71093e+06 0.2925 4
2.13473e+06 0.295 4
2.5609e+06 0.2975 4
2.7718e+06 0.3 4
2.66783e+06 0.3025 4
2.33938e+06 0.305 4
1.83248e+06 0.3075 4
1.23926e+06 0.31 4
861955 0.3125 4
15215 0.0475 5
20800.7 0.05 5
19770.3 0.0525 5
36043.6 0.055 5
64043.9 0.0575 5
56333.5 0.06 5
53905.6 0.0625 5
79554 0.065 5
224343 0.0675 5
404557 0.07 5
639015 0.0725 5
906895 0.075 5
1.28797e+06 0.0775 5
1.93255e+06 0.08 5
2.52402e+06 0.0825 5
3.20134e+06 0.085 5
3.66311e+06 0.0875 5
3.74363e+06 0.09 5
3.80244e+06 0.0925 5
3.6854e+06 0.095 5
3.13415e+06 0.0975 5
2.62917e+06 0.1 5
2.11677e+06 0.1025 5
1.41405e+06 0.105 5
1.12708e+06 0.1075 5
1.027e+06 0.11 5
1.00973e+06 0.1125 5
1.46068e+06 0.115 5
2.15149e+06 0.1175 5
3.01516e+06 0.12 5
4.18757e+06 0.1225 5
5.00036e+06 0.125 5
6.02292e+06 0.1275 5
6.34309e+06 0.13 5
6.75117e+06 0.1325 5
6.31564e+06 0.135 5
5.67923e+06 0.1375 5
4.94939e+06 0.14 5
4.11367e+06 0.1425 5
3.88232e+06 0.145 5
3.85909e+06 0.1475 5
3.89778e+06 0.15 5
3.97926e+06 0.1525 5
4.07638e+06 0.155 5
4.01579e+06 0.1575 5
3.75687e+06 0.16 5
3.43885e+06 0.1625 5
3.0389e+06 0.165 5
2.37961e+06 0.1675 5
1.82695e+06 0.17 5
1.28475e+06 0.1725 5
970955 0.175 5
856647 0.1775 5
983876 0.18 5
1.29693e+06 0.1825 5
1.71486e+06 0.185 5
2.11284e+06 0.1875 5
2.32336e+06 0.19 5
2.37383e+06 0.1925 5
2.1832e+06 0.195 5
1.87943e+06 0.1975 5
1.5114e+06 0.2 5
1.12363e+06 0.2025 5
811378 0.205 5
581325 0.2075 5
456985 0.21 5
395480 0.2125 5
406308 0.215 5
496656 0.2175 5
709487 0.22 5
824673 0.2225 5
996199 0.225 5
1.1715e+06 0.2275 5
1.20088e+06 0.23 5
1.18899e+06 0.2325 5
1.06507e+06 0.235 5
922348 0.2375 5
647749 0.24 5
456048 0.2425 5
350976 0.245 5
362591 0.2475 5
529948 0.25 5
756601 0.2525 5
998680 0.255 5
1.13714e+06 0.2575 5
1.18944e+06 0.26 5
1.14926e+06 0.2625 5
975864 0.265 5
803607 0.2675 5
694083 0.27 5
661488 0.2725 5
695342 0.275 5
743072 0.2775 5
758108 0.28 5
696403 0.2825 5
604798 0.285 5
493306 0.2875 5
428287 0.29 5
375427 0.2925 5
384862 0.295 5
403877 0.2975 5
448089 0.3 5
469971 0.3025 5
431969 0.305 5
392384 0.3075 5
352237 0.31 5
0 0.0125 6
0 0.015 6
0 0.0175 6
0 0.02 6
0 0.0225 6
0 0.025 6
0 0.0275 6
0 0.03 6
36.4739 0.0325 6
19496.8 0.035 6
213448 0.0375 6
511040 0.04 6
808292 0.0425 6
1.3544e+06 0.045 6
2.06222e+06 0.0475 6
2.56418e+06 0.05 6
3.25702e+06 0.0525 6
3.40171e+06 0.055 6
3.70218e+06 0.0575 6
3.02283e+06 0.06 6
2.09488e+06 0.0625 6
1.21238e+06 0.065 6
682560 0.0675 6
726528 0.07 6
1.74868e+06 0.0725 6
3.60698e+06 0.075 6
6.30436e+06 0.0775 6
8.81607e+06 0.08 6
1.10804e+07 0.0825 6
1.19106e+07 0.085 6
1.16971e+07 0.0875 6
1.01049e+07 0.09 6
8.02022e+06 0.0925 6
6.03425e+06 0.095 6
4.28762e+06 0.0975 6
3.2216e+06 0.1 6
2.61745e+06 0.1025 6
2.4533e+06 0.105 6
2.39225e+06 0.1075 6
2.11169e+06 0.11 6
1.91602e+06 0.1125 6
1.70067e+06 0.115 6
1.46831e+06 0.1175 6
1.36323e+06 0.12 6
1.37203e+06 0.1225 6
1.18296e+06 0.125 6
1.0565e+06 0.1275 6
859049 0.13 6
722145 0.1325 6
867313 0.135 6
1.27956e+06 0.1375 6
1.91476e+06 0.14 6
2.45681e+06 0.1425 6
2.92751e+06 0.145 6
2.95899e+06 0.1475 6
2.8218e+06 0.15 6
2.22044e+06 0.1525 6
1.85458e+06 0.155 6
1.69786e+06 0.1575 6
1.39637e+06 0.16 6
1.30942e+06 0.1625 6
1.24717e+06 0.165 6
1.08583e+06 0.1675 6
1.03976e+06 0.17 6
1.07227e+06 0.1725 6
1.3006e+06 0.175 6
1.70693e+06 0.1775 6
2.00864e+06 0.18 6
2.27005e+06 0.1825 6
2.31001e+06 0.185 6
2.06885e+06 0.1875 6
1.60097e+06 0.19 6
1.05897e+06 0.1925 6
604661 0.195 6
351843 0.1975 6
355144 0.2 6
483624 0.2025 6
699425 0.205 6
959118 0.2075 6
1.14186e+06 0.21 6
1.29483e+06 0.2125 6
1.4276e+06 0.215 6
1.51522e+06 0.2175 6
1.59408e+06 0.22 6
1.60237e+06 0.2225 6
1.54955e+06 0.225 6
1.46203e+06 0.2275 6
1.24542e+06 0.23 6
1.11175e+06 0.2325 6
1.14093e+06 0.235 6
1.15867e+06 0.2375 6
1.13844e+06 0.24 6
1.13563e+06 0.2425 6
1.05727e+06 0.245 6
885237 0.2475 6
680638 0.25 6
415938 0.2525 6
229841 0.255 6
149927 0.2575 6
183628 0.26 6
346647 0.2625 6
624334 0.265 6
901158 0.2675 6
1.11859e+06 0.27 6
1.24282e+06 0.2725 6
1.13937e+06 0.275 6
956156 0.2775 6
846407 0.28 6
834576 0.2825 6
992161 0.285 6
1.26666e+06 0.2875 6
1.61195e+06 0.29 6
1.7893e+06 0.2925 6
1.83806e+06 0.295 6
1.70385e+06 0.2975 6
1.54424e+06 0.3 6
1.36063e+06 0.3025 6
1.27449e+06 0.305 6
1.3081e+06 0.3075 6
2.99388e+07 0.0125 7
2.91848e+07 0.015 7
2.47409e+07 0.0175 7
1.8466e+07 0.02 7
1.23058e+07 0.0225 7
7.53228e+06 0.025 7
4.47514e+06 0.0275 7
2.7634e+06 0.03 7
1.82526e+06 0.0325 7
1.30369e+06 0.035 7
1.16404e+06 0.0375 7
1.50237e+06 0.04 7
2.25823e+06 0.0425 7
3.07699e+06 0.045 7
3.44207e+06 0.0475 7
2.99749e+06 0.05 7
1.83974e+06 0.0525 7
565009 0.055 7
6398.01 0.0575 7
790929 0.06 7
2.96489e+06 0.0625 7
5.90599e+06 0.065 7
8.58136e+06 0.0675 7
1.00177e+07 0.07 7
9.73722e+06 0.0725 7
7.94104e+06 0.075 7
5.36567e+06 0.0775 7
2.91296e+06 0.08 7
1.25687e+06 0.0825 7
616586 0.085 7
774234 0.0875 7
1.28076e+06 0.09 7
1.71127e+06 0.0925 7
1.83653e+06 0.095 7
1.6515e+06 0.0975 7
1.28966e+06 0.1 7
903224 0.1025 7
583104 0.105 7
347180 0.1075 7
176707 0.11 7
58671.1 0.1125 7
2244.75 0.115 7
31850.1 0.1175 7
147856 0.12 7
302298 0.1225 7
475805 0.125 7
645595 0.1275 7
628209 0.13 7
627215 0.1325 7
512574 0.135 7
287891 0.1375 7
241199 0.14 7
276285 0.1425 7
353022 0.145 7
515529 0.1475 7
589098 0.15 7
666500 0.1525 7
668933 0.155 7
517334 0.1575 7
436585 0.16 7
440674 0.1625 7
633155 0.165 7
839851 0.1675 7
1.06026e+06 0.17 7
1.14847e+06 0.1725 7
1.11401e+06 0.175 7
911783 0.1775 7
734189 0.18 7
590846 0.1825 7
629616 0.185 7
867125 0.1875 7
1.32564e+06 0.19 7
1.88066e+06 0.1925 7
2.1025e+06 0.195 7
2.32895e+06 0.1975 7
2.18968e+06 0.2 7
2.04215e+06 0.2025 7
1.69641e+06 0.205 7
1.44186e+06 0.2075 7
1.13244e+06 0.21 7
1.19806e+06 0.2125 7
1.27301e+06 0.215 7
1.38935e+06 0.2175 7
1.68137e+06 0.22 7
1.96937e+06 0.2225 7
2.28372e+06 0.225 7
2.42541e+06 0.2275 7
2.51202e+06 0.23 7
2.40805e+06 0.2325 7
2.10582e+06 0.235 7
1.71242e+06 0.2375 7
1.31704e+06 0.24 7
888506 0.2425 7
472183 0.245 7
226729 0.2475 7
128545 0.25 7
210265 0.2525 7
465706 0.255 7
777068 0.2575 7
1.11243e+06 0.26 7
1.29037e+06 0.2625 7
1.41106e+06 0.265 7
1.41759e+06 0.2675 7
1.39789e+06 0.27 7
1.35694e+06 0.2725 7
1.37649e+06 0.275 7
1.42814e+06 0.2775 7
1.47802e+06 0.28 7
1.47426e+06 0.2825 7
1.34816e+06 0.285 7
1.12713e+06 0.2875 7
926519 0.29 7
767089 0.2925 7
701928 0.295 7
713481 0.2975 7
842450 0.3 7
983842 0.3025 7
1.08524e+06 0.305 7
0 0.01 8
0 0.0125 8
0 0.015 8
0 0.0175 8
0 0.02 8
7631.21 0.0225 8
83868.5 0.025 8
287092 0.0275 8
573001 0.03 8
1.17591e+06 0.0325 8
1.46086e+06 0.035 8
2.36213e+06 0.0375 8
2.9453e+06 0.04 8
3.07112e+06 0.0425 8
2.83378e+06 0.045 8
2.41878e+06 0.0475 8
1.52266e+06 0.05 8
823557 0.0525 8
414717 0.055 8
602828 0.0575 8
1.47402e+06 0.06 8
2.77983e+06 0.0625 8
4.05531e+06 0.065 8
4.87116e+06 0.0675 8
4.96233e+06 0.07 8
4.42122e+06 0.0725 8
3.49714e+06 0.075 8
2.51875e+06 0.0775 8
1.7809e+06 0.08 8
1.38454e+06 0.0825 8
1.22877e+06 0.085 8
1.11584e+06 0.0875 8
898565 0.09 8
580687 0.0925 8
299937 0.095 8
224479 0.0975 8
436251 0.1 8
841747 0.1025 8
1.27677e+06 0.105 8
1.47752e+06 0.1075 8
1.35489e+06 0.11 8
1.00263e+06 0.1125 8
635682 0.115 8
559884 0.1175 8
796308 0.12 8
1.24395e+06 0.1225 8
1.63183e+06 0.125 8
1.98372e+06 0.1275 8
2.14825e+06 0.13 8
2.2108e+06 0.1325 8
2.23185e+06 0.135 8
2.03529e+06 0.1375 8
1.9215e+06 0.14 8
1.66477e+06 0.1425 8
1.41252e+06 0.145 8
1.08579e+06 0.1475 8
734444 0.15 8
616201 0.1525 8
665390 0.155 8
840748 0.1575 8
838047 0.16 8
789764 0.1625 8
662727 0.165 8
560611 0.1675 8
648887 0.17 8
930859 0.1725 8
1.43649e+06 0.175 8
1.96623e+06 0.1775 8
2.2387e+06 0.18 8
2.3639e+06 0.1825 8
2.05342e+06 0.185 8
1.69791e+06 0.1875 8
1.52593e+06 0.19 8
1.62739e+06 0.1925 8
1.79065e+06 0.195 8
2.14747e+06 0.1975 8
2.44006e+06 0.2 8
2.53969e+06 0.2025 8
2.57079e+06 0.205 8
2.48032e+06 0.2075 8
2.31372e+06 0.21 8
2.27524e+06 0.2125 8
2.56204e+06 0.215 8
2.86752e+06 0.2175 8
3.40807e+06 0.22 8
3.96939e+06 0.2225 8
4.30204e+06 0.225 8
4.32822e+06 0.2275 8
4.13047e+06 0.23 8
3.75457e+06 0.2325 8
3.32712e+06 0.235 8
2.91394e+06 0.2375 8
2.56458e+06 0.24 8
2.43219e+06 0.2425 8
2.35858e+06 0.245 8
2.34871e+06 0.2475 8
2.16348e+06 0.25 8
1.93245e+06 0.2525 8
1.67996e+06 0.255 8
1.53505e+06 0.2575 8
1.50942e+06 0.26 8
1.53877e+06 0.2625 8
1.52212e+06 0.265 8
1.39409e+06 0.2675 8
1.18818e+06 0.27 8
1.00239e+06 0.2725 8
924442 0.275 8
1.02402e+06 0.2775 8
1.26822e+06 0.28 8
1.44986e+06 0.2825 8
1.58455e+06 0.285 8
1.58212e+06 0.2875 8
1.44841e+06 0.29 8
1.18474e+06 0.2925 8
923668 0.295 8
709074 0.2975 8
0 0.01 9
0 0.0125 9
0 0.015 9
0 0.0175 9
0 0.02 9
0 0.0225 9
0 0.025 9
0 0.0275 9
0 0.03 9
0 0.0325 9
0 0.035 9
0 0.0375 9
0 0.04 9
0 0.0425 9
0 0.045 9
0 0.0475 9
0 0.05 9
0 0.0525 9
7153.53 0.055 9
18660.8 0.0575 9
31719.3 0.06 9
10804.5 0.0625 9
75238.4 0.065 9
165619 0.0675 9
130632 0.07 9
234189 0.0725 9
328982 0.075 9
323156 0.0775 9
400663 0.08 9
667019 0.0825 9
721134 0.085 9
811162 0.0875 9
689678 0.09 9
867479 0.0925 9
830912 0.095 9
932014 0.0975 9
950714 0.1 9
1.02719e+06 0.1025 9
1.06135e+06 0.105 9
1.05605e+06 0.1075 9
1.07222e+06 0.11 9
850519 0.1125 9
777095 0.115 9
675435 0.1175 9
541179 0.12 9
372050 0.1225 9
285335 0.125 9
209801 0.1275 9
190612 0.13 9
223319 0.1325 9
409613 0.135 9
834901 0.1375 9
1.32318e+06 0.14 9
1.92121e+06 0.1425 9
2.65873e+06 0.145 9
3.3605e+06 0.1475 9
4.00375e+06 0.15 9
4.42921e+06 0.1525 9
4.7363e+06 0.155 9
4.81758e+06 0.1575 9
4.87526e+06 0.16 9
5.03664e+06 0.1625 9
5.16316e+06 0.165 9
5.26511e+06 0.1675 9
5.31999e+06 0.17 9
5.05431e+06 0.1725 9
4.43094e+06 0.175 9
3.36123e+06 0.1775 9
2.43005e+06 0.18 9
1.51123e+06 0.1825 9
926744 0.185 9
649766 0.1875 9
780047 0.19 9
1.17492e+06 0.1925 9
1.65349e+06 0.195 9
2.1227e+06 0.1975 9
2.34189e+06 0.2 9
2.35595e+06 0.2025 9
2.16393e+06 0.205 9
1.7756e+06 0.2075 9
1.29858e+06 0.21 9
823250 0.2125 9
438758 0.215 9
243630 0.2175 9
203524 0.22 9
290345 0.2225 9
507322 0.225 9
770305 0.2275 9
1.00321e+06 0.23 9
1.18188e+06 0.2325 9
1.33011e+06 0.235 9
1.36182e+06 0.2375 9
1.36866e+06 0.24 9
1.32175e+06 0.2425 9
1.26474e+06 0.245 9
1.12213e+06 0.2475 9
926563 0.25 9
741116 0.2525 9
555167 0.255 9
409348 0.2575 9
341548 0.26 9
381939 0.2625 9
491768 0.265 9
654512 0.2675 9
871557 0.27 9
1.21674e+06 0.2725 9
1.58246e+06 0.275 9
1.82797e+06 0.2775 9
1.96483e+06 0.28 9
2.02494e+06 0.2825 9
1.91512e+06 0.285 9
1.74108e+06 0.2875 9
1.45247e+06 0.29 9
1.08881e+06 0.2925 9
0 0.01 10
0 0.0125 10
0 0.015 10
14099.5 0.0175 10
74140.3 0.02 10
171133 0.0225 10
308699 0.025 10
746825 0.0275 10
1.1135e+06 0.03 10
1.77398e+06 0.0325 10
2.23907e+06 0.035 10
2.61525e+06 0.0375 10
2.6704e+06 0.04 10
2.50749e+06 0.0425 10
2.12999e+06 0.045 10
1.60675e+06 0.0475 10
989747 0.05 10
584622 0.0525 10
255408 0.055 10
95148.5 0.0575 10
39544.6 0.06 10
38754.2 0.0625 10
55102.4 0.065 10
70565.7 0.0675 10
81143.5 0.07 10
87559.2 0.0725 10
91181.9 0.075 10
97093.1 0.0775 10
118924 0.08 10
178129 0.0825 10
294919 0.085 10
475243 0.0875 10
702278 0.09 10
938691 0.0925 10
1.13919e+06 0.095 10
1.26924e+06 0.0975 10
1.30474e+06 0.1 10
1.27104e+06 0.1025 10
1.23069e+06 0.105 10
1.04033e+06 0.1075 10
961511 0.11 10
820684 0.1125 10
817861 0.115 10
605493 0.1175 10
518059 0.12 10
535372 0.1225 10
447652 0.125 10
358866 0.1275 10
304363 0.13 10
284070 0.1325 10
319840 0.135 10
438196 0.1375 10
564090 0.14 10
869641 0.1425 10
1.17516e+06 0.145 10
1.65668e+06 0.1475 10
2.16287e+06 0.15 10
2.77655e+06 0.1525 10
3.21161e+06 0.155 10
3.70592e+06 0.1575 10
4.19806e+06 0.16 10
4.39646e+06 0.1625 10
4.20295e+06 0.165 10
3.85376e+06 0.1675 10
3.37928e+06 0.17 10
2.92225e+06 0.1725 10
2.56577e+06 0.175 10
2.28691e+06 0.1775 10
2.00563e+06 0.18 10
1.95039e+06 0.1825 10
1.80928e+06 0.185 10
1.95444e+06 0.1875 10
2.35814e+06 0.19 10
2.95249e+06 0.1925 10
3.60869e+06 0.195 10
4.05145e+06 0.1975 10
4.09222e+06 0.2 10
3.88584e+06 0.2025 10
3.39386e+06 0.205 10
2.74816e+06 0.2075 10
2.4846e+06 0.21 10
2.29412e+06 0.2125 10
2.17605e+06 0.215 10
2.39324e+06 0.2175 10
2.38359e+06 0.22 10
2.10387e+06 0.2225 10
1.66106e+06 0.225 10
1.1051e+06 0.2275 10
781117 0.23 10
646974 0.2325 10
744575 0.235 10
975265 0.2375 10
1.21385e+06 0.24 10
1.25055e+06 0.2425 10
1.15083e+06 0.245 10
915473 0.2475 10
711720 0.25 10
582677 0.2525 10
498742 0.255 10
474368 0.2575 10
404157 0.26 10
391348 0.2625 10
373185 0.265 10
431313 0.2675 10
570880 0.27 10
679847 0.2725 10
715628 0.275 10
664982 0.2775 10
538530 0.28 10
382983 0.2825 10
256860 0.285 10
244992 0.2875 10
1.16499e+06 0.01 11
2.23939e+06 0.0125 11
3.44913e+06 0.015 11
4.46264e+06 0.0175 11
4.97894e+06 0.02 11
4.86191e+06 0.0225 11
4.19217e+06 0.025 11
3.21514e+06 0.0275 11
2.222e+06 0.03 11
1.43128e+06 0.0325 11
927926 0.035 11
675703 0.0375 11
577000 0.04 11
535758 0.0425 11
491544 0.045 11
420571 0.0475 11
321352 0.05 11
205066 0.0525 11
96527.2 0.055 11
35932.3 0.0575 11
68199.9 0.06 11
218089 0.0625 11
465079 0.065 11
738078 0.0675 11
939944 0.07 11
991970 0.0725 11
873296 0.075 11
631321 0.0775 11
356576 0.08 11
137444 0.0825 11
21710.3 0.085 11
5642.17 0.0875 11
52185.8 0.09 11
121682 0.0925 11
193338 0.095 11
265969 0.0975 11
343500 0.1 11
421440 0.1025 11
487634 0.105 11
536998 0.1075 11
586762 0.11 11
682467 0.1125 11
860800 0.115 11
1.12497e+06 0.1175 11
1.4679e+06 0.12 11
1.82159e+06 0.1225 11
2.12517e+06 0.125 11
2.20426e+06 0.1275 11
2.23738e+06 0.13 11
2.23719e+06 0.1325 11
2.37022e+06 0.135 11
2.69725e+06 0.1375 11
3.06026e+06 0.14 11
3.50714e+06 0.1425 11
3.87285e+06 0.145 11
4.26399e+06 0.1475 11
4.34343e+06 0.15 11
4.09487e+06 0.1525 11
3.34507e+06 0.155 11
2.61865e+06 0.1575 11
2.00893e+06 0.16 11
1.52904e+06 0.1625 11
1.46408e+06 0.165 11
1.55923e+06 0.1675 11
1.8565e+06 0.17 11
2.10125e+06 0.1725 11
2.15146e+06 0.175 11
1.96528e+06 0.1775 11
1.73632e+06 0.18 11
1.4707e+06 0.1825 11
1.09988e+06 0.185 11
1.15404e+06 0.1875 11
1.19384e+06 0.19 11
1.2113e+06 0.1925 11
1.16302e+06 0.195 11
988642 0.1975 11
670307 0.2 11
374595 0.2025 11
234975 0.205 11
402665 0.2075 11
854549 0.21 11
1.37494e+06 0.2125 11
2.02593e+06 0.215 11
2.34746e+06 0.2175 11
2.48107e+06 0.22 11
2.26639e+06 0.2225 11
2.03036e+06 0.225 11
1.58471e+06 0.2275 11
1.24647e+06 0.23 11
959652 0.2325 11
812872 0.235 11
631728 0.2375 11
534573 0.24 11
438737 0.2425 11
359202 0.245 11
310819 0.2475 11
237571 0.25 11
173805 0.2525 11
149593 0.255 11
136508 0.2575 11
161878 0.26 11
210780 0.2625 11
245438 0.265 11
271428 0.2675 11
226383 0.27 11
168783 0.2725 11
148133 0.275 11
158023 0.2775 11
184657 0.28 11
229731 0.2825 11
0 0.01 12
0 0.0125 12
0 0.015 12
0 0.0175 12
0 0.02 12
0 0.0225 12
0 0.025 12
0 0.0275 12
0 0.03 12
0 0.0325 12
0 0.035 12
670.893 0.0375 12
7727.46 0.04 12
1534.53 0.0425 12
25445.3 0.045 12
81486.2 0.0475 12
93649.2 0.05 12
134296 0.0525 12
236703 0.055 12
372144 0.0575 12
438003 0.06 12
489074 0.0625 12
494309 0.065 12
732064 0.0675 12
719350 0.07 12
809294 0.0725 12
884608 0.075 12
844806 0.0775 12
945928 0.08 12
1.07306e+06 0.0825 12
1.25157e+06 0.085 12
1.09678e+06 0.0875 12
1.20385e+06 0.09 12
1.26341e+06 0.0925 12
1.4163e+06 0.095 12
1.50836e+06 0.0975 12
1.52652e+06 0.1 12
1.44471e+06 0.1025 12
1.85909e+06 0.105 12
2.04103e+06 0.1075 12
2.30077e+06 0.11 12
2.67615e+06 0.1125 12
3.22257e+06 0.115 12
3.74881e+06 0.1175 12
4.45366e+06 0.12 12
4.8907e+06 0.1225 12
5.24691e+06 0.125 12
5.099e+06 0.1275 12
4.66337e+06 0.13 12
4.00605e+06 0.1325 12
2.99154e+06 0.135 12
1.89187e+06 0.1375 12
1.08096e+06 0.14 12
700552 0.1425 12
665812 0.145 12
865687 0.1475 12
1.28788e+06 0.15 12
1.76644e+06 0.1525 12
1.91158e+06 0.155 12
1.84344e+06 0.1575 12
1.5445e+06 0.16 12
1.15366e+06 0.1625 12
742433 0.165 12
418339 0.1675 12
207028 0.17 12
123521 0.1725 12
114999 0.175 12
132415 0.1775 12
175694 0.18 12
246335 0.1825 12
342080 0.185 12
444997 0.1875 12
543259 0.19 12
521547 0.1925 12
487762 0.195 12
489889 0.1975 12
425812 0.2 12
466871 0.2025 12
552390 0.205 12
675551 0.2075 12
684635 0.21 12
708857 0.2125 12
669694 0.215 12
650623 0.2175 12
691058 0.22 12
612540 0.2225 12
623700 0.225 12
714416 0.2275 12
811474 0.23 12
865047 0.2325 12
852296 0.235 12
721368 0.2375 12
561269 0.24 12
417900 0.2425 12
307525 0.245 12
311439 0.2475 12
396967 0.25 12
515288 0.2525 12
671259 0.255 12
786940 0.2575 12
887746 0.26 12
948826 0.2625 12
932921 0.265 12
893327 0.2675 12
803321 0.27 12
704061 0.2725 12
572461 0.275 12
0 0.01 13
0 0.0125 13
0 0.015 13
0 0.0175 13
0 0.02 13
0 0.0225 13
0 0.025 13
0 0.0275 13
0 0.03 13
0 0.0325 13
0 0.035 13
3032.96 0.0375 13
14784.6 0.04 13
91342.8 0.0425 13
154902 0.045 13
189009 0.0475 13
199918 0.05 13
244884 0.0525 13
404673 0.055 13
482762 0.0575 13
587946 0.06 13
517176 0.0625 13
394139 0.065 13
285311 0.0675 13
168543 0.07 13
68262.4 0.0725 13
48216.6 0.075 13
130030 0.0775 13
306899 0.08 13
380506 0.0825 13
401751 0.085 13
434527 0.0875 13
441556 0.09 13
452492 0.0925 13
495353 0.095 13
538508 0.0975 13
667581 0.1 13
707313 0.1025 13
733686 0.105 13
870503 0.1075 13
1.43386e+06 0.11 13
2.28874e+06 0.1125 13
3.65998e+06 0.115 13
5.19199e+06 0.1175 13
6.45636e+06 0.12 13
7.25851e+06 0.1225 13
7.10012e+06 0.125 13
6.23891e+06 0.1275 13
4.88386e+06 0.13 13
3.46425e+06 0.1325 13
2.26835e+06 0.135 13
1.67099e+06 0.1375 13
1.70641e+06 0.14 13
2.26765e+06 0.1425 13
2.7692e+06 0.145 13
3.01391e+06 0.1475 13
2.82332e+06 0.15 13
2.2997e+06 0.1525 13
1.57246e+06 0.155 13
1.02361e+06 0.1575 13
828766 0.16 13
1.09977e+06 0.1625 13
1.62694e+06 0.165 13
2.22587e+06 0.1675 13
2.73386e+06 0.17 13
2.80249e+06 0.1725 13
2.59189e+06 0.175 13
2.05484e+06 0.1775 13
1.64779e+06 0.18 13
1.1823e+06 0.1825 13
874828 0.185 13
636655 0.1875 13
474076 0.19 13
347585 0.1925 13
209427 0.195 13
133845 0.1975 13
158942 0.2 13
253685 0.2025 13
377236 0.205 13
565880 0.2075 13
663095 0.21 13
749015 0.2125 13
775942 0.215 13
715969 0.2175 13
672625 0.22 13
604597 0.2225 13
591621 0.225 13
648117 0.2275 13
757446 0.23 13
854430 0.2325 13
869462 0.235 13
844068 0.2375 13
755681 0.24 13
693739 0.2425 13
614021 0.245 13
585437 0.2475 13
599274 0.25 13
689539 0.2525 13
738108 0.255 13
841005 0.2575 13
841115 0.26 13
800516 0.2625 13
714710 0.265 13
649902 0.2675 13
1.15598e+07 0.02 14
1.30866e+07 0.0225 14
1.33798e+07 0.025 14
1.23652e+07 0.0275 14
1.02555e+07 0.03 14
7.49373e+06 0.0325 14
4.65165e+06 0.035 14
2.31008e+06 0.0375 14
937387 0.04 14
783868 0.0425 14
1.81334e+06 0.045 14
3.6973e+06 0.0475 14
5.88838e+06 0.05 14
7.7655e+06 0.0525 14
8.81187e+06 0.055 14
8.7654e+06 0.0575 14
7.68472e+06 0.06 14
5.90523e+06 0.0625 14
3.90483e+06 0.065 14
2.13617e+06 0.0675 14
892623 0.07 14
254057 0.0725 14
118903 0.075 14
291381 0.0775 14
575964 0.08 14
839669 0.0825 14
1.0277e+06 0.085 14
1.14309e+06 0.0875 14
1.21354e+06 0.09 14
1.26519e+06 0.0925 14
1.31112e+06 0.095 14
1.35104e+06 0.0975 14
1.37509e+06 0.1 14
1.36777e+06 0.1025 14
1.31272e+06 0.105 14
1.20006e+06 0.1075 14
1.03491e+06 0.11 14
845432 0.1125 14
666232 0.115 14
555500 0.1175 14
531071 0.12 14
582518 0.1225 14
665415 0.125 14
727403 0.1275 14
836642 0.13 14
953160 0.1325 14
1.0549e+06 0.135 14
989969 0.1375 14
1.00253e+06 0.14 14
910292 0.1425 14
958032 0.145 14
918705 0.1475 14
907930 0.15 14
868272 0.1525 14
931193 0.155 14
1.04516e+06 0.1575 14
1.00445e+06 0.16 14
989607 0.1625 14
879950 0.165 14
787931 0.1675 14
692095 0.17 14
662343 0.1725 14
773760 0.175 14
912171 0.1775 14
1.0455e+06 0.18 14
1.16141e+06 0.1825 14
1.12673e+06 0.185 14
1.05345e+06 0.1875 14
1.00101e+06 0.19 14
885115 0.1925 14
978555 0.195 14
957798 0.1975 14
932845 0.2 14
942344 0.2025 14
822366 0.205 14
674583 0.2075 14
506517 0.21 14
357426 0.2125 14
264715 0.215 14
254654 0.2175 14
370047 0.22 14
501809 0.2225 14
653213 0.225 14
760877 0.2275 14
701879 0.23 14
543976 0.2325 14
427228 0.235 14
237281 0.2375 14
90154.9 0.24 14
87656.9 0.2425 14
177037 0.245 14
356388 0.2475 14
516053 0.25 14
659399 0.2525 14
652879 0.255 14
567533 0.2575 14
0 0.0125 15
0 0.015 15
17537.9 0.0175 15
85546.4 0.02 15
163810 0.0225 15
367832 0.025 15
858994 0.0275 15
1.57544e+06 0.03 15
2.16319e+06 0.0325 15
2.76883e+06 0.035 15
3.12483e+06 0.0375 15
3.29858e+06 0.04 15
3.14073e+06 0.0425 15
2.79061e+06 0.045 15
2.39688e+06 0.0475 15
2.0156e+06 0.05 15
1.61264e+06 0.0525 15
1.39247e+06 0.055 15
1.27424e+06 0.0575 15
1.28145e+06 0.06 15
1.38853e+06 0.0625 15
1.55268e+06 0.065 15
1.70321e+06 0.0675 15
1.74657e+06 0.07 15
1.60054e+06 0.0725 15
1.24786e+06 0.075 15
776499 0.0775 15
370813 0.08 15
241192 0.0825 15
519006 0.085 15
1.17292e+06 0.0875 15
2.00038e+06 0.09 15
2.71062e+06 0.0925 15
3.06289e+06 0.095 15
2.99031e+06 0.0975 15
2.63336e+06 0.1 15
2.25769e+06 0.1025 15
2.16178e+06 0.105 15
2.47016e+06 0.1075 15
3.09137e+06 0.11 15
3.82819e+06 0.1125 15
4.36999e+06 0.115 15
4.55321e+06 0.1175 15
4.24057e+06 0.12 15
3.80162e+06 0.1225 15
3.26438e+06 0.125 15
2.76807e+06 0.1275 15
2.40327e+06 0.13 15
2.10175e+06 0.1325 15
1.72965e+06 0.135 15
1.34632e+06 0.1375 15
987300 0.14 15
673430 0.1425 15
416013 0.145 15
294866 0.1475 15
269107 0.15 15
281107 0.1525 15
297831 0.155 15
289500 0.1575 15
265625 0.16 15
216795 0.1625 15
185279 0.165 15
219104 0.1675 15
371078 0.17 15
500701 0.1725 15
718482 0.175 15
904745 0.1775 15
1.05758e+06 0.18 15
1.09546e+06 0.1825 15
903823 0.185 15
720311 0.1875 15
560172 0.19 15
424522 0.1925 15
352656 0.195 15
442883 0.1975 15
615968 0.2 15
903343 0.2025 15
1.05283e+06 0.205 15
1.08571e+06 0.2075 15
997575 0.21 15
812212 0.2125 15
554896 0.215 15
311227 0.2175 15
181516 0.22 15
153633 0.2225 15
237458 0.225 15
358852 0.2275 15
437549 0.23 15
503687 0.2325 15
525221 0.235 15
501813 0.2375 15
423017 0.24 15
348018 0.2425 15
270669 0.245 15
189858 0.2475 15
0 0.0025 16
0 0.005 16
0 0.0075 16
0 0.01 16
0 0.0125 16
0 0.015 16
0 0.0175 16
0 0.02 16
0 0.0225 16
0 0.025 16
0 0.0275 16
0 0.03 16
0 0.0325 16
0 0.035 16
0 0.0375 16
0 0.04 16
0 0.0425 16
0 0.045 16
0 0.0475 16
0 0.05 16
0 0.0525 16
19942.8 0.055 16
86885.4 0.0575 16
60689.5 0.06 16
139623 0.0625 16
117964 0.065 16
257338 0.0675 16
263804 0.07 16
396554 0.0725 16
651281 0.075 16
831915 0.0775 16
1.18609e+06 0.08 16
1.60618e+06 0.0825 16
1.94545e+06 0.085 16
2.57676e+06 0.0875 16
3.11022e+06 0.09 16
3.76874e+06 0.0925 16
3.99011e+06 0.095 16
4.47665e+06 0.0975 16
4.35862e+06 0.1 16
4.16713e+06 0.1025 16
3.48687e+06 0.105 16
2.98122e+06 0.1075 16
2.20908e+06 0.11 16
1.58078e+06 0.1125 16
1.17081e+06 0.115 16
764418 0.1175 16
476030 0.12 16
268794 0.1225 16
155998 0.125 16
135809 0.1275 16
207852 0.13 16
423940 0.1325 16
672745 0.135 16
916515 0.1375 16
1.06493e+06 0.14 16
1.06214e+06 0.1425 16
1.03798e+06 0.145 16
915502 0.1475 16
739922 0.15 16
588242 0.1525 16
532235 0.155 16
502609 0.1575 16
503706 0.16 16
479939 0.1625 16
397460 0.165 16
293335 0.1675 16
208076 0.17 16
180613 0.1725 16
200505 0.175 16
221923 0.1775 16
245394 0.18 16
235333 0.1825 16
210709 0.185 16
182878 0.1875 16
174729 0.19 16
211170 0.1925 16
291599 0.195 16
383763 0.1975 16
479890 0.2 16
563566 0.2025 16
605894 0.205 16
600060 0.2075 16
562412 0.21 16
497545 0.2125 16
410194 0.215 16
326336 0.2175 16
287262 0.22 16
313674 0.2225 16
386341 0.225 16
510084 0.2275 16
572039 0.23 16
601375 0.2325 16
577642 0.235 16
482811 0.2375 16
0 0.0025 17
0 0.005 17
0 0.0075 17
0 0.01 17
0 0.0125 17
0 0.015 17
0 0.0175 17
0 0.02 17
1104.37 0.0225 17
19432.8 0.025 17
20616.5 0.0275 17
23571.8 0.03 17
15013.8 0.0325 17
22915.4 0.035 17
35056.9 0.0375 17
47880.8 0.04 17
65584.5 0.0425 17
47397.2 0.045 17
27877.5 0.0475 17
34513.5 0.05 17
43353.5 0.0525 17
56814.4 0.055 17
47830.8 0.0575 17
15279.1 0.06 17
6291.12 0.0625 17
53465.4 0.065 17
200499 0.0675 17
527505 0.07 17
977419 0.0725 17
1.62373e+06 0.075 17
2.35851e+06 0.0775 17
3.06592e+06 0.08 17
3.62392e+06 0.0825 17
3.94418e+06 0.085 17
4.00001e+06 0.0875 17
3.82903e+06 0.09 17
3.51486e+06 0.0925 17
3.13926e+06 0.095 17
2.7453e+06 0.0975 17
2.34251e+06 0.1 17
1.94673e+06 0.1025 17
1.50798e+06 0.105 17
1.11087e+06 0.1075 17
761174 0.11 17
638048 0.1125 17
692566 0.115 17
1.00853e+06 0.1175 17
1.49083e+06 0.12 17
1.9842e+06 0.1225 17
2.44514e+06 0.125 17
2.60545e+06 0.1275 17
2.50504e+06 0.13 17
2.13429e+06 0.1325 17
1.62455e+06 0.135 17
1.05289e+06 0.1375 17
556697 0.14 17
228347 0.1425 17
78680.5 0.145 17
59864.7 0.1475 17
154918 0.15 17
280218 0.1525 17
434851 0.155 17
528593 0.1575 17
585478 0.16 17
550889 0.1625 17
524269 0.165 17
448122 0.1675 17
361097 0.17 17
282035 0.1725 17
268224 0.175 17
307145 0.1775 17
310786 0.18 17
300414 0.1825 17
276030 0.185 17
297904 0.1875 17
349561 0.19 17
353341 0.1925 17
414860 0.195 17
494685 0.1975 17
523558 0.2 17
561582 0.2025 17
560355 0.205 17
532771 0.2075 17
460880 0.21 17
416843 0.2125 17
338390 0.215 17
319608 0.2175 17
366348 0.22 17
451676 0.2225 17
575759 0.225 17
12959.2 0.0025 18
47654.8 0.005 18
93780.3 0.0075 18
140138 0.01 18
179629 0.0125 18
211573 0.015 18
241313 0.0175 18
278716 0.02 18
336599 0.0225 18
428134 0.025 18
561507 0.0275 18
732075 0.03 18
916002 0.0325 18
1.07145e+06 0.035 18
1.15087e+06 0.0375 18
1.12109e+06 0.04 18
981519 0.0425 18
769011 0.045 18
544708 0.0475 18
368234 0.05 18
272903 0.0525 18
255390 0.055 18
284742 0.0575 18
324185 0.06 18
352387 0.0625 18
372704 0.065 18
407507 0.0675 18
483397 0.07 18
616356 0.0725 18
802799 0.075 18
1.0172e+06 0.0775 18
1.21445e+06 0.08 18
1.33697e+06 0.0825 18
1.32916e+06 0.085 18
1.16005e+06 0.0875 18
848156 0.09 18
474392 0.0925 18
168232 0.095 18
63267.6 0.0975 18
236907 0.1 18
663767 0.1025 18
1.2116e+06 0.105 18
1.68928e+06 0.1075 18
1.92783e+06 0.11 18
1.85474e+06 0.1125 18
1.5228e+06 0.115 18
1.07853e+06 0.1175 18
688258 0.12 18
456943 0.1225 18
400396 0.125 18
445153 0.1275 18
490703 0.13 18
479873 0.1325 18
407819 0.135 18
253205 0.1375 18
169270 0.14 18
160759 0.1425 18
206856 0.145 18
372877 0.1475 18
535154 0.15 18
676788 0.1525 18
842353 0.155 18
960984 0.1575 18
1.00005e+06 0.16 18
1.02201e+06 0.1625 18
952617 0.165 18
835396 0.1675 18
743064 0.17 18
626779 0.1725 18
576987 0.175 18
557692 0.1775 18
580280 0.18 18
533971 0.1825 18
500678 0.185 18
416212 0.1875 18
283204 0.19 18
171136 0.1925 18
120320 0.195 18
86805.5 0.1975 18
97437.3 0.2 18
127140 0.2025 18
179262 0.205 18
226055 0.2075 18
240816 0.21 18
248677 0.2125 18
0 0.0025 19
0 0.005 19
0 0.0075 19
0 0.01 19
0 0.0125 19
0 0.015 19
0 0.0175 19
0 0.02 19
0 0.0225 19
0 0.025 19
0 0.0275 19
0 0.03 19
1387.52 0.0325 19
15498 0.035 19
20086.5 0.0375 19
47504.2 0.04 19
85924.4 0.0425 19
156848 0.045 19
230446 0.0475 19
269987 0.05 19
349725 0.0525 19
322675 0.055 19
361046 0.0575 19
318942 0.06 19
188106 0.0625 19
122660 0.065 19
85025.4 0.0675 19
35744.6 0.07 19
6787.53 0.0725 19
23300 0.075 19
77836.1 0.0775 19
142173 0.08 19
222369 0.0825 19
323803 0.085 19
371597 0.0875 19
466546 0.09 19
485978 0.0925 19
522938 0.095 19
492118 0.0975 19
404433 0.1 19
349409 0.1025 19
319555 0.105 19
312375 0.1075 19
301864 0.11 19
332780 0.1125 19
426643 0.115 19
543754 0.1175 19
645057 0.12 19
744414 0.1225 19
811280 0.125 19
749703 0.1275 19
693634 0.13 19
569793 0.1325 19
404351 0.135 19
277668 0.1375 19
236282 0.14 19
182938 0.1425 19
179051 0.145 19
160814 0.1475 19
119143 0.15 19
69012.8 0.1525 19
61442 0.155 19
124164 0.1575 19
263028 0.16 19
406247 0.1625 19
560673 0.165 19
619996 0.1675 19
657341 0.17 19
629445 0.1725 19
639961 0.175 19
626530 0.1775 19
633993 0.18 19
648967 0.1825 19
603819 0.185 19
538419 0.1875 19
423313 0.19 19
293462 0.1925 19
184570 0.195 19
146111 0.1975 19
0 0.0025 20
0 0.005 20
0 0.0075 20
0 0.01 20
0 0.0125 20
0 0.015 20
0 0.0175 20
0 0.02 20
0 0.0225 20
0 0.025 20
0 0.0275 20
0 0.03 20
0 0.0325 20
0 0.035 20
0 0.0375 20
0 0.04 20
187.864 0.0425 20
5003.37 0.045 20
3828.42 0.0475 20
15895.8 0.05 20
39723.1 0.0525 20
70652.5 0.055 20
73415.5 0.0575 20
153734 0.06 20
213160 0.0625 20
283809 0.065 20
264295 0.0675 20
296741 0.07 20
414788 0.0725 20
443958 0.075 20
424549 0.0775 20
385100 0.08 20
335896 0.0825 20
221925 0.085 20
203665 0.0875 20
134467 0.09 20
79081.4 0.0925 20
57100.7 0.095 20
98906.6 0.0975 20
134568 0.1 20
201945 0.1025 20
296214 0.105 20
407509 0.1075 20
497269 0.11 20
617803 0.1125 20
745789 0.115 20
741974 0.1175 20
689054 0.12 20
599737 0.1225 20
461334 0.125 20
325581 0.1275 20
217321 0.13 20
128776 0.1325 20
87175.2 0.135 20
120689 0.1375 20
189872 0.14 20
347179 0.1425 20
476354 0.145 20
574819 0.1475 20
622437 0.15 20
644724 0.1525 20
655521 0.155 20
672237 0.1575 20
641039 0.16 20
614669 0.1625 20
581197 0.165 20
509393 0.1675 20
468048 0.17 20
430382 0.1725 20
378820 0.175 20
283505 0.1775 20
0 0.0025 21
0 0.005 21
1061.09 0.0075 21
9414.45 0.01 21
40675.8 0.0125 21
91531.3 0.015 21
168068 0.0175 21
288416 0.02 21
428310 0.0225 21
561428 0.025 21
654228 0.0275 21
678044 0.03 21
620707 0.0325 21
493420 0.035 21
329237 0.0375 21
172863 0.04 21
65372.1 0.0425 21
30035.1 0.045 21
65258.3 0.0475 21
147660 0.05 21
243688 0.0525 21
324224 0.055 21
375371 0.0575 21
400737 0.06 21
415057 0.0625 21
433387 0.065 21
462067 0.0675 21
496120 0.07 21
523668 0.0725 21
533852 0.075 21
523026 0.0775 21
495549 0.08 21
459282 0.0825 21
419392 0.085 21
375060 0.0875 21
321609 0.09 21
256791 0.0925 21
187005 0.095 21
128877 0.0975 21
104266 0.1 21
130640 0.1025 21
211624 0.105 21
332876 0.1075 21
465109 0.11 21
573878 0.1125 21
627039 0.115 21
616482 0.1175 21
542104 0.12 21
436230 0.1225 21
301990 0.125 21
187136 0.1275 21
94134.6 0.13 21
39227.5 0.1325 21
18632.6 0.135 21
4567.63 0.1375 21
11031 0.14 21
18223.9 0.1425 21
28850.8 0.145 21
28412.9 0.1475 21
23528.1 0.15 21
26178.4 0.1525 21
37351.2 0.155 21
45043.6 0.1575 21
75274.8 0.16 21
0 0.0025 22
0 0.005 22
0 0.0075 22
0 0.01 22
655.427 0.0125 22
10246.2 0.015 22
22534.2 0.0175 22
68343.2 0.02 22
139210 0.0225 22
216882 0.025 22
372175 0.0275 22
510846 0.03 22
646392 0.0325 22
781819 0.035 22
854000 0.0375 22
851296 0.04 22
770097 0.0425 22
619719 0.045 22
427442 0.0475 22
234465 0.05 22
85728.7 0.0525 22
15651.8 0.055 22
34906.3 0.0575 22
124628 0.06 22
242385 0.0625 22
338970 0.065 22
379155 0.0675 22
356449 0.07 22
294032 0.0725 22
230913 0.075 22
200373 0.0775 22
212292 0.08 22
249039 0.0825 22
277017 0.085 22
267018 0.0875 22
211493 0.09 22
128826 0.0925 22
52457.9 0.095 22
11709.6 0.0975 22
15862 0.1 22
51813.8 0.1025 22
90487.5 0.105 22
111347 0.1075 22
112958 0.11 22
112895 0.1125 22
138387 0.115 22
203079 0.1175 22
288171 0.12 22
368591 0.1225 22
407949 0.125 22
410720 0.1275 22
345844 0.13 22
243872 0.1325 22
136887 0.135 22
89977.6 0.1375 22
0 0.0025 23
0 0.005 23
0 0.0075 23
0 0.01 23
0 0.0125 23
0 0.015 23
0 0.0175 23
0 0.02 23
0 0.0225 23
0 0.025 23
0 0.0275 23
0 0.03 23
0 0.0325 23
0 0.035 23
0 0.0375 23
0 0.04 23
0 0.0425 23
0 0.045 23
0 0.0475 23
1438.48 0.05 23
5663.29 0.0525 23
5672.27 0.055 23
10452.7 0.0575 23
13783.4 0.06 23
19035.9 0.0625 23
13976.6 0.065 23
24301.8 0.0675 23
22450.3 0.07 23
28343.2 0.0725 23
42195 0.075 23
72206.7 0.0775 23
115531 0.08 23
173907 0.0825 23
199228 0.085 23
272628 0.0875 23
299695 0.09 23
330778 0.0925 23
324320 0.095 23
304828 0.0975 23
287195 0.1 23
