1.15656e+07 0.085 0
8.13684e+06 0.0875 0
4.70668e+06 0.09 0
2.13583e+06 0.0925 0
658965 0.095 0
72803 0.0975 0
21608.4 0.1 0
197320 0.1025 0
407195 0.105 0
554680 0.1075 0
597595 0.11 0
523371 0.1125 0
350529 0.115 0
142641 0.1175 0
7969.97 0.12 0
62080.2 0.1225 0
360317 0.125 0
827039 0.1275 0
1.30645e+06 0.13 0
1.53065e+06 0.1325 0
1.43605e+06 0.135 0
1.07015e+06 0.1375 0
536261 0.14 0
244702 0.1425 0
570389 0.145 0
1.11192e+06 0.1475 0
1.47296e+06 0.15 0
1.78974e+06 0.1525 0
1.9112e+06 0.155 0
1.51497e+06 0.1575 0
1.24913e+06 0.16 0
992040 0.1625 0
817873 0.165 0
780120 0.1675 0
640961 0.17 0
935102 0.1725 0
1.2527e+06 0.175 0
1.45273e+06 0.1775 0
1.69376e+06 0.18 0
1.78309e+06 0.1825 0
1.65832e+06 0.185 0
1.11678e+06 0.1875 0
801670 0.19 0
855148 0.1925 0
1.40488e+06 0.195 0
2.06728e+06 0.1975 0
2.88224e+06 0.2 0
3.5288e+06 0.2025 0
3.62037e+06 0.205 0
3.29401e+06 0.2075 0
2.59233e+06 0.21 0
1.72091e+06 0.2125 0
990257 0.215 0
574008 0.2175 0
519393 0.22 0
928632 0.2225 0
1.44715e+06 0.225 0
1.9885e+06 0.2275 0
2.41009e+06 0.23 0
2.45127e+06 0.2325 0
2.35194e+06 0.235 0
2.248e+06 0.2375 0
2.03022e+06 0.24 0
1.72172e+06 0.2425 0
1.32665e+06 0.245 0
998389 0.2475 0
704926 0.25 0
478516 0.2525 0
358046 0.255 0
344558 0.2575 0
425015 0.26 0
391752 0.2625 0
464582 0.265 0
471077 0.2675 0
652984 0.27 0
753007 0.2725 0
886334 0.275 0
1.08761e+06 0.2775 0
1.28851e+06 0.28 0
1.63187e+06 0.2825 0
1.92251e+06 0.285 0
2.38574e+06 0.2875 0
2.78027e+06 0.29 0
3.12293e+06 0.2925 0
3.4053e+06 0.295 0
3.31464e+06 0.2975 0
3.09632e+06 0.3 0
2.68369e+06 0.3025 0
2.02575e+06 0.305 0
1.29917e+06 0.3075 0
651937 0.31 0
169499 0.3125 0
64627.5 0.315 0
3.52287e+06 0.085 1
4.46458e+06 0.0875 1
7.09889e+06 0.09 1
1.07628e+07 0.0925 1
1.38246e+07 0.095 1
1.68835e+07 0.0975 1
1.83006e+07 0.1 1
1.95366e+07 0.1025 1
1.91439e+07 0.105 1
1.86001e+07 0.1075 1
1.691e+07 0.11 1
1.55332e+07 0.1125 1
1.31571e+07 0.115 1
1.05162e+07 0.1175 1
8.16365e+06 0.12 1
5.62614e+06 0.1225 1
3.60305e+06 0.125 1
2.25236e+06 0.1275 1
1.6291e+06 0.13 1
1.37036e+06 0.1325 1
1.45118e+06 0.135 1
1.7476e+06 0.1375 1
2.14382e+06 0.14 1
2.47701e+06 0.1425 1
2.74675e+06 0.145 1
3.09842e+06 0.1475 1
3.9451e+06 0.15 1
4.67248e+06 0.1525 1
5.0784e+06 0.155 1
5.41046e+06 0.1575 1
5.10143e+06 0.16 1
4.74055e+06 0.1625 1
3.81129e+06 0.165 1
2.93075e+06 0.1675 1
2.10076e+06 0.17 1
1.53317e+06 0.1725 1
1.36665e+06 0.175 1
1.2249e+06 0.1775 1
1.22609e+06 0.18 1
1.17625e+06 0.1825 1
1.12802e+06 0.185 1
976933 0.1875 1
776293 0.19 1
596580 0.1925 1
472171 0.195 1
474681 0.1975 1
593269 0.2 1
858181 0.2025 1
1.19721e+06 0.205 1
1.55397e+06 0.2075 1
1.7023e+06 0.21 1
1.58475e+06 0.2125 1
1.30634e+06 0.215 1
1.02392e+06 0.2175 1
722210 0.22 1
517843 0.2225 1
528301 0.225 1
590000 0.2275 1
811460 0.23 1
1.05593e+06 0.2325 1
1.26267e+06 0.235 1
1.43275e+06 0.2375 1
1.61354e+06 0.24 1
1.75867e+06 0.2425 1
1.84328e+06 0.245 1
1.74305e+06 0.2475 1
1.5526e+06 0.25 1
1.39207e+06 0.2525 1
1.25171e+06 0.255 1
1.13924e+06 0.2575 1
1.08442e+06 0.26 1
1.11675e+06 0.2625 1
1.24803e+06 0.265 1
1.30428e+06 0.2675 1
1.27584e+06 0.27 1
1.19716e+06 0.2725 1
1.04213e+06 0.275 1
834613 0.2775 1
690006 0.28 1
601541 0.2825 1
574972 0.285 1
574822 0.2875 1
544206 0.29 1
496052 0.2925 1
416122 0.295 1
377632 0.2975 1
410537 0.3 1
503646 0.3025 1
611466 0.305 1
668045 0.3075 1
598633 0.31 1
485284 0.3125 1
345005 0.315 1
8.19447e+07 0.085 2
6.3446e+07 0.0875 2
4.45578e+07 0.09 2
2.87185e+07 0.0925 2
1.76118e+07 0.095 2
1.11908e+07 0.0975 2
8.27707e+06 0.1 2
7.29837e+06 0.1025 2
6.92312e+06 0.105 2
6.26845e+06 0.1075 2
5.09487e+06 0.11 2
3.71699e+06 0.1125 2
2.48377e+06 0.115 2
1.73712e+06 0.1175 2
1.64483e+06 0.12 2
1.86166e+06 0.1225 2
1.99517e+06 0.125 2
1.80234e+06 0.1275 2
1.23909e+06 0.13 2
574947 0.1325 2
466515 0.135 2
946821 0.1375 2
1.91204e+06 0.14 2
3.07734e+06 0.1425 2
4.21459e+06 0.145 2
4.66774e+06 0.1475 2
4.33045e+06 0.15 2
3.58748e+06 0.1525 2
2.50189e+06 0.155 2
1.43336e+06 0.1575 2
613087 0.16 2
262495 0.1625 2
400001 0.165 2
839253 0.1675 2
1.56616e+06 0.17 2
2.29264e+06 0.1725 2
2.70325e+06 0.175 2
2.64029e+06 0.1775 2
2.33981e+06 0.18 2
1.73613e+06 0.1825 2
1.21246e+06 0.185 2
893998 0.1875 2
787850 0.19 2
852266 0.1925 2
913004 0.195 2
924294 0.1975 2
870665 0.2 2
778005 0.2025 2
660516 0.205 2
513287 0.2075 2
464758 0.21 2
466182 0.2125 2
541754 0.215 2
621214 0.2175 2
857380 0.22 2
1.13986e+06 0.2225 2
1.45891e+06 0.225 2
1.77681e+06 0.2275 2
1.86991e+06 0.23 2
1.7194e+06 0.2325 2
1.41959e+06 0.235 2
1.00832e+06 0.2375 2
616959 0.24 2
304595 0.2425 2
172871 0.245 2
234414 0.2475 2
485766 0.25 2
740873 0.2525 2
920946 0.255 2
1.00602e+06 0.2575 2
1.00055e+06 0.26 2
912901 0.2625 2
867816 0.265 2
755127 0.2675 2
720955 0.27 2
723028 0.2725 2
679321 0.275 2
594927 0.2775 2
554416 0.28 2
527195 0.2825 2
591912 0.285 2
726439 0.2875 2
930418 0.29 2
1.09183e+06 0.2925 2
1.1107e+06 0.295 2
1.01901e+06 0.2975 2
835681 0.3 2
770446 0.3025 2
853936 0.305 2
1.10839e+06 0.3075 2
1.47714e+06 0.31 2
1.74654e+06 0.3125 2
1.86388e+06 0.315 2
5.37837e+06 0.085 3
5.7601e+06 0.0875 3
5.75641e+06 0.09 3
4.94659e+06 0.0925 3
3.69386e+06 0.095 3
2.64096e+06 0.0975 3
2.27048e+06 0.1 3
2.55141e+06 0.1025 3
3.1292e+06 0.105 3
3.68001e+06 0.1075 3
3.95601e+06 0.11 3
3.97622e+06 0.1125 3
3.6962e+06 0.115 3
3.36615e+06 0.1175 3
3.09566e+06 0.12 3
2.94367e+06 0.1225 3
2.97893e+06 0.125 3
3.28283e+06 0.1275 3
3.59267e+06 0.13 3
4.11943e+06 0.1325 3
4.56495e+06 0.135 3
4.91841e+06 0.1375 3
5.01703e+06 0.14 3
4.61134e+06 0.1425 3
3.70969e+06 0.145 3
2.45669e+06 0.1475 3
1.19572e+06 0.15 3
397035 0.1525 3
348177 0.155 3
1.03666e+06 0.1575 3
2.2733e+06 0.16 3
3.34356e+06 0.1625 3
3.8578e+06 0.165 3
3.82453e+06 0.1675 3
2.95523e+06 0.17 3
2.34482e+06 0.1725 3
1.97482e+06 0.175 3
2.17102e+06 0.1775 3
2.57134e+06 0.18 3
2.90256e+06 0.1825 3
2.9299e+06 0.185 3
2.4985e+06 0.1875 3
1.81076e+06 0.19 3
1.2298e+06 0.1925 3
1.01706e+06 0.195 3
1.34248e+06 0.1975 3
1.7672e+06 0.2 3
2.21339e+06 0.2025 3
2.25257e+06 0.205 3
2.01204e+06 0.2075 3
1.5194e+06 0.21 3
1.03956e+06 0.2125 3
712668 0.215 3
630491 0.2175 3
869677 0.22 3
1.20056e+06 0.2225 3
1.49776e+06 0.225 3
1.69404e+06 0.2275 3
1.75848e+06 0.23 3
1.64468e+06 0.2325 3
1.4802e+06 0.235 3
1.34975e+06 0.2375 3
1.30748e+06 0.24 3
1.33557e+06 0.2425 3
1.42034e+06 0.245 3
1.48888e+06 0.2475 3
1.46342e+06 0.25 3
1.37604e+06 0.2525 3
1.19353e+06 0.255 3
1.0075e+06 0.2575 3
828069 0.26 3
815593 0.2625 3
886641 0.265 3
1.12676e+06 0.2675 3
1.33371e+06 0.27 3
1.61336e+06 0.2725 3
1.81721e+06 0.275 3
1.78495e+06 0.2775 3
1.58826e+06 0.28 3
1.26071e+06 0.2825 3
854737 0.285 3
587431 0.2875 3
419997 0.29 3
393999 0.2925 3
467733 0.295 3
563534 0.2975 3
615833 0.3 3
595311 0.3025 3
566933 0.305 3
493625 0.3075 3
501563 0.31 3
574247 0.3125 3
620743 0.315 3
1.89907e+06 0.0825 4
3.13127e+06 0.085 4
4.55674e+06 0.0875 4
5.35472e+06 0.09 4
5.95392e+06 0.0925 4
6.46391e+06 0.095 4
7.00192e+06 0.0975 4
7.81146e+06 0.1 4
9.2252e+06 0.1025 4
1.12715e+07 0.105 4
1.22963e+07 0.1075 4
1.37213e+07 0.11 4
1.37776e+07 0.1125 4
1.37833e+07 0.115 4
1.19537e+07 0.1175 4
9.65781e+06 0.12 4
6.97059e+06 0.1225 4
4.71444e+06 0.125 4
3.58025e+06 0.1275 4
3.46228e+06 0.13 4
3.58566e+06 0.1325 4
4.45844e+06 0.135 4
4.8564e+06 0.1375 4
4.53203e+06 0.14 4
3.63237e+06 0.1425 4
2.34473e+06 0.145 4
1.47072e+06 0.1475 4
1.06585e+06 0.15 4
1.23978e+06 0.1525 4
1.81492e+06 0.155 4
2.49534e+06 0.1575 4
2.86625e+06 0.16 4
2.75004e+06 0.1625 4
2.81015e+06 0.165 4
2.78271e+06 0.1675 4
2.76392e+06 0.17 4
2.95416e+06 0.1725 4
3.19662e+06 0.175 4
3.63213e+06 0.1775 4
4.14174e+06 0.18 4
4.48692e+06 0.1825 4
4.54121e+06 0.185 4
4.45419e+06 0.1875 4
3.8999e+06 0.19 4
3.17978e+06 0.1925 4
2.36593e+06 0.195 4
1.71039e+06 0.1975 4
1.20466e+06 0.2 4
959146 0.2025 4
923653 0.205 4
999724 0.2075 4
1.14419e+06 0.21 4
1.16311e+06 0.2125 4
1.18706e+06 0.215 4
1.10764e+06 0.2175 4
1.01532e+06 0.22 4
845342 0.2225 4
693672 0.225 4
567031 0.2275 4
539882 0.23 4
556434 0.2325 4
720420 0.235 4
776171 0.2375 4
812551 0.24 4
919714 0.2425 4
1.00841e+06 0.245 4
996402 0.2475 4
999116 0.25 4
993373 0.2525 4
1.05638e+06 0.255 4
1.24724e+06 0.2575 4
1.35398e+06 0.26 4
1.51217e+06 0.2625 4
1.36199e+06 0.265 4
1.12437e+06 0.2675 4
751580 0.27 4
398188 0.2725 4
144247 0.275 4
152381 0.2775 4
369545 0.28 4
768863 0.2825 4
1.13246e+06 0.285 4
1.483e+06 0.2875 4
1.64923e+06 0.29 4
1.80316e+06 0.2925 4
1.82352e+06 0.295 4
1.71419e+06 0.2975 4
1.51557e+06 0.3 4
1.23833e+06 0.3025 4
912561 0.305 4
601298 0.3075 4
337359 0.31 4
195345 0.3125 4
8.60931e+06 0.0825 5
9.5867e+06 0.085 5
1.07656e+07 0.0875 5
1.01253e+07 0.09 5
7.61237e+06 0.0925 5
4.40411e+06 0.095 5
1.77919e+06 0.0975 5
359689 0.1 5
9438.15 0.1025 5
192814 0.105 5
408121 0.1075 5
422052 0.11 5
261268 0.1125 5
75167.3 0.115 5
3641.63 0.1175 5
117646 0.12 5
413543 0.1225 5
866937 0.125 5
1.37087e+06 0.1275 5
1.92048e+06 0.13 5
2.31565e+06 0.1325 5
2.47395e+06 0.135 5
2.38777e+06 0.1375 5
2.24668e+06 0.14 5
1.86933e+06 0.1425 5
1.56615e+06 0.145 5
1.45403e+06 0.1475 5
1.87338e+06 0.15 5
2.45222e+06 0.1525 5
3.10175e+06 0.155 5
3.38504e+06 0.1575 5
3.06961e+06 0.16 5
2.3297e+06 0.1625 5
1.51956e+06 0.165 5
789679 0.1675 5
613147 0.17 5
850727 0.1725 5
1.35085e+06 0.175 5
1.82648e+06 0.1775 5
1.97392e+06 0.18 5
1.87555e+06 0.1825 5
1.52085e+06 0.185 5
1.07399e+06 0.1875 5
844199 0.19 5
672772 0.1925 5
606905 0.195 5
710765 0.1975 5
761970 0.2 5
964214 0.2025 5
1.15341e+06 0.205 5
1.30536e+06 0.2075 5
1.35903e+06 0.21 5
1.43871e+06 0.2125 5
1.62523e+06 0.215 5
1.69966e+06 0.2175 5
1.77399e+06 0.22 5
1.76178e+06 0.2225 5
1.66073e+06 0.225 5
1.3978e+06 0.2275 5
950301 0.23 5
725307 0.2325 5
487598 0.235 5
445281 0.2375 5
509274 0.24 5
625909 0.2425 5
760562 0.245 5
837586 0.2475 5
847009 0.25 5
765633 0.2525 5
671882 0.255 5
646555 0.2575 5
740769 0.26 5
944387 0.2625 5
1.28768e+06 0.265 5
1.87748e+06 0.2675 5
2.5496e+06 0.27 5
3.02417e+06 0.2725 5
3.34822e+06 0.275 5
3.42722e+06 0.2775 5
3.25616e+06 0.28 5
2.78961e+06 0.2825 5
2.24258e+06 0.285 5
1.72642e+06 0.2875 5
1.20013e+06 0.29 5
863264 0.2925 5
745340 0.295 5
714513 0.2975 5
744107 0.3 5
780865 0.3025 5
817533 0.305 5
792982 0.3075 5
740507 0.31 5
2.39746e+07 0.0825 6
2.32406e+07 0.085 6
2.13464e+07 0.0875 6
1.90367e+07 0.09 6
1.82642e+07 0.0925 6
1.79018e+07 0.095 6
1.86161e+07 0.0975 6
1.92294e+07 0.1 6
1.96392e+07 0.1025 6
1.9798e+07 0.105 6
1.74573e+07 0.1075 6
1.55041e+07 0.11 6
1.25742e+07 0.1125 6
9.14203e+06 0.115 6
6.24382e+06 0.1175 6
4.05951e+06 0.12 6
2.83328e+06 0.1225 6
2.20279e+06 0.125 6
2.37151e+06 0.1275 6
2.54817e+06 0.13 6
2.71615e+06 0.1325 6
3.15762e+06 0.135 6
3.06776e+06 0.1375 6
2.51076e+06 0.14 6
1.96169e+06 0.1425 6
1.29233e+06 0.145 6
824287 0.1475 6
504901 0.15 6
260153 0.1525 6
222270 0.155 6
201736 0.1575 6
155993 0.16 6
146328 0.1625 6
174821 0.165 6
308968 0.1675 6
567053 0.17 6
960277 0.1725 6
1.31669e+06 0.175 6
1.66821e+06 0.1775 6
1.90351e+06 0.18 6
1.91456e+06 0.1825 6
1.67102e+06 0.185 6
1.38484e+06 0.1875 6
1.12903e+06 0.19 6
841856 0.1925 6
653010 0.195 6
536331 0.1975 6
462999 0.2 6
377199 0.2025 6
323518 0.205 6
362329 0.2075 6
448301 0.21 6
658213 0.2125 6
861331 0.215 6
960940 0.2175 6
969379 0.22 6
833906 0.2225 6
706760 0.225 6
655827 0.2275 6
774913 0.23 6
986942 0.2325 6
1.28965e+06 0.235 6
1.5451e+06 0.2375 6
1.57749e+06 0.24 6
1.42057e+06 0.2425 6
1.15083e+06 0.245 6
852102 0.2475 6
686986 0.25 6
672941 0.2525 6
732654 0.255 6
817610 0.2575 6
1.01981e+06 0.26 6
1.28548e+06 0.2625 6
1.60309e+06 0.265 6
1.80923e+06 0.2675 6
1.85615e+06 0.27 6
1.67388e+06 0.2725 6
1.3238e+06 0.275 6
864162 0.2775 6
506764 0.28 6
418835 0.2825 6
594288 0.285 6
901563 0.2875 6
1.19117e+06 0.29 6
1.25416e+06 0.2925 6
1.04631e+06 0.295 6
728069 0.2975 6
426694 0.3 6
338980 0.3025 6
510201 0.305 6
866038 0.3075 6
1.338e+07 0.08 7
1.78256e+07 0.0825 7
2.07486e+07 0.085 7
2.19393e+07 0.0875 7
2.21324e+07 0.09 7
2.23641e+07 0.0925 7
2.31623e+07 0.095 7
2.41653e+07 0.0975 7
2.44359e+07 0.1 7
2.32259e+07 0.1025 7
2.06249e+07 0.105 7
1.7618e+07 0.1075 7
1.55327e+07 0.11 7
1.5219e+07 0.1125 7
1.64993e+07 0.115 7
1.84116e+07 0.1175 7
1.95021e+07 0.12 7
1.89212e+07 0.1225 7
1.64074e+07 0.125 7
1.26929e+07 0.1275 7
8.74688e+06 0.13 7
5.5122e+06 0.1325 7
3.21887e+06 0.135 7
1.87821e+06 0.1375 7
1.6237e+06 0.14 7
1.94423e+06 0.1425 7
2.19509e+06 0.145 7
2.4739e+06 0.1475 7
2.35965e+06 0.15 7
2.1649e+06 0.1525 7
1.78973e+06 0.155 7
1.24206e+06 0.1575 7
1.29513e+06 0.16 7
1.36167e+06 0.1625 7
1.50076e+06 0.165 7
1.83609e+06 0.1675 7
1.85333e+06 0.17 7
1.69128e+06 0.1725 7
1.64245e+06 0.175 7
1.44527e+06 0.1775 7
1.56394e+06 0.18 7
1.91883e+06 0.1825 7
2.2503e+06 0.185 7
2.33508e+06 0.1875 7
2.29675e+06 0.19 7
1.87737e+06 0.1925 7
1.50587e+06 0.195 7
1.09364e+06 0.1975 7
949785 0.2 7
1.1489e+06 0.2025 7
1.37225e+06 0.205 7
1.59168e+06 0.2075 7
1.67175e+06 0.21 7
1.55079e+06 0.2125 7
1.24819e+06 0.215 7
1.18946e+06 0.2175 7
901164 0.22 7
740854 0.2225 7
551859 0.225 7
469813 0.2275 7
456104 0.23 7
400653 0.2325 7
379832 0.235 7
340314 0.2375 7
365927 0.24 7
559080 0.2425 7
775870 0.245 7
982593 0.2475 7
1.20686e+06 0.25 7
1.40435e+06 0.2525 7
1.43831e+06 0.255 7
1.49777e+06 0.2575 7
1.52557e+06 0.26 7
1.54782e+06 0.2625 7
1.62356e+06 0.265 7
1.76184e+06 0.2675 7
1.79656e+06 0.27 7
1.68582e+06 0.2725 7
1.44561e+06 0.275 7
1.12062e+06 0.2775 7
901169 0.28 7
862551 0.2825 7
1.01566e+06 0.285 7
1.33736e+06 0.2875 7
1.59455e+06 0.29 7
1.76101e+06 0.2925 7
1.73134e+06 0.295 7
1.6756e+06 0.2975 7
1.39212e+06 0.3 7
1.09156e+06 0.3025 7
946099 0.305 7
6.21426e+07 0.08 8
5.47114e+07 0.0825 8
4.30664e+07 0.085 8
3.08727e+07 0.0875 8
2.03632e+07 0.09 8
1.33903e+07 0.0925 8
9.55881e+06 0.095 8
8.10145e+06 0.0975 8
7.86436e+06 0.1 8
7.88577e+06 0.1025 8
7.86503e+06 0.105 8
7.3832e+06 0.1075 8
6.35223e+06 0.11 8
5.1126e+06 0.1125 8
3.8588e+06 0.115 8
3.00211e+06 0.1175 8
2.42039e+06 0.12 8
2.00758e+06 0.1225 8
1.69939e+06 0.125 8
1.17054e+06 0.1275 8
853628 0.13 8
594307 0.1325 8
498392 0.135 8
573499 0.1375 8
692677 0.14 8
809147 0.1425 8
1.00936e+06 0.145 8
1.37793e+06 0.1475 8
1.84399e+06 0.15 8
2.36918e+06 0.1525 8
2.82747e+06 0.155 8
3.0724e+06 0.1575 8
2.94135e+06 0.16 8
2.45745e+06 0.1625 8
1.74356e+06 0.165 8
1.11419e+06 0.1675 8
744396 0.17 8
716492 0.1725 8
1.01441e+06 0.175 8
1.65974e+06 0.1775 8
2.19957e+06 0.18 8
2.58046e+06 0.1825 8
2.54126e+06 0.185 8
2.18058e+06 0.1875 8
1.86737e+06 0.19 8
1.36615e+06 0.1925 8
933780 0.195 8
668352 0.1975 8
557271 0.2 8
635513 0.2025 8
904014 0.205 8
1.31119e+06 0.2075 8
1.84917e+06 0.21 8
2.26786e+06 0.2125 8
2.62788e+06 0.215 8
2.8062e+06 0.2175 8
2.87631e+06 0.22 8
2.71874e+06 0.2225 8
2.48343e+06 0.225 8
2.02234e+06 0.2275 8
1.68914e+06 0.23 8
1.40251e+06 0.2325 8
1.17316e+06 0.235 8
1.06668e+06 0.2375 8
926487 0.24 8
862671 0.2425 8
656773 0.245 8
530137 0.2475 8
397115 0.25 8
393695 0.2525 8
421687 0.255 8
541234 0.2575 8
792189 0.26 8
1.01768e+06 0.2625 8
1.21322e+06 0.265 8
1.34076e+06 0.2675 8
1.3826e+06 0.27 8
1.2245e+06 0.2725 8
1.04445e+06 0.275 8
867644 0.2775 8
721429 0.28 8
678726 0.2825 8
725470 0.285 8
806058 0.2875 8
892982 0.29 8
959719 0.2925 8
1.04588e+06 0.295 8
1.03114e+06 0.2975 8
2.76893e+06 0.0775 9
2.74121e+06 0.08 9
2.20629e+06 0.0825 9
1.60959e+06 0.085 9
1.00351e+06 0.0875 9
732028 0.09 9
813699 0.0925 9
1.16258e+06 0.095 9
1.50458e+06 0.0975 9
2.20783e+06 0.1 9
2.88854e+06 0.1025 9
3.49265e+06 0.105 9
4.07787e+06 0.1075 9
4.82755e+06 0.11 9
4.39591e+06 0.1125 9
4.28342e+06 0.115 9
3.70514e+06 0.1175 9
2.87571e+06 0.12 9
1.96843e+06 0.1225 9
1.66782e+06 0.125 9
1.55269e+06 0.1275 9
1.56014e+06 0.13 9
1.87643e+06 0.1325 9
2.44767e+06 0.135 9
3.12591e+06 0.1375 9
3.63231e+06 0.14 9
3.70709e+06 0.1425 9
4.01925e+06 0.145 9
4.34817e+06 0.1475 9
4.21305e+06 0.15 9
3.79628e+06 0.1525 9
3.49288e+06 0.155 9
3.03978e+06 0.1575 9
2.66193e+06 0.16 9
2.18919e+06 0.1625 9
1.79017e+06 0.165 9
1.39454e+06 0.1675 9
1.12523e+06 0.17 9
1.08258e+06 0.1725 9
1.36274e+06 0.175 9
1.77812e+06 0.1775 9
2.24117e+06 0.18 9
2.41224e+06 0.1825 9
2.49824e+06 0.185 9
2.46712e+06 0.1875 9
2.22313e+06 0.19 9
2.00672e+06 0.1925 9
1.71555e+06 0.195 9
1.34913e+06 0.1975 9
945853 0.2 9
627658 0.2025 9
432349 0.205 9
402890 0.2075 9
535568 0.21 9
764332 0.2125 9
960768 0.215 9
1.10865e+06 0.2175 9
1.27849e+06 0.22 9
1.4759e+06 0.2225 9
1.71323e+06 0.225 9
1.86606e+06 0.2275 9
1.924e+06 0.23 9
1.81337e+06 0.2325 9
1.59847e+06 0.235 9
1.30585e+06 0.2375 9
1.12308e+06 0.24 9
1.01157e+06 0.2425 9
970006 0.245 9
1.08808e+06 0.2475 9
1.05399e+06 0.25 9
975718 0.2525 9
826072 0.255 9
613573 0.2575 9
462794 0.26 9
360405 0.2625 9
370846 0.265 9
452561 0.2675 9
656878 0.27 9
888163 0.2725 9
1.14183e+06 0.275 9
1.33752e+06 0.2775 9
1.4913e+06 0.28 9
1.52899e+06 0.2825 9
1.51544e+06 0.285 9
1.37954e+06 0.2875 9
1.23544e+06 0.29 9
1.12507e+06 0.2925 9
2.06694e+07 0.075 10
1.55785e+07 0.0775 10
1.54777e+07 0.08 10
2.2284e+07 0.0825 10
3.39654e+07 0.085 10
4.56572e+07 0.0875 10
5.23563e+07 0.09 10
5.15204e+07 0.0925 10
4.4104e+07 0.095 10
3.36345e+07 0.0975 10
2.41114e+07 0.1 10
1.80569e+07 0.1025 10
1.57297e+07 0.105 10
1.56633e+07 0.1075 10
1.59214e+07 0.11 10
1.52106e+07 0.1125 10
1.33037e+07 0.115 10
1.07502e+07 0.1175 10
8.28782e+06 0.12 10
6.33992e+06 0.1225 10
5.02995e+06 0.125 10
4.01623e+06 0.1275 10
3.08537e+06 0.13 10
2.39343e+06 0.1325 10
1.81289e+06 0.135 10
1.4158e+06 0.1375 10
1.30699e+06 0.14 10
1.48759e+06 0.1425 10
2.08355e+06 0.145 10
2.62666e+06 0.1475 10
3.04328e+06 0.15 10
2.98336e+06 0.1525 10
2.6741e+06 0.155 10
1.90838e+06 0.1575 10
1.24931e+06 0.16 10
849163 0.1625 10
740173 0.165 10
1.05919e+06 0.1675 10
1.53444e+06 0.17 10
2.07557e+06 0.1725 10
2.39066e+06 0.175 10
2.31476e+06 0.1775 10
2.02677e+06 0.18 10
1.44645e+06 0.1825 10
972536 0.185 10
648597 0.1875 10
701707 0.19 10
803568 0.1925 10
904209 0.195 10
1.04133e+06 0.1975 10
983294 0.2 10
817412 0.2025 10
544931 0.205 10
374360 0.2075 10
328137 0.21 10
499086 0.2125 10
885592 0.215 10
1.30682e+06 0.2175 10
1.63291e+06 0.22 10
1.81384e+06 0.2225 10
1.7759e+06 0.225 10
1.51296e+06 0.2275 10
1.20625e+06 0.23 10
945720 0.2325 10
737572 0.235 10
677109 0.2375 10
818799 0.24 10
925558 0.2425 10
1.0282e+06 0.245 10
1.05301e+06 0.2475 10
992345 0.25 10
1.02731e+06 0.2525 10
994424 0.255 10
904878 0.2575 10
725564 0.26 10
578808 0.2625 10
413734 0.265 10
324686 0.2675 10
287934 0.27 10
320812 0.2725 10
408570 0.275 10
478171 0.2775 10
564995 0.28 10
636378 0.2825 10
832065 0.285 10
1.00775e+06 0.2875 10
6.59469e+06 0.0725 11
9.59888e+06 0.075 11
1.35958e+07 0.0775 11
1.6867e+07 0.08 11
1.97111e+07 0.0825 11
2.2636e+07 0.085 11
2.3228e+07 0.0875 11
2.24343e+07 0.09 11
2.01182e+07 0.0925 11
1.68989e+07 0.095 11
1.42154e+07 0.0975 11
1.07709e+07 0.1 11
7.32513e+06 0.1025 11
5.01755e+06 0.105 11
3.11426e+06 0.1075 11
1.92229e+06 0.11 11
1.39026e+06 0.1125 11
1.66646e+06 0.115 11
2.31231e+06 0.1175 11
3.49298e+06 0.12 11
5.12888e+06 0.1225 11
6.36679e+06 0.125 11
7.54011e+06 0.1275 11
8.23977e+06 0.13 11
7.62517e+06 0.1325 11
6.57956e+06 0.135 11
5.47398e+06 0.1375 11
4.51766e+06 0.14 11
3.8034e+06 0.1425 11
3.51887e+06 0.145 11
3.6155e+06 0.1475 11
3.79037e+06 0.15 11
3.60775e+06 0.1525 11
3.08119e+06 0.155 11
2.38997e+06 0.1575 11
1.67491e+06 0.16 11
1.14982e+06 0.1625 11
813366 0.165 11
770051 0.1675 11
942457 0.17 11
1.20738e+06 0.1725 11
1.43827e+06 0.175 11
1.6512e+06 0.1775 11
1.7941e+06 0.18 11
1.82279e+06 0.1825 11
1.76111e+06 0.185 11
1.7393e+06 0.1875 11
1.68812e+06 0.19 11
1.61209e+06 0.1925 11
1.49368e+06 0.195 11
1.35661e+06 0.1975 11
1.10304e+06 0.2 11
890375 0.2025 11
775247 0.205 11
714572 0.2075 11
779871 0.21 11
881658 0.2125 11
959866 0.215 11
1.16356e+06 0.2175 11
1.32025e+06 0.22 11
1.52201e+06 0.2225 11
1.77161e+06 0.225 11
1.93383e+06 0.2275 11
2.1075e+06 0.23 11
2.28152e+06 0.2325 11
2.48703e+06 0.235 11
2.80589e+06 0.2375 11
3.09146e+06 0.24 11
3.19949e+06 0.2425 11
3.10029e+06 0.245 11
2.65221e+06 0.2475 11
2.0369e+06 0.25 11
1.43874e+06 0.2525 11
856068 0.255 11
560797 0.2575 11
517860 0.26 11
646647 0.2625 11
691075 0.265 11
663370 0.2675 11
524088 0.27 11
401289 0.2725 11
326778 0.275 11
375129 0.2775 11
540387 0.28 11
666802 0.2825 11
1.29386e+07 0.0725 12
1.57038e+07 0.075 12
1.5668e+07 0.0775 12
1.29003e+07 0.08 12
8.59721e+06 0.0825 12
4.40519e+06 0.085 12
1.58501e+06 0.0875 12
509387 0.09 12
717271 0.0925 12
1.38182e+06 0.095 12
1.83286e+06 0.0975 12
1.82561e+06 0.1 12
1.48135e+06 0.1025 12
1.0497e+06 0.105 12
708499 0.1075 12
518404 0.11 12
494729 0.1125 12
676643 0.115 12
1.13587e+06 0.1175 12
1.87747e+06 0.12 12
2.83968e+06 0.1225 12
3.68359e+06 0.125 12
4.36464e+06 0.1275 12
4.60779e+06 0.13 12
4.33754e+06 0.1325 12
3.62064e+06 0.135 12
2.75242e+06 0.1375 12
1.84985e+06 0.14 12
1.23756e+06 0.1425 12
1.18218e+06 0.145 12
1.75989e+06 0.1475 12
2.68154e+06 0.15 12
3.56198e+06 0.1525 12
3.98987e+06 0.155 12
3.74162e+06 0.1575 12
2.9855e+06 0.16 12
2.03329e+06 0.1625 12
1.05972e+06 0.165 12
455772 0.1675 12
275221 0.17 12
438590 0.1725 12
703761 0.175 12
882986 0.1775 12
971106 0.18 12
859400 0.1825 12
832181 0.185 12
775108 0.1875 12
892588 0.19 12
1.14038e+06 0.1925 12
1.37573e+06 0.195 12
1.60353e+06 0.1975 12
1.72514e+06 0.2 12
1.71069e+06 0.2025 12
1.69531e+06 0.205 12
1.72093e+06 0.2075 12
1.6577e+06 0.21 12
1.42438e+06 0.2125 12
1.34444e+06 0.215 12
1.1458e+06 0.2175 12
1.13056e+06 0.22 12
1.09724e+06 0.2225 12
1.10927e+06 0.225 12
1.21387e+06 0.2275 12
1.37221e+06 0.23 12
1.45693e+06 0.2325 12
1.53596e+06 0.235 12
1.52639e+06 0.2375 12
1.43751e+06 0.24 12
1.18248e+06 0.2425 12
941356 0.245 12
702552 0.2475 12
612720 0.25 12
537719 0.2525 12
534405 0.255 12
570004 0.2575 12
549454 0.26 12
554062 0.2625 12
581077 0.265 12
635691 0.2675 12
786611 0.27 12
1.02997e+06 0.2725 12
1.19823e+06 0.275 12
9.06406e+06 0.07 13
1.35942e+07 0.0725 13
1.60923e+07 0.075 13
1.6274e+07 0.0775 13
1.35325e+07 0.08 13
8.88693e+06 0.0825 13
4.27361e+06 0.085 13
1.28837e+06 0.0875 13
1.25132e+06 0.09 13
3.7697e+06 0.0925 13
7.15048e+06 0.095 13
9.25524e+06 0.0975 13
9.23559e+06 0.1 13
6.857e+06 0.1025 13
3.57278e+06 0.105 13
1.36087e+06 0.1075 13
2.21935e+06 0.11 13
5.99693e+06 0.1125 13
1.13636e+07 0.115 13
1.64238e+07 0.1175 13
1.94367e+07 0.12 13
1.91723e+07 0.1225 13
1.60296e+07 0.125 13
1.12039e+07 0.1275 13
6.30977e+06 0.13 13
2.73088e+06 0.1325 13
899023 0.135 13
593334 0.1375 13
1.20455e+06 0.14 13
1.93147e+06 0.1425 13
2.31577e+06 0.145 13
2.31213e+06 0.1475 13
2.1286e+06 0.15 13
1.89644e+06 0.1525 13
1.78905e+06 0.155 13
1.72526e+06 0.1575 13
1.75266e+06 0.16 13
1.67706e+06 0.1625 13
1.64148e+06 0.165 13
1.5782e+06 0.1675 13
1.60961e+06 0.17 13
1.79098e+06 0.1725 13
2.11034e+06 0.175 13
2.29672e+06 0.1775 13
2.1812e+06 0.18 13
1.97765e+06 0.1825 13
1.62487e+06 0.185 13
1.26522e+06 0.1875 13
1.0803e+06 0.19 13
1.04141e+06 0.1925 13
962105 0.195 13
1.05598e+06 0.1975 13
1.07659e+06 0.2 13
1.06716e+06 0.2025 13
983742 0.205 13
840341 0.2075 13
679491 0.21 13
613390 0.2125 13
650991 0.215 13
840655 0.2175 13
1.22086e+06 0.22 13
1.6233e+06 0.2225 13
2.04611e+06 0.225 13
2.15573e+06 0.2275 13
2.23009e+06 0.23 13
2.00091e+06 0.2325 13
1.62548e+06 0.235 13
1.24316e+06 0.2375 13
921478 0.24 13
832655 0.2425 13
971784 0.245 13
1.28947e+06 0.2475 13
1.7295e+06 0.25 13
2.14387e+06 0.2525 13
2.24233e+06 0.255 13
2.00154e+06 0.2575 13
1.54267e+06 0.26 13
1.01444e+06 0.2625 13
585120 0.265 13
380777 0.2675 13
99098.3 0.065 14
209931 0.0675 14
515205 0.07 14
821613 0.0725 14
815337 0.075 14
694114 0.0775 14
396564 0.08 14
79550 0.0825 14
34177.8 0.085 14
255705 0.0875 14
816595 0.09 14
1.32287e+06 0.0925 14
1.73788e+06 0.095 14
1.8387e+06 0.0975 14
1.76768e+06 0.1 14
1.52556e+06 0.1025 14
1.2293e+06 0.105 14
1.21573e+06 0.1075 14
1.43026e+06 0.11 14
1.83485e+06 0.1125 14
2.1826e+06 0.115 14
2.87737e+06 0.1175 14
3.30111e+06 0.12 14
3.48763e+06 0.1225 14
3.79233e+06 0.125 14
3.88656e+06 0.1275 14
4.50233e+06 0.13 14
4.45259e+06 0.1325 14
4.50567e+06 0.135 14
4.79119e+06 0.1375 14
5.03831e+06 0.14 14
5.18164e+06 0.1425 14
5.54198e+06 0.145 14
5.89755e+06 0.1475 14
5.93205e+06 0.15 14
5.72183e+06 0.1525 14
4.8576e+06 0.155 14
3.78294e+06 0.1575 14
2.88281e+06 0.16 14
2.22326e+06 0.1625 14
1.79626e+06 0.165 14
1.77509e+06 0.1675 14
1.85508e+06 0.17 14
1.97798e+06 0.1725 14
1.873e+06 0.175 14
1.7891e+06 0.1775 14
1.45379e+06 0.18 14
1.0498e+06 0.1825 14
830918 0.185 14
688075 0.1875 14
557454 0.19 14
619638 0.1925 14
711460 0.195 14
942031 0.1975 14
1.207e+06 0.2 14
1.42043e+06 0.2025 14
1.5578e+06 0.205 14
1.59868e+06 0.2075 14
1.48144e+06 0.21 14
1.33649e+06 0.2125 14
1.26625e+06 0.215 14
1.2141e+06 0.2175 14
1.34805e+06 0.22 14
1.54034e+06 0.2225 14
1.75708e+06 0.225 14
2.00091e+06 0.2275 14
2.19581e+06 0.23 14
2.27664e+06 0.2325 14
2.18064e+06 0.235 14
1.92606e+06 0.2375 14
1.49486e+06 0.24 14
1.07399e+06 0.2425 14
1.00086e+06 0.245 14
1.10134e+06 0.2475 14
1.56927e+06 0.25 14
2.04847e+06 0.2525 14
2.56688e+06 0.255 14
2.59229e+06 0.2575 14
6.17192e+06 0.0625 15
4.13221e+06 0.065 15
3.00344e+06 0.0675 15
3.745e+06 0.07 15
6.18553e+06 0.0725 15
9.14479e+06 0.075 15
1.11602e+07 0.0775 15
1.13335e+07 0.08 15
9.76971e+06 0.0825 15
7.38168e+06 0.085 15
5.2523e+06 0.0875 15
4.00337e+06 0.09 15
3.55773e+06 0.0925 15
3.37623e+06 0.095 15
2.9334e+06 0.0975 15
2.07886e+06 0.1 15
1.06746e+06 0.1025 15
302180 0.105 15
22933.3 0.1075 15
177074 0.11 15
519753 0.1125 15
812144 0.115 15
1.02585e+06 0.1175 15
1.35224e+06 0.12 15
1.82764e+06 0.1225 15
2.49914e+06 0.125 15
3.3078e+06 0.1275 15
3.83533e+06 0.13 15
4.09285e+06 0.1325 15
4.16074e+06 0.135 15
4.26391e+06 0.1375 15
4.6455e+06 0.14 15
5.20575e+06 0.1425 15
5.87158e+06 0.145 15
6.17208e+06 0.1475 15
5.9988e+06 0.15 15
5.2835e+06 0.1525 15
4.33289e+06 0.155 15
3.18303e+06 0.1575 15
2.34626e+06 0.16 15
2.04102e+06 0.1625 15
2.41162e+06 0.165 15
2.84692e+06 0.1675 15
3.27608e+06 0.17 15
3.42891e+06 0.1725 15
3.25847e+06 0.175 15
2.38953e+06 0.1775 15
1.48721e+06 0.18 15
812193 0.1825 15
521798 0.185 15
638702 0.1875 15
1.14879e+06 0.19 15
1.82767e+06 0.1925 15
2.23933e+06 0.195 15
2.5006e+06 0.1975 15
2.48951e+06 0.2 15
2.14398e+06 0.2025 15
1.67884e+06 0.205 15
1.4386e+06 0.2075 15
1.18755e+06 0.21 15
1.13691e+06 0.2125 15
1.1008e+06 0.215 15
1.17477e+06 0.2175 15
1.22706e+06 0.22 15
1.24402e+06 0.2225 15
1.21329e+06 0.225 15
1.18052e+06 0.2275 15
1.17349e+06 0.23 15
1.11663e+06 0.2325 15
1.12021e+06 0.235 15
1.11939e+06 0.2375 15
1.16563e+06 0.24 15
1.18625e+06 0.2425 15
1.23629e+06 0.245 15
1.27499e+06 0.2475 15
112162 0.06 16
154165 0.0625 16
397832 0.065 16
554023 0.0675 16
696623 0.07 16
1.38946e+06 0.0725 16
1.81128e+06 0.075 16
2.59887e+06 0.0775 16
3.228e+06 0.08 16
3.02286e+06 0.0825 16
3.4193e+06 0.085 16
3.68818e+06 0.0875 16
3.22646e+06 0.09 16
2.61481e+06 0.0925 16
2.07761e+06 0.095 16
1.71947e+06 0.0975 16
1.25819e+06 0.1 16
1.01254e+06 0.1025 16
1.09838e+06 0.105 16
1.67351e+06 0.1075 16
2.50574e+06 0.11 16
3.65568e+06 0.1125 16
4.73353e+06 0.115 16
4.9125e+06 0.1175 16
4.78607e+06 0.12 16
3.94708e+06 0.1225 16
2.97217e+06 0.125 16
2.45048e+06 0.1275 16
2.48941e+06 0.13 16
3.04588e+06 0.1325 16
3.8754e+06 0.135 16
4.7456e+06 0.1375 16
5.42825e+06 0.14 16
5.3696e+06 0.1425 16
4.54464e+06 0.145 16
3.52527e+06 0.1475 16
2.543e+06 0.15 16
1.98363e+06 0.1525 16
2.02502e+06 0.155 16
2.47969e+06 0.1575 16
2.96183e+06 0.16 16
3.22271e+06 0.1625 16
2.86544e+06 0.165 16
2.24396e+06 0.1675 16
1.51545e+06 0.17 16
864265 0.1725 16
595446 0.175 16
832904 0.1775 16
1.29322e+06 0.18 16
1.89826e+06 0.1825 16
2.2717e+06 0.185 16
2.30972e+06 0.1875 16
1.98987e+06 0.19 16
1.5178e+06 0.1925 16
1.0074e+06 0.195 16
623708 0.1975 16
391733 0.2 16
308691 0.2025 16
367526 0.205 16
621159 0.2075 16
1.13899e+06 0.21 16
1.92125e+06 0.2125 16
2.90662e+06 0.215 16
4.0196e+06 0.2175 16
4.81906e+06 0.22 16
5.24286e+06 0.2225 16
5.07995e+06 0.225 16
4.51839e+06 0.2275 16
3.57526e+06 0.23 16
2.60207e+06 0.2325 16
1.7015e+06 0.235 16
947040 0.2375 16
1.64359e+06 0.055 17
1.7992e+06 0.0575 17
2.5285e+06 0.06 17
3.47231e+06 0.0625 17
4.11003e+06 0.065 17
4.05312e+06 0.0675 17
3.26418e+06 0.07 17
2.06584e+06 0.0725 17
941332 0.075 17
262579 0.0775 17
118262 0.08 17
333225 0.0825 17
636017 0.085 17
840899 0.0875 17
923529 0.09 17
964682 0.0925 17
1.03536e+06 0.095 17
1.12636e+06 0.0975 17
1.17244e+06 0.1 17
1.13607e+06 0.1025 17
1.06819e+06 0.105 17
1.08716e+06 0.1075 17
1.28811e+06 0.11 17
1.65348e+06 0.1125 17
2.03844e+06 0.115 17
2.2505e+06 0.1175 17
2.15656e+06 0.12 17
1.76629e+06 0.1225 17
1.24459e+06 0.125 17
865518 0.1275 17
605520 0.13 17
750428 0.1325 17
1.0544e+06 0.135 17
1.57525e+06 0.1375 17
1.84654e+06 0.14 17
1.90719e+06 0.1425 17
1.89635e+06 0.145 17
1.89653e+06 0.1475 17
2.00123e+06 0.15 17
2.13119e+06 0.1525 17
2.28545e+06 0.155 17
2.60531e+06 0.1575 17
2.45295e+06 0.16 17
2.1649e+06 0.1625 17
1.77197e+06 0.165 17
1.38498e+06 0.1675 17
953384 0.17 17
802547 0.1725 17
1.26879e+06 0.175 17
1.73018e+06 0.1775 17
2.15493e+06 0.18 17
2.25787e+06 0.1825 17
2.19476e+06 0.185 17
1.97836e+06 0.1875 17
1.55501e+06 0.19 17
1.06961e+06 0.1925 17
930601 0.195 17
946178 0.1975 17
1.2108e+06 0.2 17
1.39954e+06 0.2025 17
1.57909e+06 0.205 17
1.60488e+06 0.2075 17
1.51923e+06 0.21 17
1.2564e+06 0.2125 17
1.02706e+06 0.215 17
970729 0.2175 17
1.05808e+06 0.22 17
1.34574e+06 0.2225 17
1.57384e+06 0.225 17
564058 0.05 18
521739 0.0525 18
380369 0.055 18
355351 0.0575 18
226807 0.06 18
240934 0.0625 18
560428 0.065 18
1.53027e+06 0.0675 18
3.29573e+06 0.07 18
5.53421e+06 0.0725 18
8.06678e+06 0.075 18
1.04679e+07 0.0775 18
1.17727e+07 0.08 18
1.1502e+07 0.0825 18
1.004e+07 0.085 18
7.03655e+06 0.0875 18
3.76438e+06 0.09 18
1.10836e+06 0.0925 18
199137 0.095 18
1.0263e+06 0.0975 18
3.20956e+06 0.1 18
6.22235e+06 0.1025 18
9.04377e+06 0.105 18
1.02465e+07 0.1075 18
9.70301e+06 0.11 18
7.97257e+06 0.1125 18
6.03438e+06 0.115 18
4.42515e+06 0.1175 18
3.41586e+06 0.12 18
3.14968e+06 0.1225 18
3.21113e+06 0.125 18
3.37442e+06 0.1275 18
2.88013e+06 0.13 18
2.01724e+06 0.1325 18
1.3639e+06 0.135 18
1.03528e+06 0.1375 18
1.16153e+06 0.14 18
1.58908e+06 0.1425 18
2.08702e+06 0.145 18
2.25012e+06 0.1475 18
2.00554e+06 0.15 18
1.44132e+06 0.1525 18
767098 0.155 18
314036 0.1575 18
365695 0.16 18
898924 0.1625 18
1.70948e+06 0.165 18
2.49183e+06 0.1675 18
2.89324e+06 0.17 18
2.91845e+06 0.1725 18
2.581e+06 0.175 18
1.87658e+06 0.1775 18
1.28968e+06 0.18 18
952888 0.1825 18
943061 0.185 18
987980 0.1875 18
1.2707e+06 0.19 18
1.51886e+06 0.1925 18
1.7879e+06 0.195 18
1.74736e+06 0.1975 18
1.65394e+06 0.2 18
1.50307e+06 0.2025 18
1.42782e+06 0.205 18
1.2806e+06 0.2075 18
1.11123e+06 0.21 18
1.00978e+06 0.2125 18
378402 0.045 19
212442 0.0475 19
92140.3 0.05 19
85029.5 0.0525 19
489910 0.055 19
1.25798e+06 0.0575 19
2.57816e+06 0.06 19
3.9414e+06 0.0625 19
5.64821e+06 0.065 19
6.92496e+06 0.0675 19
7.63574e+06 0.07 19
7.50716e+06 0.0725 19
6.5421e+06 0.075 19
5.4677e+06 0.0775 19
4.28029e+06 0.08 19
3.12094e+06 0.0825 19
2.4546e+06 0.085 19
1.93943e+06 0.0875 19
1.58305e+06 0.09 19
1.3054e+06 0.0925 19
1.04682e+06 0.095 19
804119 0.0975 19
591423 0.1 19
396165 0.1025 19
301184 0.105 19
314697 0.1075 19
391872 0.11 19
580041 0.1125 19
1.00858e+06 0.115 19
1.72161e+06 0.1175 19
2.52913e+06 0.12 19
3.18827e+06 0.1225 19
3.74086e+06 0.125 19
4.15126e+06 0.1275 19
4.00456e+06 0.13 19
3.23186e+06 0.1325 19
2.47001e+06 0.135 19
1.4504e+06 0.1375 19
797106 0.14 19
443436 0.1425 19
199542 0.145 19
139339 0.1475 19
208180 0.15 19
335583 0.1525 19
496776 0.155 19
650750 0.1575 19
844256 0.16 19
995492 0.1625 19
1.09683e+06 0.165 19
1.13155e+06 0.1675 19
1.23017e+06 0.17 19
1.41363e+06 0.1725 19
1.85351e+06 0.175 19
2.18837e+06 0.1775 19
2.62626e+06 0.18 19
2.82748e+06 0.1825 19
3.03769e+06 0.185 19
2.97845e+06 0.1875 19
3.01128e+06 0.19 19
2.93594e+06 0.1925 19
2.98245e+06 0.195 19
3.10585e+06 0.1975 19
2.20268e+06 0.0375 20
1.82036e+06 0.04 20
1.26534e+06 0.0425 20
680172 0.045 20
226056 0.0475 20
19710.9 0.05 20
74655.1 0.0525 20
281634 0.055 20
454723 0.0575 20
438763 0.06 20
231861 0.0625 20
49358.4 0.065 20
268298 0.0675 20
1.24903e+06 0.07 20
3.10774e+06 0.0725 20
5.56384e+06 0.075 20
7.96968e+06 0.0775 20
9.54306e+06 0.08 20
9.70781e+06 0.0825 20
8.37227e+06 0.085 20
5.99167e+06 0.0875 20
3.36905e+06 0.09 20
1.29201e+06 0.0925 20
195772 0.095 20
28153.3 0.0975 20
375210 0.1 20
756528 0.1025 20
914707 0.105 20
917653 0.1075 20
990418 0.11 20
1.38097e+06 0.1125 20
2.1312e+06 0.115 20
2.86379e+06 0.1175 20
3.24416e+06 0.12 20
3.05885e+06 0.1225 20
2.24449e+06 0.125 20
1.1711e+06 0.1275 20
328706 0.13 20
28475.3 0.1325 20
344183 0.135 20
1.13706e+06 0.1375 20
2.02793e+06 0.14 20
2.67068e+06 0.1425 20
3.1258e+06 0.145 20
3.22758e+06 0.1475 20
2.8827e+06 0.15 20
2.43058e+06 0.1525 20
2.12482e+06 0.155 20
1.61862e+06 0.1575 20
1.26801e+06 0.16 20
804211 0.1625 20
533508 0.165 20
505827 0.1675 20
672544 0.17 20
1.1129e+06 0.1725 20
1.52683e+06 0.175 20
2.01538e+06 0.1775 20
0 0.03 21
0 0.0325 21
0 0.035 21
0 0.0375 21
0 0.04 21
0 0.0425 21
0 0.045 21
0 0.0475 21
6589.23 0.05 21
13814.4 0.0525 21
38379.4 0.055 21
44628.2 0.0575 21
61701.3 0.06 21
55949.6 0.0625 21
63583.6 0.065 21
132407 0.0675 21
194736 0.07 21
212969 0.0725 21
110645 0.075 21
29431.9 0.0775 21
51084.8 0.08 21
60310.5 0.0825 21
108255 0.085 21
127878 0.0875 21
53199.5 0.09 21
47467.4 0.0925 21
117622 0.095 21
154050 0.0975 21
292519 0.1 21
505190 0.1025 21
949532 0.105 21
1.26779e+06 0.1075 21
1.77328e+06 0.11 21
1.9201e+06 0.1125 21
2.42561e+06 0.115 21
2.83287e+06 0.1175 21
3.39953e+06 0.12 21
3.75382e+06 0.1225 21
3.90284e+06 0.125 21
4.07361e+06 0.1275 21
3.79689e+06 0.13 21
3.59287e+06 0.1325 21
3.58869e+06 0.135 21
3.41924e+06 0.1375 21
3.70925e+06 0.14 21
4.20227e+06 0.1425 21
4.74543e+06 0.145 21
5.1922e+06 0.1475 21
5.26059e+06 0.15 21
4.75992e+06 0.1525 21
4.07333e+06 0.155 21
3.43246e+06 0.1575 21
3.11311e+06 0.16 21
3.13873e+06 0.015 22
2.90746e+06 0.0175 22
2.72214e+06 0.02 22
2.66365e+06 0.0225 22
2.66166e+06 0.025 22
2.59388e+06 0.0275 22
2.41927e+06 0.03 22
2.23886e+06 0.0325 22
2.23142e+06 0.035 22
2.50423e+06 0.0375 22
2.96867e+06 0.04 22
3.34504e+06 0.0425 22
3.31993e+06 0.045 22
2.77204e+06 0.0475 22
1.91919e+06 0.05 22
1.26844e+06 0.0525 22
1.363e+06 0.055 22
2.45142e+06 0.0575 22
4.27311e+06 0.06 22
6.10975e+06 0.0625 22
7.1094e+06 0.065 22
6.72796e+06 0.0675 22
5.04761e+06 0.07 22
2.78274e+06 0.0725 22
949378 0.075 22
362965 0.0775 22
1.23144e+06 0.08 22
3.06196e+06 0.0825 22
4.92694e+06 0.085 22
5.93802e+06 0.0875 22
5.66935e+06 0.09 22
4.31411e+06 0.0925 22
2.51832e+06 0.095 22
1.01414e+06 0.0975 22
267659 0.1 22
318045 0.1025 22
854970 0.105 22
1.44543e+06 0.1075 22
1.76056e+06 0.11 22
1.68855e+06 0.1125 22
1.31165e+06 0.115 22
805986 0.1175 22
348049 0.12 22
74255.6 0.1225 22
67894.5 0.125 22
366910 0.1275 22
921208 0.13 22
1.67131e+06 0.1325 22
2.25867e+06 0.135 22
2.71783e+06 0.1375 22
0 0.0025 23
0 0.005 23
0 0.0075 23
0 0.01 23
0 0.0125 23
0 0.015 23
0 0.0175 23
0 0.02 23
0 0.0225 23
0 0.025 23
0 0.0275 23
0 0.03 23
0 0.0325 23
0 0.035 23
0 0.0375 23
1373.39 0.04 23
7578.28 0.0425 23
35.5953 0.045 23
2534.74 0.0475 23
9839.25 0.05 23
56223.8 0.0525 23
196465 0.055 23
293760 0.0575 23
308296 0.06 23
495359 0.0625 23
562679 0.065 23
555119 0.0675 23
637299 0.07 23
606883 0.0725 23
550839 0.075 23
403929 0.0775 23
273951 0.08 23
326862 0.0825 23
578815 0.085 23
1.08179e+06 0.0875 23
2.07077e+06 0.09 23
3.34354e+06 0.0925 23
4.31704e+06 0.095 23
5.41964e+06 0.0975 23
6.46348e+06 0.1 23
6.80684e+06 0.1025 23
