3.20784e+07 0.085 0
1.93571e+07 0.0875 0
7.13022e+06 0.09 0
621260 0.0925 0
870477 0.095 0
4.98251e+06 0.0975 0
8.64463e+06 0.1 0
9.00379e+06 0.1025 0
6.09713e+06 0.105 0
2.23222e+06 0.1075 0
79387.8 0.11 0
889324 0.1125 0
3.90984e+06 0.115 0
7.13706e+06 0.1175 0
8.69436e+06 0.12 0
7.88863e+06 0.1225 0
5.37982e+06 0.125 0
2.5485e+06 0.1275 0
603463 0.13 0
43.4633 0.1325 0
419816 0.135 0
1.17173e+06 0.1375 0
1.66865e+06 0.14 0
1.68937e+06 0.1425 0
1.35168e+06 0.145 0
900536 0.1475 0
547016 0.15 0
340966 0.1525 0
274261 0.155 0
369597 0.1575 0
517804 0.16 0
715799 0.1625 0
1.01997e+06 0.165 0
1.26981e+06 0.1675 0
1.46036e+06 0.17 0
1.47288e+06 0.1725 0
1.25913e+06 0.175 0
936425 0.1775 0
615956 0.18 0
398403 0.1825 0
272775 0.185 0
305228 0.1875 0
580471 0.19 0
1.00704e+06 0.1925 0
1.2267e+06 0.195 0
1.67716e+06 0.1975 0
1.9029e+06 0.2 0
1.79031e+06 0.2025 0
1.75275e+06 0.205 0
1.53674e+06 0.2075 0
1.32003e+06 0.21 0
1.04504e+06 0.2125 0
723773 0.215 0
475554 0.2175 0
304660 0.22 0
258289 0.2225 0
308214 0.225 0
489149 0.2275 0
718684 0.23 0
971829 0.2325 0
1.06158e+06 0.235 0
989764 0.2375 0
928130 0.24 0
838997 0.2425 0
687084 0.245 0
552243 0.2475 0
443063 0.25 0
361867 0.2525 0
417207 0.255 0
386154 0.2575 0
319728 0.26 0
236098 0.2625 0
147651 0.265 0
83572.9 0.2675 0
51491.5 0.27 0
44893 0.2725 0
79128 0.275 0
155273 0.2775 0
218202 0.28 0
231142 0.2825 0
245419 0.285 0
191835 0.2875 0
168010 0.29 0
162508 0.2925 0
171944 0.295 0
184026 0.2975 0
171328 0.3 0
186286 0.3025 0
149032 0.305 0
124481 0.3075 0
101266 0.31 0
106031 0.3125 0
127090 0.315 0
2.43994e+06 0.0825 1
1.42051e+06 0.085 1
1.92804e+06 0.0875 1
4.18521e+06 0.09 1
8.55924e+06 0.0925 1
1.33226e+07 0.095 1
1.88405e+07 0.0975 1
2.38582e+07 0.1 1
2.63101e+07 0.1025 1
2.62205e+07 0.105 1
2.36652e+07 0.1075 1
2.00089e+07 0.11 1
1.52978e+07 0.1125 1
1.14907e+07 0.115 1
8.30003e+06 0.1175 1
6.08969e+06 0.12 1
4.36729e+06 0.1225 1
3.45331e+06 0.125 1
2.76621e+06 0.1275 1
1.91731e+06 0.13 1
1.31989e+06 0.1325 1
793328 0.135 1
471894 0.1375 1
362534 0.14 1
382290 0.1425 1
461879 0.145 1
465242 0.1475 1
326620 0.15 1
295936 0.1525 1
333769 0.155 1
529048 0.1575 1
720728 0.16 1
1.09279e+06 0.1625 1
1.60742e+06 0.165 1
1.93147e+06 0.1675 1
1.95445e+06 0.17 1
1.81797e+06 0.1725 1
1.34859e+06 0.175 1
752371 0.1775 1
389347 0.18 1
249511 0.1825 1
393451 0.185 1
714440 0.1875 1
1.09989e+06 0.19 1
1.51813e+06 0.1925 1
1.68027e+06 0.195 1
1.66041e+06 0.1975 1
1.55753e+06 0.2 1
1.42447e+06 0.2025 1
1.30688e+06 0.205 1
1.27319e+06 0.2075 1
1.3246e+06 0.21 1
1.41389e+06 0.2125 1
1.42576e+06 0.215 1
1.30261e+06 0.2175 1
1.14463e+06 0.22 1
938180 0.2225 1
743692 0.225 1
624560 0.2275 1
701008 0.23 1
993027 0.2325 1
1.41643e+06 0.235 1
1.91205e+06 0.2375 1
2.35759e+06 0.24 1
2.55232e+06 0.2425 1
2.50245e+06 0.245 1
2.19246e+06 0.2475 1
1.74048e+06 0.25 1
1.22346e+06 0.2525 1
824852 0.255 1
551399 0.2575 1
455932 0.26 1
481696 0.2625 1
507417 0.265 1
507116 0.2675 1
518657 0.27 1
481792 0.2725 1
470604 0.275 1
520856 0.2775 1
597304 0.28 1
695010 0.2825 1
763845 0.285 1
761464 0.2875 1
695540 0.29 1
665494 0.2925 1
652216 0.295 1
694699 0.2975 1
784756 0.3 1
912308 0.3025 1
1.0082e+06 0.305 1
1.03917e+06 0.3075 1
1.0026e+06 0.31 1
852891 0.3125 1
652658 0.315 1
82987.8 0.08 2
257415 0.0825 2
551889 0.085 2
841246 0.0875 2
972208 0.09 2
883484 0.0925 2
704261 0.095 2
546843 0.0975 2
532275 0.1 2
714285 0.1025 2
1.08428e+06 0.105 2
1.63356e+06 0.1075 2
2.35328e+06 0.11 2
3.315e+06 0.1125 2
4.50842e+06 0.115 2
6.01647e+06 0.1175 2
7.42255e+06 0.12 2
8.50541e+06 0.1225 2
9.40581e+06 0.125 2
9.20411e+06 0.1275 2
8.92628e+06 0.13 2
8.83083e+06 0.1325 2
9.35464e+06 0.135 2
1.01528e+07 0.1375 2
1.12317e+07 0.14 2
1.18198e+07 0.1425 2
1.18077e+07 0.145 2
1.07988e+07 0.1475 2
8.97595e+06 0.15 2
6.4385e+06 0.1525 2
4.07168e+06 0.155 2
2.24219e+06 0.1575 2
1.19132e+06 0.16 2
860561 0.1625 2
1.01652e+06 0.165 2
1.23604e+06 0.1675 2
1.36082e+06 0.17 2
1.47134e+06 0.1725 2
1.42739e+06 0.175 2
1.01912e+06 0.1775 2
756501 0.18 2
421233 0.1825 2
214101 0.185 2
150644 0.1875 2
217354 0.19 2
419190 0.1925 2
706856 0.195 2
1.05323e+06 0.1975 2
1.25644e+06 0.2 2
1.36934e+06 0.2025 2
1.43392e+06 0.205 2
1.48118e+06 0.2075 2
1.31237e+06 0.21 2
1.28244e+06 0.2125 2
1.23428e+06 0.215 2
1.11703e+06 0.2175 2
1.13363e+06 0.22 2
1.17048e+06 0.2225 2
1.16609e+06 0.225 2
1.0944e+06 0.2275 2
1.00287e+06 0.23 2
882704 0.2325 2
795383 0.235 2
693896 0.2375 2
738808 0.24 2
826778 0.2425 2
913415 0.245 2
1.03992e+06 0.2475 2
1.05706e+06 0.25 2
1.00469e+06 0.2525 2
890204 0.255 2
791523 0.2575 2
737115 0.26 2
681418 0.2625 2
646830 0.265 2
596371 0.2675 2
512533 0.27 2
433866 0.2725 2
359108 0.275 2
344811 0.2775 2
412494 0.28 2
563663 0.2825 2
772604 0.285 2
1.02848e+06 0.2875 2
1.24024e+06 0.29 2
1.40802e+06 0.2925 2
1.48276e+06 0.295 2
1.43838e+06 0.2975 2
1.27848e+06 0.3 2
1.00911e+06 0.3025 2
726009 0.305 2
481719 0.3075 2
311963 0.31 2
237350 0.3125 2
235279 0.315 2
1.35106e+07 0.0775 3
9.07888e+06 0.08 3
7.67466e+06 0.0825 3
9.06879e+06 0.085 3
1.17895e+07 0.0875 3
1.4128e+07 0.09 3
1.51396e+07 0.0925 3
1.50457e+07 0.095 3
1.48505e+07 0.0975 3
1.54835e+07 0.1 3
1.7059e+07 0.1025 3
1.87292e+07 0.105 3
1.92033e+07 0.1075 3
1.7574e+07 0.11 3
1.39174e+07 0.1125 3
9.2999e+06 0.115 3
5.21101e+06 0.1175 3
2.78681e+06 0.12 3
2.28406e+06 0.1225 3
3.07726e+06 0.125 3
4.1053e+06 0.1275 3
4.49713e+06 0.13 3
3.96542e+06 0.1325 3
2.89668e+06 0.135 3
1.79958e+06 0.1375 3
936587 0.14 3
617522 0.1425 3
829603 0.145 3
1.07438e+06 0.1475 3
1.25324e+06 0.15 3
1.12815e+06 0.1525 3
1.0938e+06 0.155 3
1.00911e+06 0.1575 3
1.2132e+06 0.16 3
1.31584e+06 0.1625 3
1.42067e+06 0.165 3
1.37349e+06 0.1675 3
1.20057e+06 0.17 3
901759 0.1725 3
641981 0.175 3
450083 0.1775 3
474682 0.18 3
441630 0.1825 3
551887 0.185 3
673634 0.1875 3
811318 0.19 3
1.1601e+06 0.1925 3
1.44272e+06 0.195 3
1.64615e+06 0.1975 3
1.89896e+06 0.2 3
2.16887e+06 0.2025 3
2.19138e+06 0.205 3
2.21411e+06 0.2075 3
1.98647e+06 0.21 3
1.93851e+06 0.2125 3
1.76035e+06 0.215 3
1.26543e+06 0.2175 3
859992 0.22 3
649031 0.2225 3
537745 0.225 3
581875 0.2275 3
807371 0.23 3
986073 0.2325 3
1.26187e+06 0.235 3
1.34356e+06 0.2375 3
1.28052e+06 0.24 3
1.17321e+06 0.2425 3
994888 0.245 3
831532 0.2475 3
698725 0.25 3
635701 0.2525 3
528827 0.255 3
397599 0.2575 3
390898 0.26 3
397595 0.2625 3
393558 0.265 3
409285 0.2675 3
443877 0.27 3
522672 0.2725 3
629254 0.275 3
772052 0.2775 3
900951 0.28 3
1.04802e+06 0.2825 3
1.04307e+06 0.285 3
969767 0.2875 3
826928 0.29 3
627350 0.2925 3
436727 0.295 3
349619 0.2975 3
433272 0.3 3
630087 0.3025 3
907227 0.305 3
1.23566e+06 0.3075 3
1.44836e+06 0.31 3
1.52589e+06 0.3125 3
1.39855e+06 0.315 3
24865.7 0.07 4
115291 0.0725 4
317201 0.075 4
358952 0.0775 4
868586 0.08 4
2.00728e+06 0.0825 4
3.57479e+06 0.085 4
5.51489e+06 0.0875 4
8.18757e+06 0.09 4
1.11558e+07 0.0925 4
1.47155e+07 0.095 4
1.81053e+07 0.0975 4
2.20381e+07 0.1 4
2.31768e+07 0.1025 4
2.37318e+07 0.105 4
2.38063e+07 0.1075 4
2.34549e+07 0.11 4
2.05622e+07 0.1125 4
1.8204e+07 0.115 4
1.45953e+07 0.1175 4
1.11877e+07 0.12 4
8.47691e+06 0.1225 4
6.27733e+06 0.125 4
4.67149e+06 0.1275 4
3.99249e+06 0.13 4
4.29758e+06 0.1325 4
4.99777e+06 0.135 4
5.87612e+06 0.1375 4
6.6242e+06 0.14 4
6.44895e+06 0.1425 4
6.16562e+06 0.145 4
5.43988e+06 0.1475 4
4.289e+06 0.15 4
3.13488e+06 0.1525 4
2.45231e+06 0.155 4
2.00071e+06 0.1575 4
1.97662e+06 0.16 4
2.3683e+06 0.1625 4
2.82701e+06 0.165 4
2.9927e+06 0.1675 4
3.09842e+06 0.17 4
2.83653e+06 0.1725 4
2.47608e+06 0.175 4
2.14873e+06 0.1775 4
1.65524e+06 0.18 4
1.31933e+06 0.1825 4
1.02595e+06 0.185 4
871712 0.1875 4
734164 0.19 4
632874 0.1925 4
514754 0.195 4
454377 0.1975 4
453061 0.2 4
545238 0.2025 4
667689 0.205 4
798959 0.2075 4
939440 0.21 4
1.09314e+06 0.2125 4
1.32544e+06 0.215 4
1.51711e+06 0.2175 4
1.75598e+06 0.22 4
2.09609e+06 0.2225 4
2.44367e+06 0.225 4
2.70236e+06 0.2275 4
2.79984e+06 0.23 4
2.64502e+06 0.2325 4
2.30248e+06 0.235 4
1.85551e+06 0.2375 4
1.30815e+06 0.24 4
824824 0.2425 4
555628 0.245 4
415708 0.2475 4
377223 0.25 4
450893 0.2525 4
526018 0.255 4
627446 0.2575 4
711535 0.26 4
733776 0.2625 4
725544 0.265 4
643469 0.2675 4
560084 0.27 4
463380 0.2725 4
404611 0.275 4
374644 0.2775 4
557339 0.28 4
848158 0.2825 4
1.28022e+06 0.285 4
1.69025e+06 0.2875 4
1.99249e+06 0.29 4
2.10932e+06 0.2925 4
1.98211e+06 0.295 4
1.65933e+06 0.2975 4
1.21746e+06 0.3 4
766814 0.3025 4
391602 0.305 4
227154 0.3075 4
196333 0.31 4
261862 0.3125 4
5.83652e+06 0.06 5
6.37945e+06 0.0625 5
6.71076e+06 0.065 5
6.73013e+06 0.0675 5
6.39436e+06 0.07 5
5.73616e+06 0.0725 5
4.86367e+06 0.075 5
3.93501e+06 0.0775 5
3.11079e+06 0.08 5
2.49925e+06 0.0825 5
2.11753e+06 0.085 5
1.8899e+06 0.0875 5
1.68911e+06 0.09 5
1.40502e+06 0.0925 5
1.00824e+06 0.095 5
575454 0.0975 5
260797 0.1 5
224674 0.1025 5
553746 0.105 5
1.21065e+06 0.1075 5
2.03708e+06 0.11 5
2.80793e+06 0.1125 5
3.31095e+06 0.115 5
3.41785e+06 0.1175 5
3.11997e+06 0.12 5
2.51943e+06 0.1225 5
1.78465e+06 0.125 5
1.09063e+06 0.1275 5
578785 0.13 5
280951 0.1325 5
184677 0.135 5
166483 0.1375 5
182806 0.14 5
192495 0.1425 5
235331 0.145 5
268091 0.1475 5
333764 0.15 5
531590 0.1525 5
716967 0.155 5
805513 0.1575 5
736021 0.16 5
415310 0.1625 5
355141 0.165 5
565647 0.1675 5
1.02856e+06 0.17 5
1.54802e+06 0.1725 5
2.17905e+06 0.175 5
2.55924e+06 0.1775 5
2.72767e+06 0.18 5
2.51036e+06 0.1825 5
2.18745e+06 0.185 5
1.68505e+06 0.1875 5
1.81517e+06 0.19 5
1.95308e+06 0.1925 5
2.49132e+06 0.195 5
3.10198e+06 0.1975 5
3.30373e+06 0.2 5
3.26173e+06 0.2025 5
2.82235e+06 0.205 5
2.21018e+06 0.2075 5
1.54102e+06 0.21 5
1.10976e+06 0.2125 5
646493 0.215 5
339293 0.2175 5
287934 0.22 5
289693 0.2225 5
301956 0.225 5
317497 0.2275 5
300837 0.23 5
284415 0.2325 5
275523 0.235 5
359155 0.2375 5
660486 0.24 5
1.07211e+06 0.2425 5
1.39009e+06 0.245 5
1.65833e+06 0.2475 5
1.76113e+06 0.25 5
1.7265e+06 0.2525 5
1.46879e+06 0.255 5
1.13494e+06 0.2575 5
755062 0.26 5
459636 0.2625 5
286929 0.265 5
366360 0.2675 5
525522 0.27 5
750359 0.2725 5
934650 0.275 5
968370 0.2775 5
882244 0.28 5
654798 0.2825 5
445338 0.285 5
313785 0.2875 5
299447 0.29 5
413947 0.2925 5
573031 0.295 5
708218 0.2975 5
763842 0.3 5
751729 0.3025 5
739655 0.305 5
771610 0.3075 5
938129 0.31 5
5924.26 0.045 6
14146.5 0.0475 6
803.478 0.05 6
8728.11 0.0525 6
25751 0.055 6
102449 0.0575 6
244414 0.06 6
336026 0.0625 6
635646 0.065 6
939431 0.0675 6
1.22295e+06 0.07 6
1.23548e+06 0.0725 6
1.24291e+06 0.075 6
1.13314e+06 0.0775 6
872442 0.08 6
721371 0.0825 6
522057 0.085 6
436970 0.0875 6
503062 0.09 6
698535 0.0925 6
903584 0.095 6
967687 0.0975 6
982839 0.1 6
876430 0.1025 6
673210 0.105 6
539956 0.1075 6
532871 0.11 6
660772 0.1125 6
988290 0.115 6
1.27323e+06 0.1175 6
1.42962e+06 0.12 6
1.37668e+06 0.1225 6
1.32699e+06 0.125 6
1.17242e+06 0.1275 6
1.07136e+06 0.13 6
1.22014e+06 0.1325 6
1.26988e+06 0.135 6
1.25765e+06 0.1375 6
1.05273e+06 0.14 6
832439 0.1425 6
523880 0.145 6
381947 0.1475 6
429822 0.15 6
754361 0.1525 6
1.27426e+06 0.155 6
1.75607e+06 0.1575 6
2.03633e+06 0.16 6
2.01625e+06 0.1625 6
1.83158e+06 0.165 6
1.5015e+06 0.1675 6
1.3113e+06 0.17 6
1.46222e+06 0.1725 6
1.80801e+06 0.175 6
2.25328e+06 0.1775 6
2.36219e+06 0.18 6
2.32511e+06 0.1825 6
1.92048e+06 0.185 6
1.28836e+06 0.1875 6
709087 0.19 6
294532 0.1925 6
212057 0.195 6
355936 0.1975 6
732107 0.2 6
1.19627e+06 0.2025 6
1.49899e+06 0.205 6
1.82995e+06 0.2075 6
2.17232e+06 0.21 6
2.09268e+06 0.2125 6
2.09746e+06 0.215 6
1.99061e+06 0.2175 6
1.68813e+06 0.22 6
1.32528e+06 0.2225 6
806334 0.225 6
579863 0.2275 6
590882 0.23 6
658549 0.2325 6
890418 0.235 6
1.18114e+06 0.2375 6
1.29175e+06 0.24 6
1.24458e+06 0.2425 6
1.23894e+06 0.245 6
1.26156e+06 0.2475 6
1.31147e+06 0.25 6
1.50907e+06 0.2525 6
1.56634e+06 0.255 6
1.53746e+06 0.2575 6
1.43326e+06 0.26 6
1.2231e+06 0.2625 6
1.02638e+06 0.265 6
921304 0.2675 6
873810 0.27 6
954283 0.2725 6
1.04495e+06 0.275 6
1.09239e+06 0.2775 6
1.09819e+06 0.28 6
975437 0.2825 6
806104 0.285 6
645167 0.2875 6
558098 0.29 6
582481 0.2925 6
717732 0.295 6
946056 0.2975 6
1.20897e+06 0.3 6
1.42582e+06 0.3025 6
1.50727e+06 0.305 6
1.50425e+06 0.3075 6
0 0.0125 7
0 0.015 7
0 0.0175 7
0 0.02 7
0 0.0225 7
0 0.025 7
0 0.0275 7
0 0.03 7
0 0.0325 7
0 0.035 7
0 0.0375 7
0 0.04 7
476.059 0.0425 7
6606.96 0.045 7
31495.5 0.0475 7
33640.1 0.05 7
180133 0.0525 7
339269 0.055 7
649658 0.0575 7
828099 0.06 7
1.00099e+06 0.0625 7
1.26085e+06 0.065 7
1.50702e+06 0.0675 7
1.93303e+06 0.07 7
1.74856e+06 0.0725 7
1.48726e+06 0.075 7
1.25691e+06 0.0775 7
944786 0.08 7
577130 0.0825 7
301869 0.085 7
85437.8 0.0875 7
200.449 0.09 7
61633.3 0.0925 7
255206 0.095 7
444265 0.0975 7
617938 0.1 7
784204 0.1025 7
849194 0.105 7
948729 0.1075 7
979244 0.11 7
1.03234e+06 0.1125 7
1.01195e+06 0.115 7
1.07967e+06 0.1175 7
1.11859e+06 0.12 7
1.08789e+06 0.1225 7
935427 0.125 7
799422 0.1275 7
783648 0.13 7
868881 0.1325 7
929177 0.135 7
785661 0.1375 7
928407 0.14 7
1.05734e+06 0.1425 7
1.32103e+06 0.145 7
1.42418e+06 0.1475 7
1.92545e+06 0.15 7
2.36487e+06 0.1525 7
2.85778e+06 0.155 7
3.55762e+06 0.1575 7
4.60208e+06 0.16 7
5.28891e+06 0.1625 7
5.58984e+06 0.165 7
5.59379e+06 0.1675 7
5.39851e+06 0.17 7
5.02928e+06 0.1725 7
4.52458e+06 0.175 7
3.88793e+06 0.1775 7
3.43639e+06 0.18 7
3.07054e+06 0.1825 7
2.69608e+06 0.185 7
2.24796e+06 0.1875 7
1.77171e+06 0.19 7
1.26583e+06 0.1925 7
917919 0.195 7
813420 0.1975 7
867922 0.2 7
1.01562e+06 0.2025 7
1.11012e+06 0.205 7
1.09786e+06 0.2075 7
960036 0.21 7
785002 0.2125 7
779169 0.215 7
927122 0.2175 7
1.12545e+06 0.22 7
1.23924e+06 0.2225 7
1.18853e+06 0.225 7
929549 0.2275 7
473862 0.23 7
157073 0.2325 7
178586 0.235 7
584508 0.2375 7
1.23194e+06 0.24 7
1.84667e+06 0.2425 7
2.19965e+06 0.245 7
2.22257e+06 0.2475 7
1.88649e+06 0.25 7
1.39651e+06 0.2525 7
994753 0.255 7
804288 0.2575 7
899536 0.26 7
1.16544e+06 0.2625 7
1.43447e+06 0.265 7
1.6684e+06 0.2675 7
1.70747e+06 0.27 7
1.65408e+06 0.2725 7
1.5133e+06 0.275 7
1.32605e+06 0.2775 7
1.19212e+06 0.28 7
1.13828e+06 0.2825 7
1.15304e+06 0.285 7
1.23567e+06 0.2875 7
1.24178e+06 0.29 7
1.18335e+06 0.2925 7
1.10233e+06 0.295 7
926712 0.2975 7
778283 0.3 7
633206 0.3025 7
594725 0.305 7
2.65094e+07 0.01 8
3.01228e+07 0.0125 8
2.90268e+07 0.015 8
2.41261e+07 0.0175 8
1.73826e+07 0.02 8
1.08471e+07 0.0225 8
5.86899e+06 0.025 8
2.81715e+06 0.0275 8
1.32475e+06 0.03 8
797092 0.0325 8
830284 0.035 8
1.31621e+06 0.0375 8
2.25088e+06 0.04 8
3.46071e+06 0.0425 8
4.49555e+06 0.045 8
4.79988e+06 0.0475 8
4.0635e+06 0.05 8
2.51146e+06 0.0525 8
912267 0.055 8
250411 0.0575 8
1.2199e+06 0.06 8
3.81684e+06 0.0625 8
7.26703e+06 0.065 8
1.03429e+07 0.0675 8
1.19115e+07 0.07 8
1.14336e+07 0.0725 8
9.16746e+06 0.075 8
5.99832e+06 0.0775 8
3.00542e+06 0.08 8
1.00047e+06 0.0825 8
254800 0.085 8
510120 0.0875 8
1.21423e+06 0.09 8
1.82614e+06 0.0925 8
2.03443e+06 0.095 8
1.81126e+06 0.0975 8
1.32438e+06 0.1 8
792676 0.1025 8
372929 0.105 8
120765 0.1075 8
15570.9 0.11 8
8908.02 0.1125 8
59433.7 0.115 8
141060 0.1175 8
233848 0.12 8
314874 0.1225 8
359246 0.125 8
349574 0.1275 8
285466 0.13 8
186034 0.1325 8
84039.5 0.135 8
14781.4 0.1375 8
14994.6 0.14 8
80317.6 0.1425 8
188609 0.145 8
336092 0.1475 8
449872 0.15 8
412887 0.1525 8
353403 0.155 8
338187 0.1575 8
247103 0.16 8
250672 0.1625 8
421379 0.165 8
706413 0.1675 8
847594 0.17 8
977620 0.1725 8
997483 0.175 8
886343 0.1775 8
799421 0.18 8
655993 0.1825 8
656825 0.185 8
707801 0.1875 8
942838 0.19 8
1.08139e+06 0.1925 8
1.25993e+06 0.195 8
1.19105e+06 0.1975 8
1.08321e+06 0.2 8
982579 0.2025 8
720516 0.205 8
477687 0.2075 8
312910 0.21 8
258461 0.2125 8
323591 0.215 8
524451 0.2175 8
798030 0.22 8
1.1409e+06 0.2225 8
1.38817e+06 0.225 8
1.56241e+06 0.2275 8
1.55969e+06 0.23 8
1.60791e+06 0.2325 8
1.54778e+06 0.235 8
1.50518e+06 0.2375 8
1.37117e+06 0.24 8
1.17649e+06 0.2425 8
1.04813e+06 0.245 8
813579 0.2475 8
628015 0.25 8
523800 0.2525 8
538802 0.255 8
569240 0.2575 8
608987 0.26 8
768437 0.2625 8
825741 0.265 8
897288 0.2675 8
890060 0.27 8
898904 0.2725 8
953881 0.275 8
990988 0.2775 8
913374 0.28 8
854951 0.2825 8
665678 0.285 8
489702 0.2875 8
390500 0.29 8
379575 0.2925 8
489467 0.295 8
709262 0.2975 8
0 0.01 9
0 0.0125 9
0 0.015 9
0 0.0175 9
0 0.02 9
0 0.0225 9
0 0.025 9
0 0.0275 9
0 0.03 9
0 0.0325 9
0 0.035 9
0 0.0375 9
0 0.04 9
0 0.0425 9
0 0.045 9
0 0.0475 9
0 0.05 9
0 0.0525 9
1923.69 0.055 9
16480.1 0.0575 9
112686 0.06 9
250630 0.0625 9
701913 0.065 9
1.46057e+06 0.0675 9
1.65451e+06 0.07 9
2.39171e+06 0.0725 9
3.49798e+06 0.075 9
4.34614e+06 0.0775 9
5.10273e+06 0.08 9
6.1615e+06 0.0825 9
6.11438e+06 0.085 9
6.23339e+06 0.0875 9
5.89577e+06 0.09 9
5.1347e+06 0.0925 9
4.28342e+06 0.095 9
3.42922e+06 0.0975 9
2.38306e+06 0.1 9
1.34045e+06 0.1025 9
622276 0.105 9
292843 0.1075 9
291952 0.11 9
451245 0.1125 9
660253 0.115 9
848975 0.1175 9
955227 0.12 9
966509 0.1225 9
1.13888e+06 0.125 9
1.2851e+06 0.1275 9
1.44807e+06 0.13 9
1.36408e+06 0.1325 9
1.34114e+06 0.135 9
1.17823e+06 0.1375 9
1.10005e+06 0.14 9
1.1058e+06 0.1425 9
1.33322e+06 0.145 9
1.80027e+06 0.1475 9
2.63833e+06 0.15 9
3.47555e+06 0.1525 9
4.56044e+06 0.155 9
5.56117e+06 0.1575 9
6.14928e+06 0.16 9
6.53913e+06 0.1625 9
6.50197e+06 0.165 9
6.00376e+06 0.1675 9
5.44362e+06 0.17 9
4.5012e+06 0.1725 9
3.56378e+06 0.175 9
2.52166e+06 0.1775 9
1.69995e+06 0.18 9
1.0976e+06 0.1825 9
746118 0.185 9
628748 0.1875 9
675257 0.19 9
912288 0.1925 9
1.28117e+06 0.195 9
1.76292e+06 0.1975 9
2.21541e+06 0.2 9
2.63959e+06 0.2025 9
2.95026e+06 0.205 9
3.03053e+06 0.2075 9
3.01975e+06 0.21 9
2.88989e+06 0.2125 9
2.71245e+06 0.215 9
2.48678e+06 0.2175 9
2.28477e+06 0.22 9
2.2027e+06 0.2225 9
2.07239e+06 0.225 9
1.89973e+06 0.2275 9
1.76185e+06 0.23 9
1.6443e+06 0.2325 9
1.58633e+06 0.235 9
1.69937e+06 0.2375 9
1.88953e+06 0.24 9
2.07575e+06 0.2425 9
2.09908e+06 0.245 9
1.96418e+06 0.2475 9
1.64284e+06 0.25 9
1.19402e+06 0.2525 9
805482 0.255 9
488109 0.2575 9
338853 0.26 9
392909 0.2625 9
698642 0.265 9
1.03136e+06 0.2675 9
1.40201e+06 0.27 9
1.69451e+06 0.2725 9
1.8676e+06 0.275 9
1.82958e+06 0.2775 9
1.55745e+06 0.28 9
1.251e+06 0.2825 9
959819 0.285 9
709735 0.2875 9
554141 0.29 9
561546 0.2925 9
0 0.01 10
0 0.0125 10
0 0.015 10
0 0.0175 10
0 0.02 10
8009.04 0.0225 10
60090.7 0.025 10
174446 0.0275 10
304639 0.03 10
604611 0.0325 10
916657 0.035 10
1.14417e+06 0.0375 10
1.43671e+06 0.04 10
2.01473e+06 0.0425 10
2.16359e+06 0.045 10
1.90813e+06 0.0475 10
1.65356e+06 0.05 10
1.20376e+06 0.0525 10
880336 0.055 10
791713 0.0575 10
875567 0.06 10
967018 0.0625 10
1.08001e+06 0.065 10
1.01335e+06 0.0675 10
812206 0.07 10
637417 0.0725 10
705265 0.075 10
1.23829e+06 0.0775 10
2.25833e+06 0.08 10
3.56271e+06 0.0825 10
4.78357e+06 0.085 10
5.53521e+06 0.0875 10
5.57892e+06 0.09 10
4.92216e+06 0.0925 10
3.80291e+06 0.095 10
2.57118e+06 0.0975 10
1.53328e+06 0.1 10
840231 0.1025 10
470696 0.105 10
301760 0.1075 10
212335 0.11 10
153758 0.1125 10
149514 0.115 10
238542 0.1175 10
404181 0.12 10
609747 0.1225 10
733019 0.125 10
798515 0.1275 10
718508 0.13 10
854285 0.1325 10
1.09967e+06 0.135 10
1.57431e+06 0.1375 10
2.22738e+06 0.14 10
2.89975e+06 0.1425 10
3.44878e+06 0.145 10
3.94453e+06 0.1475 10
4.05402e+06 0.15 10
4.02823e+06 0.1525 10
3.47362e+06 0.155 10
3.31811e+06 0.1575 10
3.08559e+06 0.16 10
2.69434e+06 0.1625 10
2.56673e+06 0.165 10
2.15612e+06 0.1675 10
1.64149e+06 0.17 10
1.20761e+06 0.1725 10
766466 0.175 10
549647 0.1775 10
649880 0.18 10
949520 0.1825 10
1.26385e+06 0.185 10
1.56211e+06 0.1875 10
1.5623e+06 0.19 10
1.30861e+06 0.1925 10
810158 0.195 10
335542 0.1975 10
196725 0.2 10
473205 0.2025 10
1.17195e+06 0.205 10
2.01089e+06 0.2075 10
2.76057e+06 0.21 10
3.04246e+06 0.2125 10
2.94522e+06 0.215 10
2.63541e+06 0.2175 10
2.44111e+06 0.22 10
2.42168e+06 0.2225 10
2.67444e+06 0.225 10
2.98442e+06 0.2275 10
3.36914e+06 0.23 10
3.35266e+06 0.2325 10
2.98339e+06 0.235 10
2.41244e+06 0.2375 10
1.68457e+06 0.24 10
1.15108e+06 0.2425 10
993257 0.245 10
934466 0.2475 10
966467 0.25 10
1.00075e+06 0.2525 10
891655 0.255 10
680476 0.2575 10
527701 0.26 10
467954 0.2625 10
514318 0.265 10
685366 0.2675 10
879687 0.27 10
1.06301e+06 0.2725 10
1.18132e+06 0.275 10
1.3393e+06 0.2775 10
1.39468e+06 0.28 10
1.3954e+06 0.2825 10
1.32408e+06 0.285 10
1.24917e+06 0.2875 10
0 0.01 11
0 0.0125 11
0 0.015 11
9278.81 0.0175 11
15649.3 0.02 11
20647.8 0.0225 11
16932.6 0.025 11
38317.4 0.0275 11
65834.5 0.03 11
100766 0.0325 11
136106 0.035 11
190102 0.0375 11
303346 0.04 11
452063 0.0425 11
567974 0.045 11
706024 0.0475 11
868841 0.05 11
882448 0.0525 11
904878 0.055 11
822311 0.0575 11
703782 0.06 11
594560 0.0625 11
532177 0.065 11
530019 0.0675 11
572879 0.07 11
626377 0.0725 11
654354 0.075 11
634496 0.0775 11
564866 0.08 11
460497 0.0825 11
345095 0.085 11
243961 0.0875 11
180526 0.09 11
173928 0.0925 11
233708 0.095 11
351414 0.0975 11
494800 0.1 11
612726 0.1025 11
654240 0.105 11
595345 0.1075 11
458519 0.11 11
310170 0.1125 11
232119 0.115 11
283941 0.1175 11
451704 0.12 11
677044 0.1225 11
881004 0.125 11
1.03211e+06 0.1275 11
1.0227e+06 0.13 11
960780 0.1325 11
910043 0.135 11
974177 0.1375 11
1.24721e+06 0.14 11
1.38966e+06 0.1425 11
1.61144e+06 0.145 11
1.72251e+06 0.1475 11
1.86504e+06 0.15 11
1.82305e+06 0.1525 11
1.97124e+06 0.155 11
2.25551e+06 0.1575 11
2.629e+06 0.16 11
3.23716e+06 0.1625 11
3.64819e+06 0.165 11
3.95521e+06 0.1675 11
4.04949e+06 0.17 11
3.71692e+06 0.1725 11
3.40778e+06 0.175 11
3.06617e+06 0.1775 11
2.95491e+06 0.18 11
3.04182e+06 0.1825 11
3.14625e+06 0.185 11
2.94198e+06 0.1875 11
2.73059e+06 0.19 11
2.37477e+06 0.1925 11
2.13102e+06 0.195 11
1.68897e+06 0.1975 11
1.37023e+06 0.2 11
1.18298e+06 0.2025 11
1.19504e+06 0.205 11
1.35186e+06 0.2075 11
1.45959e+06 0.21 11
1.66567e+06 0.2125 11
1.62275e+06 0.215 11
1.41145e+06 0.2175 11
1.15334e+06 0.22 11
824085 0.2225 11
537706 0.225 11
368447 0.2275 11
332453 0.23 11
314753 0.2325 11
346518 0.235 11
335814 0.2375 11
336908 0.24 11
290508 0.2425 11
253103 0.245 11
336246 0.2475 11
539085 0.25 11
746971 0.2525 11
951080 0.255 11
1.05123e+06 0.2575 11
1.03921e+06 0.26 11
997905 0.2625 11
949204 0.265 11
943586 0.2675 11
942203 0.27 11
971536 0.2725 11
968010 0.275 11
869044 0.2775 11
661198 0.28 11
460344 0.2825 11
0 0.01 12
0 0.0125 12
0 0.015 12
0 0.0175 12
0 0.02 12
0 0.0225 12
0 0.025 12
0 0.0275 12
0 0.03 12
0 0.0325 12
0 0.035 12
0 0.0375 12
0 0.04 12
0 0.0425 12
0 0.045 12
0 0.0475 12
0 0.05 12
0 0.0525 12
0 0.055 12
0 0.0575 12
2908.44 0.06 12
11656.8 0.0625 12
39254.7 0.065 12
102052 0.0675 12
229382 0.07 12
393277 0.0725 12
632791 0.075 12
855475 0.0775 12
1.02886e+06 0.08 12
1.19593e+06 0.0825 12
1.36187e+06 0.085 12
1.43935e+06 0.0875 12
1.75674e+06 0.09 12
1.67808e+06 0.0925 12
1.35621e+06 0.095 12
1.11264e+06 0.0975 12
929866 0.1 12
751669 0.1025 12
456399 0.105 12
460050 0.1075 12
568517 0.11 12
494997 0.1125 12
551483 0.115 12
588293 0.1175 12
740494 0.12 12
737617 0.1225 12
631981 0.125 12
682691 0.1275 12
735885 0.13 12
1.03198e+06 0.1325 12
1.35944e+06 0.135 12
1.90899e+06 0.1375 12
2.54474e+06 0.14 12
3.31259e+06 0.1425 12
3.80345e+06 0.145 12
4.19154e+06 0.1475 12
4.26974e+06 0.15 12
4.2659e+06 0.1525 12
3.91916e+06 0.155 12
3.33321e+06 0.1575 12
2.7469e+06 0.16 12
2.20923e+06 0.1625 12
1.77375e+06 0.165 12
1.33629e+06 0.1675 12
1.00817e+06 0.17 12
754578 0.1725 12
620549 0.175 12
458172 0.1775 12
381462 0.18 12
310170 0.1825 12
248032 0.185 12
233300 0.1875 12
256398 0.19 12
405069 0.1925 12
636304 0.195 12
979525 0.1975 12
1.31756e+06 0.2 12
1.73788e+06 0.2025 12
2.0628e+06 0.205 12
2.16644e+06 0.2075 12
2.14847e+06 0.21 12
2.0032e+06 0.2125 12
1.7492e+06 0.215 12
1.46372e+06 0.2175 12
1.16252e+06 0.22 12
906924 0.2225 12
691394 0.225 12
599951 0.2275 12
525942 0.23 12
486576 0.2325 12
479045 0.235 12
459858 0.2375 12
408117 0.24 12
343587 0.2425 12
295319 0.245 12
266739 0.2475 12
259948 0.25 12
241970 0.2525 12
245770 0.255 12
280184 0.2575 12
316648 0.26 12
343170 0.2625 12
410464 0.265 12
459327 0.2675 12
576778 0.27 12
562078 0.2725 12
514834 0.275 12
708593 0.01 13
1.33458e+06 0.0125 13
2.00992e+06 0.015 13
2.54731e+06 0.0175 13
2.8107e+06 0.02 13
2.78219e+06 0.0225 13
2.55775e+06 0.025 13
2.27805e+06 0.0275 13
2.04266e+06 0.03 13
1.86373e+06 0.0325 13
1.68521e+06 0.035 13
1.44735e+06 0.0375 13
1.14662e+06 0.04 13
847446 0.0425 13
638783 0.045 13
568647 0.0475 13
605114 0.05 13
652949 0.0525 13
615454 0.055 13
459456 0.0575 13
239349 0.06 13
64211.4 0.0625 13
30181.7 0.065 13
162129 0.0675 13
400442 0.07 13
637640 0.0725 13
777845 0.075 13
780968 0.0775 13
668422 0.08 13
495339 0.0825 13
315018 0.085 13
160954 0.0875 13
53038 0.09 13
13447.8 0.0925 13
70826.4 0.095 13
243607 0.0975 13
514336 0.1 13
819317 0.1025 13
1.0706e+06 0.105 13
1.20416e+06 0.1075 13
1.22539e+06 0.11 13
1.21848e+06 0.1125 13
1.30546e+06 0.115 13
1.57269e+06 0.1175 13
2.00713e+06 0.12 13
2.48354e+06 0.1225 13
2.81709e+06 0.125 13
2.85724e+06 0.1275 13
2.573e+06 0.13 13
2.0813e+06 0.1325 13
1.60618e+06 0.135 13
1.35193e+06 0.1375 13
1.44763e+06 0.14 13
1.84941e+06 0.1425 13
2.39943e+06 0.145 13
2.8412e+06 0.1475 13
2.91544e+06 0.15 13
2.61265e+06 0.1525 13
2.10442e+06 0.155 13
1.46987e+06 0.1575 13
953020 0.16 13
729126 0.1625 13
768201 0.165 13
1.02607e+06 0.1675 13
1.28849e+06 0.17 13
1.43517e+06 0.1725 13
1.3853e+06 0.175 13
1.23881e+06 0.1775 13
994649 0.18 13
883377 0.1825 13
858816 0.185 13
1.00217e+06 0.1875 13
1.2541e+06 0.19 13
1.49633e+06 0.1925 13
1.60047e+06 0.195 13
1.33478e+06 0.1975 13
961485 0.2 13
637529 0.2025 13
437395 0.205 13
406151 0.2075 13
502587 0.21 13
626968 0.2125 13
783088 0.215 13
959161 0.2175 13
993793 0.22 13
997402 0.2225 13
973304 0.225 13
846756 0.2275 13
768173 0.23 13
596276 0.2325 13
518580 0.235 13
406143 0.2375 13
332306 0.24 13
359561 0.2425 13
449393 0.245 13
530064 0.2475 13
593041 0.25 13
631418 0.2525 13
597019 0.255 13
575836 0.2575 13
524331 0.26 13
480902 0.2625 13
431740 0.265 13
423260 0.2675 13
0 0.02 14
0 0.0225 14
0 0.025 14
0 0.0275 14
0 0.03 14
0 0.0325 14
0 0.035 14
5598.67 0.0375 14
33939.9 0.04 14
173884 0.0425 14
260935 0.045 14
331740 0.0475 14
766037 0.05 14
1.15161e+06 0.0525 14
1.40764e+06 0.055 14
1.63675e+06 0.0575 14
1.49347e+06 0.06 14
1.42187e+06 0.0625 14
1.28136e+06 0.065 14
1.18074e+06 0.0675 14
1.08337e+06 0.07 14
1.10916e+06 0.0725 14
1.23511e+06 0.075 14
1.4974e+06 0.0775 14
1.53784e+06 0.08 14
1.83854e+06 0.0825 14
2.16883e+06 0.085 14
2.13006e+06 0.0875 14
1.84121e+06 0.09 14
1.70485e+06 0.0925 14
1.61048e+06 0.095 14
1.57909e+06 0.0975 14
1.60294e+06 0.1 14
1.55402e+06 0.1025 14
1.4531e+06 0.105 14
1.33409e+06 0.1075 14
1.10125e+06 0.11 14
793051 0.1125 14
558443 0.115 14
376928 0.1175 14
317688 0.12 14
356139 0.1225 14
382495 0.125 14
552228 0.1275 14
902817 0.13 14
1.34077e+06 0.1325 14
1.86701e+06 0.135 14
2.25336e+06 0.1375 14
2.50858e+06 0.14 14
2.43201e+06 0.1425 14
2.15645e+06 0.145 14
1.71856e+06 0.1475 14
1.32439e+06 0.15 14
1.2642e+06 0.1525 14
1.42822e+06 0.155 14
1.87771e+06 0.1575 14
2.41001e+06 0.16 14
2.92011e+06 0.1625 14
3.19422e+06 0.165 14
3.26314e+06 0.1675 14
3.29303e+06 0.17 14
3.13681e+06 0.1725 14
2.9751e+06 0.175 14
2.80648e+06 0.1775 14
2.62857e+06 0.18 14
2.3046e+06 0.1825 14
1.93375e+06 0.185 14
1.71209e+06 0.1875 14
1.63e+06 0.19 14
1.79785e+06 0.1925 14
2.08601e+06 0.195 14
2.31746e+06 0.1975 14
2.25949e+06 0.2 14
2.18003e+06 0.2025 14
1.80664e+06 0.205 14
1.35526e+06 0.2075 14
930154 0.21 14
593553 0.2125 14
342207 0.215 14
251831 0.2175 14
190277 0.22 14
188428 0.2225 14
231009 0.225 14
389280 0.2275 14
616742 0.23 14
893041 0.2325 14
1.08122e+06 0.235 14
1.11137e+06 0.2375 14
1.02034e+06 0.24 14
880691 0.2425 14
782124 0.245 14
745459 0.2475 14
788628 0.25 14
868508 0.2525 14
956086 0.255 14
1.0054e+06 0.2575 14
0 0.0125 15
0 0.015 15
0 0.0175 15
0 0.02 15
0 0.0225 15
0 0.025 15
0 0.0275 15
0 0.03 15
0 0.0325 15
0 0.035 15
26.3141 0.0375 15
17494.2 0.04 15
26882.7 0.0425 15
127743 0.045 15
297716 0.0475 15
387117 0.05 15
600136 0.0525 15
876237 0.055 15
1.1085e+06 0.0575 15
1.34602e+06 0.06 15
1.49836e+06 0.0625 15
1.59375e+06 0.065 15
1.68961e+06 0.0675 15
1.70851e+06 0.07 15
1.70646e+06 0.0725 15
1.68891e+06 0.075 15
1.87442e+06 0.0775 15
1.88594e+06 0.08 15
1.98916e+06 0.0825 15
2.1201e+06 0.085 15
2.14492e+06 0.0875 15
2.00954e+06 0.09 15
1.81025e+06 0.0925 15
1.65704e+06 0.095 15
1.57676e+06 0.0975 15
1.51692e+06 0.1 15
1.31496e+06 0.1025 15
1.30253e+06 0.105 15
1.29866e+06 0.1075 15
1.18934e+06 0.11 15
952245 0.1125 15
884353 0.115 15
963204 0.1175 15
1.30536e+06 0.12 15
1.50953e+06 0.1225 15
1.78777e+06 0.125 15
1.98232e+06 0.1275 15
1.93765e+06 0.13 15
1.85801e+06 0.1325 15
1.82769e+06 0.135 15
1.69541e+06 0.1375 15
1.60003e+06 0.14 15
1.77713e+06 0.1425 15
2.03309e+06 0.145 15
2.34495e+06 0.1475 15
2.69811e+06 0.15 15
2.68305e+06 0.1525 15
2.5805e+06 0.155 15
2.11743e+06 0.1575 15
1.56985e+06 0.16 15
929854 0.1625 15
426499 0.165 15
244027 0.1675 15
395458 0.17 15
788291 0.1725 15
1.32806e+06 0.175 15
1.77932e+06 0.1775 15
2.12822e+06 0.18 15
2.00786e+06 0.1825 15
1.70436e+06 0.185 15
1.28596e+06 0.1875 15
887809 0.19 15
557031 0.1925 15
382865 0.195 15
322486 0.1975 15
285323 0.2 15
299892 0.2025 15
245808 0.205 15
152594 0.2075 15
97261.5 0.21 15
123705 0.2125 15
253685 0.215 15
419483 0.2175 15
624195 0.22 15
728069 0.2225 15
727350 0.225 15
673429 0.2275 15
567325 0.23 15
516898 0.2325 15
539090 0.235 15
722328 0.2375 15
929773 0.24 15
1.08815e+06 0.2425 15
1.11696e+06 0.245 15
1.04536e+06 0.2475 15
6655.35 0.0025 16
101284 0.005 16
471718 0.0075 16
1.32665e+06 0.01 16
2.78747e+06 0.0125 16
4.80928e+06 0.015 16
7.16024e+06 0.0175 16
9.46349e+06 0.02 16
1.12837e+07 0.0225 16
1.22311e+07 0.025 16
1.20588e+07 0.0275 16
1.07351e+07 0.03 16
8.47912e+06 0.0325 16
5.74442e+06 0.035 16
3.14254e+06 0.0375 16
1.30646e+06 0.04 16
719107 0.0425 16
1.55609e+06 0.045 16
3.60286e+06 0.0475 16
6.2913e+06 0.05 16
8.85942e+06 0.0525 16
1.05863e+07 0.055 16
1.10182e+07 0.0575 16
1.00991e+07 0.06 16
8.15795e+06 0.0625 16
5.76377e+06 0.065 16
3.5133e+06 0.0675 16
1.8395e+06 0.07 16
910529 0.0725 16
642045 0.075 16
795070 0.0775 16
1.10176e+06 0.08 16
1.36283e+06 0.0825 16
1.48691e+06 0.085 16
1.47587e+06 0.0875 16
1.38195e+06 0.09 16
1.2659e+06 0.0925 16
1.1725e+06 0.095 16
1.12403e+06 0.0975 16
1.12285e+06 0.1 16
1.15497e+06 0.1025 16
1.19298e+06 0.105 16
1.20175e+06 0.1075 16
1.14964e+06 0.11 16
1.02264e+06 0.1125 16
834635 0.115 16
626708 0.1175 16
454225 0.12 16
367103 0.1225 16
392370 0.125 16
526196 0.1275 16
736977 0.13 16
975768 0.1325 16
1.19346e+06 0.135 16
1.33504e+06 0.1375 16
1.37367e+06 0.14 16
1.29728e+06 0.1425 16
1.11447e+06 0.145 16
897951 0.1475 16
632714 0.15 16
370660 0.1525 16
271012 0.155 16
284977 0.1575 16
377278 0.16 16
490705 0.1625 16
562116 0.165 16
668164 0.1675 16
856059 0.17 16
1.05092e+06 0.1725 16
1.20636e+06 0.175 16
1.34291e+06 0.1775 16
1.56741e+06 0.18 16
1.72916e+06 0.1825 16
1.68747e+06 0.185 16
1.54476e+06 0.1875 16
1.43612e+06 0.19 16
1.13566e+06 0.1925 16
954431 0.195 16
847796 0.1975 16
703504 0.2 16
649395 0.2025 16
573830 0.205 16
532709 0.2075 16
488054 0.21 16
476915 0.2125 16
528588 0.215 16
630810 0.2175 16
776607 0.22 16
1.03937e+06 0.2225 16
1.27213e+06 0.225 16
1.4055e+06 0.2275 16
1.4766e+06 0.23 16
1.37862e+06 0.2325 16
1.06333e+06 0.235 16
794385 0.2375 16
0 0.0025 17
0 0.005 17
0 0.0075 17
0 0.01 17
0 0.0125 17
0 0.015 17
0 0.0175 17
0 0.02 17
0 0.0225 17
0 0.025 17
0 0.0275 17
0 0.03 17
0 0.0325 17
0 0.035 17
0 0.0375 17
0 0.04 17
0 0.0425 17
0 0.045 17
0 0.0475 17
0 0.05 17
0 0.0525 17
0 0.055 17
0 0.0575 17
3264.68 0.06 17
4771.07 0.0625 17
24329.8 0.065 17
149166 0.0675 17
169417 0.07 17
385866 0.0725 17
770347 0.075 17
1.09049e+06 0.0775 17
1.46092e+06 0.08 17
1.81353e+06 0.0825 17
2.02528e+06 0.085 17
2.00806e+06 0.0875 17
2.22189e+06 0.09 17
1.9505e+06 0.0925 17
1.96377e+06 0.095 17
1.88193e+06 0.0975 17
1.88064e+06 0.1 17
1.67517e+06 0.1025 17
1.7619e+06 0.105 17
1.73093e+06 0.1075 17
1.96281e+06 0.11 17
1.93128e+06 0.1125 17
2.11222e+06 0.115 17
2.18228e+06 0.1175 17
2.13242e+06 0.12 17
2.18633e+06 0.1225 17
2.04997e+06 0.125 17
2.02412e+06 0.1275 17
2.18124e+06 0.13 17
2.39813e+06 0.1325 17
2.60239e+06 0.135 17
2.66828e+06 0.1375 17
2.64107e+06 0.14 17
2.52352e+06 0.1425 17
2.15739e+06 0.145 17
1.78462e+06 0.1475 17
1.35362e+06 0.15 17
933215 0.1525 17
709206 0.155 17
466621 0.1575 17
473273 0.16 17
541746 0.1625 17
610432 0.165 17
720616 0.1675 17
881285 0.17 17
1.05487e+06 0.1725 17
1.24133e+06 0.175 17
1.3473e+06 0.1775 17
1.44631e+06 0.18 17
1.41648e+06 0.1825 17
1.21618e+06 0.185 17
899732 0.1875 17
576191 0.19 17
370256 0.1925 17
386732 0.195 17
585384 0.1975 17
919239 0.2 17
1.25719e+06 0.2025 17
1.46994e+06 0.205 17
1.5015e+06 0.2075 17
1.30747e+06 0.21 17
1.00347e+06 0.2125 17
687164 0.215 17
450107 0.2175 17
338995 0.22 17
353885 0.2225 17
448306 0.225 17
0 0.0025 18
0 0.005 18
0 0.0075 18
0 0.01 18
0 0.0125 18
0 0.015 18
16639.2 0.0175 18
61779.5 0.02 18
180670 0.0225 18
461571 0.025 18
733398 0.0275 18
1.01465e+06 0.03 18
1.0893e+06 0.0325 18
1.3099e+06 0.035 18
1.30788e+06 0.0375 18
1.35618e+06 0.04 18
1.29731e+06 0.0425 18
1.19032e+06 0.045 18
1.31878e+06 0.0475 18
1.62888e+06 0.05 18
2.05255e+06 0.0525 18
2.4729e+06 0.055 18
2.69943e+06 0.0575 18
2.6327e+06 0.06 18
2.27278e+06 0.0625 18
1.72342e+06 0.065 18
1.1394e+06 0.0675 18
657037 0.07 18
345220 0.0725 18
198059 0.075 18
162978 0.0775 18
179422 0.08 18
203963 0.0825 18
214294 0.085 18
202708 0.0875 18
174660 0.09 18
156995 0.0925 18
204260 0.095 18
385612 0.0975 18
747092 0.1 18
1.26671e+06 0.1025 18
1.83491e+06 0.105 18
2.28563e+06 0.1075 18
2.47332e+06 0.11 18
2.35791e+06 0.1125 18
2.04544e+06 0.115 18
1.75271e+06 0.1175 18
1.70233e+06 0.12 18
2.00404e+06 0.1225 18
2.58293e+06 0.125 18
3.2492e+06 0.1275 18
3.73796e+06 0.13 18
3.8673e+06 0.1325 18
3.67348e+06 0.135 18
3.189e+06 0.1375 18
2.74278e+06 0.14 18
2.45973e+06 0.1425 18
2.32208e+06 0.145 18
2.36983e+06 0.1475 18
2.29609e+06 0.15 18
2.14275e+06 0.1525 18
1.78162e+06 0.155 18
1.3367e+06 0.1575 18
937335 0.16 18
661178 0.1625 18
431277 0.165 18
315553 0.1675 18
258105 0.17 18
242239 0.1725 18
202065 0.175 18
169877 0.1775 18
142850 0.18 18
150187 0.1825 18
189414 0.185 18
192363 0.1875 18
190080 0.19 18
192092 0.1925 18
201885 0.195 18
222758 0.1975 18
299266 0.2 18
365554 0.2025 18
447233 0.205 18
541312 0.2075 18
607787 0.21 18
561288 0.2125 18
0 0.0025 19
0 0.005 19
0 0.0075 19
0 0.01 19
0 0.0125 19
0 0.015 19
0 0.0175 19
0 0.02 19
688.43 0.0225 19
35487.7 0.025 19
82585.9 0.0275 19
123618 0.03 19
318218 0.0325 19
357222 0.035 19
479583 0.0375 19
537344 0.04 19
563013 0.0425 19
614159 0.045 19
604101 0.0475 19
541679 0.05 19
534935 0.0525 19
560629 0.055 19
724595 0.0575 19
1.00922e+06 0.06 19
1.20949e+06 0.0625 19
1.40639e+06 0.065 19
1.60592e+06 0.0675 19
1.90868e+06 0.07 19
2.26343e+06 0.0725 19
2.93029e+06 0.075 19
3.81125e+06 0.0775 19
4.75179e+06 0.08 19
5.50611e+06 0.0825 19
5.82085e+06 0.085 19
5.53724e+06 0.0875 19
4.66578e+06 0.09 19
3.39653e+06 0.0925 19
2.03718e+06 0.095 19
903983 0.0975 19
212554 0.1 19
14067.6 0.1025 19
199700 0.105 19
564559 0.1075 19
897508 0.11 19
1.06005e+06 0.1125 19
1.01042e+06 0.115 19
805957 0.1175 19
538875 0.12 19
310619 0.1225 19
202384 0.125 19
223223 0.1275 19
306835 0.13 19
451217 0.1325 19
544646 0.135 19
582828 0.1375 19
546762 0.14 19
410100 0.1425 19
254597 0.145 19
117232 0.1475 19
62367.7 0.15 19
105743 0.1525 19
236327 0.155 19
353029 0.1575 19
456190 0.16 19
467562 0.1625 19
416773 0.165 19
323152 0.1675 19
228665 0.17 19
148306 0.1725 19
100592 0.175 19
92858.3 0.1775 19
96422.1 0.18 19
87575.8 0.1825 19
96999.5 0.185 19
85341.1 0.1875 19
79194.3 0.19 19
71775.8 0.1925 19
45071.9 0.195 19
28724.1 0.1975 19
0 0.0025 20
0 0.005 20
0 0.0075 20
0 0.01 20
0 0.0125 20
0 0.015 20
0 0.0175 20
0 0.02 20
0 0.0225 20
0 0.025 20
0 0.0275 20
0 0.03 20
0 0.0325 20
0 0.035 20
0 0.0375 20
0 0.04 20
0 0.0425 20
0 0.045 20
0 0.0475 20
0 0.05 20
0 0.0525 20
19021.3 0.055 20
90289.5 0.0575 20
37682.6 0.06 20
103089 0.0625 20
133473 0.065 20
267285 0.0675 20
349007 0.07 20
444155 0.0725 20
401963 0.075 20
425458 0.0775 20
475166 0.08 20
390460 0.0825 20
282900 0.085 20
238123 0.0875 20
98989.2 0.09 20
65498.6 0.0925 20
74661.4 0.095 20
87122.3 0.0975 20
191492 0.1 20
255381 0.1025 20
349164 0.105 20
541710 0.1075 20
745175 0.11 20
952637 0.1125 20
1.11387e+06 0.115 20
1.2755e+06 0.1175 20
1.27368e+06 0.12 20
1.22904e+06 0.1225 20
1.17044e+06 0.125 20
1.08225e+06 0.1275 20
855459 0.13 20
821857 0.1325 20
698477 0.135 20
585625 0.1375 20
445858 0.14 20
413428 0.1425 20
393059 0.145 20
386156 0.1475 20
374644 0.15 20
386666 0.1525 20
391578 0.155 20
373527 0.1575 20
324350 0.16 20
280957 0.1625 20
346476 0.165 20
524276 0.1675 20
774523 0.17 20
987345 0.1725 20
1.13983e+06 0.175 20
1.10403e+06 0.1775 20
8238.09 0.0025 21
29895.3 0.005 21
57725 0.0075 21
84708.9 0.01 21
108032 0.0125 21
130460 0.015 21
159218 0.0175 21
203967 0.02 21
274961 0.0225 21
380668 0.025 21
523417 0.0275 21
693408 0.03 21
864662 0.0325 21
997973 0.035 21
1.05322e+06 0.0375 21
1.00722e+06 0.04 21
867693 0.0425 21
673988 0.045 21
481672 0.0475 21
338228 0.05 21
263272 0.0525 21
244759 0.055 21
252983 0.0575 21
263200 0.06 21
272635 0.0625 21
301958 0.065 21
381536 0.0675 21
531800 0.07 21
749039 0.0725 21
1.00263e+06 0.075 21
1.24224e+06 0.0775 21
1.40982e+06 0.08 21
1.45265e+06 0.0825 21
1.33778e+06 0.085 21
1.06801e+06 0.0875 21
695201 0.09 21
320453 0.0925 21
71386.1 0.095 21
56669.7 0.0975 21
314232 0.1 21
780312 0.1025 21
1.30217e+06 0.105 21
1.69646e+06 0.1075 21
1.82874e+06 0.11 21
1.67395e+06 0.1125 21
1.32447e+06 0.115 21
940197 0.1175 21
667081 0.12 21
568607 0.1225 21
606257 0.125 21
675927 0.1275 21
675283 0.13 21
561585 0.1325 21
368860 0.135 21
180040 0.1375 21
76426.7 0.14 21
95022.6 0.1425 21
213823 0.145 21
379861 0.1475 21
534951 0.15 21
644782 0.1525 21
675617 0.155 21
665848 0.1575 21
578812 0.16 21
0 0.0025 22
0 0.005 22
0 0.0075 22
0 0.01 22
0 0.0125 22
0 0.015 22
0 0.0175 22
0 0.02 22
0 0.0225 22
0 0.025 22
0 0.0275 22
0 0.03 22
0 0.0325 22
0 0.035 22
0 0.0375 22
0 0.04 22
230.502 0.0425 22
3321.21 0.045 22
2208.08 0.0475 22
9387.04 0.05 22
44484.1 0.0525 22
59812.2 0.055 22
93213.1 0.0575 22
109075 0.06 22
121131 0.0625 22
184708 0.065 22
311199 0.0675 22
352659 0.07 22
390570 0.0725 22
449229 0.075 22
436906 0.0775 22
323918 0.08 22
182025 0.0825 22
63293 0.085 22
35892.8 0.0875 22
38914.5 0.09 22
69574.5 0.0925 22
156944 0.095 22
209425 0.0975 22
287158 0.1 22
359956 0.1025 22
366382 0.105 22
331959 0.1075 22
277578 0.11 22
245471 0.1125 22
224060 0.115 22
148031 0.1175 22
150314 0.12 22
149889 0.1225 22
180594 0.125 22
316341 0.1275 22
514862 0.13 22
736477 0.1325 22
917051 0.135 22
1.12494e+06 0.1375 22
0 0.0025 23
0 0.005 23
0 0.0075 23
0 0.01 23
0 0.0125 23
0 0.015 23
0 0.0175 23
0 0.02 23
0 0.0225 23
0 0.025 23
0 0.0275 23
0 0.03 23
872.615 0.0325 23
11537.3 0.035 23
20843.9 0.0375 23
32591.8 0.04 23
36944.8 0.0425 23
78345 0.045 23
98329.8 0.0475 23
172866 0.05 23
156562 0.0525 23
206657 0.055 23
155020 0.0575 23
151347 0.06 23
112062 0.0625 23
77586 0.065 23
50747.6 0.0675 23
29528.3 0.07 23
25425.3 0.0725 23
13083.5 0.075 23
7792.95 0.0775 23
15843 0.08 23
29671.3 0.0825 23
40913.8 0.085 23
70940.7 0.0875 23
75914.8 0.09 23
94371 0.0925 23
131896 0.095 23
201971 0.0975 23
282058 0.1 23
448820 0.1025 23
