5098.58 0.0843 0
4539.14 0.0853 0
4155.85 0.0863 0
3967.05 0.0873 0
3941.01 0.0883 0
3995.87 0.0893 0
4130.22 0.0903 0
4417.23 0.0913 0
4718.21 0.0923 0
4987.85 0.0933 0
5190.7 0.0943 0
5332.27 0.0953 0
5379.77 0.0963 0
5351.86 0.0973 0
5259.86 0.0983 0
5079.31 0.0993 0
4878.74 0.1003 0
4649.53 0.1013 0
4407.62 0.1023 0
4218.73 0.1033 0
3984.14 0.1043 0
3808.12 0.1053 0
3661.54 0.1063 0
3475.85 0.1073 0
3347.78 0.1083 0
3240.91 0.1093 0
3096.82 0.1103 0
2980.81 0.1113 0
2853.39 0.1123 0
2697.12 0.1133 0
2520.85 0.1143 0
2336.93 0.1153 0
2147.95 0.1163 0
1933.28 0.1173 0
1725.98 0.1183 0
1526.01 0.1193 0
1335.44 0.1203 0
1150.87 0.1213 0
1018.67 0.1223 0
892.209 0.1233 0
796.849 0.1243 0
728.632 0.1253 0
678.417 0.1263 0
672.229 0.1273 0
672.258 0.1283 0
687.797 0.1293 0
695.645 0.1303 0
731.218 0.1313 0
769.651 0.1323 0
823.276 0.1333 0
865.537 0.1343 0
911.354 0.1353 0
961.034 0.1363 0
1002.87 0.1373 0
1017.7 0.1383 0
1018.54 0.1393 0
1004.19 0.1403 0
1003.66 0.1413 0
979.518 0.1423 0
948.571 0.1433 0
917.511 0.1443 0
876.877 0.1453 0
837.213 0.1463 0
784.725 0.1473 0
732.943 0.1483 0
690.133 0.1493 0
655.855 0.1503 0
617.682 0.1513 0
594.151 0.1523 0
594.202 0.1533 0
583.695 0.1543 0
589.36 0.1553 0
591.291 0.1563 0
599.829 0.1573 0
606.925 0.1583 0
607.69 0.1593 0
606.263 0.1603 0
611.441 0.1613 0
623.407 0.1623 0
641.61 0.1633 0
642.152 0.1643 0
666.212 0.1653 0
679.638 0.1663 0
699.842 0.1673 0
728.591 0.1683 0
720.749 0.1693 0
712.473 0.1703 0
722.71 0.1713 0
730.129 0.1723 0
732.766 0.1733 0
739.855 0.1743 0
713.903 0.1753 0
699.496 0.1763 0
672.09 0.1773 0
641.453 0.1783 0
620.92 0.1793 0
583.721 0.1803 0
548.966 0.1813 0
519.328 0.1823 0
476.833 0.1833 0
450.28 0.1843 0
425.398 0.1853 0
418.171 0.1863 0
418.728 0.1873 0
423.208 0.1883 0
454.576 0.1893 0
490.973 0.1903 0
533.613 0.1913 0
586.786 0.1923 0
628.462 0.1933 0
673.572 0.1943 0
723.128 0.1953 0
749.084 0.1963 0
779.643 0.1973 0
780.426 0.1983 0
780.727 0.1993 0
774.958 0.2003 0
757.157 0.2013 0
733.709 0.2023 0
693.839 0.2033 0
656.36 0.2043 0
617.282 0.2053 0
572.864 0.2063 0
543.897 0.2073 0
511.666 0.2083 0
491.01 0.2093 0
477.99 0.2103 0
468.028 0.2113 0
473.067 0.2123 0
482.877 0.2133 0
479.543 0.2143 0
498.137 0.2153 0
516.668 0.2163 0
545.455 0.2173 0
568.004 0.2183 0
584.603 0.2193 0
589.581 0.2203 0
583.827 0.2213 0
581.894 0.2223 0
573.407 0.2233 0
548.078 0.2243 0
525.957 0.2253 0
503.717 0.2263 0
466.599 0.2273 0
435.026 0.2283 0
411.614 0.2293 0
384.328 0.2303 0
352.263 0.2313 0
331.016 0.2323 0
316.085 0.2333 0
300.416 0.2343 0
295.235 0.2353 0
309.155 0.2363 0
316.125 0.2373 0
328.694 0.2383 0
344.573 0.2393 0
368.954 0.2403 0
385.348 0.2413 0
401.383 0.2423 0
413.676 0.2433 0
415.515 0.2443 0
421.448 0.2453 0
420.731 0.2463 0
397.044 0.2473 0
377.311 0.2483 0
359.567 0.2493 0
338.496 0.2503 0
318.951 0.2513 0
304.043 0.2523 0
284.983 0.2533 0
276.207 0.2543 0
263.751 0.2553 0
256.071 0.2563 0
257.297 0.2573 0
259.352 0.2583 0
257.448 0.2593 0
264.612 0.2603 0
267.572 0.2613 0
274.972 0.2623 0
276.266 0.2633 0
279.653 0.2643 0
283.231 0.2653 0
281.505 0.2663 0
280.188 0.2673 0
277.569 0.2683 0
276.633 0.2693 0
272.071 0.2703 0
266.327 0.2713 0
263.41 0.2723 0
260.758 0.2733 0
260.039 0.2743 0
263.059 0.2753 0
270.41 0.2763 0
274.108 0.2773 0
277.231 0.2783 0
288.222 0.2793 0
291.914 0.2803 0
302.638 0.2813 0
305.562 0.2823 0
309.08 0.2833 0
307.675 0.2843 0
305.693 0.2853 0
300.648 0.2863 0
284.884 0.2873 0
275.899 0.2883 0
263.673 0.2893 0
254.996 0.2903 0
234.987 0.2913 0
223.057 0.2923 0
209.097 0.2933 0
202.084 0.2943 0
194.515 0.2953 0
192.409 0.2963 0
188.203 0.2973 0
188.122 0.2983 0
191.946 0.2993 0
196.22 0.3003 0
193.41 0.3013 0
199.704 0.3023 0
200.734 0.3033 0
200.546 0.3043 0
194.766 0.3053 0
188.301 0.3063 0
184.076 0.3073 0
175.123 0.3083 0
165.276 0.3093 0
154.356 0.3103 0
145.27 0.3113 0
137.201 0.3123 0
128.476 0.3133 0
122.503 0.3143 0
119.741 0.3153 0
119.031 0.3163 0
121.256 0.3173 0
123.684 0.3183 0
129.472 0.3193 0
136.507 0.3203 0
143.285 0.3213 0
149.687 0.3223 0
153.466 0.3233 0
157.51 0.3243 0
156.851 0.3253 0
156.074 0.3263 0
151.608 0.3273 0
143.65 0.3283 0
137.05 0.3293 0
126.128 0.3303 0
113.245 0.3313 0
105.472 0.3323 0
0 0.0833 1
0 0.0843 1
0 0.0853 1
0 0.0863 1
0 0.0873 1
0 0.0883 1
0 0.0893 1
0 0.0903 1
0 0.0913 1
0 0.0923 1
0 0.0933 1
0 0.0943 1
0 0.0953 1
0 0.0963 1
0 0.0973 1
0 0.0983 1
0 0.0993 1
0 0.1003 1
0 0.1013 1
0 0.1023 1
0 0.1033 1
0 0.1043 1
0 0.1053 1
0 0.1063 1
0 0.1073 1
0 0.1083 1
0 0.1093 1
0 0.1103 1
0 0.1113 1
0 0.1123 1
0 0.1133 1
0 0.1143 1
0 0.1153 1
0 0.1163 1
0 0.1173 1
0 0.1183 1
0 0.1193 1
0 0.1203 1
0 0.1213 1
0 0.1223 1
0 0.1233 1
0 0.1243 1
0 0.1253 1
0 0.1263 1
0 0.1273 1
0 0.1283 1
0 0.1293 1
0 0.1303 1
0 0.1313 1
0 0.1323 1
0 0.1333 1
0 0.1343 1
0 0.1353 1
0 0.1363 1
0 0.1373 1
0 0.1383 1
0 0.1393 1
0 0.1403 1
0 0.1413 1
0 0.1423 1
0 0.1433 1
0 0.1443 1
0 0.1453 1
0 0.1463 1
0 0.1473 1
0 0.1483 1
0 0.1493 1
0 0.1503 1
0 0.1513 1
0 0.1523 1
0 0.1533 1
0 0.1543 1
0 0.1553 1
0 0.1563 1
0 0.1573 1
0 0.1583 1
0 0.1593 1
0 0.1603 1
0 0.1613 1
0 0.1623 1
0 0.1633 1
0 0.1643 1
0 0.1653 1
0 0.1663 1
0 0.1673 1
0 0.1683 1
0 0.1693 1
0 0.1703 1
0 0.1713 1
0 0.1723 1
0 0.1733 1
0 0.1743 1
0 0.1753 1
0 0.1763 1
0 0.1773 1
0 0.1783 1
0 0.1793 1
0 0.1803 1
0 0.1813 1
0 0.1823 1
0 0.1833 1
0 0.1843 1
0 0.1853 1
0 0.1863 1
0 0.1873 1
0 0.1883 1
0 0.1893 1
0 0.1903 1
0 0.1913 1
0 0.1923 1
0 0.1933 1
0 0.1943 1
0 0.1953 1
0 0.1963 1
0 0.1973 1
0 0.1983 1
0 0.1993 1
0 0.2003 1
0 0.2013 1
0 0.2023 1
0 0.2033 1
0 0.2043 1
0 0.2053 1
0 0.2063 1
0 0.2073 1
0 0.2083 1
0 0.2093 1
0 0.2103 1
0 0.2113 1
0 0.2123 1
0 0.2133 1
0 0.2143 1
0 0.2153 1
0 0.2163 1
0 0.2173 1
0 0.2183 1
0 0.2193 1
0 0.2203 1
0 0.2213 1
0 0.2223 1
0 0.2233 1
0 0.2243 1
0 0.2253 1
0 0.2263 1
0 0.2273 1
0 0.2283 1
0 0.2293 1
0 0.2303 1
0 0.2313 1
0 0.2323 1
0 0.2333 1
0 0.2343 1
0 0.2353 1
0 0.2363 1
0 0.2373 1
0 0.2383 1
0 0.2393 1
0 0.2403 1
0 0.2413 1
0 0.2423 1
0 0.2433 1
0 0.2443 1
0 0.2453 1
0 0.2463 1
0 0.2473 1
0 0.2483 1
0 0.2493 1
0 0.2503 1
0 0.2513 1
0 0.2523 1
0 0.2533 1
0 0.2543 1
0 0.2553 1
0 0.2563 1
0 0.2573 1
0 0.2583 1
0 0.2593 1
0 0.2603 1
0 0.2613 1
0 0.2623 1
0 0.2633 1
0 0.2643 1
0 0.2653 1
0 0.2663 1
0 0.2673 1
0 0.2683 1
0 0.2693 1
0 0.2703 1
0 0.2713 1
0 0.2723 1
0 0.2733 1
0 0.2743 1
0 0.2753 1
0 0.2763 1
0 0.2773 1
0 0.2783 1
0 0.2793 1
0 0.2803 1
0 0.2813 1
0 0.2823 1
0 0.2833 1
0 0.2843 1
0 0.2853 1
0 0.2863 1
0 0.2873 1
0 0.2883 1
0 0.2893 1
0 0.2903 1
0 0.2913 1
0 0.2923 1
0 0.2933 1
0 0.2943 1
0 0.2953 1
0 0.2963 1
0 0.2973 1
0 0.2983 1
0 0.2993 1
0 0.3003 1
0 0.3013 1
0 0.3023 1
0 0.3033 1
0 0.3043 1
0 0.3053 1
0 0.3063 1
0 0.3073 1
0 0.3083 1
0 0.3093 1
0 0.3103 1
0 0.3113 1
0 0.3123 1
0 0.3133 1
0 0.3143 1
0 0.3153 1
0 0.3163 1
0 0.3173 1
0 0.3183 1
0 0.3193 1
0 0.3203 1
0 0.3213 1
0 0.3223 1
0 0.3233 1
0 0.3243 1
0 0.3253 1
0 0.3263 1
0 0.3273 1
0 0.3283 1
0 0.3293 1
0 0.3303 1
0 0.3313 1
0 0.3323 1
0 0.0833 2
0 0.0843 2
0 0.0853 2
0 0.0863 2
0 0.0873 2
0 0.0883 2
0 0.0893 2
0 0.0903 2
0 0.0913 2
0 0.0923 2
0 0.0933 2
0 0.0943 2
0 0.0953 2
0 0.0963 2
0 0.0973 2
0 0.0983 2
0 0.0993 2
0 0.1003 2
0 0.1013 2
0 0.1023 2
0 0.1033 2
0 0.1043 2
0 0.1053 2
0 0.1063 2
0 0.1073 2
0 0.1083 2
0 0.1093 2
0 0.1103 2
0 0.1113 2
0 0.1123 2
0 0.1133 2
0 0.1143 2
0 0.1153 2
0 0.1163 2
0 0.1173 2
0 0.1183 2
0 0.1193 2
0 0.1203 2
0 0.1213 2
0 0.1223 2
0 0.1233 2
0 0.1243 2
0 0.1253 2
0 0.1263 2
0 0.1273 2
0 0.1283 2
0 0.1293 2
0 0.1303 2
0 0.1313 2
0 0.1323 2
0 0.1333 2
0 0.1343 2
0 0.1353 2
0 0.1363 2
0 0.1373 2
0 0.1383 2
0 0.1393 2
0 0.1403 2
0 0.1413 2
0 0.1423 2
0 0.1433 2
0 0.1443 2
0 0.1453 2
0 0.1463 2
0 0.1473 2
0 0.1483 2
0 0.1493 2
0 0.1503 2
0 0.1513 2
0 0.1523 2
0 0.1533 2
0 0.1543 2
0 0.1553 2
0 0.1563 2
0 0.1573 2
0 0.1583 2
0 0.1593 2
0 0.1603 2
0 0.1613 2
0 0.1623 2
0 0.1633 2
0 0.1643 2
0 0.1653 2
0 0.1663 2
0 0.1673 2
0 0.1683 2
0 0.1693 2
0 0.1703 2
0 0.1713 2
0 0.1723 2
0 0.1733 2
0 0.1743 2
0 0.1753 2
0 0.1763 2
0 0.1773 2
0 0.1783 2
0 0.1793 2
0 0.1803 2
0 0.1813 2
0 0.1823 2
0 0.1833 2
0 0.1843 2
0 0.1853 2
0 0.1863 2
0 0.1873 2
0 0.1883 2
0 0.1893 2
0 0.1903 2
0 0.1913 2
0 0.1923 2
0 0.1933 2
0 0.1943 2
0 0.1953 2
0 0.1963 2
0 0.1973 2
0 0.1983 2
0 0.1993 2
0 0.2003 2
0 0.2013 2
0 0.2023 2
0 0.2033 2
0 0.2043 2
0 0.2053 2
0 0.2063 2
0 0.2073 2
0 0.2083 2
0 0.2093 2
0 0.2103 2
0 0.2113 2
0 0.2123 2
0 0.2133 2
0 0.2143 2
0 0.2153 2
0 0.2163 2
0 0.2173 2
0 0.2183 2
0 0.2193 2
0 0.2203 2
0 0.2213 2
0 0.2223 2
0 0.2233 2
0 0.2243 2
0 0.2253 2
0 0.2263 2
0 0.2273 2
0 0.2283 2
0 0.2293 2
0 0.2303 2
0 0.2313 2
0 0.2323 2
0 0.2333 2
0 0.2343 2
0 0.2353 2
0 0.2363 2
0 0.2373 2
0 0.2383 2
0 0.2393 2
0 0.2403 2
0 0.2413 2
0 0.2423 2
0 0.2433 2
0 0.2443 2
0 0.2453 2
0 0.2463 2
0 0.2473 2
0 0.2483 2
0 0.2493 2
0 0.2503 2
0 0.2513 2
0 0.2523 2
0 0.2533 2
0 0.2543 2
0 0.2553 2
0 0.2563 2
0 0.2573 2
0 0.2583 2
0 0.2593 2
0 0.2603 2
0 0.2613 2
0 0.2623 2
0 0.2633 2
0 0.2643 2
0 0.2653 2
0 0.2663 2
0 0.2673 2
0 0.2683 2
0 0.2693 2
0 0.2703 2
0 0.2713 2
0 0.2723 2
0 0.2733 2
0 0.2743 2
0 0.2753 2
0 0.2763 2
0 0.2773 2
0 0.2783 2
0 0.2793 2
0 0.2803 2
0 0.2813 2
0 0.2823 2
0 0.2833 2
0 0.2843 2
0 0.2853 2
0 0.2863 2
0 0.2873 2
0 0.2883 2
0 0.2893 2
0 0.2903 2
0 0.2913 2
0 0.2923 2
0 0.2933 2
0 0.2943 2
0 0.2953 2
0 0.2963 2
0 0.2973 2
0 0.2983 2
0 0.2993 2
0 0.3003 2
0 0.3013 2
0 0.3023 2
0 0.3033 2
0 0.3043 2
0 0.3053 2
0 0.3063 2
0 0.3073 2
0 0.3083 2
0 0.3093 2
0 0.3103 2
0 0.3113 2
0 0.3123 2
0 0.3133 2
0 0.3143 2
0 0.3153 2
0 0.3163 2
0 0.3173 2
0 0.3183 2
0 0.3193 2
0 0.3203 2
0 0.3213 2
0 0.3223 2
0 0.3233 2
0 0.3243 2
0 0.3253 2
0 0.3263 2
0 0.3273 2
0 0.3283 2
0 0.3293 2
0 0.3303 2
0 0.3313 2
0 0.3323 2
0 0.0833 3
0 0.0843 3
0 0.0853 3
0 0.0863 3
0 0.0873 3
0 0.0883 3
0 0.0893 3
0 0.0903 3
0 0.0913 3
0 0.0923 3
0 0.0933 3
0 0.0943 3
0 0.0953 3
0 0.0963 3
0 0.0973 3
0 0.0983 3
0 0.0993 3
0 0.1003 3
0 0.1013 3
0 0.1023 3
0 0.1033 3
0 0.1043 3
0 0.1053 3
0 0.1063 3
0 0.1073 3
0 0.1083 3
0 0.1093 3
0 0.1103 3
0 0.1113 3
0 0.1123 3
0 0.1133 3
0 0.1143 3
0 0.1153 3
0 0.1163 3
0 0.1173 3
0 0.1183 3
0 0.1193 3
0 0.1203 3
0 0.1213 3
0 0.1223 3
0 0.1233 3
0 0.1243 3
0 0.1253 3
0 0.1263 3
0 0.1273 3
0 0.1283 3
0 0.1293 3
0 0.1303 3
0 0.1313 3
0 0.1323 3
0 0.1333 3
0 0.1343 3
0 0.1353 3
0 0.1363 3
0 0.1373 3
0 0.1383 3
0 0.1393 3
0 0.1403 3
0 0.1413 3
0 0.1423 3
0 0.1433 3
0 0.1443 3
0 0.1453 3
0 0.1463 3
0 0.1473 3
0 0.1483 3
0 0.1493 3
0 0.1503 3
0 0.1513 3
0 0.1523 3
0 0.1533 3
0 0.1543 3
0 0.1553 3
0 0.1563 3
0 0.1573 3
0 0.1583 3
0 0.1593 3
0 0.1603 3
0 0.1613 3
0 0.1623 3
0 0.1633 3
0 0.1643 3
0 0.1653 3
0 0.1663 3
0 0.1673 3
0 0.1683 3
0 0.1693 3
0 0.1703 3
0 0.1713 3
0 0.1723 3
0 0.1733 3
0 0.1743 3
0 0.1753 3
0 0.1763 3
0 0.1773 3
0 0.1783 3
0 0.1793 3
0 0.1803 3
0 0.1813 3
0 0.1823 3
0 0.1833 3
0 0.1843 3
0 0.1853 3
0 0.1863 3
0 0.1873 3
0 0.1883 3
0 0.1893 3
0 0.1903 3
0 0.1913 3
0 0.1923 3
0 0.1933 3
0 0.1943 3
0 0.1953 3
0 0.1963 3
0 0.1973 3
0 0.1983 3
0 0.1993 3
0 0.2003 3
0 0.2013 3
0 0.2023 3
0 0.2033 3
0 0.2043 3
0 0.2053 3
0 0.2063 3
0 0.2073 3
0 0.2083 3
0 0.2093 3
0 0.2103 3
0 0.2113 3
0 0.2123 3
0 0.2133 3
0 0.2143 3
0 0.2153 3
0 0.2163 3
0 0.2173 3
0 0.2183 3
0 0.2193 3
0 0.2203 3
0 0.2213 3
0 0.2223 3
0 0.2233 3
0 0.2243 3
0 0.2253 3
0 0.2263 3
0 0.2273 3
0 0.2283 3
0 0.2293 3
0 0.2303 3
0 0.2313 3
0 0.2323 3
0 0.2333 3
0 0.2343 3
0 0.2353 3
0 0.2363 3
0 0.2373 3
0 0.2383 3
0 0.2393 3
0 0.2403 3
0 0.2413 3
0 0.2423 3
0 0.2433 3
0 0.2443 3
0 0.2453 3
0 0.2463 3
0 0.2473 3
0 0.2483 3
0 0.2493 3
0 0.2503 3
0 0.2513 3
0 0.2523 3
0 0.2533 3
0 0.2543 3
0 0.2553 3
0 0.2563 3
0 0.2573 3
0 0.2583 3
0 0.2593 3
0 0.2603 3
0 0.2613 3
0 0.2623 3
0 0.2633 3
0 0.2643 3
0 0.2653 3
0 0.2663 3
0 0.2673 3
0 0.2683 3
0 0.2693 3
0 0.2703 3
0 0.2713 3
0 0.2723 3
0 0.2733 3
0 0.2743 3
0 0.2753 3
0 0.2763 3
0 0.2773 3
0 0.2783 3
0 0.2793 3
0 0.2803 3
0 0.2813 3
0 0.2823 3
0 0.2833 3
0 0.2843 3
0 0.2853 3
0 0.2863 3
0 0.2873 3
0 0.2883 3
0 0.2893 3
0 0.2903 3
0 0.2913 3
0 0.2923 3
0 0.2933 3
0 0.2943 3
0 0.2953 3
0 0.2963 3
0 0.2973 3
0 0.2983 3
0 0.2993 3
0 0.3003 3
0 0.3013 3
0 0.3023 3
0 0.3033 3
0 0.3043 3
0 0.3053 3
0 0.3063 3
0 0.3073 3
0 0.3083 3
0 0.3093 3
0 0.3103 3
0 0.3113 3
0 0.3123 3
0 0.3133 3
0 0.3143 3
0 0.3153 3
0 0.3163 3
0 0.3173 3
0 0.3183 3
0 0.3193 3
0 0.3203 3
0 0.3213 3
0 0.3223 3
0 0.3233 3
0 0.3243 3
0 0.3253 3
0 0.3263 3
0 0.3273 3
0 0.3283 3
0 0.3293 3
0 0.3303 3
0 0.3313 3
0 0.3323 3
0 0.0833 4
0 0.0843 4
0 0.0853 4
0 0.0863 4
0 0.0873 4
0 0.0883 4
0 0.0893 4
0 0.0903 4
0 0.0913 4
0 0.0923 4
0 0.0933 4
0 0.0943 4
0 0.0953 4
0 0.0963 4
0 0.0973 4
0 0.0983 4
0 0.0993 4
0 0.1003 4
0 0.1013 4
0 0.1023 4
0 0.1033 4
0 0.1043 4
0 0.1053 4
0 0.1063 4
0 0.1073 4
0 0.1083 4
0 0.1093 4
0 0.1103 4
0 0.1113 4
0 0.1123 4
0 0.1133 4
0 0.1143 4
0 0.1153 4
0 0.1163 4
0 0.1173 4
0 0.1183 4
0 0.1193 4
0 0.1203 4
0 0.1213 4
0 0.1223 4
0 0.1233 4
0 0.1243 4
0 0.1253 4
0 0.1263 4
0 0.1273 4
0 0.1283 4
0 0.1293 4
0 0.1303 4
0 0.1313 4
0 0.1323 4
0 0.1333 4
0 0.1343 4
0 0.1353 4
0 0.1363 4
0 0.1373 4
0 0.1383 4
0 0.1393 4
0 0.1403 4
0 0.1413 4
0 0.1423 4
0 0.1433 4
0 0.1443 4
0 0.1453 4
0 0.1463 4
0 0.1473 4
0 0.1483 4
0 0.1493 4
0 0.1503 4
0 0.1513 4
0 0.1523 4
0 0.1533 4
0 0.1543 4
0 0.1553 4
0 0.1563 4
0 0.1573 4
0 0.1583 4
0 0.1593 4
0 0.1603 4
0 0.1613 4
0 0.1623 4
0 0.1633 4
0 0.1643 4
0 0.1653 4
0 0.1663 4
0 0.1673 4
0 0.1683 4
0 0.1693 4
0 0.1703 4
0 0.1713 4
0 0.1723 4
0 0.1733 4
0 0.1743 4
0 0.1753 4
0 0.1763 4
0 0.1773 4
0 0.1783 4
0 0.1793 4
0 0.1803 4
0 0.1813 4
0 0.1823 4
0 0.1833 4
0 0.1843 4
0 0.1853 4
0 0.1863 4
0 0.1873 4
0 0.1883 4
0 0.1893 4
0 0.1903 4
0 0.1913 4
0 0.1923 4
0 0.1933 4
0 0.1943 4
0 0.1953 4
0 0.1963 4
0 0.1973 4
0 0.1983 4
0 0.1993 4
0 0.2003 4
0 0.2013 4
0 0.2023 4
0 0.2033 4
0 0.2043 4
0 0.2053 4
0 0.2063 4
0 0.2073 4
0 0.2083 4
0 0.2093 4
0 0.2103 4
0 0.2113 4
0 0.2123 4
0 0.2133 4
0 0.2143 4
0 0.2153 4
0 0.2163 4
0 0.2173 4
0 0.2183 4
0 0.2193 4
0 0.2203 4
0 0.2213 4
0 0.2223 4
0 0.2233 4
0 0.2243 4
0 0.2253 4
0 0.2263 4
0 0.2273 4
0 0.2283 4
0 0.2293 4
0 0.2303 4
0 0.2313 4
0 0.2323 4
0 0.2333 4
0 0.2343 4
0 0.2353 4
0 0.2363 4
0 0.2373 4
0 0.2383 4
0 0.2393 4
0 0.2403 4
0 0.2413 4
0 0.2423 4
0 0.2433 4
0 0.2443 4
0 0.2453 4
0 0.2463 4
0 0.2473 4
0 0.2483 4
0 0.2493 4
0 0.2503 4
0 0.2513 4
0 0.2523 4
0 0.2533 4
0 0.2543 4
0 0.2553 4
0 0.2563 4
0 0.2573 4
0 0.2583 4
0 0.2593 4
0 0.2603 4
0 0.2613 4
0 0.2623 4
0 0.2633 4
0 0.2643 4
0 0.2653 4
0 0.2663 4
0 0.2673 4
0 0.2683 4
0 0.2693 4
0 0.2703 4
0 0.2713 4
0 0.2723 4
0 0.2733 4
0 0.2743 4
0 0.2753 4
0 0.2763 4
0 0.2773 4
0 0.2783 4
0 0.2793 4
0 0.2803 4
0 0.2813 4
0 0.2823 4
0 0.2833 4
0 0.2843 4
0 0.2853 4
0 0.2863 4
0 0.2873 4
0 0.2883 4
0 0.2893 4
0 0.2903 4
0 0.2913 4
0 0.2923 4
0 0.2933 4
0 0.2943 4
0 0.2953 4
0 0.2963 4
0 0.2973 4
0 0.2983 4
0 0.2993 4
0 0.3003 4
0 0.3013 4
0 0.3023 4
0 0.3033 4
0 0.3043 4
0 0.3053 4
0 0.3063 4
0 0.3073 4
0 0.3083 4
0 0.3093 4
0 0.3103 4
0 0.3113 4
0 0.3123 4
0 0.3133 4
0 0.3143 4
0 0.3153 4
0 0.3163 4
0 0.3173 4
0 0.3183 4
0 0.3193 4
0 0.3203 4
0 0.3213 4
0 0.3223 4
0 0.3233 4
0 0.3243 4
0 0.3253 4
0 0.3263 4
0 0.3273 4
0 0.3283 4
0 0.3293 4
0 0.3303 4
0 0.3313 4
0 0.3323 4
0 0.0833 5
0 0.0843 5
0 0.0853 5
0 0.0863 5
0 0.0873 5
0 0.0883 5
0 0.0893 5
0 0.0903 5
0 0.0913 5
0 0.0923 5
0 0.0933 5
0 0.0943 5
0 0.0953 5
0 0.0963 5
0 0.0973 5
0 0.0983 5
0 0.0993 5
0 0.1003 5
0 0.1013 5
0 0.1023 5
0 0.1033 5
0 0.1043 5
0 0.1053 5
0 0.1063 5
0 0.1073 5
0 0.1083 5
0 0.1093 5
0 0.1103 5
0 0.1113 5
0 0.1123 5
0 0.1133 5
0 0.1143 5
0 0.1153 5
0 0.1163 5
0 0.1173 5
0 0.1183 5
0 0.1193 5
0 0.1203 5
0 0.1213 5
0 0.1223 5
0 0.1233 5
0 0.1243 5
0 0.1253 5
0 0.1263 5
0 0.1273 5
0 0.1283 5
0 0.1293 5
0 0.1303 5
0 0.1313 5
0 0.1323 5
0 0.1333 5
0 0.1343 5
0 0.1353 5
0 0.1363 5
0 0.1373 5
0 0.1383 5
0 0.1393 5
0 0.1403 5
0 0.1413 5
0 0.1423 5
0 0.1433 5
0 0.1443 5
0 0.1453 5
0 0.1463 5
0 0.1473 5
0 0.1483 5
0 0.1493 5
0 0.1503 5
0 0.1513 5
0 0.1523 5
0 0.1533 5
0 0.1543 5
0 0.1553 5
0 0.1563 5
0 0.1573 5
0 0.1583 5
0 0.1593 5
0 0.1603 5
0 0.1613 5
0 0.1623 5
0 0.1633 5
0 0.1643 5
0 0.1653 5
0 0.1663 5
0 0.1673 5
0 0.1683 5
0 0.1693 5
0 0.1703 5
0 0.1713 5
0 0.1723 5
0 0.1733 5
0 0.1743 5
0 0.1753 5
0 0.1763 5
0 0.1773 5
0 0.1783 5
0 0.1793 5
0 0.1803 5
0 0.1813 5
0 0.1823 5
0 0.1833 5
0 0.1843 5
0 0.1853 5
0 0.1863 5
0 0.1873 5
0 0.1883 5
0 0.1893 5
0 0.1903 5
0 0.1913 5
0 0.1923 5
0 0.1933 5
0 0.1943 5
0 0.1953 5
0 0.1963 5
0 0.1973 5
0 0.1983 5
0 0.1993 5
0 0.2003 5
0 0.2013 5
0 0.2023 5
0 0.2033 5
0 0.2043 5
0 0.2053 5
0 0.2063 5
0 0.2073 5
0 0.2083 5
0 0.2093 5
0 0.2103 5
0 0.2113 5
0 0.2123 5
0 0.2133 5
0 0.2143 5
0 0.2153 5
0 0.2163 5
0 0.2173 5
0 0.2183 5
0 0.2193 5
0 0.2203 5
0 0.2213 5
0 0.2223 5
0 0.2233 5
0 0.2243 5
0 0.2253 5
0 0.2263 5
0 0.2273 5
0 0.2283 5
0 0.2293 5
0 0.2303 5
0 0.2313 5
0 0.2323 5
0 0.2333 5
0 0.2343 5
0 0.2353 5
0 0.2363 5
0 0.2373 5
0 0.2383 5
0 0.2393 5
0 0.2403 5
0 0.2413 5
0 0.2423 5
0 0.2433 5
0 0.2443 5
0 0.2453 5
0 0.2463 5
0 0.2473 5
0 0.2483 5
0 0.2493 5
0 0.2503 5
0 0.2513 5
0 0.2523 5
0 0.2533 5
0 0.2543 5
0 0.2553 5
0 0.2563 5
0 0.2573 5
0 0.2583 5
0 0.2593 5
0 0.2603 5
0 0.2613 5
0 0.2623 5
0 0.2633 5
0 0.2643 5
0 0.2653 5
0 0.2663 5
0 0.2673 5
0 0.2683 5
0 0.2693 5
0 0.2703 5
0 0.2713 5
0 0.2723 5
0 0.2733 5
0 0.2743 5
0 0.2753 5
0 0.2763 5
0 0.2773 5
0 0.2783 5
0 0.2793 5
0 0.2803 5
0 0.2813 5
0 0.2823 5
0 0.2833 5
0 0.2843 5
0 0.2853 5
0 0.2863 5
0 0.2873 5
0 0.2883 5
0 0.2893 5
0 0.2903 5
0 0.2913 5
0 0.2923 5
0 0.2933 5
0 0.2943 5
0 0.2953 5
0 0.2963 5
0 0.2973 5
0 0.2983 5
0 0.2993 5
0 0.3003 5
0 0.3013 5
0 0.3023 5
0 0.3033 5
0 0.3043 5
0 0.3053 5
0 0.3063 5
0 0.3073 5
0 0.3083 5
0 0.3093 5
0 0.3103 5
0 0.3113 5
0 0.3123 5
0 0.3133 5
0 0.3143 5
0 0.3153 5
0 0.3163 5
0 0.3173 5
0 0.3183 5
0 0.3193 5
0 0.3203 5
0 0.3213 5
0 0.3223 5
0 0.3233 5
0 0.3243 5
0 0.3253 5
0 0.3263 5
0 0.3273 5
0 0.3283 5
0 0.3293 5
0 0.3303 5
0 0.3313 5
0 0.3323 5
0 0.0833 6
0 0.0843 6
0 0.0853 6
0 0.0863 6
0 0.0873 6
0 0.0883 6
0 0.0893 6
0 0.0903 6
0 0.0913 6
0 0.0923 6
0 0.0933 6
0 0.0943 6
0 0.0953 6
0 0.0963 6
0 0.0973 6
0 0.0983 6
0 0.0993 6
0 0.1003 6
0 0.1013 6
0 0.1023 6
0 0.1033 6
0 0.1043 6
0 0.1053 6
0 0.1063 6
0 0.1073 6
0 0.1083 6
0 0.1093 6
0 0.1103 6
0 0.1113 6
0 0.1123 6
0 0.1133 6
0 0.1143 6
0 0.1153 6
0 0.1163 6
0 0.1173 6
0 0.1183 6
0 0.1193 6
0 0.1203 6
0 0.1213 6
0 0.1223 6
0 0.1233 6
0 0.1243 6
0 0.1253 6
0 0.1263 6
0 0.1273 6
0 0.1283 6
0 0.1293 6
0 0.1303 6
0 0.1313 6
0 0.1323 6
0 0.1333 6
0 0.1343 6
0 0.1353 6
0 0.1363 6
0 0.1373 6
0 0.1383 6
0 0.1393 6
0 0.1403 6
0 0.1413 6
0 0.1423 6
0 0.1433 6
0 0.1443 6
0 0.1453 6
0 0.1463 6
0 0.1473 6
0 0.1483 6
0 0.1493 6
0 0.1503 6
0 0.1513 6
0 0.1523 6
0 0.1533 6
0 0.1543 6
0 0.1553 6
0 0.1563 6
0 0.1573 6
0 0.1583 6
0 0.1593 6
0 0.1603 6
0 0.1613 6
0 0.1623 6
0 0.1633 6
0 0.1643 6
0 0.1653 6
0 0.1663 6
0 0.1673 6
0 0.1683 6
0 0.1693 6
0 0.1703 6
0 0.1713 6
0 0.1723 6
0 0.1733 6
0 0.1743 6
0 0.1753 6
0 0.1763 6
0 0.1773 6
0 0.1783 6
0 0.1793 6
0 0.1803 6
0 0.1813 6
0 0.1823 6
0 0.1833 6
0 0.1843 6
0 0.1853 6
0 0.1863 6
0 0.1873 6
0 0.1883 6
0 0.1893 6
0 0.1903 6
0 0.1913 6
0 0.1923 6
0 0.1933 6
0 0.1943 6
0 0.1953 6
0 0.1963 6
0 0.1973 6
0 0.1983 6
0 0.1993 6
0 0.2003 6
0 0.2013 6
0 0.2023 6
0 0.2033 6
0 0.2043 6
0 0.2053 6
0 0.2063 6
0 0.2073 6
0 0.2083 6
0 0.2093 6
0 0.2103 6
0 0.2113 6
0 0.2123 6
0 0.2133 6
0 0.2143 6
0 0.2153 6
0 0.2163 6
0 0.2173 6
0 0.2183 6
0 0.2193 6
0 0.2203 6
0 0.2213 6
0 0.2223 6
0 0.2233 6
0 0.2243 6
0 0.2253 6
0 0.2263 6
0 0.2273 6
0 0.2283 6
0 0.2293 6
0 0.2303 6
0 0.2313 6
0 0.2323 6
0 0.2333 6
0 0.2343 6
0 0.2353 6
0 0.2363 6
0 0.2373 6
0 0.2383 6
0 0.2393 6
0 0.2403 6
0 0.2413 6
0 0.2423 6
0 0.2433 6
0 0.2443 6
0 0.2453 6
0 0.2463 6
0 0.2473 6
0 0.2483 6
0 0.2493 6
0 0.2503 6
0 0.2513 6
0 0.2523 6
0 0.2533 6
0 0.2543 6
0 0.2553 6
0 0.2563 6
0 0.2573 6
0 0.2583 6
0 0.2593 6
0 0.2603 6
0 0.2613 6
0 0.2623 6
0 0.2633 6
0 0.2643 6
0 0.2653 6
0 0.2663 6
0 0.2673 6
0 0.2683 6
0 0.2693 6
0 0.2703 6
0 0.2713 6
0 0.2723 6
0 0.2733 6
0 0.2743 6
0 0.2753 6
0 0.2763 6
0 0.2773 6
0 0.2783 6
0 0.2793 6
0 0.2803 6
0 0.2813 6
0 0.2823 6
0 0.2833 6
0 0.2843 6
0 0.2853 6
0 0.2863 6
0 0.2873 6
0 0.2883 6
0 0.2893 6
0 0.2903 6
0 0.2913 6
0 0.2923 6
0 0.2933 6
0 0.2943 6
0 0.2953 6
0 0.2963 6
0 0.2973 6
0 0.2983 6
0 0.2993 6
0 0.3003 6
0 0.3013 6
0 0.3023 6
0 0.3033 6
0 0.3043 6
0 0.3053 6
0 0.3063 6
0 0.3073 6
0 0.3083 6
0 0.3093 6
0 0.3103 6
0 0.3113 6
0 0.3123 6
0 0.3133 6
0 0.3143 6
0 0.3153 6
0 0.3163 6
0 0.3173 6
0 0.3183 6
0 0.3193 6
0 0.3203 6
0 0.3213 6
0 0.3223 6
0 0.3233 6
0 0.3243 6
0 0.3253 6
0 0.3263 6
0 0.3273 6
0 0.3283 6
0 0.3293 6
0 0.3303 6
0 0.3313 6
0 0.3323 6
0 0.0833 7
0 0.0843 7
0 0.0853 7
0 0.0863 7
0 0.0873 7
0 0.0883 7
0 0.0893 7
0 0.0903 7
0 0.0913 7
0 0.0923 7
0 0.0933 7
0 0.0943 7
0 0.0953 7
0 0.0963 7
0 0.0973 7
0 0.0983 7
0 0.0993 7
0 0.1003 7
0 0.1013 7
0 0.1023 7
0 0.1033 7
0 0.1043 7
0 0.1053 7
0 0.1063 7
0 0.1073 7
0 0.1083 7
0 0.1093 7
0 0.1103 7
0 0.1113 7
0 0.1123 7
0 0.1133 7
0 0.1143 7
0 0.1153 7
0 0.1163 7
0 0.1173 7
0 0.1183 7
0 0.1193 7
0 0.1203 7
0 0.1213 7
0 0.1223 7
0 0.1233 7
0 0.1243 7
0 0.1253 7
0 0.1263 7
0 0.1273 7
0 0.1283 7
0 0.1293 7
0 0.1303 7
0 0.1313 7
0 0.1323 7
0 0.1333 7
0 0.1343 7
0 0.1353 7
0 0.1363 7
0 0.1373 7
0 0.1383 7
0 0.1393 7
0 0.1403 7
0 0.1413 7
0 0.1423 7
0 0.1433 7
0 0.1443 7
0 0.1453 7
0 0.1463 7
0 0.1473 7
0 0.1483 7
0 0.1493 7
0 0.1503 7
0 0.1513 7
0 0.1523 7
0 0.1533 7
0 0.1543 7
0 0.1553 7
0 0.1563 7
0 0.1573 7
0 0.1583 7
0 0.1593 7
0 0.1603 7
0 0.1613 7
0 0.1623 7
0 0.1633 7
0 0.1643 7
0 0.1653 7
0 0.1663 7
0 0.1673 7
0 0.1683 7
0 0.1693 7
0 0.1703 7
0 0.1713 7
0 0.1723 7
0 0.1733 7
0 0.1743 7
0 0.1753 7
0 0.1763 7
0 0.1773 7
0 0.1783 7
0 0.1793 7
0 0.1803 7
0 0.1813 7
0 0.1823 7
0 0.1833 7
0 0.1843 7
0 0.1853 7
0 0.1863 7
0 0.1873 7
0 0.1883 7
0 0.1893 7
0 0.1903 7
0 0.1913 7
0 0.1923 7
0 0.1933 7
0 0.1943 7
0 0.1953 7
0 0.1963 7
0 0.1973 7
0 0.1983 7
0 0.1993 7
0 0.2003 7
0 0.2013 7
0 0.2023 7
0 0.2033 7
0 0.2043 7
0 0.2053 7
0 0.2063 7
0 0.2073 7
0 0.2083 7
0 0.2093 7
0 0.2103 7
0 0.2113 7
0 0.2123 7
0 0.2133 7
0 0.2143 7
0 0.2153 7
0 0.2163 7
0 0.2173 7
0 0.2183 7
0 0.2193 7
0 0.2203 7
0 0.2213 7
0 0.2223 7
0 0.2233 7
0 0.2243 7
0 0.2253 7
0 0.2263 7
0 0.2273 7
0 0.2283 7
0 0.2293 7
0 0.2303 7
0 0.2313 7
0 0.2323 7
0 0.2333 7
0 0.2343 7
0 0.2353 7
0 0.2363 7
0 0.2373 7
0 0.2383 7
0 0.2393 7
0 0.2403 7
0 0.2413 7
0 0.2423 7
0 0.2433 7
0 0.2443 7
0 0.2453 7
0 0.2463 7
0 0.2473 7
0 0.2483 7
0 0.2493 7
0 0.2503 7
0 0.2513 7
0 0.2523 7
0 0.2533 7
0 0.2543 7
0 0.2553 7
0 0.2563 7
0 0.2573 7
0 0.2583 7
0 0.2593 7
0 0.2603 7
0 0.2613 7
0 0.2623 7
0 0.2633 7
0 0.2643 7
0 0.2653 7
0 0.2663 7
0 0.2673 7
0 0.2683 7
0 0.2693 7
0 0.2703 7
0 0.2713 7
0 0.2723 7
0 0.2733 7
0 0.2743 7
0 0.2753 7
0 0.2763 7
0 0.2773 7
0 0.2783 7
0 0.2793 7
0 0.2803 7
0 0.2813 7
0 0.2823 7
0 0.2833 7
0 0.2843 7
0 0.2853 7
0 0.2863 7
0 0.2873 7
0 0.2883 7
0 0.2893 7
0 0.2903 7
0 0.2913 7
0 0.2923 7
0 0.2933 7
0 0.2943 7
0 0.2953 7
0 0.2963 7
0 0.2973 7
0 0.2983 7
0 0.2993 7
0 0.3003 7
0 0.3013 7
0 0.3023 7
0 0.3033 7
0 0.3043 7
0 0.3053 7
0 0.3063 7
0 0.3073 7
0 0.3083 7
0 0.3093 7
0 0.3103 7
0 0.3113 7
0 0.3123 7
0 0.3133 7
0 0.3143 7
0 0.3153 7
0 0.3163 7
0 0.3173 7
0 0.3183 7
0 0.3193 7
0 0.3203 7
0 0.3213 7
0 0.3223 7
0 0.3233 7
0 0.3243 7
0 0.3253 7
0 0.3263 7
0 0.3273 7
0 0.3283 7
0 0.3293 7
0 0.3303 7
0 0.3313 7
0 0.0833 8
0 0.0843 8
0 0.0853 8
0 0.0863 8
0 0.0873 8
0 0.0883 8
0 0.0893 8
0 0.0903 8
0 0.0913 8
0 0.0923 8
0 0.0933 8
0 0.0943 8
0 0.0953 8
0 0.0963 8
0 0.0973 8
0 0.0983 8
0 0.0993 8
0 0.1003 8
0 0.1013 8
0 0.1023 8
0 0.1033 8
0 0.1043 8
0 0.1053 8
0 0.1063 8
0 0.1073 8
0 0.1083 8
0 0.1093 8
0 0.1103 8
0 0.1113 8
0 0.1123 8
0 0.1133 8
0 0.1143 8
0 0.1153 8
0 0.1163 8
0 0.1173 8
0 0.1183 8
0 0.1193 8
0 0.1203 8
0 0.1213 8
0 0.1223 8
0 0.1233 8
0 0.1243 8
0 0.1253 8
0 0.1263 8
0 0.1273 8
0 0.1283 8
0 0.1293 8
0 0.1303 8
0 0.1313 8
0 0.1323 8
0 0.1333 8
0 0.1343 8
0 0.1353 8
0 0.1363 8
0 0.1373 8
0 0.1383 8
0 0.1393 8
0 0.1403 8
0 0.1413 8
0 0.1423 8
0 0.1433 8
0 0.1443 8
0 0.1453 8
0 0.1463 8
0 0.1473 8
0 0.1483 8
0 0.1493 8
0 0.1503 8
0 0.1513 8
0 0.1523 8
0 0.1533 8
0 0.1543 8
0 0.1553 8
0 0.1563 8
0 0.1573 8
0 0.1583 8
0 0.1593 8
0 0.1603 8
0 0.1613 8
0 0.1623 8
0 0.1633 8
0 0.1643 8
0 0.1653 8
0 0.1663 8
0 0.1673 8
0 0.1683 8
0 0.1693 8
0 0.1703 8
0 0.1713 8
0 0.1723 8
0 0.1733 8
0 0.1743 8
0 0.1753 8
0 0.1763 8
0 0.1773 8
0 0.1783 8
0 0.1793 8
0 0.1803 8
0 0.1813 8
0 0.1823 8
0 0.1833 8
0 0.1843 8
0 0.1853 8
0 0.1863 8
0 0.1873 8
0 0.1883 8
0 0.1893 8
0 0.1903 8
0 0.1913 8
0 0.1923 8
0 0.1933 8
0 0.1943 8
0 0.1953 8
0 0.1963 8
0 0.1973 8
0 0.1983 8
0 0.1993 8
0 0.2003 8
0 0.2013 8
0 0.2023 8
0 0.2033 8
0 0.2043 8
0 0.2053 8
0 0.2063 8
0 0.2073 8
0 0.2083 8
0 0.2093 8
0 0.2103 8
0 0.2113 8
0 0.2123 8
0 0.2133 8
0 0.2143 8
0 0.2153 8
0 0.2163 8
0 0.2173 8
0 0.2183 8
0 0.2193 8
0 0.2203 8
0 0.2213 8
0 0.2223 8
0 0.2233 8
0 0.2243 8
0 0.2253 8
0 0.2263 8
0 0.2273 8
0 0.2283 8
0 0.2293 8
0 0.2303 8
0 0.2313 8
0 0.2323 8
0 0.2333 8
0 0.2343 8
0 0.2353 8
0 0.2363 8
0 0.2373 8
0 0.2383 8
0 0.2393 8
0 0.2403 8
0 0.2413 8
0 0.2423 8
0 0.2433 8
0 0.2443 8
0 0.2453 8
0 0.2463 8
0 0.2473 8
0 0.2483 8
0 0.2493 8
0 0.2503 8
0 0.2513 8
0 0.2523 8
0 0.2533 8
0 0.2543 8
0 0.2553 8
0 0.2563 8
0 0.2573 8
0 0.2583 8
0 0.2593 8
0 0.2603 8
0 0.2613 8
0 0.2623 8
0 0.2633 8
0 0.2643 8
0 0.2653 8
0 0.2663 8
0 0.2673 8
0 0.2683 8
0 0.2693 8
0 0.2703 8
0 0.2713 8
0 0.2723 8
0 0.2733 8
0 0.2743 8
0 0.2753 8
0 0.2763 8
0 0.2773 8
0 0.2783 8
0 0.2793 8
0 0.2803 8
0 0.2813 8
0 0.2823 8
0 0.2833 8
0 0.2843 8
0 0.2853 8
0 0.2863 8
0 0.2873 8
0 0.2883 8
0 0.2893 8
0 0.2903 8
0 0.2913 8
0 0.2923 8
0 0.2933 8
0 0.2943 8
0 0.2953 8
0 0.2963 8
0 0.2973 8
0 0.2983 8
0 0.2993 8
0 0.3003 8
0 0.3013 8
0 0.3023 8
0 0.3033 8
0 0.3043 8
0 0.3053 8
0 0.3063 8
0 0.3073 8
0 0.3083 8
0 0.3093 8
0 0.3103 8
0 0.3113 8
0 0.3123 8
0 0.3133 8
0 0.3143 8
0 0.3153 8
0 0.3163 8
0 0.3173 8
0 0.3183 8
0 0.3193 8
0 0.3203 8
0 0.3213 8
0 0.3223 8
0 0.3233 8
0 0.3243 8
0 0.3253 8
0 0.3263 8
0 0.3273 8
0 0.3283 8
0 0.3293 8
0 0.3303 8
0 0.3313 8
0 0.0833 9
0 0.0843 9
0 0.0853 9
0 0.0863 9
0 0.0873 9
0 0.0883 9
0 0.0893 9
0 0.0903 9
0 0.0913 9
0 0.0923 9
0 0.0933 9
0 0.0943 9
0 0.0953 9
0 0.0963 9
0 0.0973 9
0 0.0983 9
0 0.0993 9
0 0.1003 9
0 0.1013 9
0 0.1023 9
0 0.1033 9
0 0.1043 9
0 0.1053 9
0 0.1063 9
0 0.1073 9
0 0.1083 9
0 0.1093 9
0 0.1103 9
0 0.1113 9
0 0.1123 9
0 0.1133 9
0 0.1143 9
0 0.1153 9
0 0.1163 9
0 0.1173 9
0 0.1183 9
0 0.1193 9
0 0.1203 9
0 0.1213 9
0 0.1223 9
0 0.1233 9
0 0.1243 9
0 0.1253 9
0 0.1263 9
0 0.1273 9
0 0.1283 9
0 0.1293 9
0 0.1303 9
0 0.1313 9
0 0.1323 9
0 0.1333 9
0 0.1343 9
0 0.1353 9
0 0.1363 9
0 0.1373 9
0 0.1383 9
0 0.1393 9
0 0.1403 9
0 0.1413 9
0 0.1423 9
0 0.1433 9
0 0.1443 9
0 0.1453 9
0 0.1463 9
0 0.1473 9
0 0.1483 9
0 0.1493 9
0 0.1503 9
0 0.1513 9
0 0.1523 9
0 0.1533 9
0 0.1543 9
0 0.1553 9
0 0.1563 9
0 0.1573 9
0 0.1583 9
0 0.1593 9
0 0.1603 9
0 0.1613 9
0 0.1623 9
0 0.1633 9
0 0.1643 9
0 0.1653 9
0 0.1663 9
0 0.1673 9
0 0.1683 9
0 0.1693 9
0 0.1703 9
0 0.1713 9
0 0.1723 9
0 0.1733 9
0 0.1743 9
0 0.1753 9
0 0.1763 9
0 0.1773 9
0 0.1783 9
0 0.1793 9
0 0.1803 9
0 0.1813 9
0 0.1823 9
0 0.1833 9
0 0.1843 9
0 0.1853 9
0 0.1863 9
0 0.1873 9
0 0.1883 9
0 0.1893 9
0 0.1903 9
0 0.1913 9
0 0.1923 9
0 0.1933 9
0 0.1943 9
0 0.1953 9
0 0.1963 9
0 0.1973 9
0 0.1983 9
0 0.1993 9
0 0.2003 9
0 0.2013 9
0 0.2023 9
0 0.2033 9
0 0.2043 9
0 0.2053 9
0 0.2063 9
0 0.2073 9
0 0.2083 9
0 0.2093 9
0 0.2103 9
0 0.2113 9
0 0.2123 9
0 0.2133 9
0 0.2143 9
0 0.2153 9
0 0.2163 9
0 0.2173 9
0 0.2183 9
0 0.2193 9
0 0.2203 9
0 0.2213 9
0 0.2223 9
0 0.2233 9
0 0.2243 9
0 0.2253 9
0 0.2263 9
0 0.2273 9
0 0.2283 9
0 0.2293 9
0 0.2303 9
0 0.2313 9
0 0.2323 9
0 0.2333 9
0 0.2343 9
0 0.2353 9
0 0.2363 9
0 0.2373 9
0 0.2383 9
0 0.2393 9
0 0.2403 9
0 0.2413 9
0 0.2423 9
0 0.2433 9
0 0.2443 9
0 0.2453 9
0 0.2463 9
0 0.2473 9
0 0.2483 9
0 0.2493 9
0 0.2503 9
0 0.2513 9
0 0.2523 9
0 0.2533 9
0 0.2543 9
0 0.2553 9
0 0.2563 9
0 0.2573 9
0 0.2583 9
0 0.2593 9
0 0.2603 9
0 0.2613 9
0 0.2623 9
0 0.2633 9
0 0.2643 9
0 0.2653 9
0 0.2663 9
0 0.2673 9
0 0.2683 9
0 0.2693 9
0 0.2703 9
0 0.2713 9
0 0.2723 9
0 0.2733 9
0 0.2743 9
0 0.2753 9
0 0.2763 9
0 0.2773 9
0 0.2783 9
0 0.2793 9
0 0.2803 9
0 0.2813 9
0 0.2823 9
0 0.2833 9
0 0.2843 9
0 0.2853 9
0 0.2863 9
0 0.2873 9
0 0.2883 9
0 0.2893 9
0 0.2903 9
0 0.2913 9
0 0.2923 9
0 0.2933 9
0 0.2943 9
0 0.2953 9
0 0.2963 9
0 0.2973 9
0 0.2983 9
0 0.2993 9
0 0.3003 9
0 0.3013 9
0 0.3023 9
0 0.3033 9
0 0.3043 9
0 0.3053 9
0 0.3063 9
0 0.3073 9
0 0.3083 9
0 0.3093 9
0 0.3103 9
0 0.3113 9
0 0.3123 9
0 0.3133 9
0 0.3143 9
0 0.3153 9
0 0.3163 9
0 0.3173 9
0 0.3183 9
0 0.3193 9
0 0.3203 9
0 0.3213 9
0 0.3223 9
0 0.3233 9
0 0.3243 9
0 0.3253 9
0 0.3263 9
0 0.3273 9
0 0.3283 9
0 0.3293 9
0 0.3303 9
4446.12 0.0833 10
4659.44 0.0843 10
4805.48 0.0853 10
4928.55 0.0863 10
5040.71 0.0873 10
5068.61 0.0883 10
5035.31 0.0893 10
4988.9 0.0903 10
4924.77 0.0913 10
4784.75 0.0923 10
4635.35 0.0933 10
4469.53 0.0943 10
4275.83 0.0953 10
4059.55 0.0963 10
3890.68 0.0973 10
3739.84 0.0983 10
3621.03 0.0993 10
3543.46 0.1003 10
3455.67 0.1013 10
3372.19 0.1023 10
3339.12 0.1033 10
3302.58 0.1043 10
3273.62 0.1053 10
3245.03 0.1063 10
3231.38 0.1073 10
3237.84 0.1083 10
3215.69 0.1093 10
3177.27 0.1103 10
3147.18 0.1113 10
3168.38 0.1123 10
3155.13 0.1133 10
3121.32 0.1143 10
3108.31 0.1153 10
3073.7 0.1163 10
3036.58 0.1173 10
2967.66 0.1183 10
2877.74 0.1193 10
2775.79 0.1203 10
2673.27 0.1213 10
2568.83 0.1223 10
2460.86 0.1233 10
2292.72 0.1243 10
2130.72 0.1253 10
1974.6 0.1263 10
1826.87 0.1273 10
1680.46 0.1283 10
1539.95 0.1293 10
1414.2 0.1303 10
1314.83 0.1313 10
1239.06 0.1323 10
1186.84 0.1333 10
1130.8 0.1343 10
1096.03 0.1353 10
1075.89 0.1363 10
1050.65 0.1373 10
1024.1 0.1383 10
1004.32 0.1393 10
965.113 0.1403 10
937.944 0.1413 10
890.478 0.1423 10
843.13 0.1433 10
807.479 0.1443 10
764.465 0.1453 10
729.373 0.1463 10
696.941 0.1473 10
674.144 0.1483 10
664.361 0.1493 10
659.703 0.1503 10
667.683 0.1513 10
684.802 0.1523 10
716.588 0.1533 10
735.143 0.1543 10
761.061 0.1553 10
788.647 0.1563 10
801.019 0.1573 10
814.59 0.1583 10
815.66 0.1593 10
825.332 0.1603 10
794.654 0.1613 10
768.533 0.1623 10
755.036 0.1633 10
706.877 0.1643 10
668.261 0.1653 10
623.122 0.1663 10
582.773 0.1673 10
548.18 0.1683 10
507.369 0.1693 10
482.052 0.1703 10
456.934 0.1713 10
440.696 0.1723 10
435.173 0.1733 10
442.688 0.1743 10
438.694 0.1753 10
438.446 0.1763 10
449.079 0.1773 10
452.827 0.1783 10
462.194 0.1793 10
472.148 0.1803 10
490.107 0.1813 10
511.644 0.1823 10
524.065 0.1833 10
535.988 0.1843 10
549.08 0.1853 10
560.532 0.1863 10
572.931 0.1873 10
579.82 0.1883 10
587.094 0.1893 10
584.082 0.1903 10
580.198 0.1913 10
571.209 0.1923 10
550.145 0.1933 10
528.811 0.1943 10
507.21 0.1953 10
476.127 0.1963 10
458.718 0.1973 10
446.035 0.1983 10
440.326 0.1993 10
429.17 0.2003 10
427.455 0.2013 10
430.35 0.2023 10
431.096 0.2033 10
434.402 0.2043 10
444.596 0.2053 10
454.846 0.2063 10
464.517 0.2073 10
471.015 0.2083 10
479.224 0.2093 10
481.5 0.2103 10
484.678 0.2113 10
464.43 0.2123 10
453.071 0.2133 10
429.622 0.2143 10
418.653 0.2153 10
394.886 0.2163 10
385.753 0.2173 10
367.411 0.2183 10
351.645 0.2193 10
350.652 0.2203 10
351.926 0.2213 10
354.758 0.2223 10
362.064 0.2233 10
371.998 0.2243 10
385.115 0.2253 10
401.248 0.2263 10
408.921 0.2273 10
419.457 0.2283 10
421.009 0.2293 10
422.23 0.2303 10
418.242 0.2313 10
417.374 0.2323 10
406.594 0.2333 10
392.229 0.2343 10
379.466 0.2353 10
360.668 0.2363 10
344.758 0.2373 10
336.585 0.2383 10
328.714 0.2393 10
324.542 0.2403 10
323.514 0.2413 10
325.556 0.2423 10
320.033 0.2433 10
327.756 0.2443 10
333.631 0.2453 10
346.515 0.2463 10
355.928 0.2473 10
370.36 0.2483 10
387.871 0.2493 10
411.512 0.2503 10
425.816 0.2513 10
434.784 0.2523 10
438.389 0.2533 10
444.623 0.2543 10
441.788 0.2553 10
443.58 0.2563 10
444.013 0.2573 10
439.625 0.2583 10
432.762 0.2593 10
424.434 0.2603 10
414.691 0.2613 10
410.174 0.2623 10
408.024 0.2633 10
398.82 0.2643 10
391.405 0.2653 10
383.135 0.2663 10
376.42 0.2673 10
367.358 0.2683 10
358.196 0.2693 10
353.733 0.2703 10
353.953 0.2713 10
348.414 0.2723 10
343.628 0.2733 10
335.09 0.2743 10
327.515 0.2753 10
325.869 0.2763 10
323.493 0.2773 10
318.253 0.2783 10
317.547 0.2793 10
311.52 0.2803 10
310.069 0.2813 10
308.571 0.2823 10
306.96 0.2833 10
310.461 0.2843 10
311.759 0.2853 10
313.617 0.2863 10
311.767 0.2873 10
311.482 0.2883 10
311.8 0.2893 10
305.737 0.2903 10
304.532 0.2913 10
301.438 0.2923 10
293.599 0.2933 10
285.216 0.2943 10
279.324 0.2953 10
273.67 0.2963 10
264.855 0.2973 10
256.93 0.2983 10
248.076 0.2993 10
241.211 0.3003 10
237.839 0.3013 10
234.52 0.3023 10
234.718 0.3033 10
233.74 0.3043 10
239.116 0.3053 10
242.819 0.3063 10
245.026 0.3073 10
247.621 0.3083 10
248.393 0.3093 10
247.506 0.3103 10
243.169 0.3113 10
238.704 0.3123 10
232.679 0.3133 10
223.688 0.3143 10
214.356 0.3153 10
206.24 0.3163 10
195.868 0.3173 10
185.246 0.3183 10
175.113 0.3193 10
166.958 0.3203 10
160.443 0.3213 10
155.053 0.3223 10
152.227 0.3233 10
148.15 0.3243 10
149.685 0.3253 10
152.052 0.3263 10
155.71 0.3273 10
161.759 0.3283 10
169.172 0.3293 10
174.898 0.3303 10
0 0.0833 11
0 0.0843 11
0 0.0853 11
0 0.0863 11
0 0.0873 11
0 0.0883 11
0 0.0893 11
0 0.0903 11
0 0.0913 11
0 0.0923 11
0 0.0933 11
0 0.0943 11
0 0.0953 11
0 0.0963 11
0 0.0973 11
0 0.0983 11
0 0.0993 11
0 0.1003 11
0 0.1013 11
0 0.1023 11
0 0.1033 11
0 0.1043 11
0 0.1053 11
0 0.1063 11
0 0.1073 11
0 0.1083 11
0 0.1093 11
0 0.1103 11
0 0.1113 11
0 0.1123 11
0 0.1133 11
0 0.1143 11
0 0.1153 11
0 0.1163 11
0 0.1173 11
0 0.1183 11
0 0.1193 11
0 0.1203 11
0 0.1213 11
0 0.1223 11
0 0.1233 11
0 0.1243 11
0 0.1253 11
0 0.1263 11
0 0.1273 11
0 0.1283 11
0 0.1293 11
0 0.1303 11
0 0.1313 11
0 0.1323 11
0 0.1333 11
0 0.1343 11
0 0.1353 11
0 0.1363 11
0 0.1373 11
0 0.1383 11
0 0.1393 11
0 0.1403 11
0 0.1413 11
0 0.1423 11
0 0.1433 11
0 0.1443 11
0 0.1453 11
0 0.1463 11
0 0.1473 11
0 0.1483 11
0 0.1493 11
0 0.1503 11
0 0.1513 11
0 0.1523 11
0 0.1533 11
0 0.1543 11
0 0.1553 11
0 0.1563 11
0 0.1573 11
0 0.1583 11
0 0.1593 11
0 0.1603 11
0 0.1613 11
0 0.1623 11
0 0.1633 11
0 0.1643 11
0 0.1653 11
0 0.1663 11
0 0.1673 11
0 0.1683 11
0 0.1693 11
0 0.1703 11
0 0.1713 11
0 0.1723 11
0 0.1733 11
0 0.1743 11
0 0.1753 11
0 0.1763 11
0 0.1773 11
0 0.1783 11
0 0.1793 11
0 0.1803 11
0 0.1813 11
0 0.1823 11
0 0.1833 11
0 0.1843 11
0 0.1853 11
0 0.1863 11
0 0.1873 11
0 0.1883 11
0 0.1893 11
0 0.1903 11
0 0.1913 11
0 0.1923 11
0 0.1933 11
0 0.1943 11
0 0.1953 11
0 0.1963 11
0 0.1973 11
0 0.1983 11
0 0.1993 11
0 0.2003 11
0 0.2013 11
0 0.2023 11
0 0.2033 11
0 0.2043 11
0 0.2053 11
0 0.2063 11
0 0.2073 11
0 0.2083 11
0 0.2093 11
0 0.2103 11
0 0.2113 11
0 0.2123 11
0 0.2133 11
0 0.2143 11
0 0.2153 11
0 0.2163 11
0 0.2173 11
0 0.2183 11
0 0.2193 11
0 0.2203 11
0 0.2213 11
0 0.2223 11
0 0.2233 11
0 0.2243 11
0 0.2253 11
0 0.2263 11
0 0.2273 11
0 0.2283 11
0 0.2293 11
0 0.2303 11
0 0.2313 11
0 0.2323 11
0 0.2333 11
0 0.2343 11
0 0.2353 11
0 0.2363 11
0 0.2373 11
0 0.2383 11
0 0.2393 11
0 0.2403 11
0 0.2413 11
0 0.2423 11
0 0.2433 11
0 0.2443 11
0 0.2453 11
0 0.2463 11
0 0.2473 11
0 0.2483 11
0 0.2493 11
0 0.2503 11
0 0.2513 11
0 0.2523 11
0 0.2533 11
0 0.2543 11
0 0.2553 11
0 0.2563 11
0 0.2573 11
0 0.2583 11
0 0.2593 11
0 0.2603 11
0 0.2613 11
0 0.2623 11
0 0.2633 11
0 0.2643 11
0 0.2653 11
0 0.2663 11
0 0.2673 11
0 0.2683 11
0 0.2693 11
0 0.2703 11
0 0.2713 11
0 0.2723 11
0 0.2733 11
0 0.2743 11
0 0.2753 11
0 0.2763 11
0 0.2773 11
0 0.2783 11
0 0.2793 11
0 0.2803 11
0 0.2813 11
0 0.2823 11
0 0.2833 11
0 0.2843 11
0 0.2853 11
0 0.2863 11
0 0.2873 11
0 0.2883 11
0 0.2893 11
0 0.2903 11
0 0.2913 11
0 0.2923 11
0 0.2933 11
0 0.2943 11
0 0.2953 11
0 0.2963 11
0 0.2973 11
0 0.2983 11
0 0.2993 11
0 0.3003 11
0 0.3013 11
0 0.3023 11
0 0.3033 11
0 0.3043 11
0 0.3053 11
0 0.3063 11
0 0.3073 11
0 0.3083 11
0 0.3093 11
0 0.3103 11
0 0.3113 11
0 0.3123 11
0 0.3133 11
0 0.3143 11
0 0.3153 11
0 0.3163 11
0 0.3173 11
0 0.3183 11
0 0.3193 11
0 0.3203 11
0 0.3213 11
0 0.3223 11
0 0.3233 11
0 0.3243 11
0 0.3253 11
0 0.3263 11
0 0.3273 11
0 0.3283 11
0 0.3293 11
0 0.0833 12
0 0.0843 12
0 0.0853 12
0 0.0863 12
0 0.0873 12
0 0.0883 12
0 0.0893 12
0 0.0903 12
0 0.0913 12
0 0.0923 12
0 0.0933 12
0 0.0943 12
0 0.0953 12
0 0.0963 12
0 0.0973 12
0 0.0983 12
0 0.0993 12
0 0.1003 12
0 0.1013 12
0 0.1023 12
0 0.1033 12
0 0.1043 12
0 0.1053 12
0 0.1063 12
0 0.1073 12
0 0.1083 12
0 0.1093 12
0 0.1103 12
0 0.1113 12
0 0.1123 12
0 0.1133 12
0 0.1143 12
0 0.1153 12
0 0.1163 12
0 0.1173 12
0 0.1183 12
0 0.1193 12
0 0.1203 12
0 0.1213 12
0 0.1223 12
0 0.1233 12
0 0.1243 12
0 0.1253 12
0 0.1263 12
0 0.1273 12
0 0.1283 12
0 0.1293 12
0 0.1303 12
0 0.1313 12
0 0.1323 12
0 0.1333 12
0 0.1343 12
0 0.1353 12
0 0.1363 12
0 0.1373 12
0 0.1383 12
0 0.1393 12
0 0.1403 12
0 0.1413 12
0 0.1423 12
0 0.1433 12
0 0.1443 12
0 0.1453 12
0 0.1463 12
0 0.1473 12
0 0.1483 12
0 0.1493 12
0 0.1503 12
0 0.1513 12
0 0.1523 12
0 0.1533 12
0 0.1543 12
0 0.1553 12
0 0.1563 12
0 0.1573 12
0 0.1583 12
0 0.1593 12
0 0.1603 12
0 0.1613 12
0 0.1623 12
0 0.1633 12
0 0.1643 12
0 0.1653 12
0 0.1663 12
0 0.1673 12
0 0.1683 12
0 0.1693 12
0 0.1703 12
0 0.1713 12
0 0.1723 12
0 0.1733 12
0 0.1743 12
0 0.1753 12
0 0.1763 12
0 0.1773 12
0 0.1783 12
0 0.1793 12
0 0.1803 12
0 0.1813 12
0 0.1823 12
0 0.1833 12
0 0.1843 12
0 0.1853 12
0 0.1863 12
0 0.1873 12
0 0.1883 12
0 0.1893 12
0 0.1903 12
0 0.1913 12
0 0.1923 12
0 0.1933 12
0 0.1943 12
0 0.1953 12
0 0.1963 12
0 0.1973 12
0 0.1983 12
0 0.1993 12
0 0.2003 12
0 0.2013 12
0 0.2023 12
0 0.2033 12
0 0.2043 12
0 0.2053 12
0 0.2063 12
0 0.2073 12
0 0.2083 12
0 0.2093 12
0 0.2103 12
0 0.2113 12
0 0.2123 12
0 0.2133 12
0 0.2143 12
0 0.2153 12
0 0.2163 12
0 0.2173 12
0 0.2183 12
0 0.2193 12
0 0.2203 12
0 0.2213 12
0 0.2223 12
0 0.2233 12
0 0.2243 12
0 0.2253 12
0 0.2263 12
0 0.2273 12
0 0.2283 12
0 0.2293 12
0 0.2303 12
0 0.2313 12
0 0.2323 12
0 0.2333 12
0 0.2343 12
0 0.2353 12
0 0.2363 12
0 0.2373 12
0 0.2383 12
0 0.2393 12
0 0.2403 12
0 0.2413 12
0 0.2423 12
0 0.2433 12
0 0.2443 12
0 0.2453 12
0 0.2463 12
0 0.2473 12
0 0.2483 12
0 0.2493 12
0 0.2503 12
0 0.2513 12
0 0.2523 12
0 0.2533 12
0 0.2543 12
0 0.2553 12
0 0.2563 12
0 0.2573 12
0 0.2583 12
0 0.2593 12
0 0.2603 12
0 0.2613 12
0 0.2623 12
0 0.2633 12
0 0.2643 12
0 0.2653 12
0 0.2663 12
0 0.2673 12
0 0.2683 12
0 0.2693 12
0 0.2703 12
0 0.2713 12
0 0.2723 12
0 0.2733 12
0 0.2743 12
0 0.2753 12
0 0.2763 12
0 0.2773 12
0 0.2783 12
0 0.2793 12
0 0.2803 12
0 0.2813 12
0 0.2823 12
0 0.2833 12
0 0.2843 12
0 0.2853 12
0 0.2863 12
0 0.2873 12
0 0.2883 12
0 0.2893 12
0 0.2903 12
0 0.2913 12
0 0.2923 12
0 0.2933 12
0 0.2943 12
0 0.2953 12
0 0.2963 12
0 0.2973 12
0 0.2983 12
0 0.2993 12
0 0.3003 12
0 0.3013 12
0 0.3023 12
0 0.3033 12
0 0.3043 12
0 0.3053 12
0 0.3063 12
0 0.3073 12
0 0.3083 12
0 0.3093 12
0 0.3103 12
0 0.3113 12
0 0.3123 12
0 0.3133 12
0 0.3143 12
0 0.3153 12
0 0.3163 12
0 0.3173 12
0 0.3183 12
0 0.3193 12
0 0.3203 12
0 0.3213 12
0 0.3223 12
0 0.3233 12
0 0.3243 12
0 0.3253 12
0 0.3263 12
0 0.3273 12
0 0.3283 12
0 0.3293 12
0 0.0833 13
0 0.0843 13
0 0.0853 13
0 0.0863 13
0 0.0873 13
0 0.0883 13
0 0.0893 13
0 0.0903 13
0 0.0913 13
0 0.0923 13
0 0.0933 13
0 0.0943 13
0 0.0953 13
0 0.0963 13
0 0.0973 13
0 0.0983 13
0 0.0993 13
0 0.1003 13
0 0.1013 13
0 0.1023 13
0 0.1033 13
0 0.1043 13
0 0.1053 13
0 0.1063 13
0 0.1073 13
0 0.1083 13
0 0.1093 13
0 0.1103 13
0 0.1113 13
0 0.1123 13
0 0.1133 13
0 0.1143 13
0 0.1153 13
0 0.1163 13
0 0.1173 13
0 0.1183 13
0 0.1193 13
0 0.1203 13
0 0.1213 13
0 0.1223 13
0 0.1233 13
0 0.1243 13
0 0.1253 13
0 0.1263 13
0 0.1273 13
0 0.1283 13
0 0.1293 13
0 0.1303 13
0 0.1313 13
0 0.1323 13
0 0.1333 13
0 0.1343 13
0 0.1353 13
0 0.1363 13
0 0.1373 13
0 0.1383 13
0 0.1393 13
0 0.1403 13
0 0.1413 13
0 0.1423 13
0 0.1433 13
0 0.1443 13
0 0.1453 13
0 0.1463 13
0 0.1473 13
0 0.1483 13
0 0.1493 13
0 0.1503 13
0 0.1513 13
0 0.1523 13
0 0.1533 13
0 0.1543 13
0 0.1553 13
0 0.1563 13
0 0.1573 13
0 0.1583 13
0 0.1593 13
0 0.1603 13
0 0.1613 13
0 0.1623 13
0 0.1633 13
0 0.1643 13
0 0.1653 13
0 0.1663 13
0 0.1673 13
0 0.1683 13
0 0.1693 13
0 0.1703 13
0 0.1713 13
0 0.1723 13
0 0.1733 13
0 0.1743 13
0 0.1753 13
0 0.1763 13
0 0.1773 13
0 0.1783 13
0 0.1793 13
0 0.1803 13
0 0.1813 13
0 0.1823 13
0 0.1833 13
0 0.1843 13
0 0.1853 13
0 0.1863 13
0 0.1873 13
0 0.1883 13
0 0.1893 13
0 0.1903 13
0 0.1913 13
0 0.1923 13
0 0.1933 13
0 0.1943 13
0 0.1953 13
0 0.1963 13
0 0.1973 13
0 0.1983 13
0 0.1993 13
0 0.2003 13
0 0.2013 13
0 0.2023 13
0 0.2033 13
0 0.2043 13
0 0.2053 13
0 0.2063 13
0 0.2073 13
0 0.2083 13
0 0.2093 13
0 0.2103 13
0 0.2113 13
0 0.2123 13
0 0.2133 13
0 0.2143 13
0 0.2153 13
0 0.2163 13
0 0.2173 13
0 0.2183 13
0 0.2193 13
0 0.2203 13
0 0.2213 13
0 0.2223 13
0 0.2233 13
0 0.2243 13
0 0.2253 13
0 0.2263 13
0 0.2273 13
0 0.2283 13
0 0.2293 13
0 0.2303 13
0 0.2313 13
0 0.2323 13
0 0.2333 13
0 0.2343 13
0 0.2353 13
0 0.2363 13
0 0.2373 13
0 0.2383 13
0 0.2393 13
0 0.2403 13
0 0.2413 13
0 0.2423 13
0 0.2433 13
0 0.2443 13
0 0.2453 13
0 0.2463 13
0 0.2473 13
0 0.2483 13
0 0.2493 13
0 0.2503 13
0 0.2513 13
0 0.2523 13
0 0.2533 13
0 0.2543 13
0 0.2553 13
0 0.2563 13
0 0.2573 13
0 0.2583 13
0 0.2593 13
0 0.2603 13
0 0.2613 13
0 0.2623 13
0 0.2633 13
0 0.2643 13
0 0.2653 13
0 0.2663 13
0 0.2673 13
0 0.2683 13
0 0.2693 13
0 0.2703 13
0 0.2713 13
0 0.2723 13
0 0.2733 13
0 0.2743 13
0 0.2753 13
0 0.2763 13
0 0.2773 13
0 0.2783 13
0 0.2793 13
0 0.2803 13
0 0.2813 13
0 0.2823 13
0 0.2833 13
0 0.2843 13
0 0.2853 13
0 0.2863 13
0 0.2873 13
0 0.2883 13
0 0.2893 13
0 0.2903 13
0 0.2913 13
0 0.2923 13
0 0.2933 13
0 0.2943 13
0 0.2953 13
0 0.2963 13
0 0.2973 13
0 0.2983 13
0 0.2993 13
0 0.3003 13
0 0.3013 13
0 0.3023 13
0 0.3033 13
0 0.3043 13
0 0.3053 13
0 0.3063 13
0 0.3073 13
0 0.3083 13
0 0.3093 13
0 0.3103 13
0 0.3113 13
0 0.3123 13
0 0.3133 13
0 0.3143 13
0 0.3153 13
0 0.3163 13
0 0.3173 13
0 0.3183 13
0 0.3193 13
0 0.3203 13
0 0.3213 13
0 0.3223 13
0 0.3233 13
0 0.3243 13
0 0.3253 13
0 0.3263 13
0 0.3273 13
0 0.3283 13
0 0.0833 14
0 0.0843 14
0 0.0853 14
0 0.0863 14
0 0.0873 14
0 0.0883 14
0 0.0893 14
0 0.0903 14
0 0.0913 14
0 0.0923 14
0 0.0933 14
0 0.0943 14
0 0.0953 14
0 0.0963 14
0 0.0973 14
0 0.0983 14
0 0.0993 14
0 0.1003 14
0 0.1013 14
0 0.1023 14
0 0.1033 14
0 0.1043 14
0 0.1053 14
0 0.1063 14
0 0.1073 14
0 0.1083 14
0 0.1093 14
0 0.1103 14
0 0.1113 14
0 0.1123 14
0 0.1133 14
0 0.1143 14
0 0.1153 14
0 0.1163 14
0 0.1173 14
0 0.1183 14
0 0.1193 14
0 0.1203 14
0 0.1213 14
0 0.1223 14
0 0.1233 14
0 0.1243 14
0 0.1253 14
0 0.1263 14
0 0.1273 14
0 0.1283 14
0 0.1293 14
0 0.1303 14
0 0.1313 14
0 0.1323 14
0 0.1333 14
0 0.1343 14
0 0.1353 14
0 0.1363 14
0 0.1373 14
0 0.1383 14
0 0.1393 14
0 0.1403 14
0 0.1413 14
0 0.1423 14
0 0.1433 14
0 0.1443 14
0 0.1453 14
0 0.1463 14
0 0.1473 14
0 0.1483 14
0 0.1493 14
0 0.1503 14
0 0.1513 14
0 0.1523 14
0 0.1533 14
0 0.1543 14
0 0.1553 14
0 0.1563 14
0 0.1573 14
0 0.1583 14
0 0.1593 14
0 0.1603 14
0 0.1613 14
0 0.1623 14
0 0.1633 14
0 0.1643 14
0 0.1653 14
0 0.1663 14
0 0.1673 14
0 0.1683 14
0 0.1693 14
0 0.1703 14
0 0.1713 14
0 0.1723 14
0 0.1733 14
0 0.1743 14
0 0.1753 14
0 0.1763 14
0 0.1773 14
0 0.1783 14
0 0.1793 14
0 0.1803 14
0 0.1813 14
0 0.1823 14
0 0.1833 14
0 0.1843 14
0 0.1853 14
0 0.1863 14
0 0.1873 14
0 0.1883 14
0 0.1893 14
0 0.1903 14
0 0.1913 14
0 0.1923 14
0 0.1933 14
0 0.1943 14
0 0.1953 14
0 0.1963 14
0 0.1973 14
0 0.1983 14
0 0.1993 14
0 0.2003 14
0 0.2013 14
0 0.2023 14
0 0.2033 14
0 0.2043 14
0 0.2053 14
0 0.2063 14
0 0.2073 14
0 0.2083 14
0 0.2093 14
0 0.2103 14
0 0.2113 14
0 0.2123 14
0 0.2133 14
0 0.2143 14
0 0.2153 14
0 0.2163 14
0 0.2173 14
0 0.2183 14
0 0.2193 14
0 0.2203 14
0 0.2213 14
0 0.2223 14
0 0.2233 14
0 0.2243 14
0 0.2253 14
0 0.2263 14
0 0.2273 14
0 0.2283 14
0 0.2293 14
0 0.2303 14
0 0.2313 14
0 0.2323 14
0 0.2333 14
0 0.2343 14
0 0.2353 14
0 0.2363 14
0 0.2373 14
0 0.2383 14
0 0.2393 14
0 0.2403 14
0 0.2413 14
0 0.2423 14
0 0.2433 14
0 0.2443 14
0 0.2453 14
0 0.2463 14
0 0.2473 14
0 0.2483 14
0 0.2493 14
0 0.2503 14
0 0.2513 14
0 0.2523 14
0 0.2533 14
0 0.2543 14
0 0.2553 14
0 0.2563 14
0 0.2573 14
0 0.2583 14
0 0.2593 14
0 0.2603 14
0 0.2613 14
0 0.2623 14
0 0.2633 14
0 0.2643 14
0 0.2653 14
0 0.2663 14
0 0.2673 14
0 0.2683 14
0 0.2693 14
0 0.2703 14
0 0.2713 14
0 0.2723 14
0 0.2733 14
0 0.2743 14
0 0.2753 14
0 0.2763 14
0 0.2773 14
0 0.2783 14
0 0.2793 14
0 0.2803 14
0 0.2813 14
0 0.2823 14
0 0.2833 14
0 0.2843 14
0 0.2853 14
0 0.2863 14
0 0.2873 14
0 0.2883 14
0 0.2893 14
0 0.2903 14
0 0.2913 14
0 0.2923 14
0 0.2933 14
0 0.2943 14
0 0.2953 14
0 0.2963 14
0 0.2973 14
0 0.2983 14
0 0.2993 14
0 0.3003 14
0 0.3013 14
0 0.3023 14
0 0.3033 14
0 0.3043 14
0 0.3053 14
0 0.3063 14
0 0.3073 14
0 0.3083 14
0 0.3093 14
0 0.3103 14
0 0.3113 14
0 0.3123 14
0 0.3133 14
0 0.3143 14
0 0.3153 14
0 0.3163 14
0 0.3173 14
0 0.3183 14
0 0.3193 14
0 0.3203 14
0 0.3213 14
0 0.3223 14
0 0.3233 14
0 0.3243 14
0 0.3253 14
0 0.3263 14
0 0.3273 14
0 0.0833 15
0 0.0843 15
0 0.0853 15
0 0.0863 15
0 0.0873 15
0 0.0883 15
0 0.0893 15
0 0.0903 15
0 0.0913 15
0 0.0923 15
0 0.0933 15
0 0.0943 15
0 0.0953 15
0 0.0963 15
0 0.0973 15
0 0.0983 15
0 0.0993 15
0 0.1003 15
0 0.1013 15
0 0.1023 15
0 0.1033 15
0 0.1043 15
0 0.1053 15
0 0.1063 15
0 0.1073 15
0 0.1083 15
0 0.1093 15
0 0.1103 15
0 0.1113 15
0 0.1123 15
0 0.1133 15
0 0.1143 15
0 0.1153 15
0 0.1163 15
0 0.1173 15
0 0.1183 15
0 0.1193 15
0 0.1203 15
0 0.1213 15
0 0.1223 15
0 0.1233 15
0 0.1243 15
0 0.1253 15
0 0.1263 15
0 0.1273 15
0 0.1283 15
0 0.1293 15
0 0.1303 15
0 0.1313 15
0 0.1323 15
0 0.1333 15
0 0.1343 15
0 0.1353 15
0 0.1363 15
0 0.1373 15
0 0.1383 15
0 0.1393 15
0 0.1403 15
0 0.1413 15
0 0.1423 15
0 0.1433 15
0 0.1443 15
0 0.1453 15
0 0.1463 15
0 0.1473 15
0 0.1483 15
0 0.1493 15
0 0.1503 15
0 0.1513 15
0 0.1523 15
0 0.1533 15
0 0.1543 15
0 0.1553 15
0 0.1563 15
0 0.1573 15
0 0.1583 15
0 0.1593 15
0 0.1603 15
0 0.1613 15
0 0.1623 15
0 0.1633 15
0 0.1643 15
0 0.1653 15
0 0.1663 15
0 0.1673 15
0 0.1683 15
0 0.1693 15
0 0.1703 15
0 0.1713 15
0 0.1723 15
0 0.1733 15
0 0.1743 15
0 0.1753 15
0 0.1763 15
0 0.1773 15
0 0.1783 15
0 0.1793 15
0 0.1803 15
0 0.1813 15
0 0.1823 15
0 0.1833 15
0 0.1843 15
0 0.1853 15
0 0.1863 15
0 0.1873 15
0 0.1883 15
0 0.1893 15
0 0.1903 15
0 0.1913 15
0 0.1923 15
0 0.1933 15
0 0.1943 15
0 0.1953 15
0 0.1963 15
0 0.1973 15
0 0.1983 15
0 0.1993 15
0 0.2003 15
0 0.2013 15
0 0.2023 15
0 0.2033 15
0 0.2043 15
0 0.2053 15
0 0.2063 15
0 0.2073 15
0 0.2083 15
0 0.2093 15
0 0.2103 15
0 0.2113 15
0 0.2123 15
0 0.2133 15
0 0.2143 15
0 0.2153 15
0 0.2163 15
0 0.2173 15
0 0.2183 15
0 0.2193 15
0 0.2203 15
0 0.2213 15
0 0.2223 15
0 0.2233 15
0 0.2243 15
0 0.2253 15
0 0.2263 15
0 0.2273 15
0 0.2283 15
0 0.2293 15
0 0.2303 15
0 0.2313 15
0 0.2323 15
0 0.2333 15
0 0.2343 15
0 0.2353 15
0 0.2363 15
0 0.2373 15
0 0.2383 15
0 0.2393 15
0 0.2403 15
0 0.2413 15
0 0.2423 15
0 0.2433 15
0 0.2443 15
0 0.2453 15
0 0.2463 15
0 0.2473 15
0 0.2483 15
0 0.2493 15
0 0.2503 15
0 0.2513 15
0 0.2523 15
0 0.2533 15
0 0.2543 15
0 0.2553 15
0 0.2563 15
0 0.2573 15
0 0.2583 15
0 0.2593 15
0 0.2603 15
0 0.2613 15
0 0.2623 15
0 0.2633 15
0 0.2643 15
0 0.2653 15
0 0.2663 15
0 0.2673 15
0 0.2683 15
0 0.2693 15
0 0.2703 15
0 0.2713 15
0 0.2723 15
0 0.2733 15
0 0.2743 15
0 0.2753 15
0 0.2763 15
0 0.2773 15
0 0.2783 15
0 0.2793 15
0 0.2803 15
0 0.2813 15
0 0.2823 15
0 0.2833 15
0 0.2843 15
0 0.2853 15
0 0.2863 15
0 0.2873 15
0 0.2883 15
0 0.2893 15
0 0.2903 15
0 0.2913 15
0 0.2923 15
0 0.2933 15
0 0.2943 15
0 0.2953 15
0 0.2963 15
0 0.2973 15
0 0.2983 15
0 0.2993 15
0 0.3003 15
0 0.3013 15
0 0.3023 15
0 0.3033 15
0 0.3043 15
0 0.3053 15
0 0.3063 15
0 0.3073 15
0 0.3083 15
0 0.3093 15
0 0.3103 15
0 0.3113 15
0 0.3123 15
0 0.3133 15
0 0.3143 15
0 0.3153 15
0 0.3163 15
0 0.3173 15
0 0.3183 15
0 0.3193 15
0 0.3203 15
0 0.3213 15
0 0.3223 15
0 0.3233 15
0 0.3243 15
0 0.3253 15
0 0.3263 15
0 0.3273 15
0 0.0833 16
0 0.0843 16
0 0.0853 16
0 0.0863 16
0 0.0873 16
0 0.0883 16
0 0.0893 16
0 0.0903 16
0 0.0913 16
0 0.0923 16
0 0.0933 16
0 0.0943 16
0 0.0953 16
0 0.0963 16
0 0.0973 16
0 0.0983 16
0 0.0993 16
0 0.1003 16
0 0.1013 16
0 0.1023 16
0 0.1033 16
0 0.1043 16
0 0.1053 16
0 0.1063 16
0 0.1073 16
0 0.1083 16
0 0.1093 16
0 0.1103 16
0 0.1113 16
0 0.1123 16
0 0.1133 16
0 0.1143 16
0 0.1153 16
0 0.1163 16
0 0.1173 16
0 0.1183 16
0 0.1193 16
0 0.1203 16
0 0.1213 16
0 0.1223 16
0 0.1233 16
0 0.1243 16
0 0.1253 16
0 0.1263 16
0 0.1273 16
0 0.1283 16
0 0.1293 16
0 0.1303 16
0 0.1313 16
0 0.1323 16
0 0.1333 16
0 0.1343 16
0 0.1353 16
0 0.1363 16
0 0.1373 16
0 0.1383 16
0 0.1393 16
0 0.1403 16
0 0.1413 16
0 0.1423 16
0 0.1433 16
0 0.1443 16
0 0.1453 16
0 0.1463 16
0 0.1473 16
0 0.1483 16
0 0.1493 16
0 0.1503 16
0 0.1513 16
0 0.1523 16
0 0.1533 16
0 0.1543 16
0 0.1553 16
0 0.1563 16
0 0.1573 16
0 0.1583 16
0 0.1593 16
0 0.1603 16
0 0.1613 16
0 0.1623 16
0 0.1633 16
0 0.1643 16
0 0.1653 16
0 0.1663 16
0 0.1673 16
0 0.1683 16
0 0.1693 16
0 0.1703 16
0 0.1713 16
0 0.1723 16
0 0.1733 16
0 0.1743 16
0 0.1753 16
0 0.1763 16
0 0.1773 16
0 0.1783 16
0 0.1793 16
0 0.1803 16
0 0.1813 16
0 0.1823 16
0 0.1833 16
0 0.1843 16
0 0.1853 16
0 0.1863 16
0 0.1873 16
0 0.1883 16
0 0.1893 16
0 0.1903 16
0 0.1913 16
0 0.1923 16
0 0.1933 16
0 0.1943 16
0 0.1953 16
0 0.1963 16
0 0.1973 16
0 0.1983 16
0 0.1993 16
0 0.2003 16
0 0.2013 16
0 0.2023 16
0 0.2033 16
0 0.2043 16
0 0.2053 16
0 0.2063 16
0 0.2073 16
0 0.2083 16
0 0.2093 16
0 0.2103 16
0 0.2113 16
0 0.2123 16
0 0.2133 16
0 0.2143 16
0 0.2153 16
0 0.2163 16
0 0.2173 16
0 0.2183 16
0 0.2193 16
0 0.2203 16
0 0.2213 16
0 0.2223 16
0 0.2233 16
0 0.2243 16
0 0.2253 16
0 0.2263 16
0 0.2273 16
0 0.2283 16
0 0.2293 16
0 0.2303 16
0 0.2313 16
0 0.2323 16
0 0.2333 16
0 0.2343 16
0 0.2353 16
0 0.2363 16
0 0.2373 16
0 0.2383 16
0 0.2393 16
0 0.2403 16
0 0.2413 16
0 0.2423 16
0 0.2433 16
0 0.2443 16
0 0.2453 16
0 0.2463 16
0 0.2473 16
0 0.2483 16
0 0.2493 16
0 0.2503 16
0 0.2513 16
0 0.2523 16
0 0.2533 16
0 0.2543 16
0 0.2553 16
0 0.2563 16
0 0.2573 16
0 0.2583 16
0 0.2593 16
0 0.2603 16
0 0.2613 16
0 0.2623 16
0 0.2633 16
0 0.2643 16
0 0.2653 16
0 0.2663 16
0 0.2673 16
0 0.2683 16
0 0.2693 16
0 0.2703 16
0 0.2713 16
0 0.2723 16
0 0.2733 16
0 0.2743 16
0 0.2753 16
0 0.2763 16
0 0.2773 16
0 0.2783 16
0 0.2793 16
0 0.2803 16
0 0.2813 16
0 0.2823 16
0 0.2833 16
0 0.2843 16
0 0.2853 16
0 0.2863 16
0 0.2873 16
0 0.2883 16
0 0.2893 16
0 0.2903 16
0 0.2913 16
0 0.2923 16
0 0.2933 16
0 0.2943 16
0 0.2953 16
0 0.2963 16
0 0.2973 16
0 0.2983 16
0 0.2993 16
0 0.3003 16
0 0.3013 16
0 0.3023 16
0 0.3033 16
0 0.3043 16
0 0.3053 16
0 0.3063 16
0 0.3073 16
0 0.3083 16
0 0.3093 16
0 0.3103 16
0 0.3113 16
0 0.3123 16
0 0.3133 16
0 0.3143 16
0 0.3153 16
0 0.3163 16
0 0.3173 16
0 0.3183 16
0 0.3193 16
0 0.3203 16
0 0.3213 16
0 0.3223 16
0 0.3233 16
0 0.3243 16
0 0.3253 16
0 0.3263 16
0 0.0833 17
0 0.0843 17
0 0.0853 17
0 0.0863 17
0 0.0873 17
0 0.0883 17
0 0.0893 17
0 0.0903 17
0 0.0913 17
0 0.0923 17
0 0.0933 17
0 0.0943 17
0 0.0953 17
0 0.0963 17
0 0.0973 17
0 0.0983 17
0 0.0993 17
0 0.1003 17
0 0.1013 17
0 0.1023 17
0 0.1033 17
0 0.1043 17
0 0.1053 17
0 0.1063 17
0 0.1073 17
0 0.1083 17
0 0.1093 17
0 0.1103 17
0 0.1113 17
0 0.1123 17
0 0.1133 17
0 0.1143 17
0 0.1153 17
0 0.1163 17
0 0.1173 17
0 0.1183 17
0 0.1193 17
0 0.1203 17
0 0.1213 17
0 0.1223 17
0 0.1233 17
0 0.1243 17
0 0.1253 17
0 0.1263 17
0 0.1273 17
0 0.1283 17
0 0.1293 17
0 0.1303 17
0 0.1313 17
0 0.1323 17
0 0.1333 17
0 0.1343 17
0 0.1353 17
0 0.1363 17
0 0.1373 17
0 0.1383 17
0 0.1393 17
0 0.1403 17
0 0.1413 17
0 0.1423 17
0 0.1433 17
0 0.1443 17
0 0.1453 17
0 0.1463 17
0 0.1473 17
0 0.1483 17
0 0.1493 17
0 0.1503 17
0 0.1513 17
0 0.1523 17
0 0.1533 17
0 0.1543 17
0 0.1553 17
0 0.1563 17
0 0.1573 17
0 0.1583 17
0 0.1593 17
0 0.1603 17
0 0.1613 17
0 0.1623 17
0 0.1633 17
0 0.1643 17
0 0.1653 17
0 0.1663 17
0 0.1673 17
0 0.1683 17
0 0.1693 17
0 0.1703 17
0 0.1713 17
0 0.1723 17
0 0.1733 17
0 0.1743 17
0 0.1753 17
0 0.1763 17
0 0.1773 17
0 0.1783 17
0 0.1793 17
0 0.1803 17
0 0.1813 17
0 0.1823 17
0 0.1833 17
0 0.1843 17
0 0.1853 17
0 0.1863 17
0 0.1873 17
0 0.1883 17
0 0.1893 17
0 0.1903 17
0 0.1913 17
0 0.1923 17
0 0.1933 17
0 0.1943 17
0 0.1953 17
0 0.1963 17
0 0.1973 17
0 0.1983 17
0 0.1993 17
0 0.2003 17
0 0.2013 17
0 0.2023 17
0 0.2033 17
0 0.2043 17
0 0.2053 17
0 0.2063 17
0 0.2073 17
0 0.2083 17
0 0.2093 17
0 0.2103 17
0 0.2113 17
0 0.2123 17
0 0.2133 17
0 0.2143 17
0 0.2153 17
0 0.2163 17
0 0.2173 17
0 0.2183 17
0 0.2193 17
0 0.2203 17
0 0.2213 17
0 0.2223 17
0 0.2233 17
0 0.2243 17
0 0.2253 17
0 0.2263 17
0 0.2273 17
0 0.2283 17
0 0.2293 17
0 0.2303 17
0 0.2313 17
0 0.2323 17
0 0.2333 17
0 0.2343 17
0 0.2353 17
0 0.2363 17
0 0.2373 17
0 0.2383 17
0 0.2393 17
0 0.2403 17
0 0.2413 17
0 0.2423 17
0 0.2433 17
0 0.2443 17
0 0.2453 17
0 0.2463 17
0 0.2473 17
0 0.2483 17
0 0.2493 17
0 0.2503 17
0 0.2513 17
0 0.2523 17
0 0.2533 17
0 0.2543 17
0 0.2553 17
0 0.2563 17
0 0.2573 17
0 0.2583 17
0 0.2593 17
0 0.2603 17
0 0.2613 17
0 0.2623 17
0 0.2633 17
0 0.2643 17
0 0.2653 17
0 0.2663 17
0 0.2673 17
0 0.2683 17
0 0.2693 17
0 0.2703 17
0 0.2713 17
0 0.2723 17
0 0.2733 17
0 0.2743 17
0 0.2753 17
0 0.2763 17
0 0.2773 17
0 0.2783 17
0 0.2793 17
0 0.2803 17
0 0.2813 17
0 0.2823 17
0 0.2833 17
0 0.2843 17
0 0.2853 17
0 0.2863 17
0 0.2873 17
0 0.2883 17
0 0.2893 17
0 0.2903 17
0 0.2913 17
0 0.2923 17
0 0.2933 17
0 0.2943 17
0 0.2953 17
0 0.2963 17
0 0.2973 17
0 0.2983 17
0 0.2993 17
0 0.3003 17
0 0.3013 17
0 0.3023 17
0 0.3033 17
0 0.3043 17
0 0.3053 17
0 0.3063 17
0 0.3073 17
0 0.3083 17
0 0.3093 17
0 0.3103 17
0 0.3113 17
0 0.3123 17
0 0.3133 17
0 0.3143 17
0 0.3153 17
0 0.3163 17
0 0.3173 17
0 0.3183 17
0 0.3193 17
0 0.3203 17
0 0.3213 17
0 0.3223 17
0 0.3233 17
0 0.3243 17
0 0.3253 17
0 0.0833 18
0 0.0843 18
0 0.0853 18
0 0.0863 18
0 0.0873 18
0 0.0883 18
0 0.0893 18
0 0.0903 18
0 0.0913 18
0 0.0923 18
0 0.0933 18
0 0.0943 18
0 0.0953 18
0 0.0963 18
0 0.0973 18
0 0.0983 18
0 0.0993 18
0 0.1003 18
0 0.1013 18
0 0.1023 18
0 0.1033 18
0 0.1043 18
0 0.1053 18
0 0.1063 18
0 0.1073 18
0 0.1083 18
0 0.1093 18
0 0.1103 18
0 0.1113 18
0 0.1123 18
0 0.1133 18
0 0.1143 18
0 0.1153 18
0 0.1163 18
0 0.1173 18
0 0.1183 18
0 0.1193 18
0 0.1203 18
0 0.1213 18
0 0.1223 18
0 0.1233 18
0 0.1243 18
0 0.1253 18
0 0.1263 18
0 0.1273 18
0 0.1283 18
0 0.1293 18
0 0.1303 18
0 0.1313 18
0 0.1323 18
0 0.1333 18
0 0.1343 18
0 0.1353 18
0 0.1363 18
0 0.1373 18
0 0.1383 18
0 0.1393 18
0 0.1403 18
0 0.1413 18
0 0.1423 18
0 0.1433 18
0 0.1443 18
0 0.1453 18
0 0.1463 18
0 0.1473 18
0 0.1483 18
0 0.1493 18
0 0.1503 18
0 0.1513 18
0 0.1523 18
0 0.1533 18
0 0.1543 18
0 0.1553 18
0 0.1563 18
0 0.1573 18
0 0.1583 18
0 0.1593 18
0 0.1603 18
0 0.1613 18
0 0.1623 18
0 0.1633 18
0 0.1643 18
0 0.1653 18
0 0.1663 18
0 0.1673 18
0 0.1683 18
0 0.1693 18
0 0.1703 18
0 0.1713 18
0 0.1723 18
0 0.1733 18
0 0.1743 18
0 0.1753 18
0 0.1763 18
0 0.1773 18
0 0.1783 18
0 0.1793 18
0 0.1803 18
0 0.1813 18
0 0.1823 18
0 0.1833 18
0 0.1843 18
0 0.1853 18
0 0.1863 18
0 0.1873 18
0 0.1883 18
0 0.1893 18
0 0.1903 18
0 0.1913 18
0 0.1923 18
0 0.1933 18
0 0.1943 18
0 0.1953 18
0 0.1963 18
0 0.1973 18
0 0.1983 18
0 0.1993 18
0 0.2003 18
0 0.2013 18
0 0.2023 18
0 0.2033 18
0 0.2043 18
0 0.2053 18
0 0.2063 18
0 0.2073 18
0 0.2083 18
0 0.2093 18
0 0.2103 18
0 0.2113 18
0 0.2123 18
0 0.2133 18
0 0.2143 18
0 0.2153 18
0 0.2163 18
0 0.2173 18
0 0.2183 18
0 0.2193 18
0 0.2203 18
0 0.2213 18
0 0.2223 18
0 0.2233 18
0 0.2243 18
0 0.2253 18
0 0.2263 18
0 0.2273 18
0 0.2283 18
0 0.2293 18
0 0.2303 18
0 0.2313 18
0 0.2323 18
0 0.2333 18
0 0.2343 18
0 0.2353 18
0 0.2363 18
0 0.2373 18
0 0.2383 18
0 0.2393 18
0 0.2403 18
0 0.2413 18
0 0.2423 18
0 0.2433 18
0 0.2443 18
0 0.2453 18
0 0.2463 18
0 0.2473 18
0 0.2483 18
0 0.2493 18
0 0.2503 18
0 0.2513 18
0 0.2523 18
0 0.2533 18
0 0.2543 18
0 0.2553 18
0 0.2563 18
0 0.2573 18
0 0.2583 18
0 0.2593 18
0 0.2603 18
0 0.2613 18
0 0.2623 18
0 0.2633 18
0 0.2643 18
0 0.2653 18
0 0.2663 18
0 0.2673 18
0 0.2683 18
0 0.2693 18
0 0.2703 18
0 0.2713 18
0 0.2723 18
0 0.2733 18
0 0.2743 18
0 0.2753 18
0 0.2763 18
0 0.2773 18
0 0.2783 18
0 0.2793 18
0 0.2803 18
0 0.2813 18
0 0.2823 18
0 0.2833 18
0 0.2843 18
0 0.2853 18
0 0.2863 18
0 0.2873 18
0 0.2883 18
0 0.2893 18
0 0.2903 18
0 0.2913 18
0 0.2923 18
0 0.2933 18
0 0.2943 18
0 0.2953 18
0 0.2963 18
0 0.2973 18
0 0.2983 18
0 0.2993 18
0 0.3003 18
0 0.3013 18
0 0.3023 18
0 0.3033 18
0 0.3043 18
0 0.3053 18
0 0.3063 18
0 0.3073 18
0 0.3083 18
0 0.3093 18
0 0.3103 18
0 0.3113 18
0 0.3123 18
0 0.3133 18
0 0.3143 18
0 0.3153 18
0 0.3163 18
0 0.3173 18
0 0.3183 18
0 0.3193 18
0 0.3203 18
0 0.3213 18
0 0.3223 18
0 0.3233 18
0 0.3243 18
0 0.0833 19
0 0.0843 19
0 0.0853 19
0 0.0863 19
0 0.0873 19
0 0.0883 19
0 0.0893 19
0 0.0903 19
0 0.0913 19
0 0.0923 19
0 0.0933 19
0 0.0943 19
0 0.0953 19
0 0.0963 19
0 0.0973 19
0 0.0983 19
0 0.0993 19
0 0.1003 19
0 0.1013 19
0 0.1023 19
0 0.1033 19
0 0.1043 19
0 0.1053 19
0 0.1063 19
0 0.1073 19
0 0.1083 19
0 0.1093 19
0 0.1103 19
0 0.1113 19
0 0.1123 19
0 0.1133 19
0 0.1143 19
0 0.1153 19
0 0.1163 19
0 0.1173 19
0 0.1183 19
0 0.1193 19
0 0.1203 19
0 0.1213 19
0 0.1223 19
0 0.1233 19
0 0.1243 19
0 0.1253 19
0 0.1263 19
0 0.1273 19
0 0.1283 19
0 0.1293 19
0 0.1303 19
0 0.1313 19
0 0.1323 19
0 0.1333 19
0 0.1343 19
0 0.1353 19
0 0.1363 19
0 0.1373 19
0 0.1383 19
0 0.1393 19
0 0.1403 19
0 0.1413 19
0 0.1423 19
0 0.1433 19
0 0.1443 19
0 0.1453 19
0 0.1463 19
0 0.1473 19
0 0.1483 19
0 0.1493 19
0 0.1503 19
0 0.1513 19
0 0.1523 19
0 0.1533 19
0 0.1543 19
0 0.1553 19
0 0.1563 19
0 0.1573 19
0 0.1583 19
0 0.1593 19
0 0.1603 19
0 0.1613 19
0 0.1623 19
0 0.1633 19
0 0.1643 19
0 0.1653 19
0 0.1663 19
0 0.1673 19
0 0.1683 19
0 0.1693 19
0 0.1703 19
0 0.1713 19
0 0.1723 19
0 0.1733 19
0 0.1743 19
0 0.1753 19
0 0.1763 19
0 0.1773 19
0 0.1783 19
0 0.1793 19
0 0.1803 19
0 0.1813 19
0 0.1823 19
0 0.1833 19
0 0.1843 19
0 0.1853 19
0 0.1863 19
0 0.1873 19
0 0.1883 19
0 0.1893 19
0 0.1903 19
0 0.1913 19
0 0.1923 19
0 0.1933 19
0 0.1943 19
0 0.1953 19
0 0.1963 19
0 0.1973 19
0 0.1983 19
0 0.1993 19
0 0.2003 19
0 0.2013 19
0 0.2023 19
0 0.2033 19
0 0.2043 19
0 0.2053 19
0 0.2063 19
0 0.2073 19
0 0.2083 19
0 0.2093 19
0 0.2103 19
0 0.2113 19
0 0.2123 19
0 0.2133 19
0 0.2143 19
0 0.2153 19
0 0.2163 19
0 0.2173 19
0 0.2183 19
0 0.2193 19
0 0.2203 19
0 0.2213 19
0 0.2223 19
0 0.2233 19
0 0.2243 19
0 0.2253 19
0 0.2263 19
0 0.2273 19
0 0.2283 19
0 0.2293 19
0 0.2303 19
0 0.2313 19
0 0.2323 19
0 0.2333 19
0 0.2343 19
0 0.2353 19
0 0.2363 19
0 0.2373 19
0 0.2383 19
0 0.2393 19
0 0.2403 19
0 0.2413 19
0 0.2423 19
0 0.2433 19
0 0.2443 19
0 0.2453 19
0 0.2463 19
0 0.2473 19
0 0.2483 19
0 0.2493 19
0 0.2503 19
0 0.2513 19
0 0.2523 19
0 0.2533 19
0 0.2543 19
0 0.2553 19
0 0.2563 19
0 0.2573 19
0 0.2583 19
0 0.2593 19
0 0.2603 19
0 0.2613 19
0 0.2623 19
0 0.2633 19
0 0.2643 19
0 0.2653 19
0 0.2663 19
0 0.2673 19
0 0.2683 19
0 0.2693 19
0 0.2703 19
0 0.2713 19
0 0.2723 19
0 0.2733 19
0 0.2743 19
0 0.2753 19
0 0.2763 19
0 0.2773 19
0 0.2783 19
0 0.2793 19
0 0.2803 19
0 0.2813 19
0 0.2823 19
0 0.2833 19
0 0.2843 19
0 0.2853 19
0 0.2863 19
0 0.2873 19
0 0.2883 19
0 0.2893 19
0 0.2903 19
0 0.2913 19
0 0.2923 19
0 0.2933 19
0 0.2943 19
0 0.2953 19
0 0.2963 19
0 0.2973 19
0 0.2983 19
0 0.2993 19
0 0.3003 19
0 0.3013 19
0 0.3023 19
0 0.3033 19
0 0.3043 19
0 0.3053 19
0 0.3063 19
0 0.3073 19
0 0.3083 19
0 0.3093 19
0 0.3103 19
0 0.3113 19
0 0.3123 19
0 0.3133 19
0 0.3143 19
0 0.3153 19
0 0.3163 19
0 0.3173 19
0 0.3183 19
0 0.3193 19
0 0.3203 19
0 0.3213 19
0 0.3223 19
0 0.3233 19
