2.49928e+07 0.085 0
1.50749e+07 0.0875 0
5.55041e+06 0.09 0
483390 0.0925 0
676983 0.095 0
3.87311e+06 0.0975 0
6.71651e+06 0.1 0
6.99202e+06 0.1025 0
4.73235e+06 0.105 0
1.73164e+06 0.1075 0
61551.6 0.11 0
689134 0.1125 0
3.02799e+06 0.115 0
5.52412e+06 0.1175 0
6.72549e+06 0.12 0
6.09852e+06 0.1225 0
4.15645e+06 0.125 0
1.96773e+06 0.1275 0
465641 0.13 0
33.5149 0.1325 0
326992 0.135 0
907561 0.1375 0
1.2894e+06 0.14 0
1.31838e+06 0.1425 0
1.09541e+06 0.145 0
767883 0.1475 0
466839 0.15 0
299495 0.1525 0
309430 0.155 0
376934 0.1575 0
489872 0.16 0
704390 0.1625 0
897109 0.165 0
1.08556e+06 0.1675 0
1.23862e+06 0.17 0
1.22151e+06 0.1725 0
1.16288e+06 0.175 0
849770 0.1775 0
530316 0.18 0
270139 0.1825 0
75239.8 0.185 0
87055.5 0.1875 0
187141 0.19 0
353162 0.1925 0
583277 0.195 0
836607 0.1975 0
1.04314e+06 0.2 0
1.22541e+06 0.2025 0
1.39851e+06 0.205 0
1.514e+06 0.2075 0
1.45772e+06 0.21 0
1.38914e+06 0.2125 0
1.29088e+06 0.215 0
1.09523e+06 0.2175 0
781574 0.22 0
564790 0.2225 0
387347 0.225 0
320163 0.2275 0
340419 0.23 0
403978 0.2325 0
436813 0.235 0
485801 0.2375 0
480987 0.24 0
465616 0.2425 0
383481 0.245 0
271461 0.2475 0
195546 0.25 0
135991 0.2525 0
180448 0.255 0
277026 0.2575 0
378959 0.26 0
401156 0.2625 0
449520 0.265 0
380418 0.2675 0
320724 0.27 0
189183 0.2725 0
95307.7 0.275 0
27890.1 0.2775 0
3535.73 0.28 0
19088.8 0.2825 0
52180.4 0.285 0
91001.9 0.2875 0
115311 0.29 0
90908.5 0.2925 0
62644.4 0.295 0
34046.1 0.2975 0
16868.9 0.3 0
10988.1 0.3025 0
23077.8 0.305 0
48298.7 0.3075 0
68789.5 0.31 0
106068 0.3125 0
148349 0.315 0
3.15454e+06 0.0825 1
2.16283e+06 0.085 1
2.32844e+06 0.0875 1
3.83569e+06 0.09 1
7.01666e+06 0.0925 1
1.06514e+07 0.095 1
1.49523e+07 0.0975 1
1.89269e+07 0.1 1
2.09088e+07 0.1025 1
2.08548e+07 0.105 1
1.8925e+07 0.1075 1
1.59465e+07 0.11 1
1.21739e+07 0.1125 1
9.06351e+06 0.115 1
6.45722e+06 0.1175 1
4.55216e+06 0.12 1
3.30294e+06 0.1225 1
2.7015e+06 0.125 1
2.2437e+06 0.1275 1
1.63125e+06 0.13 1
1.11794e+06 0.1325 1
733222 0.135 1
582604 0.1375 1
486374 0.14 1
585740 0.1425 1
814655 0.145 1
1.07652e+06 0.1475 1
1.20027e+06 0.15 1
1.18824e+06 0.1525 1
1.11143e+06 0.155 1
997623 0.1575 1
902747 0.16 1
801518 0.1625 1
657715 0.165 1
526406 0.1675 1
417762 0.17 1
327516 0.1725 1
277240 0.175 1
304119 0.1775 1
462821 0.18 1
650095 0.1825 1
912939 0.185 1
1.06452e+06 0.1875 1
1.14582e+06 0.19 1
1.10721e+06 0.1925 1
1.00138e+06 0.195 1
899306 0.1975 1
848013 0.2 1
834191 0.2025 1
906093 0.205 1
952402 0.2075 1
1.01519e+06 0.21 1
1.03209e+06 0.2125 1
1.04369e+06 0.215 1
1.09004e+06 0.2175 1
1.14065e+06 0.22 1
1.19318e+06 0.2225 1
1.2502e+06 0.225 1
1.22482e+06 0.2275 1
1.02698e+06 0.23 1
825400 0.2325 1
665451 0.235 1
567408 0.2375 1
573781 0.24 1
659361 0.2425 1
749268 0.245 1
867485 0.2475 1
878535 0.25 1
821773 0.2525 1
730298 0.255 1
647279 0.2575 1
605035 0.26 1
593577 0.2625 1
670261 0.265 1
836939 0.2675 1
1.00465e+06 0.27 1
1.1222e+06 0.2725 1
1.17555e+06 0.275 1
1.15966e+06 0.2775 1
1.07196e+06 0.28 1
951729 0.2825 1
770482 0.285 1
667622 0.2875 1
640836 0.29 1
604307 0.2925 1
608215 0.295 1
622376 0.2975 1
626035 0.3 1
598686 0.3025 1
550428 0.305 1
482436 0.3075 1
425561 0.31 1
359719 0.3125 1
304490 0.315 1
5.34408e+06 0.08 2
6.41401e+06 0.0825 2
7.62855e+06 0.085 2
8.79448e+06 0.0875 2
9.64667e+06 0.09 2
1.00096e+07 0.0925 2
9.93592e+06 0.095 2
9.71451e+06 0.0975 2
9.71807e+06 0.1 2
1.01675e+07 0.1025 2
1.09611e+07 0.105 2
1.17024e+07 0.1075 2
1.18797e+07 0.11 2
1.12325e+07 0.1125 2
9.85856e+06 0.115 2
8.39995e+06 0.1175 2
7.30343e+06 0.12 2
7.04666e+06 0.1225 2
7.76186e+06 0.125 2
8.39176e+06 0.1275 2
8.80592e+06 0.13 2
8.47269e+06 0.1325 2
7.42971e+06 0.135 2
5.72586e+06 0.1375 2
3.90173e+06 0.14 2
2.30795e+06 0.1425 2
1.34975e+06 0.145 2
888242 0.1475 2
689816 0.15 2
400042 0.1525 2
218877 0.155 2
146631 0.1575 2
273805 0.16 2
605967 0.1625 2
1.10147e+06 0.165 2
1.41919e+06 0.1675 2
1.50877e+06 0.17 2
1.51948e+06 0.1725 2
1.4183e+06 0.175 2
1.01768e+06 0.1775 2
845926 0.18 2
637894 0.1825 2
525199 0.185 2
664764 0.1875 2
751293 0.19 2
874609 0.1925 2
1.10805e+06 0.195 2
1.33379e+06 0.1975 2
1.41685e+06 0.2 2
1.41663e+06 0.2025 2
1.41141e+06 0.205 2
1.39798e+06 0.2075 2
1.22274e+06 0.21 2
1.01202e+06 0.2125 2
848681 0.215 2
654466 0.2175 2
528680 0.22 2
432832 0.2225 2
364741 0.225 2
370823 0.2275 2
382985 0.23 2
406846 0.2325 2
434993 0.235 2
440757 0.2375 2
497737 0.24 2
564327 0.2425 2
638844 0.245 2
720812 0.2475 2
721422 0.25 2
676711 0.2525 2
651414 0.255 2
557107 0.2575 2
497915 0.26 2
422077 0.2625 2
375738 0.265 2
348780 0.2675 2
339108 0.27 2
352564 0.2725 2
366495 0.275 2
412463 0.2775 2
516811 0.28 2
689064 0.2825 2
864490 0.285 2
1.05714e+06 0.2875 2
1.21606e+06 0.29 2
1.35995e+06 0.2925 2
1.49953e+06 0.295 2
1.59224e+06 0.2975 2
1.5071e+06 0.3 2
1.35732e+06 0.3025 2
1.16567e+06 0.305 2
889541 0.3075 2
658991 0.31 2
451572 0.3125 2
319700 0.315 2
3.62388e+06 0.075 3
5.75868e+06 0.0775 3
1.00294e+07 0.08 3
1.52125e+07 0.0825 3
1.95296e+07 0.085 3
2.14694e+07 0.0875 3
2.04911e+07 0.09 3
1.72416e+07 0.0925 3
1.31844e+07 0.095 3
9.85611e+06 0.0975 3
8.15704e+06 0.1 3
8.04145e+06 0.1025 3
8.72016e+06 0.105 3
9.22632e+06 0.1075 3
8.983e+06 0.11 3
8.06628e+06 0.1125 3
6.87756e+06 0.115 3
6.06359e+06 0.1175 3
6.07829e+06 0.12 3
6.53186e+06 0.1225 3
7.19429e+06 0.125 3
7.11998e+06 0.1275 3
6.48138e+06 0.13 3
5.45227e+06 0.1325 3
3.9853e+06 0.135 3
2.9198e+06 0.1375 3
1.96078e+06 0.14 3
1.61316e+06 0.1425 3
1.50303e+06 0.145 3
1.32783e+06 0.1475 3
1.17886e+06 0.15 3
768165 0.1525 3
447377 0.155 3
203792 0.1575 3
135035 0.16 3
240550 0.1625 3
457111 0.165 3
837500 0.1675 3
1.12256e+06 0.17 3
1.25959e+06 0.1725 3
1.36758e+06 0.175 3
1.4787e+06 0.1775 3
1.37194e+06 0.18 3
1.17457e+06 0.1825 3
1.04363e+06 0.185 3
865901 0.1875 3
687440 0.19 3
797274 0.1925 3
919033 0.195 3
1.06914e+06 0.1975 3
1.38637e+06 0.2 3
1.63416e+06 0.2025 3
1.8432e+06 0.205 3
2.02387e+06 0.2075 3
1.99406e+06 0.21 3
1.7398e+06 0.2125 3
1.58076e+06 0.215 3
1.27532e+06 0.2175 3
993045 0.22 3
803523 0.2225 3
630529 0.225 3
569518 0.2275 3
555509 0.23 3
515444 0.2325 3
478520 0.235 3
431670 0.2375 3
338381 0.24 3
285565 0.2425 3
197884 0.245 3
186052 0.2475 3
197339 0.25 3
212915 0.2525 3
236040 0.255 3
235351 0.2575 3
232404 0.26 3
236386 0.2625 3
245352 0.265 3
316260 0.2675 3
377483 0.27 3
457203 0.2725 3
472592 0.275 3
497660 0.2775 3
485147 0.28 3
513419 0.2825 3
469896 0.285 3
470440 0.2875 3
512428 0.29 3
588515 0.2925 3
698223 0.295 3
799039 0.2975 3
934048 0.3 3
1.0362e+06 0.3025 3
1.11752e+06 0.305 3
1.17772e+06 0.3075 3
1.18809e+06 0.31 3
1.14883e+06 0.3125 3
1.07175e+06 0.315 3
1.09878e+06 0.0675 4
1.1452e+06 0.07 4
1.51761e+06 0.0725 4
1.79406e+06 0.075 4
1.9665e+06 0.0775 4
2.1585e+06 0.08 4
2.22778e+06 0.0825 4
2.47901e+06 0.085 4
2.51898e+06 0.0875 4
2.46304e+06 0.09 4
2.28446e+06 0.0925 4
2.13082e+06 0.095 4
2.18045e+06 0.0975 4
2.50458e+06 0.1 4
2.86327e+06 0.1025 4
4.3478e+06 0.105 4
6.33467e+06 0.1075 4
8.51409e+06 0.11 4
1.02752e+07 0.1125 4
1.18956e+07 0.115 4
1.18556e+07 0.1175 4
1.10166e+07 0.12 4
9.5054e+06 0.1225 4
7.91729e+06 0.125 4
6.22971e+06 0.1275 4
4.46513e+06 0.13 4
3.52707e+06 0.1325 4
2.68213e+06 0.135 4
2.00834e+06 0.1375 4
1.47898e+06 0.14 4
1.20068e+06 0.1425 4
1.06639e+06 0.145 4
942936 0.1475 4
1.12815e+06 0.15 4
1.60275e+06 0.1525 4
2.01159e+06 0.155 4
2.22921e+06 0.1575 4
2.2774e+06 0.16 4
2.06013e+06 0.1625 4
1.73354e+06 0.165 4
1.57831e+06 0.1675 4
1.77246e+06 0.17 4
2.23456e+06 0.1725 4
2.87599e+06 0.175 4
3.59223e+06 0.1775 4
4.18942e+06 0.18 4
4.4672e+06 0.1825 4
4.41505e+06 0.185 4
4.20052e+06 0.1875 4
3.7114e+06 0.19 4
3.01237e+06 0.1925 4
2.37197e+06 0.195 4
1.79946e+06 0.1975 4
1.26403e+06 0.2 4
923248 0.2025 4
782830 0.205 4
689459 0.2075 4
698729 0.21 4
782725 0.2125 4
821060 0.215 4
853868 0.2175 4
878804 0.22 4
884413 0.2225 4
868718 0.225 4
815748 0.2275 4
760871 0.23 4
724123 0.2325 4
638264 0.235 4
590307 0.2375 4
539551 0.24 4
536227 0.2425 4
585451 0.245 4
603177 0.2475 4
592462 0.25 4
622004 0.2525 4
609308 0.255 4
648278 0.2575 4
747103 0.26 4
815757 0.2625 4
891708 0.265 4
910543 0.2675 4
898142 0.27 4
888087 0.2725 4
876920 0.275 4
891642 0.2775 4
902872 0.28 4
849380 0.2825 4
771089 0.285 4
630316 0.2875 4
468718 0.29 4
401296 0.2925 4
396574 0.295 4
450243 0.2975 4
531138 0.3 4
595403 0.3025 4
614103 0.305 4
608428 0.3075 4
582072 0.31 4
553592 0.3125 4
1.62635e+06 0.055 5
958658 0.0575 5
489841 0.06 5
439844 0.0625 5
789824 0.065 5
1.3156e+06 0.0675 5
1.72706e+06 0.07 5
1.82677e+06 0.0725 5
1.59994e+06 0.075 5
1.19548e+06 0.0775 5
823292 0.08 5
636128 0.0825 5
662868 0.085 5
821079 0.0875 5
986750 0.09 5
1.0701e+06 0.0925 5
1.05251e+06 0.095 5
972183 0.0975 5
880905 0.1 5
807877 0.1025 5
753843 0.105 5
711210 0.1075 5
685913 0.11 5
698352 0.1125 5
761183 0.115 5
853949 0.1175 5
920277 0.12 5
897122 0.1225 5
759195 0.125 5
546286 0.1275 5
356821 0.13 5
267338 0.1325 5
290499 0.135 5
391396 0.1375 5
559501 0.14 5
562967 0.1425 5
605615 0.145 5
491401 0.1475 5
551691 0.15 5
677851 0.1525 5
1.00223e+06 0.155 5
1.3771e+06 0.1575 5
1.5434e+06 0.16 5
1.47366e+06 0.1625 5
1.38213e+06 0.165 5
1.45392e+06 0.1675 5
1.66412e+06 0.17 5
1.69006e+06 0.1725 5
1.99835e+06 0.175 5
1.84688e+06 0.1775 5
1.64964e+06 0.18 5
1.15139e+06 0.1825 5
615351 0.185 5
216591 0.1875 5
211403 0.19 5
461592 0.1925 5
986970 0.195 5
1.41424e+06 0.1975 5
1.75025e+06 0.2 5
1.79766e+06 0.2025 5
1.82737e+06 0.205 5
1.76562e+06 0.2075 5
1.74305e+06 0.21 5
1.79815e+06 0.2125 5
1.85573e+06 0.215 5
1.68395e+06 0.2175 5
1.47989e+06 0.22 5
1.14949e+06 0.2225 5
844224 0.225 5
515483 0.2275 5
318315 0.23 5
183745 0.2325 5
131953 0.235 5
144704 0.2375 5
186136 0.24 5
244214 0.2425 5
342796 0.245 5
488912 0.2475 5
630816 0.25 5
773305 0.2525 5
862340 0.255 5
931989 0.2575 5
1.0303e+06 0.26 5
1.17557e+06 0.2625 5
1.14955e+06 0.265 5
1.12843e+06 0.2675 5
1.12752e+06 0.27 5
1.18756e+06 0.2725 5
1.24294e+06 0.275 5
1.28689e+06 0.2775 5
1.31421e+06 0.28 5
1.32763e+06 0.2825 5
1.23391e+06 0.285 5
1.04532e+06 0.2875 5
917570 0.29 5
846407 0.2925 5
870318 0.295 5
957262 0.2975 5
1.04146e+06 0.3 5
1.05162e+06 0.3025 5
954828 0.305 5
763974 0.3075 5
552008 0.31 5
0 0.035 6
0 0.0375 6
0 0.04 6
0 0.0425 6
0 0.045 6
0 0.0475 6
0 0.05 6
0 0.0525 6
2590.9 0.055 6
5447.06 0.0575 6
8100.3 0.06 6
5710.65 0.0625 6
92806.2 0.065 6
273887 0.0675 6
342007 0.07 6
536731 0.0725 6
707817 0.075 6
841909 0.0775 6
1.09789e+06 0.08 6
1.2183e+06 0.0825 6
1.32094e+06 0.085 6
1.45927e+06 0.0875 6
1.51892e+06 0.09 6
1.59746e+06 0.0925 6
1.63075e+06 0.095 6
1.37495e+06 0.0975 6
1.08191e+06 0.1 6
918930 0.1025 6
914013 0.105 6
842850 0.1075 6
932201 0.11 6
1.15787e+06 0.1125 6
1.16827e+06 0.115 6
1.15975e+06 0.1175 6
1.24335e+06 0.12 6
1.14652e+06 0.1225 6
1.02031e+06 0.125 6
805030 0.1275 6
560018 0.13 6
344451 0.1325 6
267074 0.135 6
280223 0.1375 6
368311 0.14 6
482900 0.1425 6
666598 0.145 6
814885 0.1475 6
948313 0.15 6
1.20042e+06 0.1525 6
1.42323e+06 0.155 6
1.63455e+06 0.1575 6
1.96292e+06 0.16 6
2.33293e+06 0.1625 6
2.56503e+06 0.165 6
2.69e+06 0.1675 6
2.45943e+06 0.17 6
2.01262e+06 0.1725 6
1.47903e+06 0.175 6
882129 0.1775 6
388474 0.18 6
81315.9 0.1825 6
23157.6 0.185 6
176583 0.1875 6
464462 0.19 6
871679 0.1925 6
1.21715e+06 0.195 6
1.48344e+06 0.1975 6
1.64553e+06 0.2 6
1.59179e+06 0.2025 6
1.54886e+06 0.205 6
1.38871e+06 0.2075 6
1.21955e+06 0.21 6
1.05938e+06 0.2125 6
884138 0.215 6
713575 0.2175 6
627167 0.22 6
614632 0.2225 6
652827 0.225 6
666676 0.2275 6
687202 0.23 6
724867 0.2325 6
751816 0.235 6
642237 0.2375 6
574138 0.24 6
514974 0.2425 6
399903 0.245 6
323406 0.2475 6
306570 0.25 6
344582 0.2525 6
507984 0.255 6
775514 0.2575 6
1.09045e+06 0.26 6
1.35659e+06 0.2625 6
1.5828e+06 0.265 6
1.74857e+06 0.2675 6
1.81873e+06 0.27 6
1.82531e+06 0.2725 6
1.78133e+06 0.275 6
1.69518e+06 0.2775 6
1.61555e+06 0.28 6
1.52388e+06 0.2825 6
1.38304e+06 0.285 6
1.26996e+06 0.2875 6
1.18954e+06 0.29 6
1.10766e+06 0.2925 6
1.05866e+06 0.295 6
993295 0.2975 6
938633 0.3 6
811805 0.3025 6
661438 0.305 6
497958 0.3075 6
13136 0.0125 7
50980.9 0.015 7
104475 0.0175 7
316612 0.02 7
479925 0.0225 7
728611 0.025 7
892332 0.0275 7
999334 0.03 7
922444 0.0325 7
748981 0.035 7
501380 0.0375 7
266265 0.04 7
175227 0.0425 7
261586 0.045 7
468323 0.0475 7
674923 0.05 7
760980 0.0525 7
671703 0.055 7
447464 0.0575 7
199786 0.06 7
47977.2 0.0625 7
54131.3 0.065 7
194335 0.0675 7
380556 0.07 7
515985 0.0725 7
547331 0.075 7
482935 0.0775 7
370957 0.08 7
259228 0.0825 7
168495 0.085 7
97325.7 0.0875 7
50297.6 0.09 7
61561.9 0.0925 7
188305 0.095 7
471980 0.0975 7
892401 0.1 7
1.35028e+06 0.1025 7
1.6983e+06 0.105 7
1.80872e+06 0.1075 7
1.63897e+06 0.11 7
1.25699e+06 0.1125 7
797410 0.115 7
418944 0.1175 7
190706 0.12 7
138262 0.1225 7
108683 0.125 7
86804.2 0.1275 7
103156 0.13 7
73415.2 0.1325 7
112575 0.135 7
133815 0.1375 7
173617 0.14 7
190457 0.1425 7
196896 0.145 7
282960 0.1475 7
478054 0.15 7
803371 0.1525 7
1.17509e+06 0.155 7
1.53092e+06 0.1575 7
1.70868e+06 0.16 7
1.58287e+06 0.1625 7
1.24037e+06 0.165 7
866934 0.1675 7
419238 0.17 7
208345 0.1725 7
231169 0.175 7
371678 0.1775 7
578674 0.18 7
765074 0.1825 7
1.09116e+06 0.185 7
1.3704e+06 0.1875 7
1.59651e+06 0.19 7
1.99432e+06 0.1925 7
2.29048e+06 0.195 7
2.811e+06 0.1975 7
2.92854e+06 0.2 7
2.71352e+06 0.2025 7
2.42919e+06 0.205 7
2.03727e+06 0.2075 7
1.64619e+06 0.21 7
1.3882e+06 0.2125 7
1.0994e+06 0.215 7
872376 0.2175 7
592252 0.22 7
437142 0.2225 7
372800 0.225 7
386853 0.2275 7
447419 0.23 7
550420 0.2325 7
678094 0.235 7
748951 0.2375 7
838982 0.24 7
958221 0.2425 7
1.08078e+06 0.245 7
1.13516e+06 0.2475 7
1.13224e+06 0.25 7
1.00286e+06 0.2525 7
882253 0.255 7
778140 0.2575 7
758552 0.26 7
801679 0.2625 7
918927 0.265 7
1.02559e+06 0.2675 7
1.03607e+06 0.27 7
975769 0.2725 7
835154 0.275 7
692124 0.2775 7
553311 0.28 7
515807 0.2825 7
532591 0.285 7
602867 0.2875 7
667861 0.29 7
723298 0.2925 7
684382 0.295 7
607903 0.2975 7
496477 0.3 7
371591 0.3025 7
299640 0.305 7
0 0.01 8
0 0.0125 8
0 0.015 8
0 0.0175 8
0 0.02 8
0 0.0225 8
0 0.025 8
121.806 0.0275 8
14492.2 0.03 8
32497.9 0.0325 8
2377.28 0.035 8
14225.4 0.0375 8
41368 0.04 8
56449.5 0.0425 8
55468.3 0.045 8
103950 0.0475 8
126936 0.05 8
148158 0.0525 8
140833 0.055 8
198628 0.0575 8
251712 0.06 8
290445 0.0625 8
291254 0.065 8
293038 0.0675 8
191948 0.07 8
164070 0.0725 8
90355.9 0.075 8
18585.4 0.0775 8
13302.6 0.08 8
82271.7 0.0825 8
207897 0.085 8
371915 0.0875 8
534545 0.09 8
618260 0.0925 8
622622 0.095 8
557899 0.0975 8
431039 0.1 8
314500 0.1025 8
254856 0.105 8
267960 0.1075 8
288094 0.11 8
205019 0.1125 8
182834 0.115 8
209010 0.1175 8
311240 0.12 8
352735 0.1225 8
421714 0.125 8
540648 0.1275 8
601726 0.13 8
581995 0.1325 8
473231 0.135 8
326777 0.1375 8
213695 0.14 8
168420 0.1425 8
230881 0.145 8
352846 0.1475 8
526089 0.15 8
586646 0.1525 8
603304 0.155 8
548176 0.1575 8
399244 0.16 8
338375 0.1625 8
319137 0.165 8
377013 0.1675 8
569631 0.17 8
702564 0.1725 8
792918 0.175 8
787729 0.1775 8
636832 0.18 8
526244 0.1825 8
401903 0.185 8
530505 0.1875 8
843944 0.19 8
1.21604e+06 0.1925 8
1.62952e+06 0.195 8
2.09925e+06 0.1975 8
2.25075e+06 0.2 8
2.29516e+06 0.2025 8
2.01769e+06 0.205 8
1.45295e+06 0.2075 8
995980 0.21 8
600332 0.2125 8
476494 0.215 8
715243 0.2175 8
1.0807e+06 0.22 8
1.43893e+06 0.2225 8
1.76645e+06 0.225 8
1.95969e+06 0.2275 8
1.91637e+06 0.23 8
1.78341e+06 0.2325 8
1.61802e+06 0.235 8
1.57834e+06 0.2375 8
1.47541e+06 0.24 8
1.40901e+06 0.2425 8
1.37527e+06 0.245 8
1.27881e+06 0.2475 8
1.1748e+06 0.25 8
1.10468e+06 0.2525 8
1.06281e+06 0.255 8
1.07642e+06 0.2575 8
1.09067e+06 0.26 8
1.17653e+06 0.2625 8
1.21833e+06 0.265 8
1.13064e+06 0.2675 8
1.05561e+06 0.27 8
930308 0.2725 8
775324 0.275 8
672393 0.2775 8
587854 0.28 8
531076 0.2825 8
470172 0.285 8
435853 0.2875 8
422162 0.29 8
405146 0.2925 8
395394 0.295 8
410418 0.2975 8
0 0.01 9
0 0.0125 9
0 0.015 9
0 0.0175 9
0 0.02 9
0 0.0225 9
0 0.025 9
0 0.0275 9
0 0.03 9
0 0.0325 9
0 0.035 9
7071.3 0.0375 9
4445.61 0.04 9
43975.4 0.0425 9
169079 0.045 9
244016 0.0475 9
191108 0.05 9
360600 0.0525 9
493749 0.055 9
708241 0.0575 9
859735 0.06 9
789404 0.0625 9
687458 0.065 9
441256 0.0675 9
279359 0.07 9
157390 0.0725 9
74595 0.075 9
37402.9 0.0775 9
123034 0.08 9
361406 0.0825 9
547631 0.085 9
683056 0.0875 9
747478 0.09 9
617735 0.0925 9
350345 0.095 9
186682 0.0975 9
245471 0.1 9
412416 0.1025 9
991240 0.105 9
1.69859e+06 0.1075 9
2.34932e+06 0.11 9
2.82131e+06 0.1125 9
2.99093e+06 0.115 9
2.96729e+06 0.1175 9
2.56144e+06 0.12 9
2.20278e+06 0.1225 9
1.80395e+06 0.125 9
1.44994e+06 0.1275 9
1.18611e+06 0.13 9
807407 0.1325 9
580067 0.135 9
336926 0.1375 9
187414 0.14 9
111956 0.1425 9
183195 0.145 9
389362 0.1475 9
591619 0.15 9
886515 0.1525 9
1.11417e+06 0.155 9
1.36895e+06 0.1575 9
1.80811e+06 0.16 9
2.19056e+06 0.1625 9
2.61969e+06 0.165 9
2.91518e+06 0.1675 9
2.99403e+06 0.17 9
3.07449e+06 0.1725 9
2.79743e+06 0.175 9
2.46619e+06 0.1775 9
2.04458e+06 0.18 9
1.79467e+06 0.1825 9
1.71209e+06 0.185 9
1.92902e+06 0.1875 9
2.38328e+06 0.19 9
2.87394e+06 0.1925 9
3.17358e+06 0.195 9
3.09251e+06 0.1975 9
2.62194e+06 0.2 9
1.87498e+06 0.2025 9
1.1517e+06 0.205 9
660351 0.2075 9
577693 0.21 9
977992 0.2125 9
1.60909e+06 0.215 9
2.20815e+06 0.2175 9
2.57087e+06 0.22 9
2.68643e+06 0.2225 9
2.52766e+06 0.225 9
2.28882e+06 0.2275 9
1.97712e+06 0.23 9
1.93472e+06 0.2325 9
1.78294e+06 0.235 9
1.84289e+06 0.2375 9
1.69778e+06 0.24 9
1.53147e+06 0.2425 9
1.34797e+06 0.245 9
1.15671e+06 0.2475 9
1.03913e+06 0.25 9
1.03301e+06 0.2525 9
942525 0.255 9
843250 0.2575 9
710445 0.26 9
558963 0.2625 9
424450 0.265 9
401499 0.2675 9
512868 0.27 9
698061 0.2725 9
980335 0.275 9
1.17436e+06 0.2775 9
1.30272e+06 0.28 9
1.30327e+06 0.2825 9
1.18831e+06 0.285 9
973646 0.2875 9
756830 0.29 9
561286 0.2925 9
198351 0.01 10
358366 0.0125 10
512516 0.015 10
613709 0.0175 10
647648 0.02 10
646444 0.0225 10
669923 0.025 10
764217 0.0275 10
924364 0.03 10
1.08735e+06 0.0325 10
1.16369e+06 0.035 10
1.09066e+06 0.0375 10
875381 0.04 10
600460 0.0425 10
386978 0.045 10
334805 0.0475 10
473326 0.05 10
748829 0.0525 10
1.0532e+06 0.055 10
1.27577e+06 0.0575 10
1.34983e+06 0.06 10
1.27175e+06 0.0625 10
1.08872e+06 0.065 10
867937 0.0675 10
666602 0.07 10
516474 0.0725 10
424531 0.075 10
382158 0.0775 10
373790 0.08 10
381239 0.0825 10
386068 0.085 10
374028 0.0875 10
341937 0.09 10
302353 0.0925 10
280179 0.095 10
299855 0.0975 10
369150 0.1 10
469847 0.1025 10
562838 0.105 10
606401 0.1075 10
577452 0.11 10
483018 0.1125 10
355118 0.115 10
233029 0.1175 10
144850 0.12 10
101797 0.1225 10
96608.4 0.125 10
126000 0.1275 10
203598 0.13 10
345345 0.1325 10
512013 0.135 10
649414 0.1375 10
789113 0.14 10
778349 0.1425 10
821898 0.145 10
883523 0.1475 10
907161 0.15 10
1.19036e+06 0.1525 10
1.60985e+06 0.155 10
2.09739e+06 0.1575 10
2.35137e+06 0.16 10
2.46129e+06 0.1625 10
2.32901e+06 0.165 10
2.00408e+06 0.1675 10
1.9756e+06 0.17 10
2.01359e+06 0.1725 10
2.5129e+06 0.175 10
3.24315e+06 0.1775 10
3.92459e+06 0.18 10
4.42049e+06 0.1825 10
4.7252e+06 0.185 10
4.58948e+06 0.1875 10
4.31604e+06 0.19 10
3.70583e+06 0.1925 10
3.21847e+06 0.195 10
2.79697e+06 0.1975 10
2.5162e+06 0.2 10
2.7756e+06 0.2025 10
2.76252e+06 0.205 10
2.66263e+06 0.2075 10
2.52152e+06 0.21 10
2.1646e+06 0.2125 10
1.6526e+06 0.215 10
1.16394e+06 0.2175 10
728971 0.22 10
583465 0.2225 10
587129 0.225 10
793022 0.2275 10
1.02234e+06 0.23 10
1.17868e+06 0.2325 10
1.16375e+06 0.235 10
1.01528e+06 0.2375 10
824897 0.24 10
646051 0.2425 10
504167 0.245 10
404904 0.2475 10
331620 0.25 10
257653 0.2525 10
207591 0.255 10
196481 0.2575 10
273845 0.26 10
418851 0.2625 10
562597 0.265 10
663781 0.2675 10
696627 0.27 10
596977 0.2725 10
460047 0.275 10
374235 0.2775 10
319350 0.28 10
308669 0.2825 10
363419 0.285 10
386100 0.2875 10
0 0.01 11
0 0.0125 11
0 0.015 11
0 0.0175 11
0 0.02 11
0 0.0225 11
0 0.025 11
0 0.0275 11
0 0.03 11
0 0.0325 11
0 0.035 11
0 0.0375 11
0 0.04 11
0 0.0425 11
0 0.045 11
0 0.0475 11
0 0.05 11
0 0.0525 11
0 0.055 11
0 0.0575 11
12016 0.06 11
33567.3 0.0625 11
56172.2 0.065 11
72553.9 0.0675 11
125513 0.07 11
194390 0.0725 11
247243 0.075 11
348979 0.0775 11
427894 0.08 11
569469 0.0825 11
821587 0.085 11
923821 0.0875 11
975956 0.09 11
1.0883e+06 0.0925 11
1.28429e+06 0.095 11
1.3381e+06 0.0975 11
1.3344e+06 0.1 11
1.07856e+06 0.1025 11
960425 0.105 11
693134 0.1075 11
584862 0.11 11
562627 0.1125 11
656371 0.115 11
909535 0.1175 11
1.27725e+06 0.12 11
1.52012e+06 0.1225 11
1.56389e+06 0.125 11
1.60619e+06 0.1275 11
1.47275e+06 0.13 11
1.23853e+06 0.1325 11
1.02775e+06 0.135 11
979285 0.1375 11
1.08371e+06 0.14 11
1.35091e+06 0.1425 11
1.82081e+06 0.145 11
2.19458e+06 0.1475 11
2.51765e+06 0.15 11
2.66711e+06 0.1525 11
2.80025e+06 0.155 11
2.77965e+06 0.1575 11
2.76934e+06 0.16 11
2.72842e+06 0.1625 11
2.77098e+06 0.165 11
2.70848e+06 0.1675 11
2.55486e+06 0.17 11
2.28814e+06 0.1725 11
1.96288e+06 0.175 11
1.64783e+06 0.1775 11
1.31509e+06 0.18 11
1.04904e+06 0.1825 11
836163 0.185 11
715632 0.1875 11
570949 0.19 11
419582 0.1925 11
317788 0.195 11
254859 0.1975 11
262010 0.2 11
314459 0.2025 11
370633 0.205 11
395996 0.2075 11
392946 0.21 11
371422 0.2125 11
378375 0.215 11
416156 0.2175 11
514175 0.22 11
653063 0.2225 11
739178 0.225 11
775268 0.2275 11
752187 0.23 11
636482 0.2325 11
502689 0.235 11
371238 0.2375 11
300882 0.24 11
259679 0.2425 11
258799 0.245 11
287461 0.2475 11
318015 0.25 11
360070 0.2525 11
345005 0.255 11
358323 0.2575 11
429257 0.26 11
454500 0.2625 11
467972 0.265 11
437392 0.2675 11
397900 0.27 11
367000 0.2725 11
306182 0.275 11
264450 0.2775 11
242023 0.28 11
237876 0.2825 11
24428.2 0.01 12
105926 0.0125 12
244115 0.015 12
396397 0.0175 12
576630 0.02 12
739400 0.0225 12
840134 0.025 12
880397 0.0275 12
901979 0.03 12
962297 0.0325 12
1.09381e+06 0.035 12
1.27356e+06 0.0375 12
1.42587e+06 0.04 12
1.46105e+06 0.0425 12
1.32903e+06 0.045 12
1.05439e+06 0.0475 12
728909 0.05 12
463659 0.0525 12
328873 0.055 12
318393 0.0575 12
360664 0.06 12
369022 0.0625 12
299340 0.065 12
179013 0.0675 12
90041 0.07 12
118126 0.0725 12
300221 0.075 12
602060 0.0775 12
936724 0.08 12
1.20946e+06 0.0825 12
1.35985e+06 0.085 12
1.37799e+06 0.0875 12
1.29119e+06 0.09 12
1.13699e+06 0.0925 12
944287 0.095 12
733875 0.0975 12
532200 0.1 12
381012 0.1025 12
329045 0.105 12
407345 0.1075 12
605276 0.11 12
867571 0.1125 12
1.12041e+06 0.115 12
1.31596e+06 0.1175 12
1.46703e+06 0.12 12
1.62304e+06 0.1225 12
1.88942e+06 0.125 12
2.31004e+06 0.1275 12
2.88319e+06 0.13 12
3.37164e+06 0.1325 12
3.64686e+06 0.135 12
3.69212e+06 0.1375 12
3.45326e+06 0.14 12
3.0048e+06 0.1425 12
2.45649e+06 0.145 12
1.99665e+06 0.1475 12
1.85593e+06 0.15 12
1.85578e+06 0.1525 12
2.09081e+06 0.155 12
2.3583e+06 0.1575 12
2.39816e+06 0.16 12
2.03963e+06 0.1625 12
1.60968e+06 0.165 12
1.09718e+06 0.1675 12
633463 0.17 12
352089 0.1725 12
207923 0.175 12
287971 0.1775 12
438906 0.18 12
587148 0.1825 12
750717 0.185 12
724997 0.1875 12
784876 0.19 12
810580 0.1925 12
824801 0.195 12
973653 0.1975 12
1.05267e+06 0.2 12
1.04433e+06 0.2025 12
858750 0.205 12
615110 0.2075 12
357450 0.21 12
177382 0.2125 12
146192 0.215 12
259217 0.2175 12
550163 0.22 12
899462 0.2225 12
1.36748e+06 0.225 12
1.64272e+06 0.2275 12
1.79024e+06 0.23 12
1.74308e+06 0.2325 12
1.5091e+06 0.235 12
1.2383e+06 0.2375 12
909643 0.24 12
605070 0.2425 12
370036 0.245 12
225112 0.2475 12
171810 0.25 12
181719 0.2525 12
184712 0.255 12
222553 0.2575 12
205718 0.26 12
173292 0.2625 12
112889 0.265 12
83500 0.2675 12
75178.3 0.27 12
81105.5 0.2725 12
81571.2 0.275 12
0 0.01 13
0 0.0125 13
0 0.015 13
0 0.0175 13
0 0.02 13
0 0.0225 13
0 0.025 13
0 0.0275 13
0 0.03 13
4315.51 0.0325 13
50192.4 0.035 13
137563 0.0375 13
156866 0.04 13
358812 0.0425 13
637437 0.045 13
819489 0.0475 13
939650 0.05 13
989718 0.0525 13
873661 0.055 13
888653 0.0575 13
771487 0.06 13
654504 0.0625 13
574448 0.065 13
497628 0.0675 13
473158 0.07 13
643565 0.0725 13
770446 0.075 13
837968 0.0775 13
932203 0.08 13
905270 0.0825 13
862201 0.085 13
914178 0.0875 13
1.05654e+06 0.09 13
1.17872e+06 0.0925 13
1.25669e+06 0.095 13
1.35167e+06 0.0975 13
1.3698e+06 0.1 13
1.37233e+06 0.1025 13
1.20867e+06 0.105 13
984048 0.1075 13
869796 0.11 13
808768 0.1125 13
787087 0.115 13
765059 0.1175 13
746374 0.12 13
842308 0.1225 13
955058 0.125 13
1.13464e+06 0.1275 13
1.27204e+06 0.13 13
1.3764e+06 0.1325 13
1.35526e+06 0.135 13
1.2952e+06 0.1375 13
1.17626e+06 0.14 13
1.17263e+06 0.1425 13
1.40941e+06 0.145 13
1.61294e+06 0.1475 13
1.8853e+06 0.15 13
2.145e+06 0.1525 13
2.28755e+06 0.155 13
2.33177e+06 0.1575 13
2.4634e+06 0.16 13
2.56882e+06 0.1625 13
2.66912e+06 0.165 13
2.90391e+06 0.1675 13
3.17212e+06 0.17 13
3.14522e+06 0.1725 13
2.87737e+06 0.175 13
2.5176e+06 0.1775 13
2.15816e+06 0.18 13
1.87148e+06 0.1825 13
1.75322e+06 0.185 13
1.78776e+06 0.1875 13
1.83881e+06 0.19 13
1.85417e+06 0.1925 13
1.71698e+06 0.195 13
1.40071e+06 0.1975 13
1.02872e+06 0.2 13
614401 0.2025 13
392155 0.205 13
297126 0.2075 13
329015 0.21 13
388625 0.2125 13
443487 0.215 13
487407 0.2175 13
463988 0.22 13
491845 0.2225 13
563561 0.225 13
619859 0.2275 13
689147 0.23 13
662027 0.2325 13
649929 0.235 13
624867 0.2375 13
614761 0.24 13
612280 0.2425 13
638023 0.245 13
648202 0.2475 13
643896 0.25 13
581792 0.2525 13
527726 0.255 13
464631 0.2575 13
390995 0.26 13
337960 0.2625 13
300252 0.265 13
249177 0.2675 13
0 0.02 14
0 0.0225 14
0 0.025 14
0 0.0275 14
0 0.03 14
28.0061 0.0325 14
5813.45 0.035 14
61915.6 0.0375 14
100292 0.04 14
237647 0.0425 14
385760 0.045 14
641799 0.0475 14
837975 0.05 14
1.14038e+06 0.0525 14
1.4088e+06 0.055 14
1.5368e+06 0.0575 14
1.74258e+06 0.06 14
1.74266e+06 0.0625 14
1.80695e+06 0.065 14
1.69645e+06 0.0675 14
1.56508e+06 0.07 14
1.54419e+06 0.0725 14
1.48817e+06 0.075 14
1.34516e+06 0.0775 14
1.18854e+06 0.08 14
1.08488e+06 0.0825 14
955332 0.085 14
709017 0.0875 14
506363 0.09 14
378611 0.0925 14
261676 0.095 14
229627 0.0975 14
311664 0.1 14
468806 0.1025 14
553709 0.105 14
628725 0.1075 14
773003 0.11 14
1.09356e+06 0.1125 14
1.29794e+06 0.115 14
1.60324e+06 0.1175 14
1.76656e+06 0.12 14
1.69751e+06 0.1225 14
1.4585e+06 0.125 14
1.30391e+06 0.1275 14
1.02899e+06 0.13 14
872091 0.1325 14
921737 0.135 14
1.14986e+06 0.1375 14
1.52744e+06 0.14 14
1.86523e+06 0.1425 14
2.34025e+06 0.145 14
2.5148e+06 0.1475 14
2.58801e+06 0.15 14
2.29312e+06 0.1525 14
1.7975e+06 0.155 14
1.27569e+06 0.1575 14
948268 0.16 14
789145 0.1625 14
866793 0.165 14
1.08352e+06 0.1675 14
1.34841e+06 0.17 14
1.43976e+06 0.1725 14
1.35365e+06 0.175 14
1.23474e+06 0.1775 14
983833 0.18 14
697972 0.1825 14
529085 0.185 14
431398 0.1875 14
387448 0.19 14
410889 0.1925 14
408910 0.195 14
377360 0.1975 14
304604 0.2 14
256681 0.2025 14
237484 0.205 14
310056 0.2075 14
440186 0.21 14
584909 0.2125 14
669153 0.215 14
648793 0.2175 14
543967 0.22 14
419288 0.2225 14
342667 0.225 14
376625 0.2275 14
425122 0.23 14
543164 0.2325 14
596558 0.235 14
565398 0.2375 14
450721 0.24 14
295480 0.2425 14
162202 0.245 14
105068 0.2475 14
177763 0.25 14
300921 0.2525 14
411091 0.255 14
483419 0.2575 14
193397 0.0125 15
496602 0.015 15
1.09011e+06 0.0175 15
1.96555e+06 0.02 15
3.19032e+06 0.0225 15
4.69678e+06 0.025 15
6.35923e+06 0.0275 15
7.99094e+06 0.03 15
9.3674e+06 0.0325 15
1.02605e+07 0.035 15
1.04822e+07 0.0375 15
9.9337e+06 0.04 15
8.64871e+06 0.0425 15
6.81482e+06 0.045 15
4.75456e+06 0.0475 15
2.85993e+06 0.05 15
1.49217e+06 0.0525 15
877142 0.055 15
1.03569e+06 0.0575 15
1.77901e+06 0.06 15
2.7749e+06 0.0625 15
3.66094e+06 0.065 15
4.16094e+06 0.0675 15
4.16001e+06 0.07 15
3.71329e+06 0.0725 15
2.99341e+06 0.075 15
2.20652e+06 0.0775 15
1.51597e+06 0.08 15
1.00231e+06 0.0825 15
666525 0.085 15
462648 0.0875 15
336172 0.09 15
249023 0.0925 15
184922 0.095 15
141440 0.0975 15
120145 0.1 15
122620 0.1025 15
152423 0.105 15
217403 0.1075 15
326960 0.11 15
483783 0.1125 15
675077 0.115 15
870700 0.1175 15
1.03035e+06 0.12 15
1.12121e+06 0.1225 15
1.12021e+06 0.125 15
1.02131e+06 0.1275 15
876769 0.13 15
655847 0.1325 15
502094 0.135 15
434323 0.1375 15
486661 0.14 15
611417 0.1425 15
685607 0.145 15
877322 0.1475 15
1.02541e+06 0.15 15
1.09443e+06 0.1525 15
1.12296e+06 0.155 15
1.08866e+06 0.1575 15
907897 0.16 15
831942 0.1625 15
731370 0.165 15
653929 0.1675 15
561044 0.17 15
573285 0.1725 15
548393 0.175 15
657662 0.1775 15
567286 0.18 15
646166 0.1825 15
627013 0.185 15
679982 0.1875 15
777634 0.19 15
858478 0.1925 15
871255 0.195 15
770725 0.1975 15
657380 0.2 15
540671 0.2025 15
400379 0.205 15
394349 0.2075 15
504368 0.21 15
679767 0.2125 15
869415 0.215 15
1.01741e+06 0.2175 15
1.03329e+06 0.22 15
923368 0.2225 15
748511 0.225 15
519765 0.2275 15
377611 0.23 15
246456 0.2325 15
185204 0.235 15
186433 0.2375 15
173567 0.24 15
173436 0.2425 15
171018 0.245 15
181908 0.2475 15
0 0.0025 16
0 0.005 16
0 0.0075 16
0 0.01 16
0 0.0125 16
0 0.015 16
0 0.0175 16
0 0.02 16
0 0.0225 16
0 0.025 16
0 0.0275 16
0 0.03 16
0 0.0325 16
0 0.035 16
0 0.0375 16
0 0.04 16
0 0.0425 16
0 0.045 16
0 0.0475 16
0 0.05 16
0 0.0525 16
0 0.055 16
0 0.0575 16
4309.36 0.06 16
48193.9 0.0625 16
52594.5 0.065 16
92777.9 0.0675 16
101515 0.07 16
132724 0.0725 16
228478 0.075 16
325491 0.0775 16
545024 0.08 16
808202 0.0825 16
970026 0.085 16
1.16547e+06 0.0875 16
1.33456e+06 0.09 16
1.50936e+06 0.0925 16
1.43954e+06 0.095 16
1.68431e+06 0.0975 16
1.66539e+06 0.1 16
1.5676e+06 0.1025 16
1.58365e+06 0.105 16
1.46083e+06 0.1075 16
1.43827e+06 0.11 16
1.47043e+06 0.1125 16
1.34535e+06 0.115 16
1.41373e+06 0.1175 16
1.57261e+06 0.12 16
1.59486e+06 0.1225 16
1.62342e+06 0.125 16
1.60632e+06 0.1275 16
1.53072e+06 0.13 16
1.41638e+06 0.1325 16
1.31861e+06 0.135 16
1.29775e+06 0.1375 16
1.304e+06 0.14 16
1.37748e+06 0.1425 16
1.44361e+06 0.145 16
1.34349e+06 0.1475 16
1.14993e+06 0.15 16
957333 0.1525 16
786072 0.155 16
714581 0.1575 16
776902 0.16 16
875172 0.1625 16
952452 0.165 16
911315 0.1675 16
709246 0.17 16
427567 0.1725 16
188645 0.175 16
104146 0.1775 16
219177 0.18 16
537412 0.1825 16
921376 0.185 16
1.25825e+06 0.1875 16
1.37149e+06 0.19 16
1.22946e+06 0.1925 16
940390 0.195 16
634708 0.1975 16
428460 0.2 16
357136 0.2025 16
438028 0.205 16
599252 0.2075 16
753794 0.21 16
820532 0.2125 16
755104 0.215 16
604267 0.2175 16
438512 0.22 16
284724 0.2225 16
180399 0.225 16
139252 0.2275 16
155018 0.23 16
208545 0.2325 16
286854 0.235 16
355688 0.2375 16
4739.05 0.0025 17
68880.5 0.005 17
296367 0.0075 17
741671 0.01 17
1.32674e+06 0.0125 17
1.84543e+06 0.015 17
2.0635e+06 0.0175 17
1.8555e+06 0.02 17
1.29139e+06 0.0225 17
615106 0.025 17
124355 0.0275 17
22311.8 0.03 17
326841 0.0325 17
884496 0.035 17
1.47167e+06 0.0375 17
1.91656e+06 0.04 17
2.17188e+06 0.0425 17
2.30675e+06 0.045 17
2.43802e+06 0.0475 17
2.65178e+06 0.05 17
2.95994e+06 0.0525 17
3.30489e+06 0.055 17
3.59415e+06 0.0575 17
3.73647e+06 0.06 17
3.66391e+06 0.0625 17
3.34374e+06 0.065 17
2.79224e+06 0.0675 17
2.09193e+06 0.07 17
1.39725e+06 0.0725 17
908258 0.075 17
806714 0.0775 17
1.17719e+06 0.08 17
1.95482e+06 0.0825 17
2.93538e+06 0.085 17
3.85151e+06 0.0875 17
4.47969e+06 0.09 17
4.72288e+06 0.0925 17
4.62627e+06 0.095 17
4.32332e+06 0.0975 17
3.94899e+06 0.1 17
3.57365e+06 0.1025 17
3.19334e+06 0.105 17
2.7734e+06 0.1075 17
2.30843e+06 0.11 17
1.85405e+06 0.1125 17
1.5078e+06 0.115 17
1.35228e+06 0.1175 17
1.39906e+06 0.12 17
1.57235e+06 0.1225 17
1.73654e+06 0.125 17
1.76907e+06 0.1275 17
1.61523e+06 0.13 17
1.29563e+06 0.1325 17
941017 0.135 17
622446 0.1375 17
443263 0.14 17
344892 0.1425 17
331483 0.145 17
412160 0.1475 17
472857 0.15 17
468518 0.1525 17
464818 0.155 17
412868 0.1575 17
411762 0.16 17
386334 0.1625 17
357268 0.165 17
333302 0.1675 17
319587 0.17 17
227407 0.1725 17
175614 0.175 17
150086 0.1775 17
141959 0.18 17
172040 0.1825 17
219869 0.185 17
251922 0.1875 17
252210 0.19 17
273831 0.1925 17
317868 0.195 17
342172 0.1975 17
328667 0.2 17
373163 0.2025 17
406636 0.205 17
409347 0.2075 17
416936 0.21 17
391422 0.2125 17
343200 0.215 17
303338 0.2175 17
224483 0.22 17
159938 0.2225 17
152060 0.225 17
0 0.0025 18
0 0.005 18
0 0.0075 18
0 0.01 18
0 0.0125 18
0 0.015 18
0 0.0175 18
0 0.02 18
0 0.0225 18
0 0.025 18
0 0.0275 18
0 0.03 18
0 0.0325 18
0 0.035 18
323.608 0.0375 18
25.132 0.04 18
13099.8 0.0425 18
53419.7 0.045 18
109046 0.0475 18
178761 0.05 18
252206 0.0525 18
445459 0.055 18
664049 0.0575 18
715275 0.06 18
854507 0.0625 18
842211 0.065 18
995851 0.0675 18
996355 0.07 18
1.00101e+06 0.0725 18
911003 0.075 18
892379 0.0775 18
860030 0.08 18
983343 0.0825 18
992354 0.085 18
1.02751e+06 0.0875 18
1.0307e+06 0.09 18
964082 0.0925 18
812168 0.095 18
706194 0.0975 18
712602 0.1 18
828174 0.1025 18
1.0936e+06 0.105 18
1.47753e+06 0.1075 18
1.83602e+06 0.11 18
2.00217e+06 0.1125 18
2.17587e+06 0.115 18
2.10479e+06 0.1175 18
1.81114e+06 0.12 18
1.49602e+06 0.1225 18
1.1394e+06 0.125 18
780899 0.1275 18
516255 0.13 18
311687 0.1325 18
227294 0.135 18
245182 0.1375 18
279969 0.14 18
336409 0.1425 18
387270 0.145 18
381656 0.1475 18
333386 0.15 18
280617 0.1525 18
180828 0.155 18
121505 0.1575 18
72358.7 0.16 18
38015.4 0.1625 18
53460.8 0.165 18
145486 0.1675 18
276647 0.17 18
422084 0.1725 18
583689 0.175 18
677358 0.1775 18
700617 0.18 18
640022 0.1825 18
505920 0.185 18
342350 0.1875 18
202519 0.19 18
109509 0.1925 18
80332.4 0.195 18
79353.9 0.1975 18
88025.6 0.2 18
91579.8 0.2025 18
85801.1 0.205 18
60002.6 0.2075 18
63467 0.21 18
71543.9 0.2125 18
0 0.0025 19
0 0.005 19
0 0.0075 19
0 0.01 19
0 0.0125 19
0 0.015 19
0 0.0175 19
0 0.02 19
0 0.0225 19
0 0.025 19
7884.49 0.0275 19
5760.74 0.03 19
13572 0.0325 19
49892.3 0.035 19
73027.4 0.0375 19
126287 0.04 19
125689 0.0425 19
105695 0.045 19
162649 0.0475 19
140745 0.05 19
99982.2 0.0525 19
88646.4 0.055 19
36294.9 0.0575 19
22702.6 0.06 19
7489.1 0.0625 19
9779.21 0.065 19
15520.7 0.0675 19
28095.9 0.07 19
53387.5 0.0725 19
143292 0.075 19
287791 0.0775 19
459612 0.08 19
665753 0.0825 19
857656 0.085 19
958166 0.0875 19
945750 0.09 19
826403 0.0925 19
663323 0.095 19
481592 0.0975 19
325903 0.1 19
224419 0.1025 19
192699 0.105 19
222818 0.1075 19
321436 0.11 19
399488 0.1125 19
491807 0.115 19
515737 0.1175 19
527281 0.12 19
433354 0.1225 19
311547 0.125 19
303062 0.1275 19
418575 0.13 19
579145 0.1325 19
807543 0.135 19
946135 0.1375 19
996658 0.14 19
871249 0.1425 19
669727 0.145 19
470505 0.1475 19
362717 0.15 19
354398 0.1525 19
391133 0.155 19
438478 0.1575 19
475491 0.16 19
421439 0.1625 19
328486 0.165 19
229704 0.1675 19
180156 0.17 19
190206 0.1725 19
270808 0.175 19
325786 0.1775 19
353865 0.18 19
360031 0.1825 19
329029 0.185 19
312585 0.1875 19
270067 0.19 19
245733 0.1925 19
201749 0.195 19
185295 0.1975 19
0 0.0025 20
0 0.005 20
0 0.0075 20
0 0.01 20
33.0652 0.0125 20
2544.2 0.015 20
1977.56 0.0175 20
9435.68 0.02 20
34087.9 0.0225 20
59950.4 0.025 20
96264.6 0.0275 20
157230 0.03 20
248005 0.0325 20
316479 0.035 20
343728 0.0375 20
350774 0.04 20
326824 0.0425 20
278833 0.045 20
220068 0.0475 20
165506 0.05 20
127451 0.0525 20
113978 0.055 20
130986 0.0575 20
185803 0.06 20
288508 0.0625 20
447870 0.065 20
662352 0.0675 20
910921 0.07 20
1.15055e+06 0.0725 20
1.3251e+06 0.075 20
1.38428e+06 0.0775 20
1.30479e+06 0.08 20
1.10263e+06 0.0825 20
829083 0.085 20
550919 0.0875 20
324096 0.09 20
174271 0.0925 20
93619 0.095 20
54305.2 0.0975 20
29590.7 0.1 20
9807.58 0.1025 20
4454.26 0.105 20
30773.5 0.1075 20
97484.5 0.11 20
195258 0.1125 20
297784 0.115 20
375234 0.1175 20
405988 0.12 20
392293 0.1225 20
347831 0.125 20
293185 0.1275 20
231718 0.13 20
187216 0.1325 20
158334 0.135 20
139298 0.1375 20
139254 0.14 20
161267 0.1425 20
190508 0.145 20
280769 0.1475 20
358783 0.15 20
410098 0.1525 20
465538 0.155 20
519819 0.1575 20
548912 0.16 20
565113 0.1625 20
503787 0.165 20
410095 0.1675 20
307328 0.17 20
182713 0.1725 20
95811.8 0.175 20
117031 0.1775 20
0 0.0025 21
0 0.005 21
0 0.0075 21
0 0.01 21
0 0.0125 21
0 0.015 21
0 0.0175 21
0 0.02 21
0 0.0225 21
0 0.025 21
0 0.0275 21
0 0.03 21
0 0.0325 21
0 0.035 21
0 0.0375 21
0 0.04 21
0 0.0425 21
0 0.045 21
0 0.0475 21
0 0.05 21
0 0.0525 21
7066.35 0.055 21
17257.1 0.0575 21
21843.5 0.06 21
21831.2 0.0625 21
43694.2 0.065 21
54367.3 0.0675 21
57292.4 0.07 21
90193.4 0.0725 21
101328 0.075 21
99946.1 0.0775 21
101778 0.08 21
142437 0.0825 21
138333 0.085 21
108916 0.0875 21
98238.5 0.09 21
134417 0.0925 21
141514 0.095 21
146777 0.0975 21
164293 0.1 21
177689 0.1025 21
196971 0.105 21
187911 0.1075 21
177370 0.11 21
160407 0.1125 21
129313 0.115 21
99549.2 0.1175 21
68903.7 0.12 21
57516.6 0.1225 21
56281.2 0.125 21
88882.4 0.1275 21
142464 0.13 21
198919 0.1325 21
261215 0.135 21
280599 0.1375 21
305318 0.14 21
303319 0.1425 21
290179 0.145 21
310938 0.1475 21
338466 0.15 21
364876 0.1525 21
378717 0.155 21
355799 0.1575 21
295214 0.16 21
38159.3 0.0025 22
149678 0.005 22
324696 0.0075 22
544264 0.01 22
778938 0.0125 22
990608 0.015 22
1.13912e+06 0.0175 22
1.19291e+06 0.02 22
1.14023e+06 0.0225 22
995658 0.025 22
797675 0.0275 22
596822 0.03 22
438609 0.0325 22
348602 0.035 22
326293 0.0375 22
349940 0.04 22
388936 0.0425 22
416785 0.045 22
418579 0.0475 22
391100 0.05 22
338376 0.0525 22
267451 0.055 22
187357 0.0575 22
110440 0.06 22
52532.2 0.0625 22
29161.2 0.065 22
48480.6 0.0675 22
105157 0.07 22
180045 0.0725 22
247323 0.075 22
285867 0.0775 22
288510 0.08 22
263819 0.0825 22
229553 0.085 22
202095 0.0875 22
188296 0.09 22
184118 0.0925 22
179784 0.095 22
167099 0.0975 22
143988 0.1 22
114032 0.1025 22
82644.2 0.105 22
53633.2 0.1075 22
28803.6 0.11 22
10238.5 0.1125 22
2403.16 0.115 22
11290 0.1175 22
40352.3 0.12 22
85931.4 0.1225 22
135909 0.125 22
173646 0.1275 22
185346 0.13 22
166948 0.1325 22
126821 0.135 22
81418.3 0.1375 22
0 0.0025 23
0 0.005 23
0 0.0075 23
0 0.01 23
0 0.0125 23
0 0.015 23
0 0.0175 23
0 0.02 23
0 0.0225 23
0 0.025 23
0 0.0275 23
0 0.03 23
0 0.0325 23
0 0.035 23
0 0.0375 23
0 0.04 23
123.366 0.0425 23
3434.59 0.045 23
4175.32 0.0475 23
9095.55 0.05 23
48368.4 0.0525 23
95000.5 0.055 23
138267 0.0575 23
189284 0.06 23
264159 0.0625 23
290765 0.065 23
386975 0.0675 23
453457 0.07 23
413891 0.0725 23
387887 0.075 23
338286 0.0775 23
279927 0.08 23
189163 0.0825 23
125952 0.085 23
88475.2 0.0875 23
100471 0.09 23
134227 0.0925 23
154268 0.095 23
174174 0.0975 23
167237 0.1 23
119947 0.1025 23
