5.45179e+06 0.0875 0
3.15004e+06 0.09 0
1.42782e+06 0.0925 0
48553.9 0.0975 0
14393.3 0.1 0
270538 0.105 0
368037 0.1075 0
395973 0.11 0
346309 0.1125 0
231612 0.115 0
40837.2 0.1225 0
236655 0.125 0
855342 0.13 0
1.00048e+06 0.1325 0
697128 0.1375 0
348732 0.14 0
719195 0.1475 0
950948 0.15 0
1.22918e+06 0.155 0
972450 0.1575 0
800218 0.16 0
634242 0.1625 0
521822 0.165 0
592854 0.1725 0
792486 0.175 0
917010 0.1775 0
1.06677e+06 0.18 0
1.12049e+06 0.1825 0
698541 0.1875 0
500261 0.19 0
532358 0.1925 0
872469 0.195 0
1.28069e+06 0.1975 0
1.78113e+06 0.2 0
2.17521e+06 0.2025 0
2.22598e+06 0.205 0
2.0201e+06 0.2075 0
1.04985e+06 0.2125 0
602498 0.215 0
348299 0.2175 0
560388 0.2225 0
870854 0.225 0
1.19324e+06 0.2275 0
1.44209e+06 0.23 0
1.4625e+06 0.2325 0
1.33337e+06 0.2375 0
1.20061e+06 0.24 0
779798 0.245 0
585043 0.2475 0
411795 0.25 0
278657 0.2525 0
207843 0.255 0
199373 0.2575 0
245134 0.26 0
225213 0.2625 0
266203 0.265 0
269027 0.2675 0
427142 0.2725 0
501054 0.275 0
612720 0.2775 0
723373 0.28 0
912923 0.2825 0
1.07171e+06 0.285 0
1.32518e+06 0.2875 0
1.53876e+06 0.29 0
1.72213e+06 0.2925 0
1.87096e+06 0.295 0
1.81442e+06 0.2975 0
1.68859e+06 0.3 0
1.09643e+06 0.305 0
700486 0.3075 0
90684.9 0.3125 0
34441.4 0.315 0
2.82685e+06 0.0825 1
2.31236e+06 0.085 1
3.62071e+06 0.0875 1
1.52516e+07 0.095 1
1.8115e+07 0.0975 1
1.99482e+07 0.1 1
1.99303e+07 0.1025 1
1.72446e+07 0.105 1
1.43432e+07 0.1075 1
7.78704e+06 0.1125 1
5.29055e+06 0.115 1
3.30118e+06 0.1175 1
537828 0.125 1
283882 0.1275 1
611889 0.135 1
925255 0.1375 1
1.39362e+06 0.1425 1
1.53951e+06 0.145 1
1.47248e+06 0.1475 1
1.312e+06 0.15 1
910811 0.1525 1
570378 0.155 1
262704 0.1575 1
135581 0.16 1
217655 0.1625 1
661738 0.1675 1
837002 0.17 1
859257 0.1725 1
809107 0.175 1
572377 0.1775 1
370328 0.18 1
206422 0.1825 1
173365 0.185 1
216189 0.1875 1
284512 0.19 1
437082 0.195 1
519385 0.1975 1
560845 0.2 1
756736 0.205 1
825027 0.2075 1
792534 0.2125 1
681658 0.215 1
416650 0.2225 1
371966 0.225 1
189239 0.23 1
170019 0.2325 1
383335 0.24 1
513913 0.2425 1
654458 0.2475 1
591615 0.25 1
547107 0.2525 1
578922 0.255 1
649637 0.2575 1
703775 0.26 1
715646 0.265 1
675095 0.2675 1
598307 0.27 1
605710 0.2725 1
678862 0.275 1
800139 0.2775 1
908641 0.28 1
960322 0.2825 1
901677 0.285 1
718825 0.2875 1
495649 0.29 1
313376 0.2925 1
199402 0.295 1
213069 0.2975 1
308797 0.3 1
430116 0.3025 1
519171 0.305 1
524650 0.3075 1
445719 0.31 1
383794 0.3125 1
315898 0.315 1
1.47109e+06 0.085 2
2.82805e+06 0.0875 2
5.58959e+06 0.0925 2
6.50388e+06 0.095 2
1.06637e+07 0.1025 2
1.26617e+07 0.105 2
1.4416e+07 0.11 2
1.34965e+07 0.1125 2
7.87073e+06 0.12 2
6.88804e+06 0.1225 2
6.90229e+06 0.1275 2
6.97435e+06 0.13 2
6.73022e+06 0.1325 2
6.36044e+06 0.135 2
5.36994e+06 0.1375 2
2.17722e+06 0.145 2
1.50406e+06 0.1475 2
942005 0.15 2
899976 0.1525 2
787253 0.155 2
707831 0.16 2
656103 0.1625 2
1.10974e+06 0.17 2
1.4065e+06 0.1725 2
1.46855e+06 0.175 2
1.29507e+06 0.1775 2
1.02445e+06 0.18 2
658196 0.1825 2
392263 0.185 2
475398 0.1875 2
781212 0.19 2
1.19288e+06 0.1925 2
1.53432e+06 0.195 2
1.71097e+06 0.1975 2
1.49002e+06 0.2025 2
1.06652e+06 0.205 2
809635 0.2075 2
584131 0.2125 2
599935 0.215 2
628017 0.2175 2
668812 0.22 2
648210 0.2225 2
680479 0.225 2
558091 0.2275 2
479784 0.23 2
361355 0.2325 2
318507 0.235 2
283896 0.2375 2
252380 0.24 2
240971 0.2425 2
265401 0.245 2
348267 0.2475 2
832761 0.2525 2
1.12069e+06 0.255 2
1.34693e+06 0.2575 2
1.42941e+06 0.2625 2
1.21444e+06 0.265 2
905260 0.2675 2
610256 0.27 2
419759 0.2725 2
378674 0.275 2
461288 0.2775 2
566477 0.28 2
633735 0.2825 2
625612 0.285 2
553498 0.2875 2
483113 0.29 2
493642 0.2925 2
543266 0.295 2
662622 0.2975 2
748440 0.3 2
763290 0.305 2
777454 0.3075 2
758046 0.31 2
756847 0.3125 2
822909 0.315 2
5.56618e+06 0.075 3
9.07919e+06 0.0775 3
2.23993e+07 0.0825 3
2.69973e+07 0.085 3
2.42235e+07 0.09 3
1.85784e+07 0.0925 3
7.71966e+06 0.1 3
8.07341e+06 0.1025 3
9.0133e+06 0.1075 3
8.1099e+06 0.11 3
2.41768e+06 0.1175 3
1.29136e+06 0.12 3
1.28198e+06 0.125 3
1.36523e+06 0.1275 3
1.47901e+06 0.13 3
1.75059e+06 0.135 3
1.8683e+06 0.1375 3
1.97176e+06 0.1425 3
1.80492e+06 0.145 3
733206 0.1525 3
436896 0.155 3
251818 0.1575 3
107009 0.16 3
93864.7 0.1625 3
324739 0.1675 3
472640 0.17 3
672651 0.1775 3
630094 0.18 3
471728 0.185 3
383639 0.1875 3
272699 0.19 3
216504 0.195 3
346557 0.1975 3
499220 0.2 3
857444 0.2025 3
1.19543e+06 0.205 3
1.55133e+06 0.2075 3
1.87017e+06 0.21 3
2.04867e+06 0.2125 3
1.82279e+06 0.2175 3
1.48351e+06 0.22 3
1.07056e+06 0.2225 3
819038 0.225 3
691790 0.2275 3
680018 0.23 3
735190 0.2375 3
646089 0.24 3
555856 0.2425 3
445193 0.245 3
383738 0.2475 3
385886 0.25 3
413188 0.2525 3
421063 0.255 3
395590 0.2575 3
301755 0.26 3
247913 0.2625 3
262158 0.265 3
340002 0.2675 3
514766 0.27 3
710580 0.2725 3
895339 0.275 3
941074 0.2775 3
904531 0.28 3
761830 0.2825 3
580847 0.285 3
516469 0.2875 3
514295 0.29 3
556697 0.2925 3
600825 0.295 3
665858 0.2975 3
691400 0.3 3
730898 0.3025 3
809583 0.305 3
920820 0.31 3
898206 0.3125 3
838195 0.315 3
616547 0.0675 4
332405 0.07 4
244073 0.0775 4
590653 0.08 4
1.06458e+06 0.09 4
907576 0.0925 4
2.09492e+06 0.1 4
2.90914e+06 0.1025 4
3.74354e+06 0.105 4
4.3739e+06 0.1075 4
4.429e+06 0.11 4
3.73479e+06 0.1175 4
3.17275e+06 0.12 4
2.77974e+06 0.1225 4
2.15165e+06 0.1275 4
1.9076e+06 0.13 4
1.63292e+06 0.1325 4
951854 0.1375 4
586492 0.14 4
441798 0.1425 4
484298 0.145 4
686515 0.1475 4
1.64179e+06 0.1525 4
2.30846e+06 0.155 4
3.16854e+06 0.1575 4
4.33662e+06 0.1625 4
4.75786e+06 0.165 4
3.60316e+06 0.1725 4
2.89269e+06 0.175 4
1.66803e+06 0.18 4
1.32456e+06 0.1825 4
1.12246e+06 0.185 4
950774 0.19 4
894442 0.1925 4
861894 0.195 4
808631 0.1975 4
723983 0.2 4
595736 0.2025 4
490297 0.205 4
382528 0.2075 4
322834 0.21 4
335687 0.2125 4
427528 0.215 4
565280 0.2175 4
689652 0.22 4
799178 0.2225 4
941076 0.225 4
1.0565e+06 0.2275 4
1.07852e+06 0.23 4
960880 0.2325 4
792411 0.235 4
467896 0.2375 4
225682 0.24 4
159736 0.2425 4
741698 0.2475 4
1.13466e+06 0.25 4
1.38308e+06 0.2525 4
1.36687e+06 0.255 4
1.13275e+06 0.2575 4
839316 0.26 4
567512 0.2625 4
500154 0.265 4
542639 0.2675 4
706364 0.27 4
775031 0.2725 4
743786 0.275 4
580914 0.2775 4
285563 0.2825 4
317388 0.285 4
415327 0.2875 4
526381 0.29 4
567950 0.2925 4
537569 0.295 4
361990 0.3 4
318807 0.3025 4
410869 0.3075 4
474762 0.31 4
494265 0.3125 4
1.58319e+06 0.055 5
2.14129e+06 0.0575 5
1.53395e+06 0.0625 5
729077 0.065 5
227676 0.0725 5
465806 0.075 5
260318 0.08 5
108617 0.0825 5
1.09292e+06 0.0875 5
2.1088e+06 0.09 5
2.58931e+06 0.0975 5
1.59559e+06 0.1 5
233174 0.105 5
497485 0.1075 5
2.13665e+06 0.1125 5
2.70701e+06 0.115 5
1.71018e+06 0.1225 5
1.03861e+06 0.125 5
265600 0.13 5
188716 0.1325 5
326658 0.1375 5
477490 0.14 5
850803 0.1475 5
985917 0.15 5
1.13734e+06 0.155 5
1.16463e+06 0.1575 5
953918 0.1625 5
850487 0.165 5
883727 0.1675 5
1.04037e+06 0.17 5
1.03055e+06 0.1725 5
1.1823e+06 0.175 5
1.19224e+06 0.18 5
983724 0.1825 5
815903 0.185 5
663819 0.1875 5
548876 0.19 5
520525 0.1925 5
442159 0.195 5
565920 0.1975 5
540608 0.2 5
438988 0.205 5
505030 0.2075 5
570829 0.21 5
726088 0.2125 5
732111 0.215 5
727784 0.2175 5
631526 0.22 5
608962 0.2225 5
490011 0.225 5
334723 0.23 5
300952 0.2325 5
487103 0.2375 5
748283 0.24 5
1.01943e+06 0.2425 5
1.40526e+06 0.245 5
1.86355e+06 0.2475 5
2.22189e+06 0.25 5
2.32948e+06 0.2525 5
2.17874e+06 0.255 5
1.74857e+06 0.2575 5
1.22226e+06 0.26 5
798502 0.2625 5
568417 0.265 5
737578 0.27 5
994616 0.2725 5
1.2051e+06 0.275 5
1.31016e+06 0.2775 5
1.29606e+06 0.28 5
1.25783e+06 0.2825 5
1.13915e+06 0.285 5
1.0258e+06 0.2875 5
867794 0.29 5
727834 0.2925 5
614232 0.295 5
557794 0.2975 5
554120 0.3 5
656243 0.3025 5
811903 0.305 5
914301 0.3075 5
989004 0.31 5
0 0.04 6
109669 0.065 6
105445 0.0675 6
208896 0.0775 6
201532 0.08 6
262283 0.085 6
387202 0.09 6
496541 0.0925 6
919692 0.095 6
1.33441e+06 0.0975 6
1.72395e+06 0.1 6
1.92153e+06 0.1025 6
1.95047e+06 0.105 6
1.59883e+06 0.1075 6
1.21466e+06 0.11 6
690698 0.1125 6
359682 0.115 6
544317 0.12 6
1.02123e+06 0.1225 6
1.58445e+06 0.125 6
1.86244e+06 0.1275 6
1.87923e+06 0.13 6
1.45564e+06 0.1325 6
277966 0.14 6
541223 0.1425 6
945649 0.145 6
1.79128e+06 0.15 6
1.91614e+06 0.1525 6
1.65248e+06 0.1575 6
1.58225e+06 0.16 6
1.55871e+06 0.1625 6
1.59257e+06 0.165 6
1.50293e+06 0.1675 6
1.20942e+06 0.17 6
806111 0.1725 6
161022 0.1775 6
224233 0.18 6
613002 0.1825 6
1.22134e+06 0.185 6
1.84475e+06 0.1875 6
2.3598e+06 0.19 6
2.6736e+06 0.195 6
2.45851e+06 0.1975 6
2.13672e+06 0.2 6
1.76104e+06 0.2025 6
1.45514e+06 0.205 6
1.12089e+06 0.2075 6
858532 0.21 6
619121 0.2125 6
385419 0.215 6
207117 0.2175 6
148014 0.22 6
300319 0.2225 6
634215 0.225 6
1.15041e+06 0.2275 6
1.76383e+06 0.23 6
2.23948e+06 0.2325 6
2.57853e+06 0.235 6
2.54716e+06 0.2375 6
2.20705e+06 0.24 6
1.70891e+06 0.2425 6
1.17005e+06 0.245 6
731144 0.2475 6
460248 0.25 6
298305 0.2525 6
294495 0.255 6
331110 0.2575 6
343039 0.26 6
418025 0.2625 6
558968 0.265 6
745809 0.2675 6
976755 0.27 6
1.21974e+06 0.2725 6
1.4367e+06 0.275 6
1.5378e+06 0.2775 6
1.4808e+06 0.28 6
1.33032e+06 0.2825 6
1.09521e+06 0.285 6
870310 0.2875 6
705175 0.29 6
635172 0.2925 6
652976 0.295 6
738957 0.2975 6
861440 0.3 6
973037 0.3025 6
993061 0.305 6
902172 0.3075 6
12208.1 0.0125 7
127155 0.025 7
154664 0.03 7
135613 0.0325 7
172610 0.035 7
985401 0.0425 7
1.4924e+06 0.045 7
2.25109e+06 0.05 7
2.23243e+06 0.0525 7
1.88688e+06 0.055 7
702086 0.06 7
260741 0.0625 7
121364 0.065 7
283417 0.0675 7
619906 0.07 7
1.08458e+06 0.0775 7
911225 0.08 7
537066 0.085 7
423917 0.0875 7
108376 0.095 7
109679 0.0975 7
654532 0.1025 7
1.08684e+06 0.105 7
1.5147e+06 0.11 7
1.35017e+06 0.1125 7
1.06663e+06 0.115 7
714697 0.12 7
832452 0.1225 7
1.15827e+06 0.1275 7
1.07531e+06 0.13 7
433247 0.135 7
226281 0.1375 7
213354 0.14 7
407863 0.1425 7
660177 0.145 7
796504 0.1475 7
709697 0.1525 7
655028 0.155 7
588833 0.1575 7
506944 0.1625 7
497856 0.165 7
471129 0.1675 7
454420 0.17 7
414858 0.1725 7
645283 0.1775 7
870265 0.18 7
1.12211e+06 0.1825 7
1.52934e+06 0.185 7
1.84969e+06 0.1875 7
2.15667e+06 0.19 7
2.54035e+06 0.1925 7
2.73111e+06 0.195 7
2.89245e+06 0.1975 7
2.77736e+06 0.2 7
2.78792e+06 0.2025 7
2.47409e+06 0.205 7
2.21926e+06 0.2075 7
1.7429e+06 0.2125 7
1.47879e+06 0.215 7
1.39976e+06 0.2175 7
1.22685e+06 0.22 7
1.14107e+06 0.2225 7
1.02883e+06 0.225 7
934159 0.2275 7
759197 0.23 7
575859 0.2325 7
347062 0.2375 7
305688 0.24 7
391014 0.2425 7
547923 0.245 7
764222 0.2475 7
932943 0.25 7
992973 0.2525 7
950428 0.255 7
853798 0.2575 7
780425 0.26 7
738203 0.2625 7
805700 0.265 7
953200 0.2675 7
1.10054e+06 0.27 7
1.20795e+06 0.2725 7
1.16833e+06 0.275 7
995291 0.2775 7
739566 0.28 7
491034 0.2825 7
495085 0.2875 7
722108 0.29 7
982750 0.2925 7
1.17523e+06 0.295 7
1.2033e+06 0.2975 7
1.06695e+06 0.3 7
878984 0.3025 7
663348 0.305 7
0 0.0175 8
0 0.02 8
795.357 0.025 8
98.3443 0.0275 8
7419.88 0.03 8
111469 0.0425 8
197844 0.045 8
324858 0.0475 8
323446 0.05 8
287734 0.0525 8
381326 0.0575 8
515864 0.06 8
535945 0.0625 8
392547 0.0675 8
300389 0.07 8
214005 0.0725 8
136531 0.075 8
51925.5 0.08 8
36953.5 0.0825 8
51011.7 0.085 8
46421.8 0.0875 8
28970.5 0.09 8
24418.4 0.0925 8
246752 0.0975 8
545130 0.1 8
948746 0.1025 8
1.69176e+06 0.1075 8
1.79757e+06 0.11 8
1.39602e+06 0.115 8
1.07895e+06 0.1175 8
482115 0.1225 8
221972 0.125 8
162688 0.1275 8
209055 0.13 8
286947 0.1325 8
416209 0.135 8
578854 0.1375 8
708178 0.14 8
715823 0.1425 8
635225 0.145 8
497552 0.15 8
511561 0.1525 8
1.02918e+06 0.16 8
995902 0.1625 8
593833 0.1675 8
539724 0.17 8
567608 0.1725 8
710875 0.175 8
881335 0.1775 8
870590 0.1825 8
812944 0.185 8
763795 0.1875 8
1.1709e+06 0.1925 8
1.39755e+06 0.195 8
1.70602e+06 0.2 8
1.57374e+06 0.2025 8
1.39344e+06 0.205 8
1.1254e+06 0.21 8
986085 0.2125 8
846957 0.215 8
685920 0.2175 8
549153 0.22 8
489546 0.2225 8
561505 0.225 8
760738 0.2275 8
1.0775e+06 0.23 8
1.40155e+06 0.2325 8
1.61736e+06 0.235 8
1.66067e+06 0.2375 8
1.61598e+06 0.24 8
1.50802e+06 0.2425 8
1.41216e+06 0.245 8
1.33087e+06 0.2475 8
1.24003e+06 0.25 8
1.19327e+06 0.2525 8
1.20538e+06 0.255 8
1.2201e+06 0.2575 8
1.15087e+06 0.26 8
1.19568e+06 0.2625 8
1.43221e+06 0.2675 8
1.42636e+06 0.27 8
1.40047e+06 0.2725 8
1.28337e+06 0.275 8
1.10322e+06 0.2775 8
911042 0.28 8
760396 0.2825 8
732882 0.285 8
790275 0.2875 8
885219 0.29 8
1.02745e+06 0.2925 8
1.07379e+06 0.295 8
946293 0.2975 8
0 0.01 9
0 0.0125 9
0 0.015 9
0 0.02 9
0 0.025 9
0 0.0275 9
0 0.03 9
0 0.0325 9
2123.56 0.035 9
19490 0.0375 9
127163 0.0425 9
648084 0.0525 9
641961 0.06 9
621779 0.0625 9
186514 0.07 9
74020.8 0.0725 9
119365 0.075 9
625788 0.08 9
820234 0.0825 9
930503 0.085 9
588212 0.0925 9
529247 0.095 9
382427 0.0975 9
651671 0.1025 9
739641 0.105 9
996838 0.11 9
1.2817e+06 0.1125 9
1.48426e+06 0.115 9
1.54224e+06 0.1175 9
1.38393e+06 0.12 9
1.02787e+06 0.1225 9
637430 0.125 9
366279 0.1275 9
299221 0.13 9
664248 0.1325 9
1.46776e+06 0.1375 9
1.57292e+06 0.14 9
424569 0.1475 9
127481 0.15 9
388684 0.155 9
788031 0.1575 9
1.06662e+06 0.16 9
1.24121e+06 0.1625 9
1.47471e+06 0.165 9
1.51654e+06 0.1675 9
1.6484e+06 0.17 9
1.87921e+06 0.1725 9
2.03508e+06 0.175 9
1.86586e+06 0.1775 9
1.49313e+06 0.18 9
944550 0.1825 9
582619 0.185 9
1.06102e+06 0.19 9
1.93502e+06 0.1925 9
2.84148e+06 0.195 9
3.41888e+06 0.1975 9
3.49305e+06 0.2 9
3.00341e+06 0.2025 9
1.44398e+06 0.2075 9
956546 0.21 9
927783 0.2125 9
1.98179e+06 0.2175 9
2.61044e+06 0.22 9
3.00517e+06 0.225 9
2.57642e+06 0.2275 9
2.0645e+06 0.23 9
1.53107e+06 0.2325 9
1.08767e+06 0.235 9
832245 0.2375 9
667932 0.2425 9
728210 0.245 9
743470 0.2475 9
740049 0.25 9
688272 0.2525 9
636137 0.255 9
662489 0.2575 9
756630 0.26 9
916992 0.2625 9
1.08349e+06 0.265 9
1.20261e+06 0.2675 9
1.22979e+06 0.27 9
1.17357e+06 0.2725 9
1.0735e+06 0.275 9
934086 0.2775 9
810443 0.28 9
736690 0.2825 9
624048 0.285 9
548163 0.2875 9
448230 0.29 9
293819 0.2925 9
138670 0.01 10
219728 0.0125 10
238051 0.0175 10
174806 0.02 10
125708 0.0225 10
141046 0.025 10
231261 0.0275 10
364659 0.03 10
627057 0.035 10
775764 0.0375 10
987701 0.04 10
1.54904e+06 0.045 10
1.72958e+06 0.0475 10
1.08764e+06 0.055 10
657775 0.0575 10
113856 0.0625 10
96055.9 0.065 10
487704 0.07 10
791400 0.0725 10
1.20675e+06 0.08 10
1.01248e+06 0.0825 10
429953 0.0875 10
261903 0.09 10
340734 0.095 10
451647 0.0975 10
497948 0.1 10
355640 0.105 10
279996 0.1075 10
453877 0.1125 10
741332 0.115 10
1.73157e+06 0.1225 10
1.79089e+06 0.125 10
1.23975e+06 0.13 10
799991 0.1325 10
406033 0.1375 10
707949 0.14 10
1.93307e+06 0.1475 10
2.04439e+06 0.15 10
2.06897e+06 0.1525 10
1.94085e+06 0.155 10
1.97383e+06 0.1575 10
2.15156e+06 0.1625 10
1.98036e+06 0.165 10
1.66309e+06 0.1675 10
1.5251e+06 0.17 10
1.64166e+06 0.1725 10
1.96496e+06 0.175 10
2.31954e+06 0.1775 10
2.80841e+06 0.18 10
3.09607e+06 0.1825 10
2.49955e+06 0.1875 10
1.80783e+06 0.19 10
1.15745e+06 0.1925 10
667871 0.1975 10
977234 0.2 10
1.61608e+06 0.2025 10
2.37811e+06 0.205 10
3.01192e+06 0.2075 10
3.55248e+06 0.2125 10
3.24235e+06 0.215 10
2.6589e+06 0.2175 10
1.97834e+06 0.22 10
1.38765e+06 0.2225 10
952710 0.225 10
667393 0.2275 10
650851 0.23 10
660364 0.2325 10
684620 0.235 10
679761 0.2375 10
613200 0.24 10
523881 0.2425 10
478040 0.245 10
526321 0.2475 10
570717 0.25 10
603410 0.2525 10
558910 0.255 10
487883 0.2575 10
411641 0.26 10
367274 0.2625 10
389722 0.265 10
467995 0.2675 10
524527 0.27 10
526192 0.2725 10
437597 0.275 10
367614 0.2775 10
285866 0.28 10
266754 0.2825 10
297507 0.285 10
376213 0.2875 10
0 0.01 11
0 0.0125 11
0 0.0225 11
0 0.045 11
0 0.0475 11
0 0.05 11
2989.22 0.055 11
16752.6 0.0575 11
5118.78 0.06 11
12132.2 0.0625 11
94902.3 0.07 11
336623 0.08 11
351043 0.0825 11
457068 0.085 11
547448 0.0875 11
639783 0.09 11
667656 0.0925 11
686288 0.095 11
816686 0.0975 11
791444 0.1 11
943745 0.1025 11
1.12107e+06 0.105 11
1.16696e+06 0.1075 11
1.14317e+06 0.11 11
949359 0.1125 11
644490 0.115 11
355984 0.1175 11
160008 0.12 11
136662 0.125 11
424825 0.1275 11
689186 0.13 11
1.24112e+06 0.135 11
1.38133e+06 0.1375 11
1.36254e+06 0.14 11
1.30091e+06 0.1425 11
1.24456e+06 0.145 11
1.35651e+06 0.1475 11
1.6981e+06 0.15 11
2.12897e+06 0.1525 11
2.60577e+06 0.155 11
3.08096e+06 0.1575 11
3.44645e+06 0.16 11
3.51521e+06 0.1625 11
3.28319e+06 0.165 11
2.81774e+06 0.1675 11
1.48897e+06 0.1725 11
963545 0.175 11
653726 0.1775 11
631969 0.1825 11
749660 0.185 11
814090 0.19 11
703195 0.1925 11
563544 0.195 11
429632 0.1975 11
367549 0.2 11
384083 0.2025 11
439305 0.205 11
496523 0.2075 11
536837 0.21 11
518304 0.2125 11
329880 0.2175 11
265158 0.22 11
205997 0.2225 11
296658 0.225 11
470205 0.2275 11
682716 0.23 11
812383 0.2325 11
880906 0.235 11
828024 0.2375 11
741816 0.24 11
635155 0.2425 11
616447 0.245 11
700565 0.2475 11
770337 0.25 11
822390 0.2525 11
752433 0.255 11
634759 0.2575 11
459082 0.26 11
340988 0.2625 11
257682 0.265 11
237001 0.2675 11
228331 0.27 11
227059 0.2725 11
244572 0.275 11
309937 0.2775 11
392728 0.28 11
516109 0.2825 11
7441.84 0.01 12
8279.01 0.015 12
578611 0.025 12
1.32271e+06 0.0275 12
3.5712e+06 0.0325 12
4.50116e+06 0.035 12
4.81718e+06 0.0375 12
2.01284e+06 0.045 12
1.09732e+06 0.0475 12
1.22336e+06 0.0525 12
1.86294e+06 0.055 12
2.30475e+06 0.0575 12
2.25657e+06 0.06 12
1.74172e+06 0.0625 12
1.04153e+06 0.065 12
488626 0.0675 12
258427 0.07 12
295358 0.0725 12
428762 0.0775 12
355842 0.08 12
405616 0.085 12
645985 0.0875 12
881378 0.09 12
736196 0.095 12
432864 0.0975 12
282992 0.1 12
1.06419e+06 0.105 12
1.74779e+06 0.1075 12
2.21114e+06 0.11 12
2.23959e+06 0.1125 12
1.87992e+06 0.115 12
1.31588e+06 0.12 12
1.57918e+06 0.1225 12
2.69399e+06 0.1275 12
2.82556e+06 0.13 12
2.32532e+06 0.1325 12
1.43925e+06 0.135 12
592724 0.1375 12
208244 0.14 12
1.07538e+06 0.145 12
1.84096e+06 0.1475 12
1.61907e+06 0.155 12
1.11633e+06 0.1575 12
803176 0.16 12
791907 0.1625 12
933951 0.165 12
1.43064e+06 0.17 12
1.45619e+06 0.1725 12
1.25706e+06 0.175 12
1.00413e+06 0.1775 12
802657 0.18 12
686348 0.1825 12
579342 0.185 12
513462 0.1875 12
448908 0.19 12
503171 0.1925 12
742013 0.195 12
966405 0.1975 12
1.53902e+06 0.2025 12
1.616e+06 0.205 12
1.4984e+06 0.2075 12
1.37029e+06 0.21 12
1.07577e+06 0.2125 12
809559 0.215 12
640509 0.2175 12
506872 0.22 12
533294 0.2225 12
744579 0.2275 12
884483 0.23 12
1.17448e+06 0.2325 12
1.34915e+06 0.235 12
1.43333e+06 0.2375 12
1.40781e+06 0.24 12
1.09688e+06 0.245 12
841663 0.2475 12
684504 0.25 12
526463 0.2525 12
399206 0.255 12
323345 0.2575 12
146774 0.2625 12
130433 0.265 12
159469 0.2675 12
200992 0.27 12
253562 0.2725 12
324450 0.275 12
0 0.01 13
0 0.015 13
10409.5 0.0325 13
76331 0.035 13
142215 0.0375 13
214807 0.04 13
561333 0.0525 13
454844 0.055 13
285459 0.0575 13
241394 0.06 13
20878.8 0.065 13
72996.3 0.0675 13
443001 0.075 13
564546 0.0775 13
682560 0.08 13
885384 0.0825 13
926154 0.085 13
957365 0.0875 13
774969 0.095 13
792260 0.0975 13
791440 0.1 13
1.08891e+06 0.1025 13
1.40382e+06 0.105 13
1.97413e+06 0.1075 13
2.63948e+06 0.11 13
2.68946e+06 0.1125 13
2.72297e+06 0.115 13
2.67462e+06 0.1175 13
2.26587e+06 0.12 13
1.88406e+06 0.1225 13
1.72867e+06 0.125 13
1.56824e+06 0.1275 13
1.56921e+06 0.13 13
1.70795e+06 0.1325 13
1.8916e+06 0.135 13
2.06167e+06 0.1375 13
2.16341e+06 0.14 13
2.23126e+06 0.1425 13
2.28328e+06 0.145 13
2.192e+06 0.1475 13
2.05142e+06 0.15 13
1.93514e+06 0.1525 13
1.89145e+06 0.155 13
1.9577e+06 0.1575 13
1.94742e+06 0.16 13
1.90986e+06 0.165 13
1.79748e+06 0.1675 13
1.32087e+06 0.175 13
1.24508e+06 0.1775 13
923726 0.1825 13
858320 0.185 13
770821 0.1875 13
737032 0.19 13
786426 0.1925 13
865284 0.195 13
990255 0.1975 13
1.1055e+06 0.2 13
1.15429e+06 0.2025 13
1.13244e+06 0.205 13
1.10959e+06 0.2075 13
1.02561e+06 0.21 13
972448 0.2125 13
880253 0.215 13
801161 0.2175 13
761158 0.22 13
821678 0.2225 13
957510 0.225 13
1.08181e+06 0.2275 13
1.11924e+06 0.23 13
1.05238e+06 0.2325 13
897799 0.235 13
708388 0.2375 13
513178 0.2425 13
528676 0.245 13
596095 0.2475 13
591144 0.25 13
511531 0.2525 13
358993 0.255 13
176143 0.26 13
229208 0.2625 13
381813 0.265 13
528661 0.2675 13
0 0.02 14
3619.56 0.0325 14
21841.6 0.035 14
230930 0.04 14
1.70263e+06 0.05 14
2.79256e+06 0.055 14
3.24928e+06 0.0575 14
3.57351e+06 0.06 14
3.59034e+06 0.0625 14
3.6088e+06 0.065 14
3.37501e+06 0.0675 14
1.93054e+06 0.075 14
1.5017e+06 0.0775 14
1.04456e+06 0.08 14
363208 0.085 14
222447 0.0875 14
520026 0.0925 14
866044 0.095 14
1.16481e+06 0.0975 14
1.38344e+06 0.1 14
1.23891e+06 0.105 14
965501 0.1075 14
744987 0.115 14
912077 0.1175 14
1.08008e+06 0.12 14
1.21638e+06 0.1225 14
1.19706e+06 0.125 14
1.00755e+06 0.1275 14
872450 0.13 14
760298 0.1325 14
556511 0.135 14
507781 0.1375 14
522649 0.14 14
792972 0.1425 14
1.08618e+06 0.145 14
1.45075e+06 0.15 14
1.3913e+06 0.1525 14
1.15182e+06 0.155 14
771219 0.1575 14
443016 0.16 14
244587 0.1625 14
165252 0.165 14
189293 0.1675 14
296716 0.1725 14
373935 0.175 14
405035 0.1775 14
491346 0.18 14
623571 0.1825 14
674350 0.185 14
695844 0.1875 14
454379 0.1925 14
365354 0.195 14
425471 0.1975 14
585208 0.2 14
739177 0.2025 14
913261 0.205 14
1.05249e+06 0.2075 14
1.0705e+06 0.21 14
1.01456e+06 0.2125 14
907164 0.215 14
780647 0.2175 14
707130 0.22 14
604762 0.2225 14
543856 0.225 14
492752 0.2275 14
502271 0.2325 14
496908 0.235 14
471569 0.2375 14
456912 0.24 14
373374 0.2425 14
312232 0.245 14
273841 0.2475 14
239225 0.25 14
224055 0.2525 14
206822 0.255 14
169902 0.2575 14
318711 0.0175 15
952745 0.02 15
5.15388e+06 0.025 15
9.41113e+06 0.0275 15
1.48607e+07 0.03 15
2.04523e+07 0.0325 15
2.45957e+07 0.035 15
2.5741e+07 0.0375 15
2.31307e+07 0.04 15
1.73206e+07 0.0425 15
1.01204e+07 0.045 15
3.89072e+06 0.0475 15
507476 0.05 15
530268 0.0525 15
3.02434e+06 0.055 15
7.8639e+06 0.0625 15
5.89879e+06 0.065 15
3.25096e+06 0.0675 15
1.10498e+06 0.07 15
93425.9 0.0725 15
559507 0.0775 15
873856 0.08 15
396851 0.0875 15
513610 0.09 15
1.07419e+06 0.095 15
1.04934e+06 0.0975 15
739836 0.1 15
97098.5 0.105 15
146124 0.1075 15
720684 0.1125 15
856942 0.115 15
778870 0.1175 15
599190 0.12 15
489983 0.1225 15
1.03027e+06 0.13 15
1.14061e+06 0.1325 15
746183 0.1375 15
412138 0.14 15
162604 0.1425 15
95115.4 0.145 15
165912 0.1475 15
516138 0.155 15
533531 0.1575 15
540881 0.16 15
534383 0.1625 15
543495 0.165 15
484176 0.17 15
378925 0.1725 15
298873 0.175 15
205179 0.1775 15
152722 0.18 15
158361 0.1825 15
185878 0.185 15
270282 0.1875 15
391652 0.19 15
530925 0.1925 15
584219 0.195 15
663073 0.1975 15
762498 0.2025 15
767675 0.205 15
670061 0.2075 15
514606 0.21 15
324787 0.2125 15
136042 0.215 15
42621.9 0.2175 15
22116.9 0.22 15
95413.5 0.2225 15
306677 0.2275 15
338977 0.23 15
323074 0.2325 15
240817 0.235 15
181831 0.2375 15
129270 0.24 15
147668 0.245 15
160347 0.2475 15
0 0.005 16
0 0.0075 16
0 0.015 16
0 0.0175 16
0 0.0225 16
0 0.0275 16
0 0.0325 16
0 0.035 16
0 0.0375 16
0 0.045 16
0 0.0475 16
0 0.05 16
15467.6 0.0625 16
86153.1 0.065 16
226857 0.0675 16
397501 0.07 16
1.02732e+06 0.0825 16
1.06965e+06 0.085 16
1.00916e+06 0.0875 16
1.15744e+06 0.09 16
1.1784e+06 0.0925 16
1.13185e+06 0.095 16
1.20117e+06 0.0975 16
1.84446e+06 0.1025 16
2.27069e+06 0.105 16
2.57615e+06 0.1075 16
2.55072e+06 0.11 16
2.39309e+06 0.1125 16
2.0523e+06 0.115 16
1.58129e+06 0.1175 16
1.06757e+06 0.12 16
1.28447e+06 0.125 16
1.87628e+06 0.1275 16
2.38555e+06 0.13 16
2.98999e+06 0.135 16
3.13709e+06 0.1375 16
3.02131e+06 0.14 16
2.82662e+06 0.1425 16
2.60586e+06 0.145 16
2.31642e+06 0.1475 16
1.86496e+06 0.15 16
1.41456e+06 0.1525 16
948870 0.155 16
600458 0.1575 16
487006 0.16 16
638225 0.1625 16
977004 0.165 16
1.38585e+06 0.1675 16
1.57723e+06 0.17 16
1.5837e+06 0.1725 16
1.34867e+06 0.175 16
1.06386e+06 0.1775 16
860617 0.18 16
751530 0.1825 16
776411 0.185 16
730074 0.19 16
529950 0.1925 16
289664 0.195 16
110323 0.1975 16
106633 0.2 16
274311 0.2025 16
556250 0.205 16
830148 0.2075 16
1.00032e+06 0.21 16
991059 0.2125 16
867185 0.215 16
696762 0.2175 16
570515 0.22 16
506920 0.2225 16
518667 0.225 16
560035 0.2275 16
573413 0.23 16
531317 0.2325 16
470159 0.235 16
401060 0.2375 16
674499 0.0125 17
470689 0.02 17
598432 0.0225 17
2.66002e+06 0.0275 17
4.37658e+06 0.03 17
5.94581e+06 0.0325 17
6.86093e+06 0.035 17
6.86129e+06 0.0375 17
6.03056e+06 0.04 17
3.30219e+06 0.045 17
2.09297e+06 0.0475 17
1.19048e+06 0.05 17
579509 0.0525 17
220676 0.055 17
109459 0.0575 17
262126 0.06 17
660262 0.0625 17
1.21475e+06 0.065 17
1.7871e+06 0.0675 17
2.25569e+06 0.07 17
2.57817e+06 0.0725 17
2.80414e+06 0.075 17
3.02862e+06 0.0775 17
3.31721e+06 0.08 17
3.65132e+06 0.0825 17
4.01075e+06 0.0875 17
3.81141e+06 0.09 17
3.34226e+06 0.0925 17
2.72569e+06 0.095 17
2.14639e+06 0.0975 17
1.68397e+06 0.1025 17
1.84196e+06 0.105 17
2.11297e+06 0.1075 17
2.37727e+06 0.1125 17
2.20665e+06 0.115 17
1.03641e+06 0.1225 17
736349 0.125 17
463936 0.13 17
444402 0.1325 17
627020 0.1375 17
724377 0.14 17
862844 0.1475 17
828573 0.15 17
774621 0.1525 17
632246 0.155 17
462143 0.1575 17
302587 0.16 17
212790 0.1625 17
224679 0.165 17
312625 0.1675 17
439042 0.17 17
538472 0.1725 17
496245 0.175 17
403465 0.1775 17
240515 0.18 17
125951 0.1825 17
136713 0.185 17
248760 0.1875 17
393143 0.19 17
499205 0.1925 17
446410 0.1975 17
351417 0.2 17
313450 0.2025 17
312764 0.205 17
350672 0.2075 17
381415 0.21 17
425200 0.2125 17
388160 0.215 17
361157 0.2175 17
259760 0.2225 17
259706 0.225 17
0 0.0025 18
0 0.0075 18
0 0.0125 18
0 0.0175 18
0 0.02 18
0 0.025 18
0 0.0275 18
0 0.03 18
122719 0.04 18
310960 0.0425 18
1.907e+06 0.0475 18
4.47852e+06 0.0525 18
6.44306e+06 0.055 18
8.41479e+06 0.0575 18
9.59272e+06 0.06 18
1.02503e+07 0.0625 18
9.22049e+06 0.0675 18
6.04441e+06 0.0725 18
3.7544e+06 0.075 18
2.04483e+06 0.0775 18
948625 0.08 18
303502 0.0825 18
166647 0.085 18
1.16222e+06 0.0925 18
1.60091e+06 0.095 18
1.91922e+06 0.0975 18
2.14602e+06 0.1025 18
1.77475e+06 0.105 18
1.36887e+06 0.1075 18
643002 0.1125 18
503460 0.115 18
497888 0.1175 18
611548 0.12 18
716568 0.1225 18
689420 0.125 18
664294 0.1275 18
546292 0.13 18
412938 0.1325 18
474798 0.1375 18
685237 0.14 18
887678 0.1425 18
991424 0.145 18
922764 0.1475 18
712959 0.15 18
173633 0.155 18
44605.9 0.1575 18
52162.7 0.16 18
150959 0.1625 18
272822 0.165 18
337226 0.1675 18
335361 0.17 18
291106 0.1725 18
267668 0.175 18
368759 0.18 18
479707 0.1825 18
542922 0.185 18
529804 0.1875 18
449099 0.19 18
350671 0.1925 18
268607 0.195 18
211199 0.1975 18
186910 0.2 18
192534 0.2025 18
196101 0.205 18
175599 0.2075 18
157263 0.21 18
160497 0.2125 18
0 0.01 19
0 0.0125 19
16494.5 0.03 19
37258.1 0.0325 19
40544.8 0.035 19
88687.7 0.04 19
103612 0.0425 19
54486.4 0.0475 19
60658.2 0.05 19
100538 0.0525 19
192513 0.055 19
264706 0.06 19
266433 0.0625 19
209431 0.065 19
28379.1 0.07 19
1476.16 0.0725 19
153053 0.0775 19
260104 0.08 19
359868 0.0825 19
365228 0.085 19
334434 0.0875 19
305860 0.09 19
296831 0.0925 19
330239 0.0975 19
301596 0.1 19
261635 0.1025 19
263339 0.105 19
353808 0.1075 19
483011 0.11 19
715442 0.1125 19
788394 0.115 19
912300 0.1175 19
789765 0.12 19
754641 0.1225 19
579218 0.125 19
561067 0.1275 19
559622 0.13 19
604065 0.1325 19
635107 0.135 19
620458 0.1375 19
666471 0.14 19
637950 0.1425 19
531174 0.145 19
439407 0.15 19
389058 0.1525 19
258071 0.1575 19
264019 0.16 19
219324 0.1625 19
168105 0.165 19
132681 0.1675 19
137379 0.17 19
187782 0.1725 19
319146 0.175 19
552601 0.1775 19
755831 0.18 19
868837 0.1825 19
960267 0.185 19
1.04877e+06 0.1875 19
1.06209e+06 0.19 19
1.00577e+06 0.1925 19
892133 0.195 19
744773 0.1975 19
0 0.0025 20
9829.17 0.0125 20
31422.2 0.015 20
130620 0.02 20
192729 0.0225 20
359428 0.0275 20
459944 0.03 20
520233 0.0325 20
809632 0.0375 20
986550 0.0425 20
942313 0.045 20
795807 0.0475 20
596090 0.05 20
416587 0.0525 20
282551 0.0575 20
287324 0.06 20
275577 0.0625 20
199257 0.0675 20
224015 0.07 20
328458 0.0725 20
565011 0.0775 20
548184 0.08 20
428034 0.0825 20
291398 0.085 20
248802 0.0875 20
568403 0.0925 20
764001 0.095 20
821644 0.0975 20
700884 0.1 20
467467 0.1025 20
248210 0.105 20
248029 0.1125 20
286851 0.115 20
232062 0.1175 20
113991 0.12 20
36590.1 0.1225 20
291784 0.1275 20
532090 0.13 20
711429 0.1325 20
733683 0.135 20
611765 0.1375 20
441472 0.14 20
342563 0.1425 20
353090 0.145 20
490041 0.1475 20
846895 0.1525 20
881604 0.155 20
794683 0.1575 20
589419 0.16 20
405886 0.1625 20
273483 0.165 20
239175 0.1675 20
288985 0.17 20
350121 0.1725 20
412392 0.175 20
396605 0.1775 20
0 0.0025 21
0 0.005 21
0 0.015 21
0 0.0175 21
0 0.02 21
0 0.0225 21
0 0.025 21
0 0.0275 21
0 0.03 21
0 0.035 21
0 0.0375 21
0 0.0425 21
0 0.0475 21
16350 0.055 21
57889.1 0.06 21
83863.5 0.0625 21
133590 0.065 21
145474 0.0675 21
134028 0.07 21
174680 0.0725 21
196384 0.0775 21
278198 0.08 21
376393 0.0825 21
447787 0.085 21
611564 0.09 21
756378 0.0925 21
858255 0.095 21
823239 0.0975 21
736342 0.1 21
598002 0.1025 21
285398 0.1075 21
197667 0.11 21
126059 0.1125 21
151495 0.115 21
129596 0.1175 21
152991 0.12 21
157471 0.1225 21
161131 0.125 21
187534 0.13 21
183471 0.1325 21
196101 0.135 21
227932 0.14 21
229558 0.1425 21
198426 0.145 21
152094 0.1475 21
118034 0.15 21
141188 0.1525 21
178635 0.155 21
235954 0.1575 21
268887 0.16 21
96231.2 0.0025 22
511060 0.0075 22
419032 0.0125 22
231003 0.015 22
133025 0.0175 22
204994 0.02 22
403832 0.0225 22
557542 0.03 22
353727 0.0325 22
80481.6 0.0375 22
99155.3 0.04 22
160622 0.0425 22
192402 0.045 22
163219 0.0475 22
94953.4 0.05 22
34214.2 0.0525 22
12308.7 0.055 22
25540.7 0.0575 22
46399 0.06 22
50635.5 0.0625 22
35843.1 0.065 22
18491.8 0.0675 22
15994.9 0.07 22
31250.1 0.0725 22
51948.2 0.075 22
57354.2 0.08 22
42234.6 0.0825 22
27938.1 0.085 22
20235.6 0.0875 22
17274.4 0.09 22
10649.8 0.0975 22
17070 0.1 22
35887 0.105 22
32816 0.1075 22
19114.7 0.11 22
4275.36 0.1125 22
1034.71 0.115 22
76793.8 0.1225 22
95415.3 0.125 22
107177 0.13 22
94835.4 0.1325 22
93095.5 0.135 22
107814 0.1375 22
0 0.0025 23
0 0.005 23
0 0.0075 23
0 0.01 23
0 0.0125 23
0 0.0175 23
0 0.02 23
0 0.0225 23
0 0.0275 23
0 0.03 23
0 0.0325 23
0 0.0375 23
738.493 0.04 23
4253.59 0.0425 23
9549.45 0.045 23
10908.2 0.0475 23
11891.4 0.05 23
18230.4 0.055 23
43410.2 0.0575 23
58241.6 0.06 23
102634 0.0625 23
189961 0.065 23
184541 0.0675 23
230683 0.07 23
260188 0.0725 23
264451 0.0775 23
183985 0.08 23
153597 0.0825 23
54216 0.09 23
82552.3 0.0925 23
191794 0.1 23
206653 0.1025 23
