4.20071e+07 0.085 0
2.53484e+07 0.0875 0
9.33712e+06 0.09 0
813549 0.0925 0
1.1399e+06 0.095 0
6.52467e+06 0.0975 0
1.13203e+07 0.1 0
1.17906e+07 0.1025 0
7.98427e+06 0.105 0
2.92312e+06 0.1075 0
103959 0.11 0
1.16458e+06 0.1125 0
5.11998e+06 0.115 0
9.34608e+06 0.1175 0
1.13854e+07 0.12 0
1.0333e+07 0.1225 0
7.05527e+06 0.125 0
3.36471e+06 0.1275 0
819649 0.13 0
92271.8 0.1325 0
703198 0.135 0
1.7295e+06 0.1375 0
2.55664e+06 0.14 0
3.02849e+06 0.1425 0
2.92308e+06 0.145 0
2.67605e+06 0.1475 0
2.59922e+06 0.15 0
1.94629e+06 0.1525 0
2.03235e+06 0.155 0
2.27509e+06 0.1575 0
2.57187e+06 0.16 0
2.57716e+06 0.1625 0
2.61153e+06 0.165 0
2.9429e+06 0.1675 0
2.77447e+06 0.17 0
2.69246e+06 0.1725 0
2.08e+06 0.175 0
1.35994e+06 0.1775 0
639507 0.18 0
263189 0.1825 0
122093 0.185 0
410903 0.1875 0
779125 0.19 0
1.32881e+06 0.1925 0
1.76471e+06 0.195 0
2.15204e+06 0.1975 0
2.34665e+06 0.2 0
2.31382e+06 0.2025 0
2.27155e+06 0.205 0
2.25609e+06 0.2075 0
2.2768e+06 0.21 0
2.58859e+06 0.2125 0
2.75509e+06 0.215 0
3.1379e+06 0.2175 0
3.17386e+06 0.22 0
3.27521e+06 0.2225 0
3.03467e+06 0.225 0
2.53147e+06 0.2275 0
1.95704e+06 0.23 0
1.2899e+06 0.2325 0
995936 0.235 0
856753 0.2375 0
868407 0.24 0
1.03112e+06 0.2425 0
1.33405e+06 0.245 0
1.5172e+06 0.2475 0
1.38749e+06 0.25 0
1.0069e+06 0.2525 0
525804 0.255 0
238187 0.2575 0
31209.5 0.26 0
49547.8 0.2625 0
281992 0.265 0
604175 0.2675 0
852665 0.27 0
988832 0.2725 0
869798 0.275 0
694196 0.2775 0
450001 0.28 0
230017 0.2825 0
225765 0.285 0
504414 0.2875 0
960386 0.29 0
1.46795e+06 0.2925 0
1.88713e+06 0.295 0
2.2373e+06 0.2975 0
2.36556e+06 0.3 0
2.34884e+06 0.3025 0
2.17208e+06 0.305 0
2.05046e+06 0.3075 0
1.80537e+06 0.31 0
1.73511e+06 0.3125 0
1.52025e+06 0.315 0
5.773e+07 0.0825 1
5.85695e+07 0.085 1
5.42081e+07 0.0875 1
4.54985e+07 0.09 1
3.52266e+07 0.0925 1
2.61893e+07 0.095 1
1.97506e+07 0.0975 1
1.5578e+07 0.1 1
1.24301e+07 0.1025 1
9.26344e+06 0.105 1
5.90393e+06 0.1075 1
2.89812e+06 0.11 1
975771 0.1125 1
417170 0.115 1
947741 0.1175 1
1.83312e+06 0.12 1
2.37884e+06 0.1225 1
3.30914e+06 0.125 1
3.35944e+06 0.1275 1
3.906e+06 0.13 1
4.59706e+06 0.1325 1
5.09003e+06 0.135 1
4.48242e+06 0.1375 1
3.74252e+06 0.14 1
2.52712e+06 0.1425 1
1.62833e+06 0.145 1
1.10138e+06 0.1475 1
1.81252e+06 0.15 1
2.98622e+06 0.1525 1
4.19362e+06 0.155 1
4.97644e+06 0.1575 1
5.04825e+06 0.16 1
4.83017e+06 0.1625 1
4.36101e+06 0.165 1
3.93429e+06 0.1675 1
3.85276e+06 0.17 1
3.9719e+06 0.1725 1
4.01448e+06 0.175 1
4.14653e+06 0.1775 1
3.92643e+06 0.18 1
3.40217e+06 0.1825 1
2.5735e+06 0.185 1
1.92014e+06 0.1875 1
1.21386e+06 0.19 1
783078 0.1925 1
544071 0.195 1
522651 0.1975 1
581519 0.2 1
698589 0.2025 1
786700 0.205 1
931683 0.2075 1
1.07061e+06 0.21 1
1.42927e+06 0.2125 1
1.86799e+06 0.215 1
2.30043e+06 0.2175 1
2.4973e+06 0.22 1
2.49245e+06 0.2225 1
2.44811e+06 0.225 1
2.20203e+06 0.2275 1
1.80461e+06 0.23 1
1.34175e+06 0.2325 1
943008 0.235 1
664609 0.2375 1
532281 0.24 1
513031 0.2425 1
587168 0.245 1
848446 0.2475 1
1.15123e+06 0.25 1
1.50451e+06 0.2525 1
1.75769e+06 0.255 1
1.9959e+06 0.2575 1
2.19741e+06 0.26 1
2.23159e+06 0.2625 1
2.01076e+06 0.265 1
1.89545e+06 0.2675 1
1.57192e+06 0.27 1
1.23343e+06 0.2725 1
1.0275e+06 0.275 1
937812 0.2775 1
916388 0.28 1
945986 0.2825 1
1.13237e+06 0.285 1
1.14345e+06 0.2875 1
1.13727e+06 0.29 1
1.19812e+06 0.2925 1
1.27772e+06 0.295 1
1.39624e+06 0.2975 1
1.47907e+06 0.3 1
1.56361e+06 0.3025 1
1.65253e+06 0.305 1
1.6063e+06 0.3075 1
1.57958e+06 0.31 1
1.47346e+06 0.3125 1
1.29351e+06 0.315 1
4.96126e+06 0.08 2
5.67429e+06 0.0825 2
5.66371e+06 0.085 2
5.0298e+06 0.0875 2
4.06136e+06 0.09 2
3.11018e+06 0.0925 2
2.45804e+06 0.095 2
2.1589e+06 0.0975 2
2.37817e+06 0.1 2
2.94243e+06 0.1025 2
4.19288e+06 0.105 2
5.72635e+06 0.1075 2
7.33914e+06 0.11 2
9.00705e+06 0.1125 2
1.04941e+07 0.115 2
1.09063e+07 0.1175 2
1.03791e+07 0.12 2
9.62989e+06 0.1225 2
9.45916e+06 0.125 2
9.75858e+06 0.1275 2
1.06639e+07 0.13 2
1.20945e+07 0.1325 2
1.3259e+07 0.135 2
1.35071e+07 0.1375 2
1.27956e+07 0.14 2
1.11362e+07 0.1425 2
8.87191e+06 0.145 2
6.47307e+06 0.1475 2
4.29663e+06 0.15 2
2.77378e+06 0.1525 2
1.77449e+06 0.155 2
1.14232e+06 0.1575 2
748467 0.16 2
638752 0.1625 2
695043 0.165 2
1.1073e+06 0.1675 2
1.47193e+06 0.17 2
1.90032e+06 0.1725 2
2.35526e+06 0.175 2
2.56863e+06 0.1775 2
2.39993e+06 0.18 2
2.2337e+06 0.1825 2
1.9229e+06 0.185 2
1.8532e+06 0.1875 2
1.93197e+06 0.19 2
1.89881e+06 0.1925 2
1.86345e+06 0.195 2
1.81434e+06 0.1975 2
1.85214e+06 0.2 2
1.57893e+06 0.2025 2
1.35759e+06 0.205 2
1.14874e+06 0.2075 2
870547 0.21 2
735799 0.2125 2
646911 0.215 2
610280 0.2175 2
699259 0.22 2
740593 0.2225 2
836209 0.225 2
907095 0.2275 2
985388 0.23 2
1.17783e+06 0.2325 2
1.32165e+06 0.235 2
1.44537e+06 0.2375 2
1.5162e+06 0.24 2
1.37353e+06 0.2425 2
1.30218e+06 0.245 2
1.16979e+06 0.2475 2
1.07542e+06 0.25 2
989478 0.2525 2
981631 0.255 2
956882 0.2575 2
869439 0.26 2
801985 0.2625 2
877985 0.265 2
905479 0.2675 2
1.10428e+06 0.27 2
1.30423e+06 0.2725 2
1.42024e+06 0.275 2
1.5086e+06 0.2775 2
1.42049e+06 0.28 2
1.28333e+06 0.2825 2
1.16499e+06 0.285 2
1.09778e+06 0.2875 2
1.0326e+06 0.29 2
1.05574e+06 0.2925 2
1.20092e+06 0.295 2
1.23546e+06 0.2975 2
1.25613e+06 0.3 2
1.19454e+06 0.3025 2
1.02608e+06 0.305 2
757840 0.3075 2
523825 0.31 2
328282 0.3125 2
289992 0.315 2
479587 0.0725 3
280942 0.075 3
210317 0.0775 3
216457 0.08 3
234283 0.0825 3
480970 0.085 3
984776 0.0875 3
2.16806e+06 0.09 3
3.16887e+06 0.0925 3
4.57936e+06 0.095 3
6.80911e+06 0.0975 3
8.88541e+06 0.1 3
1.08587e+07 0.1025 3
1.2506e+07 0.105 3
1.41529e+07 0.1075 3
1.46068e+07 0.11 3
1.43727e+07 0.1125 3
1.38964e+07 0.115 3
1.361e+07 0.1175 3
1.28044e+07 0.12 3
1.2309e+07 0.1225 3
1.16423e+07 0.125 3
1.10014e+07 0.1275 3
9.91292e+06 0.13 3
8.54016e+06 0.1325 3
7.1418e+06 0.135 3
5.0746e+06 0.1375 3
3.44328e+06 0.14 3
2.31481e+06 0.1425 3
1.78634e+06 0.145 3
1.77079e+06 0.1475 3
2.02376e+06 0.15 3
2.32659e+06 0.1525 3
2.64624e+06 0.155 3
2.59386e+06 0.1575 3
2.39435e+06 0.16 3
2.03308e+06 0.1625 3
1.70399e+06 0.165 3
1.60709e+06 0.1675 3
1.70415e+06 0.17 3
2.09121e+06 0.1725 3
2.85004e+06 0.175 3
3.54583e+06 0.1775 3
4.23098e+06 0.18 3
4.68089e+06 0.1825 3
4.77372e+06 0.185 3
4.64904e+06 0.1875 3
4.39416e+06 0.19 3
3.92058e+06 0.1925 3
3.25838e+06 0.195 3
2.58641e+06 0.1975 3
2.15746e+06 0.2 3
2.03405e+06 0.2025 3
1.97539e+06 0.205 3
2.06319e+06 0.2075 3
2.21136e+06 0.21 3
2.08075e+06 0.2125 3
1.75309e+06 0.215 3
1.54659e+06 0.2175 3
1.24842e+06 0.22 3
1.06417e+06 0.2225 3
980853 0.225 3
1.03984e+06 0.2275 3
1.13434e+06 0.23 3
1.21988e+06 0.2325 3
1.39419e+06 0.235 3
1.58249e+06 0.2375 3
1.87418e+06 0.24 3
2.06388e+06 0.2425 3
2.20321e+06 0.245 3
2.1601e+06 0.2475 3
2.02785e+06 0.25 3
1.78794e+06 0.2525 3
1.48954e+06 0.255 3
1.1049e+06 0.2575 3
744877 0.26 3
469991 0.2625 3
400618 0.265 3
472851 0.2675 3
715130 0.27 3
1.0499e+06 0.2725 3
1.28699e+06 0.275 3
1.29468e+06 0.2775 3
1.17839e+06 0.28 3
916849 0.2825 3
834712 0.285 3
912815 0.2875 3
1.17504e+06 0.29 3
1.47912e+06 0.2925 3
1.65072e+06 0.295 3
1.68024e+06 0.2975 3
1.63462e+06 0.3 3
1.45779e+06 0.3025 3
1.28334e+06 0.305 3
1.2365e+06 0.3075 3
1.26974e+06 0.31 3
1.32656e+06 0.3125 3
1.3286e+06 0.315 3
191695 0.0625 4
264475 0.065 4
794678 0.0675 4
1.93843e+06 0.07 4
3.50995e+06 0.0725 4
5.15098e+06 0.075 4
6.88272e+06 0.0775 4
8.73283e+06 0.08 4
1.02402e+07 0.0825 4
1.07828e+07 0.085 4
1.17669e+07 0.0875 4
1.26535e+07 0.09 4
1.18426e+07 0.0925 4
1.06811e+07 0.095 4
9.02621e+06 0.0975 4
7.63215e+06 0.1 4
6.3554e+06 0.1025 4
5.6682e+06 0.105 4
6.03271e+06 0.1075 4
6.98995e+06 0.11 4
7.48299e+06 0.1125 4
8.09129e+06 0.115 4
8.28009e+06 0.1175 4
8.69803e+06 0.12 4
8.28275e+06 0.1225 4
6.96241e+06 0.125 4
6.11234e+06 0.1275 4
5.75372e+06 0.13 4
5.94229e+06 0.1325 4
6.49687e+06 0.135 4
7.69463e+06 0.1375 4
8.77468e+06 0.14 4
9.62565e+06 0.1425 4
9.67701e+06 0.145 4
8.97197e+06 0.1475 4
7.97877e+06 0.15 4
6.4732e+06 0.1525 4
4.67415e+06 0.155 4
3.0576e+06 0.1575 4
2.0945e+06 0.16 4
1.57945e+06 0.1625 4
1.34622e+06 0.165 4
1.35633e+06 0.1675 4
1.32699e+06 0.17 4
1.17286e+06 0.1725 4
977460 0.175 4
813631 0.1775 4
838426 0.18 4
1.12967e+06 0.1825 4
1.52903e+06 0.185 4
1.89688e+06 0.1875 4
2.30879e+06 0.19 4
2.57716e+06 0.1925 4
2.67779e+06 0.195 4
2.6509e+06 0.1975 4
2.6865e+06 0.2 4
2.81582e+06 0.2025 4
3.0462e+06 0.205 4
3.51127e+06 0.2075 4
3.87382e+06 0.21 4
4.05526e+06 0.2125 4
4.07851e+06 0.215 4
3.71022e+06 0.2175 4
3.23855e+06 0.22 4
2.60573e+06 0.2225 4
2.12316e+06 0.225 4
1.45101e+06 0.2275 4
993120 0.23 4
730643 0.2325 4
612632 0.235 4
589577 0.2375 4
593008 0.24 4
686465 0.2425 4
763080 0.245 4
922668 0.2475 4
1.0954e+06 0.25 4
1.15609e+06 0.2525 4
1.14513e+06 0.255 4
1.06862e+06 0.2575 4
944966 0.26 4
732815 0.2625 4
548034 0.265 4
405120 0.2675 4
306261 0.27 4
288822 0.2725 4
383641 0.275 4
500359 0.2775 4
636862 0.28 4
676191 0.2825 4
658496 0.285 4
563509 0.2875 4
453194 0.29 4
417567 0.2925 4
487058 0.295 4
660078 0.2975 4
931470 0.3 4
1.19071e+06 0.3025 4
1.41748e+06 0.305 4
1.46295e+06 0.3075 4
1.44327e+06 0.31 4
1.34221e+06 0.3125 4
24407.1 0.0475 5
28391.3 0.05 5
251153 0.0525 5
517182 0.055 5
960842 0.0575 5
1.44985e+06 0.06 5
2.37037e+06 0.0625 5
3.17261e+06 0.065 5
3.70875e+06 0.0675 5
4.61384e+06 0.07 5
5.69819e+06 0.0725 5
6.94198e+06 0.075 5
7.14658e+06 0.0775 5
6.48108e+06 0.08 5
6.19338e+06 0.0825 5
5.1339e+06 0.085 5
3.91621e+06 0.0875 5
2.76988e+06 0.09 5
1.84915e+06 0.0925 5
1.18233e+06 0.095 5
1.03024e+06 0.0975 5
1.17452e+06 0.1 5
1.65307e+06 0.1025 5
2.17628e+06 0.105 5
2.15677e+06 0.1075 5
2.30376e+06 0.11 5
2.31771e+06 0.1125 5
1.80759e+06 0.115 5
1.28223e+06 0.1175 5
850264 0.12 5
744547 0.1225 5
567526 0.125 5
525890 0.1275 5
366691 0.13 5
300207 0.1325 5
358675 0.135 5
510179 0.1375 5
927526 0.14 5
1.6137e+06 0.1425 5
2.37953e+06 0.145 5
3.26157e+06 0.1475 5
3.97089e+06 0.15 5
4.41101e+06 0.1525 5
4.39397e+06 0.155 5
3.98322e+06 0.1575 5
3.3989e+06 0.16 5
2.80727e+06 0.1625 5
2.36495e+06 0.165 5
2.24566e+06 0.1675 5
2.27341e+06 0.17 5
2.29689e+06 0.1725 5
2.33224e+06 0.175 5
2.31596e+06 0.1775 5
2.08453e+06 0.18 5
1.81659e+06 0.1825 5
1.67434e+06 0.185 5
1.838e+06 0.1875 5
2.35661e+06 0.19 5
3.21404e+06 0.1925 5
3.83288e+06 0.195 5
4.10976e+06 0.1975 5
3.91154e+06 0.2 5
3.08793e+06 0.2025 5
2.22691e+06 0.205 5
1.50316e+06 0.2075 5
1.17854e+06 0.21 5
1.08823e+06 0.2125 5
1.59988e+06 0.215 5
2.12343e+06 0.2175 5
2.28658e+06 0.22 5
2.27674e+06 0.2225 5
2.0995e+06 0.225 5
1.58545e+06 0.2275 5
1.00224e+06 0.23 5
705398 0.2325 5
731002 0.235 5
1.06036e+06 0.2375 5
1.51688e+06 0.24 5
1.98267e+06 0.2425 5
2.40281e+06 0.245 5
2.70406e+06 0.2475 5
2.85963e+06 0.25 5
2.94644e+06 0.2525 5
2.97259e+06 0.255 5
3.03898e+06 0.2575 5
2.95884e+06 0.26 5
2.89195e+06 0.2625 5
2.81466e+06 0.265 5
2.73263e+06 0.2675 5
2.55937e+06 0.27 5
2.35855e+06 0.2725 5
2.25432e+06 0.275 5
2.10175e+06 0.2775 5
1.89865e+06 0.28 5
1.7296e+06 0.2825 5
1.51967e+06 0.285 5
1.3256e+06 0.2875 5
1.20786e+06 0.29 5
1.15096e+06 0.2925 5
1.16741e+06 0.295 5
1.17975e+06 0.2975 5
1.19553e+06 0.3 5
1.16388e+06 0.3025 5
1.04645e+06 0.305 5
916965 0.3075 5
876234 0.31 5
0 0.0125 6
0 0.015 6
0 0.0175 6
0 0.02 6
0 0.0225 6
0 0.025 6
1778.24 0.0275 6
141374 0.03 6
464943 0.0325 6
931341 0.035 6
1.76916e+06 0.0375 6
2.75638e+06 0.04 6
3.8785e+06 0.0425 6
4.81852e+06 0.045 6
5.90717e+06 0.0475 6
6.26239e+06 0.05 6
5.44575e+06 0.0525 6
4.25844e+06 0.055 6
2.65103e+06 0.0575 6
938994 0.06 6
38836.3 0.0625 6
594054 0.065 6
2.81505e+06 0.0675 6
6.37401e+06 0.07 6
1.05917e+07 0.0725 6
1.41603e+07 0.075 6
1.64319e+07 0.0775 6
1.64465e+07 0.08 6
1.48818e+07 0.0825 6
1.20823e+07 0.085 6
8.90073e+06 0.0875 6
6.41464e+06 0.09 6
4.89642e+06 0.0925 6
4.46477e+06 0.095 6
4.63378e+06 0.0975 6
4.82983e+06 0.1 6
4.62543e+06 0.1025 6
4.0648e+06 0.105 6
3.19799e+06 0.1075 6
2.32074e+06 0.11 6
1.89615e+06 0.1125 6
1.75418e+06 0.115 6
1.6199e+06 0.1175 6
1.82058e+06 0.12 6
1.91122e+06 0.1225 6
2.05231e+06 0.125 6
2.09429e+06 0.1275 6
2.23106e+06 0.13 6
2.51086e+06 0.1325 6
2.62382e+06 0.135 6
2.49082e+06 0.1375 6
2.17836e+06 0.14 6
1.69231e+06 0.1425 6
1.38373e+06 0.145 6
1.30354e+06 0.1475 6
1.69852e+06 0.15 6
2.18827e+06 0.1525 6
2.82135e+06 0.155 6
3.05128e+06 0.1575 6
3.13359e+06 0.16 6
2.628e+06 0.1625 6
2.37267e+06 0.165 6
2.3968e+06 0.1675 6
2.19586e+06 0.17 6
2.20612e+06 0.1725 6
2.25661e+06 0.175 6
2.15024e+06 0.1775 6
1.90917e+06 0.18 6
1.72316e+06 0.1825 6
1.71412e+06 0.185 6
2.09753e+06 0.1875 6
2.49071e+06 0.19 6
2.78417e+06 0.1925 6
2.86513e+06 0.195 6
2.49576e+06 0.1975 6
1.90413e+06 0.2 6
1.27735e+06 0.2025 6
805729 0.205 6
607520 0.2075 6
774702 0.21 6
1.21057e+06 0.2125 6
1.6865e+06 0.215 6
2.23935e+06 0.2175 6
2.65774e+06 0.22 6
2.74769e+06 0.2225 6
2.70662e+06 0.225 6
2.66636e+06 0.2275 6
2.5805e+06 0.23 6
2.33822e+06 0.2325 6
2.04265e+06 0.235 6
1.75193e+06 0.2375 6
1.40902e+06 0.24 6
1.03598e+06 0.2425 6
693129 0.245 6
549564 0.2475 6
505313 0.25 6
666722 0.2525 6
851452 0.255 6
1.07064e+06 0.2575 6
1.20064e+06 0.26 6
1.28244e+06 0.2625 6
1.23428e+06 0.265 6
1.164e+06 0.2675 6
1.09009e+06 0.27 6
1.17487e+06 0.2725 6
1.34629e+06 0.275 6
1.51836e+06 0.2775 6
1.58613e+06 0.28 6
1.47276e+06 0.2825 6
1.33324e+06 0.285 6
1.15489e+06 0.2875 6
1.12672e+06 0.29 6
1.33526e+06 0.2925 6
1.67193e+06 0.295 6
2.07165e+06 0.2975 6
2.33744e+06 0.3 6
2.39249e+06 0.3025 6
2.1621e+06 0.305 6
1.88087e+06 0.3075 6
12833 0.0125 7
76146.3 0.015 7
183318 0.0175 7
279593 0.02 7
602421 0.0225 7
896264 0.025 7
1.21218e+06 0.0275 7
1.26116e+06 0.03 7
1.20181e+06 0.0325 7
971501 0.035 7
580645 0.0375 7
191264 0.04 7
20575.4 0.0425 7
168816 0.045 7
595152 0.0475 7
1.12487e+06 0.05 7
1.53027e+06 0.0525 7
1.6496e+06 0.055 7
1.48195e+06 0.0575 7
1.20276e+06 0.06 7
1.08333e+06 0.0625 7
1.35024e+06 0.065 7
2.05617e+06 0.0675 7
3.03159e+06 0.07 7
3.94683e+06 0.0725 7
4.45588e+06 0.075 7
4.35053e+06 0.0775 7
3.64883e+06 0.08 7
2.57745e+06 0.0825 7
1.4634e+06 0.085 7
594781 0.0875 7
119265 0.09 7
22095.1 0.0925 7
178778 0.095 7
440871 0.0975 7
704310 0.1 7
948897 0.1025 7
1.1383e+06 0.105 7
1.31505e+06 0.1075 7
1.54507e+06 0.11 7
1.56742e+06 0.1125 7
1.71092e+06 0.115 7
1.48035e+06 0.1175 7
1.11447e+06 0.12 7
767822 0.1225 7
516017 0.125 7
398136 0.1275 7
220780 0.13 7
121734 0.1325 7
95218 0.135 7
79721.1 0.1375 7
70990.8 0.14 7
82072 0.1425 7
128616 0.145 7
183937 0.1475 7
254561 0.15 7
289903 0.1525 7
271372 0.155 7
332342 0.1575 7
403114 0.16 7
604134 0.1625 7
817539 0.165 7
891543 0.1675 7
1.17949e+06 0.17 7
1.46818e+06 0.1725 7
1.50315e+06 0.175 7
1.58152e+06 0.1775 7
1.67881e+06 0.18 7
1.62229e+06 0.1825 7
1.50385e+06 0.185 7
1.32699e+06 0.1875 7
1.18702e+06 0.19 7
1.07721e+06 0.1925 7
1.08255e+06 0.195 7
1.28959e+06 0.1975 7
1.60046e+06 0.2 7
1.95311e+06 0.2025 7
2.5397e+06 0.205 7
3.24258e+06 0.2075 7
3.87181e+06 0.21 7
4.11292e+06 0.2125 7
4.03526e+06 0.215 7
3.47378e+06 0.2175 7
2.58864e+06 0.22 7
1.86254e+06 0.2225 7
1.30356e+06 0.225 7
1.06533e+06 0.2275 7
1.11526e+06 0.23 7
1.53823e+06 0.2325 7
2.01774e+06 0.235 7
2.3708e+06 0.2375 7
2.38642e+06 0.24 7
2.15907e+06 0.2425 7
1.9079e+06 0.245 7
1.66236e+06 0.2475 7
1.52351e+06 0.25 7
1.6072e+06 0.2525 7
1.95858e+06 0.255 7
2.27265e+06 0.2575 7
2.49015e+06 0.26 7
2.56982e+06 0.2625 7
2.53485e+06 0.265 7
2.31288e+06 0.2675 7
1.89056e+06 0.27 7
1.5157e+06 0.2725 7
1.20547e+06 0.275 7
980603 0.2775 7
861084 0.28 7
908556 0.2825 7
1.11255e+06 0.285 7
1.38358e+06 0.2875 7
1.63801e+06 0.29 7
1.95552e+06 0.2925 7
2.15111e+06 0.295 7
2.17898e+06 0.2975 7
2.1748e+06 0.3 7
1.97582e+06 0.3025 7
1.68019e+06 0.305 7
1.39984e+07 0.01 8
1.71953e+07 0.0125 8
1.88767e+07 0.015 8
1.93523e+07 0.0175 8
1.9179e+07 0.02 8
1.87393e+07 0.0225 8
1.80112e+07 0.025 8
1.66522e+07 0.0275 8
1.4326e+07 0.03 8
1.10549e+07 0.0325 8
7.36761e+06 0.035 8
4.13748e+06 0.0375 8
2.18964e+06 0.04 8
1.89403e+06 0.0425 8
2.97202e+06 0.045 8
4.62547e+06 0.0475 8
5.9192e+06 0.05 8
6.21363e+06 0.0525 8
5.42552e+06 0.055 8
3.99765e+06 0.0575 8
2.61752e+06 0.06 8
1.85169e+06 0.0625 8
1.88908e+06 0.065 8
2.50873e+06 0.0675 8
3.25706e+06 0.07 8
3.71269e+06 0.0725 8
3.68818e+06 0.075 8
3.27313e+06 0.0775 8
2.72174e+06 0.08 8
2.27141e+06 0.0825 8
2.00429e+06 0.085 8
1.82583e+06 0.0875 8
1.56101e+06 0.09 8
1.10347e+06 0.0925 8
527083 0.095 8
92671.7 0.0975 8
138037 0.1 8
900301 0.1025 8
2.35675e+06 0.105 8
4.16856e+06 0.1075 8
5.77035e+06 0.11 8
6.58288e+06 0.1125 8
6.26388e+06 0.115 8
4.89155e+06 0.1175 8
2.94498e+06 0.12 8
1.14378e+06 0.1225 8
187289 0.125 8
371416 0.1275 8
1.35702e+06 0.13 8
2.83308e+06 0.1325 8
3.93157e+06 0.135 8
4.1611e+06 0.1375 8
3.69401e+06 0.14 8
2.51654e+06 0.1425 8
1.6501e+06 0.145 8
1.05323e+06 0.1475 8
1.42351e+06 0.15 8
2.33982e+06 0.1525 8
3.43233e+06 0.155 8
3.80845e+06 0.1575 8
4.22189e+06 0.16 8
3.76905e+06 0.1625 8
3.34038e+06 0.165 8
2.57125e+06 0.1675 8
2.17339e+06 0.17 8
1.93023e+06 0.1725 8
1.68237e+06 0.175 8
1.53443e+06 0.1775 8
1.37265e+06 0.18 8
1.14469e+06 0.1825 8
1.05816e+06 0.185 8
1.04671e+06 0.1875 8
1.19166e+06 0.19 8
1.41154e+06 0.1925 8
1.50266e+06 0.195 8
1.75131e+06 0.1975 8
2.08721e+06 0.2 8
2.27446e+06 0.2025 8
2.34275e+06 0.205 8
2.12447e+06 0.2075 8
1.65383e+06 0.21 8
1.29444e+06 0.2125 8
990633 0.215 8
970211 0.2175 8
1.37977e+06 0.22 8
1.92457e+06 0.2225 8
2.41708e+06 0.225 8
2.69191e+06 0.2275 8
2.56207e+06 0.23 8
2.1655e+06 0.2325 8
1.77994e+06 0.235 8
1.42213e+06 0.2375 8
1.27623e+06 0.24 8
1.31361e+06 0.2425 8
1.51617e+06 0.245 8
1.65655e+06 0.2475 8
1.63619e+06 0.25 8
1.51302e+06 0.2525 8
1.30287e+06 0.255 8
1.077e+06 0.2575 8
958380 0.26 8
917390 0.2625 8
1.01999e+06 0.265 8
1.11635e+06 0.2675 8
1.36335e+06 0.27 8
1.51847e+06 0.2725 8
1.63106e+06 0.275 8
1.7071e+06 0.2775 8
1.65708e+06 0.28 8
1.5685e+06 0.2825 8
1.40696e+06 0.285 8
1.2297e+06 0.2875 8
1.08343e+06 0.29 8
982372 0.2925 8
927933 0.295 8
904445 0.2975 8
3.28347e+06 0.01 9
6.61083e+06 0.0125 9
1.08606e+07 0.015 9
1.5353e+07 0.0175 9
1.93175e+07 0.02 9
2.21605e+07 0.0225 9
2.36051e+07 0.025 9
2.36633e+07 0.0275 9
2.25076e+07 0.03 9
2.0357e+07 0.0325 9
1.74551e+07 0.035 9
1.41254e+07 0.0375 9
1.08155e+07 0.04 9
8.04316e+06 0.0425 9
6.22708e+06 0.045 9
5.48758e+06 0.0475 9
5.5487e+06 0.05 9
5.83248e+06 0.0525 9
5.72458e+06 0.055 9
4.87838e+06 0.0575 9
3.38787e+06 0.06 9
1.72666e+06 0.0625 9
483862 0.065 9
45888.1 0.0675 9
403072 0.07 9
1.18307e+06 0.0725 9
1.87788e+06 0.075 9
2.12214e+06 0.0775 9
1.86179e+06 0.08 9
1.33065e+06 0.0825 9
872804 0.085 9
734300 0.0875 9
948453 0.09 9
1.36403e+06 0.0925 9
1.7702e+06 0.095 9
2.02079e+06 0.0975 9
2.0807e+06 0.1 9
1.98631e+06 0.1025 9
1.77553e+06 0.105 9
1.45548e+06 0.1075 9
1.0338e+06 0.11 9
580462 0.1125 9
247799 0.115 9
213426 0.1175 9
571358 0.12 9
1.27727e+06 0.1225 9
2.04868e+06 0.125 9
2.63478e+06 0.1275 9
2.67859e+06 0.13 9
2.33077e+06 0.1325 9
1.6397e+06 0.135 9
943318 0.1375 9
494947 0.14 9
500924 0.1425 9
852804 0.145 9
1.40946e+06 0.1475 9
1.76923e+06 0.15 9
2.02812e+06 0.1525 9
1.67151e+06 0.155 9
1.67629e+06 0.1575 9
1.7059e+06 0.16 9
1.43159e+06 0.1625 9
1.56716e+06 0.165 9
1.39109e+06 0.1675 9
1.3025e+06 0.17 9
1.24544e+06 0.1725 9
1.21066e+06 0.175 9
1.64734e+06 0.1775 9
2.22928e+06 0.18 9
3.1342e+06 0.1825 9
4.39031e+06 0.185 9
5.21301e+06 0.1875 9
5.70753e+06 0.19 9
5.91548e+06 0.1925 9
5.15837e+06 0.195 9
4.47792e+06 0.1975 9
4.04174e+06 0.2 9
3.92596e+06 0.2025 9
4.72171e+06 0.205 9
5.54078e+06 0.2075 9
6.28821e+06 0.21 9
6.47646e+06 0.2125 9
6.03244e+06 0.215 9
4.87952e+06 0.2175 9
3.81297e+06 0.22 9
2.80029e+06 0.2225 9
2.4876e+06 0.225 9
2.618e+06 0.2275 9
2.99032e+06 0.23 9
3.32653e+06 0.2325 9
3.32713e+06 0.235 9
2.74213e+06 0.2375 9
1.91145e+06 0.24 9
1.12668e+06 0.2425 9
635370 0.245 9
533177 0.2475 9
720233 0.25 9
886747 0.2525 9
921223 0.255 9
819151 0.2575 9
627848 0.26 9
426779 0.2625 9
283453 0.265 9
227853 0.2675 9
211208 0.27 9
231809 0.2725 9
295050 0.275 9
451858 0.2775 9
707598 0.28 9
1.01478e+06 0.2825 9
1.21237e+06 0.285 9
1.35218e+06 0.2875 9
1.40623e+06 0.29 9
1.33682e+06 0.2925 9
0 0.01 10
0 0.0125 10
0 0.015 10
19848.2 0.0175 10
8143.98 0.02 10
97724.2 0.0225 10
174509 0.025 10
514664 0.0275 10
655583 0.03 10
1.04635e+06 0.0325 10
1.19041e+06 0.035 10
1.37952e+06 0.0375 10
1.42769e+06 0.04 10
1.41e+06 0.0425 10
1.28532e+06 0.045 10
1.06879e+06 0.0475 10
750509 0.05 10
423774 0.0525 10
168231 0.055 10
34186.7 0.0575 10
13237.8 0.06 10
75143.7 0.0625 10
174227 0.065 10
263485 0.0675 10
306833 0.07 10
287481 0.0725 10
211667 0.075 10
107734 0.0775 10
21217.9 0.08 10
7121.01 0.0825 10
120481 0.085 10
405645 0.0875 10
883942 0.09 10
1.54021e+06 0.0925 10
2.31148e+06 0.095 10
3.09402e+06 0.0975 10
3.74e+06 0.1 10
4.08439e+06 0.1025 10
4.03205e+06 0.105 10
3.67457e+06 0.1075 10
2.94597e+06 0.11 10
2.25195e+06 0.1125 10
1.79957e+06 0.115 10
1.69396e+06 0.1175 10
1.93883e+06 0.12 10
2.17574e+06 0.1225 10
2.36937e+06 0.125 10
2.79876e+06 0.1275 10
3.16536e+06 0.13 10
3.10467e+06 0.1325 10
3.4962e+06 0.135 10
3.5406e+06 0.1375 10
3.57656e+06 0.14 10
3.2338e+06 0.1425 10
2.64206e+06 0.145 10
2.23858e+06 0.1475 10
1.96002e+06 0.15 10
1.99598e+06 0.1525 10
2.53733e+06 0.155 10
3.32634e+06 0.1575 10
4.00404e+06 0.16 10
4.39787e+06 0.1625 10
4.27083e+06 0.165 10
3.8024e+06 0.1675 10
3.2483e+06 0.17 10
3.16011e+06 0.1725 10
3.76581e+06 0.175 10
4.83704e+06 0.1775 10
6.00172e+06 0.18 10
6.704e+06 0.1825 10
6.65426e+06 0.185 10
5.62365e+06 0.1875 10
4.02607e+06 0.19 10
2.79356e+06 0.1925 10
2.05317e+06 0.195 10
2.2402e+06 0.1975 10
2.82054e+06 0.2 10
3.47479e+06 0.2025 10
3.58451e+06 0.205 10
3.07125e+06 0.2075 10
2.06566e+06 0.21 10
1.15936e+06 0.2125 10
585856 0.215 10
530629 0.2175 10
985105 0.22 10
1.43e+06 0.2225 10
1.68591e+06 0.225 10
1.66549e+06 0.2275 10
1.43222e+06 0.23 10
1.21815e+06 0.2325 10
1.19039e+06 0.235 10
1.21756e+06 0.2375 10
1.4774e+06 0.24 10
1.8119e+06 0.2425 10
1.96067e+06 0.245 10
1.93125e+06 0.2475 10
1.78258e+06 0.25 10
1.52077e+06 0.2525 10
1.21557e+06 0.255 10
974977 0.2575 10
793604 0.26 10
726627 0.2625 10
721402 0.265 10
684372 0.2675 10
768914 0.27 10
766574 0.2725 10
752563 0.275 10
745979 0.2775 10
721845 0.28 10
705098 0.2825 10
707873 0.285 10
708909 0.2875 10
0 0.01 11
0 0.0125 11
0 0.015 11
0 0.0175 11
0 0.02 11
0 0.0225 11
0 0.025 11
0 0.0275 11
0 0.03 11
4359.25 0.0325 11
10483.7 0.035 11
97099.3 0.0375 11
132181 0.04 11
240835 0.0425 11
355566 0.045 11
554568 0.0475 11
906926 0.05 11
1.17824e+06 0.0525 11
1.35422e+06 0.055 11
1.50236e+06 0.0575 11
1.39207e+06 0.06 11
1.18385e+06 0.0625 11
995479 0.065 11
794657 0.0675 11
595672 0.07 11
513766 0.0725 11
590022 0.075 11
846613 0.0775 11
1.00825e+06 0.08 11
1.27729e+06 0.0825 11
1.43063e+06 0.085 11
1.57396e+06 0.0875 11
1.62211e+06 0.09 11
1.55814e+06 0.0925 11
1.66707e+06 0.095 11
1.70449e+06 0.0975 11
1.88305e+06 0.1 11
2.30704e+06 0.1025 11
2.83319e+06 0.105 11
3.58948e+06 0.1075 11
4.55289e+06 0.11 11
5.33505e+06 0.1125 11
6.18585e+06 0.115 11
6.78644e+06 0.1175 11
6.94894e+06 0.12 11
6.4643e+06 0.1225 11
5.61532e+06 0.125 11
4.75416e+06 0.1275 11
3.70874e+06 0.13 11
2.68485e+06 0.1325 11
2.16692e+06 0.135 11
1.94582e+06 0.1375 11
1.98132e+06 0.14 11
2.05738e+06 0.1425 11
2.2443e+06 0.145 11
2.3676e+06 0.1475 11
2.32758e+06 0.15 11
2.0958e+06 0.1525 11
1.74451e+06 0.155 11
1.51504e+06 0.1575 11
1.14462e+06 0.16 11
861725 0.1625 11
535864 0.165 11
216213 0.1675 11
131637 0.17 11
205970 0.1725 11
400791 0.175 11
641155 0.1775 11
742641 0.18 11
765629 0.1825 11
687256 0.185 11
612923 0.1875 11
543790 0.19 11
503059 0.1925 11
631893 0.195 11
784369 0.1975 11
949749 0.2 11
1.05802e+06 0.2025 11
1.27755e+06 0.205 11
1.34034e+06 0.2075 11
1.3789e+06 0.21 11
1.1673e+06 0.2125 11
1.13781e+06 0.215 11
937540 0.2175 11
756866 0.22 11
541557 0.2225 11
467470 0.225 11
473969 0.2275 11
684530 0.23 11
970247 0.2325 11
1.28602e+06 0.235 11
1.47906e+06 0.2375 11
1.51373e+06 0.24 11
1.28851e+06 0.2425 11
1.05498e+06 0.245 11
759456 0.2475 11
576102 0.25 11
509914 0.2525 11
532488 0.255 11
630463 0.2575 11
730182 0.26 11
845308 0.2625 11
889891 0.265 11
902047 0.2675 11
860577 0.27 11
792108 0.2725 11
727977 0.275 11
611619 0.2775 11
467663 0.28 11
384547 0.2825 11
0 0.01 12
0 0.0125 12
0 0.015 12
0 0.0175 12
0 0.02 12
0 0.0225 12
0 0.025 12
0 0.0275 12
0 0.03 12
0 0.0325 12
0 0.035 12
0 0.0375 12
0 0.04 12
0 0.0425 12
0 0.045 12
0 0.0475 12
14218.3 0.05 12
3010.07 0.0525 12
16215.7 0.055 12
38969.1 0.0575 12
102866 0.06 12
249276 0.0625 12
349255 0.065 12
455534 0.0675 12
970446 0.07 12
1.41876e+06 0.0725 12
1.76682e+06 0.075 12
2.22283e+06 0.0775 12
3.0561e+06 0.08 12
3.55436e+06 0.0825 12
4.63202e+06 0.085 12
4.88119e+06 0.0875 12
5.00723e+06 0.09 12
5.07717e+06 0.0925 12
5.15044e+06 0.095 12
4.6029e+06 0.0975 12
4.22372e+06 0.1 12
4.58195e+06 0.1025 12
4.69989e+06 0.105 12
5.10641e+06 0.1075 12
5.25082e+06 0.11 12
5.62167e+06 0.1125 12
5.35257e+06 0.115 12
4.79604e+06 0.1175 12
3.78967e+06 0.12 12
3.06054e+06 0.1225 12
1.65889e+06 0.125 12
916032 0.1275 12
718274 0.13 12
1.29203e+06 0.1325 12
2.28147e+06 0.135 12
3.5015e+06 0.1375 12
4.6366e+06 0.14 12
5.33068e+06 0.1425 12
5.66808e+06 0.145 12
5.4822e+06 0.1475 12
4.93097e+06 0.15 12
4.31323e+06 0.1525 12
3.62258e+06 0.155 12
3.06305e+06 0.1575 12
2.6243e+06 0.16 12
2.21978e+06 0.1625 12
1.64094e+06 0.165 12
1.14567e+06 0.1675 12
754478 0.17 12
478675 0.1725 12
352015 0.175 12
331543 0.1775 12
400130 0.18 12
477669 0.1825 12
502750 0.185 12
490697 0.1875 12
450917 0.19 12
429584 0.1925 12
401688 0.195 12
364161 0.1975 12
444992 0.2 12
545578 0.2025 12
682395 0.205 12
924826 0.2075 12
1.2467e+06 0.21 12
1.48077e+06 0.2125 12
1.57895e+06 0.215 12
1.50601e+06 0.2175 12
1.27376e+06 0.22 12
927489 0.2225 12
632951 0.225 12
639805 0.2275 12
1.04404e+06 0.23 12
1.67933e+06 0.2325 12
2.2969e+06 0.235 12
2.71087e+06 0.2375 12
2.77042e+06 0.24 12
2.47671e+06 0.2425 12
1.88822e+06 0.245 12
1.31166e+06 0.2475 12
835387 0.25 12
670282 0.2525 12
664085 0.255 12
837760 0.2575 12
973875 0.26 12
1.11146e+06 0.2625 12
1.18548e+06 0.265 12
1.17632e+06 0.2675 12
1.15574e+06 0.27 12
1.08854e+06 0.2725 12
963678 0.275 12
0 0.01 13
0 0.0125 13
0 0.015 13
0 0.0175 13
0 0.02 13
0 0.0225 13
0 0.025 13
0 0.0275 13
0 0.03 13
0 0.0325 13
0 0.035 13
0 0.0375 13
0 0.04 13
0 0.0425 13
0 0.045 13
0 0.0475 13
16893.4 0.05 13
113171 0.0525 13
258920 0.055 13
398765 0.0575 13
370451 0.06 13
419995 0.0625 13
586253 0.065 13
855275 0.0675 13
975185 0.07 13
1.19834e+06 0.0725 13
971645 0.075 13
774067 0.0775 13
560493 0.08 13
358127 0.0825 13
278682 0.085 13
367883 0.0875 13
743671 0.09 13
1.10538e+06 0.0925 13
1.63287e+06 0.095 13
1.81711e+06 0.0975 13
1.89797e+06 0.1 13
1.79717e+06 0.1025 13
1.80285e+06 0.105 13
1.66494e+06 0.1075 13
1.78571e+06 0.11 13
1.72144e+06 0.1125 13
1.32698e+06 0.115 13
903667 0.1175 13
474816 0.12 13
291558 0.1225 13
605320 0.125 13
1.63956e+06 0.1275 13
3.17543e+06 0.13 13
4.86968e+06 0.1325 13
6.41307e+06 0.135 13
7.08704e+06 0.1375 13
7.05879e+06 0.14 13
6.30297e+06 0.1425 13
5.47808e+06 0.145 13
5.06034e+06 0.1475 13
5.29268e+06 0.15 13
5.97033e+06 0.1525 13
7.33003e+06 0.155 13
8.28131e+06 0.1575 13
8.33696e+06 0.16 13
7.61137e+06 0.1625 13
6.04616e+06 0.165 13
4.00758e+06 0.1675 13
2.24082e+06 0.17 13
1.10392e+06 0.1725 13
761151 0.175 13
1.08593e+06 0.1775 13
1.63143e+06 0.18 13
2.04868e+06 0.1825 13
2.1105e+06 0.185 13
1.79373e+06 0.1875 13
1.35229e+06 0.19 13
1.01871e+06 0.1925 13
893394 0.195 13
1.02469e+06 0.1975 13
1.18126e+06 0.2 13
1.26696e+06 0.2025 13
1.26989e+06 0.205 13
1.18997e+06 0.2075 13
1.10882e+06 0.21 13
1.07521e+06 0.2125 13
1.09796e+06 0.215 13
1.07282e+06 0.2175 13
1.01496e+06 0.22 13
850858 0.2225 13
647578 0.225 13
463675 0.2275 13
456632 0.23 13
643705 0.2325 13
979972 0.235 13
1.32612e+06 0.2375 13
1.66478e+06 0.24 13
1.78319e+06 0.2425 13
1.73739e+06 0.245 13
1.55645e+06 0.2475 13
1.31821e+06 0.25 13
1.15447e+06 0.2525 13
1.14025e+06 0.255 13
1.14823e+06 0.2575 13
1.18859e+06 0.26 13
1.13392e+06 0.2625 13
1.00693e+06 0.265 13
828161 0.2675 13
0 0.02 14
0 0.0225 14
0 0.025 14
0 0.0275 14
0 0.03 14
1398.63 0.0325 14
3388.75 0.035 14
83803.3 0.0375 14
259581 0.04 14
480534 0.0425 14
907964 0.045 14
999576 0.0475 14
1.29758e+06 0.05 14
1.59291e+06 0.0525 14
1.98006e+06 0.055 14
2.07622e+06 0.0575 14
2.10383e+06 0.06 14
1.7982e+06 0.0625 14
1.60432e+06 0.065 14
1.27068e+06 0.0675 14
1.4524e+06 0.07 14
2.03779e+06 0.0725 14
2.83089e+06 0.075 14
3.94207e+06 0.0775 14
5.08962e+06 0.08 14
6.48541e+06 0.0825 14
7.72904e+06 0.085 14
8.14379e+06 0.0875 14
8.61278e+06 0.09 14
9.12302e+06 0.0925 14
9.82799e+06 0.095 14
1.02196e+07 0.0975 14
1.04253e+07 0.1 14
1.01128e+07 0.1025 14
9.22767e+06 0.105 14
7.73446e+06 0.1075 14
5.93617e+06 0.11 14
4.22435e+06 0.1125 14
2.75658e+06 0.115 14
1.65999e+06 0.1175 14
994361 0.12 14
685092 0.1225 14
644378 0.125 14
497157 0.1275 14
358246 0.13 14
342486 0.1325 14
225551 0.135 14
171382 0.1375 14
160450 0.14 14
204837 0.1425 14
309598 0.145 14
504486 0.1475 14
708000 0.15 14
1.00827e+06 0.1525 14
1.51931e+06 0.155 14
1.98075e+06 0.1575 14
2.34624e+06 0.16 14
2.46086e+06 0.1625 14
2.29409e+06 0.165 14
1.75414e+06 0.1675 14
1.19506e+06 0.17 14
723228 0.1725 14
530184 0.175 14
691891 0.1775 14
1.18711e+06 0.18 14
1.87383e+06 0.1825 14
2.52578e+06 0.185 14
3.00603e+06 0.1875 14
3.24007e+06 0.19 14
3.26913e+06 0.1925 14
3.13085e+06 0.195 14
2.84256e+06 0.1975 14
2.32422e+06 0.2 14
2.08924e+06 0.2025 14
1.51374e+06 0.205 14
1.28227e+06 0.2075 14
1.13537e+06 0.21 14
1.00633e+06 0.2125 14
863164 0.215 14
684865 0.2175 14
482554 0.22 14
297667 0.2225 14
180668 0.225 14
220128 0.2275 14
427560 0.23 14
762715 0.2325 14
1.14851e+06 0.235 14
1.59066e+06 0.2375 14
1.8746e+06 0.24 14
1.9486e+06 0.2425 14
1.8734e+06 0.245 14
1.64829e+06 0.2475 14
1.2757e+06 0.25 14
892858 0.2525 14
565372 0.255 14
400880 0.2575 14
0 0.0125 15
0 0.015 15
26900 0.0175 15
64068.4 0.02 15
225341 0.0225 15
813781 0.025 15
1.66159e+06 0.0275 15
3.14137e+06 0.03 15
5.24094e+06 0.0325 15
7.80709e+06 0.035 15
1.0493e+07 0.0375 15
1.29259e+07 0.04 15
1.45115e+07 0.0425 15
1.50245e+07 0.045 15
1.4842e+07 0.0475 15
1.37244e+07 0.05 15
1.19772e+07 0.0525 15
9.50141e+06 0.055 15
7.08694e+06 0.0575 15
4.98491e+06 0.06 15
3.37516e+06 0.0625 15
2.29811e+06 0.065 15
1.68093e+06 0.0675 15
1.38403e+06 0.07 15
1.25125e+06 0.0725 15
1.15161e+06 0.075 15
1.0055e+06 0.0775 15
792321 0.08 15
539919 0.0825 15
300677 0.085 15
123191 0.0875 15
30691.1 0.09 15
14696.2 0.0925 15
45075.3 0.095 15
95749.3 0.0975 15
157103 0.1 15
232870 0.1025 15
325164 0.105 15
408210 0.1075 15
446869 0.11 15
668505 0.1125 15
835489 0.115 15
844560 0.1175 15
952844 0.12 15
1.06108e+06 0.1225 15
1.12521e+06 0.125 15
1.0514e+06 0.1275 15
1.02666e+06 0.13 15
813003 0.1325 15
657317 0.135 15
443274 0.1375 15
404010 0.14 15
376240 0.1425 15
439475 0.145 15
504544 0.1475 15
586606 0.15 15
567940 0.1525 15
517462 0.155 15
475033 0.1575 15
543892 0.16 15
719161 0.1625 15
894273 0.165 15
1.10929e+06 0.1675 15
1.17743e+06 0.17 15
1.29532e+06 0.1725 15
1.36632e+06 0.175 15
1.50948e+06 0.1775 15
1.68406e+06 0.18 15
2.07082e+06 0.1825 15
2.22937e+06 0.185 15
2.3199e+06 0.1875 15
2.04743e+06 0.19 15
1.62672e+06 0.1925 15
1.11166e+06 0.195 15
652506 0.1975 15
334992 0.2 15
329097 0.2025 15
574757 0.205 15
808962 0.2075 15
1.02328e+06 0.21 15
1.1858e+06 0.2125 15
1.12274e+06 0.215 15
1.07517e+06 0.2175 15
927217 0.22 15
763332 0.2225 15
549264 0.225 15
440518 0.2275 15
252511 0.23 15
139364 0.2325 15
62759.4 0.235 15
40957.6 0.2375 15
98505.3 0.24 15
259043 0.2425 15
480720 0.245 15
774992 0.2475 15
3077.78 0.0025 16
44916.9 0.005 16
194875 0.0075 16
495212 0.01 16
910406 0.0125 16
1.32904e+06 0.015 16
1.61948e+06 0.0175 16
1.70189e+06 0.02 16
1.58865e+06 0.0225 16
1.37025e+06 0.025 16
1.16349e+06 0.0275 16
1.06358e+06 0.03 16
1.13113e+06 0.0325 16
1.41016e+06 0.035 16
1.94225e+06 0.0375 16
2.74371e+06 0.04 16
3.74804e+06 0.0425 16
4.75899e+06 0.045 16
5.47254e+06 0.0475 16
5.59108e+06 0.05 16
4.987e+06 0.0525 16
3.82149e+06 0.055 16
2.52865e+06 0.0575 16
1.64357e+06 0.06 16
1.5486e+06 0.0625 16
2.27397e+06 0.065 16
3.47252e+06 0.0675 16
4.59603e+06 0.07 16
5.18355e+06 0.0725 16
5.10235e+06 0.075 16
4.60372e+06 0.0775 16
4.16044e+06 0.08 16
4.17855e+06 0.0825 16
4.74943e+06 0.085 16
5.58442e+06 0.0875 16
6.16908e+06 0.09 16
6.04882e+06 0.0925 16
5.08558e+06 0.095 16
3.54554e+06 0.0975 16
1.97487e+06 0.1 16
936168 0.1025 16
747342 0.105 16
1.3531e+06 0.1075 16
2.38025e+06 0.11 16
3.33556e+06 0.1125 16
3.81384e+06 0.115 16
3.6689e+06 0.1175 16
2.98981e+06 0.12 16
2.05357e+06 0.1225 16
1.1774e+06 0.125 16
543239 0.1275 16
186161 0.13 16
144493 0.1325 16
176703 0.135 16
290621 0.1375 16
437597 0.14 16
456873 0.1425 16
442267 0.145 16
425798 0.1475 16
421067 0.15 16
476411 0.1525 16
512742 0.155 16
493575 0.1575 16
592619 0.16 16
644437 0.1625 16
668285 0.165 16
715610 0.1675 16
646200 0.17 16
551650 0.1725 16
517493 0.175 16
486311 0.1775 16
467857 0.18 16
419209 0.1825 16
415149 0.185 16
310292 0.1875 16
251384 0.19 16
149866 0.1925 16
114908 0.195 16
149042 0.1975 16
191075 0.2 16
235739 0.2025 16
290960 0.205 16
285138 0.2075 16
279404 0.21 16
222657 0.2125 16
191508 0.215 16
175989 0.2175 16
228280 0.22 16
319858 0.2225 16
445926 0.225 16
599784 0.2275 16
689341 0.23 16
695160 0.2325 16
646085 0.235 16
522411 0.2375 16
323814 0.0025 17
1.20061e+06 0.005 17
2.3882e+06 0.0075 17
3.598e+06 0.01 17
4.59894e+06 0.0125 17
5.27222e+06 0.015 17
5.60052e+06 0.0175 17
5.61722e+06 0.02 17
5.35979e+06 0.0225 17
4.85759e+06 0.025 17
4.15145e+06 0.0275 17
3.31718e+06 0.03 17
2.46492e+06 0.0325 17
1.70929e+06 0.035 17
1.13076e+06 0.0375 17
755871 0.04 17
568184 0.0425 17
536570 0.045 17
634763 0.0475 17
836192 0.05 17
1.09301e+06 0.0525 17
1.32646e+06 0.055 17
1.45044e+06 0.0575 17
1.42306e+06 0.06 17
1.29266e+06 0.0625 17
1.19834e+06 0.065 17
1.30984e+06 0.0675 17
1.73218e+06 0.07 17
2.4297e+06 0.0725 17
3.21877e+06 0.075 17
3.84075e+06 0.0775 17
4.07877e+06 0.08 17
3.85565e+06 0.0825 17
3.26147e+06 0.085 17
2.50104e+06 0.0875 17
1.79546e+06 0.09 17
1.29281e+06 0.0925 17
1.02957e+06 0.095 17
950579 0.0975 17
963092 0.1 17
989956 0.1025 17
997736 0.105 17
996624 0.1075 17
1.02322e+06 0.11 17
1.11874e+06 0.1125 17
1.30857e+06 0.115 17
1.5851e+06 0.1175 17
1.89597e+06 0.12 17
2.14369e+06 0.1225 17
2.2223e+06 0.125 17
2.066e+06 0.1275 17
1.69769e+06 0.13 17
1.23016e+06 0.1325 17
863663 0.135 17
678487 0.1375 17
900940 0.14 17
1.41117e+06 0.1425 17
1.91466e+06 0.145 17
2.40373e+06 0.1475 17
2.73617e+06 0.15 17
2.77332e+06 0.1525 17
2.51694e+06 0.155 17
2.20761e+06 0.1575 17
1.87522e+06 0.16 17
1.53169e+06 0.1625 17
1.49769e+06 0.165 17
1.49427e+06 0.1675 17
1.50751e+06 0.17 17
1.56185e+06 0.1725 17
1.63857e+06 0.175 17
1.75508e+06 0.1775 17
1.81864e+06 0.18 17
1.76061e+06 0.1825 17
1.63017e+06 0.185 17
1.4852e+06 0.1875 17
1.19796e+06 0.19 17
904065 0.1925 17
729611 0.195 17
592100 0.1975 17
550661 0.2 17
553436 0.2025 17
530993 0.205 17
464244 0.2075 17
433348 0.21 17
320739 0.2125 17
250663 0.215 17
180688 0.2175 17
134460 0.22 17
105754 0.2225 17
83014.2 0.225 17
0 0.0025 18
0 0.005 18
0 0.0075 18
0 0.01 18
5218.46 0.0125 18
10429.6 0.015 18
12112.4 0.0175 18
52702.9 0.02 18
114745 0.0225 18
175853 0.025 18
190306 0.0275 18
180397 0.03 18
163280 0.0325 18
126418 0.035 18
106432 0.0375 18
104892 0.04 18
124313 0.0425 18
157954 0.045 18
196325 0.0475 18
235034 0.05 18
276891 0.0525 18
326160 0.055 18
379914 0.0575 18
425291 0.06 18
448023 0.0625 18
448649 0.065 18
454732 0.0675 18
517064 0.07 18
686939 0.0725 18
984693 0.075 18
1.37775e+06 0.0775 18
1.78308e+06 0.08 18
2.09575e+06 0.0825 18
2.2301e+06 0.085 18
2.15348e+06 0.0875 18
1.89716e+06 0.09 18
1.54218e+06 0.0925 18
1.1898e+06 0.095 18
929838 0.0975 18
816463 0.1 18
854799 0.1025 18
996508 0.105 18
1.15021e+06 0.1075 18
1.21162e+06 0.11 18
1.102e+06 0.1125 18
830682 0.115 18
488879 0.1175 18
204288 0.12 18
235211 0.1225 18
616191 0.125 18
1.36692e+06 0.1275 18
2.20188e+06 0.13 18
2.85172e+06 0.1325 18
3.22492e+06 0.135 18
3.12337e+06 0.1375 18
2.58952e+06 0.14 18
1.90869e+06 0.1425 18
1.22474e+06 0.145 18
790120 0.1475 18
518137 0.15 18
514845 0.1525 18
533786 0.155 18
523347 0.1575 18
482053 0.16 18
353186 0.1625 18
226943 0.165 18
170674 0.1675 18
164952 0.17 18
251416 0.1725 18
288313 0.175 18
306279 0.1775 18
417469 0.18 18
460831 0.1825 18
470239 0.185 18
530281 0.1875 18
565465 0.19 18
596743 0.1925 18
554970 0.195 18
558487 0.1975 18
495998 0.2 18
439579 0.2025 18
337609 0.205 18
227115 0.2075 18
191867 0.21 18
218545 0.2125 18
0 0.0025 19
0 0.005 19
0 0.0075 19
0 0.01 19
0 0.0125 19
0 0.015 19
0 0.0175 19
0 0.02 19
0 0.0225 19
0 0.025 19
9463.31 0.0275 19
8778.95 0.03 19
33863.6 0.0325 19
76951.6 0.035 19
150374 0.0375 19
223791 0.04 19
325701 0.0425 19
410403 0.045 19
485441 0.0475 19
468282 0.05 19
379168 0.0525 19
271525 0.055 19
222972 0.0575 19
103486 0.06 19
48467.5 0.0625 19
41866 0.065 19
58661.2 0.0675 19
121159 0.07 19
193173 0.0725 19
337031 0.075 19
476310 0.0775 19
581705 0.08 19
677479 0.0825 19
775407 0.085 19
799519 0.0875 19
759097 0.09 19
690699 0.0925 19
645706 0.095 19
586380 0.0975 19
541035 0.1 19
520142 0.1025 19
495953 0.105 19
444102 0.1075 19
364486 0.11 19
360514 0.1125 19
363581 0.115 19
363678 0.1175 19
324966 0.12 19
296823 0.1225 19
284452 0.125 19
267822 0.1275 19
286325 0.13 19
453585 0.1325 19
591024 0.135 19
745684 0.1375 19
808190 0.14 19
777767 0.1425 19
639673 0.145 19
443621 0.1475 19
273247 0.15 19
152144 0.1525 19
80955.7 0.155 19
47917.2 0.1575 19
27999.2 0.16 19
33451.8 0.1625 19
109844 0.165 19
285988 0.1675 19
548069 0.17 19
787250 0.1725 19
959182 0.175 19
1.07506e+06 0.1775 19
999506 0.18 19
931107 0.1825 19
807417 0.185 19
694104 0.1875 19
651615 0.19 19
641733 0.1925 19
657906 0.195 19
610293 0.1975 19
0 0.0025 20
0 0.005 20
0 0.0075 20
0 0.01 20
0 0.0125 20
0 0.015 20
0 0.0175 20
0 0.02 20
0 0.0225 20
0 0.025 20
0 0.0275 20
0 0.03 20
0 0.0325 20
0 0.035 20
0 0.0375 20
0 0.04 20
265.72 0.0425 20
7236.79 0.045 20
14186.1 0.0475 20
29854.2 0.05 20
68360.5 0.0525 20
30185.2 0.055 20
75041.8 0.0575 20
96663.8 0.06 20
93178.3 0.0625 20
116734 0.065 20
140434 0.0675 20
114864 0.07 20
136111 0.0725 20
84761.3 0.075 20
67024.9 0.0775 20
91112 0.08 20
84980 0.0825 20
123332 0.085 20
173680 0.0875 20
134780 0.09 20
220833 0.0925 20
294579 0.095 20
339066 0.0975 20
318302 0.1 20
341530 0.1025 20
388963 0.105 20
356103 0.1075 20
361934 0.11 20
224272 0.1125 20
171068 0.115 20
110705 0.1175 20
154074 0.12 20
308212 0.1225 20
612674 0.125 20
930273 0.1275 20
1.26255e+06 0.13 20
1.42251e+06 0.1325 20
1.56572e+06 0.135 20
1.53634e+06 0.1375 20
1.34448e+06 0.14 20
1.00909e+06 0.1425 20
664629 0.145 20
378478 0.1475 20
189743 0.15 20
101982 0.1525 20
107108 0.155 20
149462 0.1575 20
190624 0.16 20
214008 0.1625 20
228029 0.165 20
265582 0.1675 20
365693 0.17 20
545661 0.1725 20
770805 0.175 20
1.00334e+06 0.1775 20
0 0.0025 21
0 0.005 21
0 0.0075 21
0 0.01 21
0 0.0125 21
0 0.015 21
0 0.0175 21
0 0.02 21
0 0.0225 21
0 0.025 21
0 0.0275 21
0 0.03 21
0 0.0325 21
0 0.035 21
0 0.0375 21
0 0.04 21
0 0.0425 21
0 0.045 21
0 0.0475 21
0 0.05 21
0 0.0525 21
1384.51 0.055 21
12735 0.0575 21
10310.1 0.06 21
31479.4 0.0625 21
78075 0.065 21
201043 0.0675 21
254732 0.07 21
312940 0.0725 21
470668 0.075 21
576453 0.0775 21
629312 0.08 21
688706 0.0825 21
725411 0.085 21
712339 0.0875 21
576267 0.09 21
385514 0.0925 21
285570 0.095 21
162206 0.0975 21
145251 0.1 21
193918 0.1025 21
366471 0.105 21
598327 0.1075 21
778319 0.11 21
991225 0.1125 21
1.11423e+06 0.115 21
1.12533e+06 0.1175 21
1.07122e+06 0.12 21
900984 0.1225 21
695837 0.125 21
464265 0.1275 21
245165 0.13 21
139923 0.1325 21
106085 0.135 21
188974 0.1375 21
381644 0.14 21
599453 0.1425 21
839027 0.145 21
1.01522e+06 0.1475 21
1.08057e+06 0.15 21
1.05252e+06 0.1525 21
967933 0.155 21
802281 0.1575 21
646341 0.16 21
0 0.0025 22
0 0.005 22
0 0.0075 22
0 0.01 22
0 0.0125 22
0 0.015 22
0 0.0175 22
0 0.02 22
0 0.0225 22
0 0.025 22
0 0.0275 22
0 0.03 22
0 0.0325 22
0 0.035 22
845.758 0.0375 22
2441.27 0.04 22
248.733 0.0425 22
14007.5 0.045 22
65344.7 0.0475 22
101864 0.05 22
174744 0.0525 22
249168 0.055 22
372861 0.0575 22
402906 0.06 22
486673 0.0625 22
591278 0.065 22
548560 0.0675 22
450988 0.07 22
375081 0.0725 22
220698 0.075 22
133197 0.0775 22
64094.9 0.08 22
54880.3 0.0825 22
98969.7 0.085 22
200991 0.0875 22
351347 0.09 22
535188 0.0925 22
667166 0.095 22
726127 0.0975 22
783561 0.1 22
650982 0.1025 22
605376 0.105 22
527823 0.1075 22
433222 0.11 22
379270 0.1125 22
329675 0.115 22
277770 0.1175 22
209132 0.12 22
145693 0.1225 22
108709 0.125 22
96202.6 0.1275 22
145809 0.13 22
247326 0.1325 22
368963 0.135 22
553518 0.1375 22
0 0.0025 23
0 0.005 23
0 0.0075 23
0 0.01 23
0 0.0125 23
0 0.015 23
0 0.0175 23
0 0.02 23
303.126 0.0225 23
748.099 0.025 23
10066.9 0.0275 23
45815.6 0.03 23
142041 0.0325 23
293413 0.035 23
476627 0.0375 23
707701 0.04 23
1.09383e+06 0.0425 23
1.43205e+06 0.045 23
1.87459e+06 0.0475 23
2.18216e+06 0.05 23
2.22264e+06 0.0525 23
2.18263e+06 0.055 23
1.88218e+06 0.0575 23
1.49368e+06 0.06 23
1.04421e+06 0.0625 23
601639 0.065 23
343576 0.0675 23
203898 0.07 23
222605 0.0725 23
366221 0.075 23
536438 0.0775 23
649485 0.08 23
652881 0.0825 23
543206 0.085 23
363650 0.0875 23
182543 0.09 23
62913.5 0.0925 23
36981.8 0.095 23
91377.3 0.0975 23
173398 0.1 23
