3.28812e+07 0.085 0
1.98415e+07 0.0875 0
7.30866e+06 0.09 0
636808 0.0925 0
892262 0.095 0
5.1072e+06 0.0975 0
8.86097e+06 0.1 0
9.22912e+06 0.1025 0
6.24971e+06 0.105 0
2.28808e+06 0.1075 0
81374.6 0.11 0
911580 0.1125 0
4.00768e+06 0.115 0
7.31567e+06 0.1175 0
8.91194e+06 0.12 0
8.08819e+06 0.1225 0
5.52254e+06 0.125 0
2.63374e+06 0.1275 0
641583 0.13 0
72226.1 0.1325 0
550431 0.135 0
1.35377e+06 0.1375 0
2.00122e+06 0.14 0
2.37056e+06 0.1425 0
2.28805e+06 0.145 0
2.09469e+06 0.1475 0
2.03455e+06 0.15 0
1.52347e+06 0.1525 0
1.59083e+06 0.155 0
1.78083e+06 0.1575 0
2.01314e+06 0.16 0
2.01728e+06 0.1625 0
2.04419e+06 0.165 0
2.30356e+06 0.1675 0
2.17172e+06 0.17 0
2.10753e+06 0.1725 0
1.62812e+06 0.175 0
1.0645e+06 0.1775 0
500576 0.18 0
206012 0.1825 0
95568.5 0.185 0
321635 0.1875 0
609863 0.19 0
1.04013e+06 0.1925 0
1.38133e+06 0.195 0
1.68452e+06 0.1975 0
1.83684e+06 0.2 0
1.81115e+06 0.2025 0
1.77806e+06 0.205 0
1.76597e+06 0.2075 0
1.78217e+06 0.21 0
2.02623e+06 0.2125 0
2.15655e+06 0.215 0
2.4562e+06 0.2175 0
2.48435e+06 0.22 0
2.56368e+06 0.2225 0
2.3754e+06 0.225 0
1.98152e+06 0.2275 0
1.53188e+06 0.23 0
1.00967e+06 0.2325 0
779572 0.235 0
670626 0.2375 0
679748 0.24 0
807111 0.2425 0
1.04423e+06 0.245 0
1.18759e+06 0.2475 0
1.08606e+06 0.25 0
788153 0.2525 0
411574 0.255 0
186442 0.2575 0
24429.3 0.26 0
38783.7 0.2625 0
220730 0.265 0
472920 0.2675 0
667426 0.27 0
774011 0.2725 0
680837 0.275 0
543384 0.2775 0
352240 0.28 0
180046 0.2825 0
176718 0.285 0
394832 0.2875 0
751745 0.29 0
1.14904e+06 0.2925 0
1.47716e+06 0.295 0
1.75125e+06 0.2975 0
1.85165e+06 0.3 0
1.83856e+06 0.3025 0
1.7002e+06 0.305 0
1.605e+06 0.3075 0
1.41316e+06 0.31 0
1.35816e+06 0.3125 0
1.18998e+06 0.315 0
5.51186e+06 0.0825 1
5.23203e+06 0.085 1
4.49388e+06 0.0875 1
3.72458e+06 0.09 1
2.724e+06 0.0925 1
1.98415e+06 0.095 1
1.97836e+06 0.0975 1
2.56799e+06 0.1 1
3.72858e+06 0.1025 1
5.45633e+06 0.105 1
7.38611e+06 0.1075 1
8.4322e+06 0.11 1
9.873e+06 0.1125 1
9.38652e+06 0.115 1
8.69681e+06 0.1175 1
7.34945e+06 0.12 1
5.85209e+06 0.1225 1
4.46484e+06 0.125 1
3.46713e+06 0.1275 1
2.82153e+06 0.13 1
2.64589e+06 0.1325 1
2.60014e+06 0.135 1
2.42733e+06 0.1375 1
2.1099e+06 0.14 1
1.78787e+06 0.1425 1
1.3748e+06 0.145 1
1.22835e+06 0.1475 1
1.44145e+06 0.15 1
2.17e+06 0.1525 1
3.24992e+06 0.155 1
4.40136e+06 0.1575 1
5.19505e+06 0.16 1
5.48257e+06 0.1625 1
5.17856e+06 0.165 1
4.3848e+06 0.1675 1
3.31592e+06 0.17 1
2.18756e+06 0.1725 1
1.23475e+06 0.175 1
605298 0.1775 1
378265 0.18 1
457483 0.1825 1
695091 0.185 1
1.00535e+06 0.1875 1
1.34771e+06 0.19 1
1.65371e+06 0.1925 1
1.89148e+06 0.195 1
2.01169e+06 0.1975 1
1.99558e+06 0.2 1
1.86415e+06 0.2025 1
1.58365e+06 0.205 1
1.23606e+06 0.2075 1
883131 0.21 1
595366 0.2125 1
438687 0.215 1
444011 0.2175 1
553244 0.22 1
709520 0.2225 1
837912 0.225 1
941869 0.2275 1
922693 0.23 1
861356 0.2325 1
759609 0.235 1
627330 0.2375 1
497436 0.24 1
423589 0.2425 1
384444 0.245 1
404251 0.2475 1
480158 0.25 1
517525 0.2525 1
551956 0.255 1
634623 0.2575 1
661102 0.26 1
615570 0.2625 1
620886 0.265 1
638445 0.2675 1
616270 0.27 1
643706 0.2725 1
650943 0.275 1
662727 0.2775 1
751542 0.28 1
775517 0.2825 1
838431 0.285 1
924352 0.2875 1
1.03643e+06 0.29 1
1.0845e+06 0.2925 1
1.118e+06 0.295 1
1.12427e+06 0.2975 1
995327 0.3 1
806224 0.3025 1
595107 0.305 1
405176 0.3075 1
266704 0.31 1
211594 0.3125 1
240123 0.315 1
2.62571e+07 0.08 2
2.56544e+07 0.0825 2
2.40466e+07 0.085 2
2.10536e+07 0.0875 2
1.76687e+07 0.09 2
1.53287e+07 0.0925 2
1.47691e+07 0.095 2
1.54705e+07 0.0975 2
1.6026e+07 0.1 2
1.51115e+07 0.1025 2
1.23583e+07 0.105 2
8.55072e+06 0.1075 2
5.06887e+06 0.11 2
3.00177e+06 0.1125 2
2.53563e+06 0.115 2
2.98221e+06 0.1175 2
3.3497e+06 0.12 2
3.02889e+06 0.1225 2
2.12967e+06 0.125 2
1.33778e+06 0.1275 2
1.29497e+06 0.13 2
2.1383e+06 0.1325 2
3.3764e+06 0.135 2
4.4309e+06 0.1375 2
4.95324e+06 0.14 2
4.43525e+06 0.1425 2
3.72985e+06 0.145 2
2.87803e+06 0.1475 2
3.1034e+06 0.15 2
3.54572e+06 0.1525 2
4.11515e+06 0.155 2
4.68484e+06 0.1575 2
5.00837e+06 0.16 2
4.4276e+06 0.1625 2
3.64864e+06 0.165 2
2.73639e+06 0.1675 2
1.79219e+06 0.17 2
948310 0.1725 2
432418 0.175 2
156630 0.1775 2
209643 0.18 2
500857 0.1825 2
1.06603e+06 0.185 2
1.67183e+06 0.1875 2
2.11252e+06 0.19 2
2.46626e+06 0.1925 2
2.95903e+06 0.195 2
2.83624e+06 0.1975 2
2.47338e+06 0.2 2
2.02099e+06 0.2025 2
1.60421e+06 0.205 2
1.10395e+06 0.2075 2
668423 0.21 2
306572 0.2125 2
193946 0.215 2
349654 0.2175 2
609425 0.22 2
989771 0.2225 2
1.30259e+06 0.225 2
1.57235e+06 0.2275 2
1.72378e+06 0.23 2
1.73055e+06 0.2325 2
1.56391e+06 0.235 2
1.31437e+06 0.2375 2
1.11965e+06 0.24 2
915438 0.2425 2
755975 0.245 2
670025 0.2475 2
561835 0.25 2
510650 0.2525 2
412154 0.255 2
381674 0.2575 2
348934 0.26 2
366240 0.2625 2
418699 0.265 2
451787 0.2675 2
498234 0.27 2
595267 0.2725 2
573795 0.275 2
520359 0.2775 2
450723 0.28 2
338175 0.2825 2
250242 0.285 2
203523 0.2875 2
208688 0.29 2
279191 0.2925 2
412551 0.295 2
559349 0.2975 2
698470 0.3 2
787878 0.3025 2
836391 0.305 2
920499 0.3075 2
911419 0.31 2
962043 0.3125 2
1.0416e+06 0.315 2
1.73352e+06 0.0725 3
3.02268e+06 0.075 3
4.68363e+06 0.0775 3
7.053e+06 0.08 3
9.84891e+06 0.0825 3
1.48168e+07 0.085 3
1.91401e+07 0.0875 3
2.46655e+07 0.09 3
3.03822e+07 0.0925 3
3.29229e+07 0.095 3
3.41757e+07 0.0975 3
3.48783e+07 0.1 3
3.29926e+07 0.1025 3
3.00117e+07 0.105 3
2.57708e+07 0.1075 3
2.10102e+07 0.11 3
1.64588e+07 0.1125 3
1.25716e+07 0.115 3
8.88121e+06 0.1175 3
6.45684e+06 0.12 3
5.08363e+06 0.1225 3
4.17377e+06 0.125 3
3.23552e+06 0.1275 3
2.4799e+06 0.13 3
1.90583e+06 0.1325 3
1.85204e+06 0.135 3
2.35164e+06 0.1375 3
3.00087e+06 0.14 3
3.91682e+06 0.1425 3
4.56912e+06 0.145 3
4.83954e+06 0.1475 3
4.87936e+06 0.15 3
4.62407e+06 0.1525 3
4.27584e+06 0.155 3
4.14147e+06 0.1575 3
4.28022e+06 0.16 3
4.71168e+06 0.1625 3
5.02438e+06 0.165 3
4.96158e+06 0.1675 3
4.40374e+06 0.17 3
3.62909e+06 0.1725 3
2.7113e+06 0.175 3
1.91331e+06 0.1775 3
1.42068e+06 0.18 3
1.24278e+06 0.1825 3
1.3036e+06 0.185 3
1.47283e+06 0.1875 3
1.5751e+06 0.19 3
1.54147e+06 0.1925 3
1.51498e+06 0.195 3
1.521e+06 0.1975 3
1.5093e+06 0.2 3
1.41576e+06 0.2025 3
1.5606e+06 0.205 3
1.55836e+06 0.2075 3
1.45611e+06 0.21 3
1.36271e+06 0.2125 3
1.31144e+06 0.215 3
1.30289e+06 0.2175 3
1.3438e+06 0.22 3
1.39778e+06 0.2225 3
1.40261e+06 0.225 3
1.36508e+06 0.2275 3
1.32826e+06 0.23 3
1.30593e+06 0.2325 3
1.21431e+06 0.235 3
1.2696e+06 0.2375 3
1.38753e+06 0.24 3
1.48175e+06 0.2425 3
1.45595e+06 0.245 3
1.40607e+06 0.2475 3
1.28867e+06 0.25 3
1.14833e+06 0.2525 3
996009 0.255 3
950077 0.2575 3
963100 0.26 3
1.02085e+06 0.2625 3
1.0995e+06 0.265 3
1.19447e+06 0.2675 3
1.27551e+06 0.27 3
1.32058e+06 0.2725 3
1.3423e+06 0.275 3
1.33816e+06 0.2775 3
1.30831e+06 0.28 3
1.22715e+06 0.2825 3
1.13785e+06 0.285 3
1.01279e+06 0.2875 3
843194 0.29 3
691903 0.2925 3
580095 0.295 3
577713 0.2975 3
624046 0.3 3
728123 0.3025 3
843807 0.305 3
843431 0.3075 3
732087 0.31 3
529423 0.3125 3
394035 0.315 3
212702 0.0625 4
27163.8 0.065 4
331637 0.0675 4
822139 0.07 4
1.17891e+06 0.0725 4
1.23645e+06 0.075 4
1.0367e+06 0.0775 4
753743 0.08 4
556335 0.0825 4
503430 0.085 4
532586 0.0875 4
532980 0.09 4
440112 0.0925 4
283024 0.095 4
155679 0.0975 4
140080 0.1 4
240496 0.1025 4
376434 0.105 4
438293 0.1075 4
365719 0.11 4
201330 0.1125 4
54062.2 0.115 4
25137.9 0.1175 4
194940 0.12 4
596803 0.1225 4
972440 0.125 4
1.25334e+06 0.1275 4
1.40149e+06 0.13 4
1.45056e+06 0.1325 4
1.39685e+06 0.135 4
1.77093e+06 0.1375 4
2.28347e+06 0.14 4
2.81411e+06 0.1425 4
3.434e+06 0.145 4
3.61323e+06 0.1475 4
3.60928e+06 0.15 4
3.21581e+06 0.1525 4
2.41262e+06 0.155 4
1.85146e+06 0.1575 4
1.74732e+06 0.16 4
1.73079e+06 0.1625 4
1.87347e+06 0.165 4
1.93175e+06 0.1675 4
1.76317e+06 0.17 4
1.42843e+06 0.1725 4
1.12922e+06 0.175 4
1.01485e+06 0.1775 4
1.07365e+06 0.18 4
1.25213e+06 0.1825 4
1.21466e+06 0.185 4
1.21435e+06 0.1875 4
929886 0.19 4
806313 0.1925 4
783597 0.195 4
947419 0.1975 4
1.22298e+06 0.2 4
1.54711e+06 0.2025 4
1.66817e+06 0.205 4
1.54811e+06 0.2075 4
1.36735e+06 0.21 4
1.15123e+06 0.2125 4
1.22241e+06 0.215 4
1.32799e+06 0.2175 4
1.67732e+06 0.22 4
1.69664e+06 0.2225 4
1.52653e+06 0.225 4
1.26426e+06 0.2275 4
968928 0.23 4
856753 0.2325 4
1.13243e+06 0.235 4
1.41293e+06 0.2375 4
1.69126e+06 0.24 4
1.8543e+06 0.2425 4
1.78937e+06 0.245 4
1.66212e+06 0.2475 4
1.57949e+06 0.25 4
1.44089e+06 0.2525 4
1.31173e+06 0.255 4
1.28542e+06 0.2575 4
1.24642e+06 0.26 4
1.11122e+06 0.2625 4
941573 0.265 4
899441 0.2675 4
930786 0.27 4
1.04997e+06 0.2725 4
1.20292e+06 0.275 4
1.32162e+06 0.2775 4
1.32989e+06 0.28 4
1.24305e+06 0.2825 4
1.03724e+06 0.285 4
850584 0.2875 4
699052 0.29 4
650502 0.2925 4
670941 0.295 4
693367 0.2975 4
649440 0.3 4
563897 0.3025 4
467787 0.305 4
380118 0.3075 4
351209 0.31 4
376725 0.3125 4
16845.4 0.0475 5
23029.5 0.05 5
21888.7 0.0525 5
39905.8 0.055 5
70906.3 0.0575 5
62369.8 0.06 5
59681.7 0.0625 5
88078.3 0.065 5
248381 0.0675 5
447906 0.07 5
707487 0.0725 5
1.00407e+06 0.075 5
1.42598e+06 0.0775 5
2.13962e+06 0.08 5
2.79447e+06 0.0825 5
3.54437e+06 0.085 5
4.05562e+06 0.0875 5
4.14476e+06 0.09 5
4.20988e+06 0.0925 5
4.0803e+06 0.095 5
3.46997e+06 0.0975 5
2.91089e+06 0.1 5
2.34359e+06 0.1025 5
1.56557e+06 0.105 5
1.24785e+06 0.1075 5
1.13704e+06 0.11 5
1.11792e+06 0.1125 5
1.61719e+06 0.115 5
2.38202e+06 0.1175 5
3.33824e+06 0.12 5
4.63628e+06 0.1225 5
5.53615e+06 0.125 5
6.66828e+06 0.1275 5
7.02276e+06 0.13 5
7.47457e+06 0.1325 5
6.99237e+06 0.135 5
6.28777e+06 0.1375 5
5.47972e+06 0.14 5
4.55445e+06 0.1425 5
4.29832e+06 0.145 5
4.2726e+06 0.1475 5
4.31543e+06 0.15 5
4.40565e+06 0.1525 5
4.51318e+06 0.155 5
4.44609e+06 0.1575 5
4.15943e+06 0.16 5
3.80733e+06 0.1625 5
3.36453e+06 0.165 5
2.63459e+06 0.1675 5
2.02271e+06 0.17 5
1.42241e+06 0.1725 5
1.07499e+06 0.175 5
948438 0.1775 5
1.0893e+06 0.18 5
1.4359e+06 0.1825 5
1.89861e+06 0.185 5
2.33924e+06 0.1875 5
2.57231e+06 0.19 5
2.62819e+06 0.1925 5
2.41713e+06 0.195 5
2.08082e+06 0.1975 5
1.67335e+06 0.2 5
1.24403e+06 0.2025 5
898319 0.205 5
643615 0.2075 5
505951 0.21 5
437857 0.2125 5
449844 0.215 5
549873 0.2175 5
785510 0.22 5
913038 0.2225 5
1.10294e+06 0.225 5
1.29703e+06 0.2275 5
1.32955e+06 0.23 5
1.3164e+06 0.2325 5
1.17919e+06 0.235 5
1.02118e+06 0.2375 5
717156 0.24 5
504915 0.2425 5
388583 0.245 5
401444 0.2475 5
586732 0.25 5
837672 0.2525 5
1.10569e+06 0.255 5
1.25899e+06 0.2575 5
1.31689e+06 0.26 5
1.2724e+06 0.2625 5
1.08043e+06 0.265 5
889714 0.2675 5
768455 0.27 5
732368 0.2725 5
769849 0.275 5
822694 0.2775 5
839341 0.28 5
771023 0.2825 5
669603 0.285 5
546165 0.2875 5
474178 0.29 5
415654 0.2925 5
426100 0.295 5
447153 0.2975 5
496103 0.3 5
520329 0.3025 5
478255 0.305 5
434429 0.3075 5
389980 0.31 5
353431 0.0125 6
916893 0.015 6
1.85716e+06 0.0175 6
3.10469e+06 0.02 6
4.51413e+06 0.0225 6
5.81959e+06 0.025 6
6.73749e+06 0.0275 6
7.07535e+06 0.03 6
6.80739e+06 0.0325 6
6.08143e+06 0.035 6
5.15303e+06 0.0375 6
4.27924e+06 0.04 6
3.62307e+06 0.0425 6
3.21213e+06 0.045 6
2.96446e+06 0.0475 6
2.76033e+06 0.05 6
2.51776e+06 0.0525 6
2.23279e+06 0.055 6
1.96847e+06 0.0575 6
1.80536e+06 0.06 6
1.78499e+06 0.0625 6
1.87781e+06 0.065 6
1.9911e+06 0.0675 6
2.01044e+06 0.07 6
1.85272e+06 0.0725 6
1.50525e+06 0.075 6
1.03435e+06 0.0775 6
560897 0.08 6
213485 0.0825 6
77672.2 0.085 6
160494 0.0875 6
384757 0.09 6
617907 0.0925 6
727648 0.095 6
644065 0.0975 6
400991 0.1 6
133238 0.1025 6
22867.3 0.105 6
226185 0.1075 6
741833 0.11 6
1.43594e+06 0.1125 6
2.10117e+06 0.115 6
2.42721e+06 0.1175 6
2.33501e+06 0.12 6
1.84611e+06 0.1225 6
1.14164e+06 0.125 6
521021 0.1275 6
345637 0.13 6
715051 0.1325 6
1.22063e+06 0.135 6
1.72917e+06 0.1375 6
1.89769e+06 0.14 6
1.56799e+06 0.1425 6
1.0022e+06 0.145 6
483275 0.1475 6
364458 0.15 6
888835 0.1525 6
1.92409e+06 0.155 6
2.99379e+06 0.1575 6
3.7621e+06 0.16 6
3.99874e+06 0.1625 6
3.4271e+06 0.165 6
2.54541e+06 0.1675 6
1.68449e+06 0.17 6
1.13442e+06 0.1725 6
1.32273e+06 0.175 6
1.99768e+06 0.1775 6
2.85314e+06 0.18 6
3.54115e+06 0.1825 6
3.60467e+06 0.185 6
3.16891e+06 0.1875 6
2.40022e+06 0.19 6
1.7019e+06 0.1925 6
1.17988e+06 0.195 6
1.01048e+06 0.1975 6
1.08869e+06 0.2 6
1.35676e+06 0.2025 6
1.48966e+06 0.205 6
1.48278e+06 0.2075 6
1.26954e+06 0.21 6
1.05847e+06 0.2125 6
801992 0.215 6
734173 0.2175 6
695876 0.22 6
862659 0.2225 6
1.04024e+06 0.225 6
1.16954e+06 0.2275 6
1.28122e+06 0.23 6
1.356e+06 0.2325 6
1.3808e+06 0.235 6
1.2916e+06 0.2375 6
1.15171e+06 0.24 6
949246 0.2425 6
627875 0.245 6
441381 0.2475 6
360192 0.25 6
400242 0.2525 6
541816 0.255 6
729190 0.2575 6
854834 0.26 6
961802 0.2625 6
848422 0.265 6
666934 0.2675 6
462475 0.27 6
280796 0.2725 6
221305 0.275 6
320201 0.2775 6
526197 0.28 6
827121 0.2825 6
1.1339e+06 0.285 6
1.3175e+06 0.2875 6
1.45065e+06 0.29 6
1.37745e+06 0.2925 6
1.2051e+06 0.295 6
975308 0.2975 6
818419 0.3 6
769826 0.3025 6
858001 0.305 6
1.02254e+06 0.3075 6
0 0.0125 7
0 0.015 7
0 0.0175 7
0 0.02 7
0 0.0225 7
0 0.025 7
0 0.0275 7
0 0.03 7
0 0.0325 7
0 0.035 7
8031.71 0.0375 7
11095.5 0.04 7
149794 0.0425 7
300217 0.045 7
677063 0.0475 7
1.09366e+06 0.05 7
1.67502e+06 0.0525 7
2.55284e+06 0.055 7
3.11741e+06 0.0575 7
3.55904e+06 0.06 7
3.82296e+06 0.0625 7
3.85371e+06 0.065 7
3.58004e+06 0.0675 7
2.46095e+06 0.07 7
1.31278e+06 0.0725 7
470727 0.075 7
107955 0.0775 7
402413 0.08 7
1.35596e+06 0.0825 7
2.41195e+06 0.085 7
3.60792e+06 0.0875 7
4.34038e+06 0.09 7
4.43361e+06 0.0925 7
4.06816e+06 0.095 7
3.35965e+06 0.0975 7
2.5044e+06 0.1 7
1.83223e+06 0.1025 7
1.39799e+06 0.105 7
1.11818e+06 0.1075 7
1.06206e+06 0.11 7
1.18652e+06 0.1125 7
1.41784e+06 0.115 7
1.59449e+06 0.1175 7
1.78812e+06 0.12 7
1.87664e+06 0.1225 7
1.9579e+06 0.125 7
1.84882e+06 0.1275 7
1.66564e+06 0.13 7
1.3857e+06 0.1325 7
1.03317e+06 0.135 7
868943 0.1375 7
902092 0.14 7
1.0492e+06 0.1425 7
1.19125e+06 0.145 7
1.12263e+06 0.1475 7
969384 0.15 7
692912 0.1525 7
567962 0.155 7
498575 0.1575 7
652347 0.16 7
874721 0.1625 7
1.1522e+06 0.165 7
1.47755e+06 0.1675 7
1.65078e+06 0.17 7
1.75682e+06 0.1725 7
1.76622e+06 0.175 7
1.60375e+06 0.1775 7
1.44822e+06 0.18 7
1.21019e+06 0.1825 7
1.01984e+06 0.185 7
811748 0.1875 7
784284 0.19 7
868503 0.1925 7
1.12994e+06 0.195 7
1.30396e+06 0.1975 7
1.42277e+06 0.2 7
1.38449e+06 0.2025 7
1.24864e+06 0.205 7
1.0477e+06 0.2075 7
953249 0.21 7
1.07162e+06 0.2125 7
1.37143e+06 0.215 7
1.78976e+06 0.2175 7
2.08352e+06 0.22 7
2.25178e+06 0.2225 7
2.24462e+06 0.225 7
2.22327e+06 0.2275 7
2.2504e+06 0.23 7
2.39664e+06 0.2325 7
2.70269e+06 0.235 7
3.18458e+06 0.2375 7
3.5869e+06 0.24 7
3.95518e+06 0.2425 7
4.18241e+06 0.245 7
4.10864e+06 0.2475 7
3.70963e+06 0.25 7
2.99645e+06 0.2525 7
2.20038e+06 0.255 7
1.5197e+06 0.2575 7
1.0924e+06 0.26 7
1.02788e+06 0.2625 7
1.32922e+06 0.265 7
1.77593e+06 0.2675 7
2.13861e+06 0.27 7
2.24229e+06 0.2725 7
1.98346e+06 0.275 7
1.47472e+06 0.2775 7
900598 0.28 7
470462 0.2825 7
328007 0.285 7
466424 0.2875 7
799534 0.29 7
1.07755e+06 0.2925 7
1.19776e+06 0.295 7
1.17112e+06 0.2975 7
1.04547e+06 0.3 7
894713 0.3025 7
761769 0.305 7
0 0.01 8
33266.4 0.0125 8
199778 0.015 8
366485 0.0175 8
991260 0.02 8
1.74002e+06 0.0225 8
2.74873e+06 0.025 8
3.87281e+06 0.0275 8
4.46865e+06 0.03 8
4.70232e+06 0.0325 8
4.08509e+06 0.035 8
3.03262e+06 0.0375 8
1.77185e+06 0.04 8
848852 0.0425 8
693420 0.045 8
1.42966e+06 0.0475 8
2.78398e+06 0.05 8
4.18012e+06 0.0525 8
4.99196e+06 0.055 8
4.83679e+06 0.0575 8
3.76023e+06 0.06 8
2.21265e+06 0.0625 8
823504 0.065 8
88878.5 0.0675 8
137147 0.07 8
696722 0.0725 8
1.27949e+06 0.075 8
1.474e+06 0.0775 8
1.18191e+06 0.08 8
665021 0.0825 8
378881 0.085 8
691104 0.0875 8
1.6473e+06 0.09 8
2.91891e+06 0.0925 8
3.96283e+06 0.095 8
4.30324e+06 0.0975 8
3.77983e+06 0.1 8
2.64061e+06 0.1025 8
1.37138e+06 0.105 8
546622 0.1075 8
503365 0.11 8
974765 0.1125 8
1.91029e+06 0.115 8
2.58624e+06 0.1175 8
2.7942e+06 0.12 8
2.48291e+06 0.1225 8
1.9759e+06 0.125 8
1.33776e+06 0.1275 8
842825 0.13 8
1.00184e+06 0.1325 8
1.22748e+06 0.135 8
1.40406e+06 0.1375 8
1.61999e+06 0.14 8
1.56166e+06 0.1425 8
1.17422e+06 0.145 8
836578 0.1475 8
541308 0.15 8
587321 0.1525 8
887351 0.155 8
1.3567e+06 0.1575 8
1.80468e+06 0.16 8
2.12623e+06 0.1625 8
2.2883e+06 0.165 8
2.19619e+06 0.1675 8
2.02037e+06 0.17 8
1.82686e+06 0.1725 8
1.8206e+06 0.175 8
1.89118e+06 0.1775 8
1.99341e+06 0.18 8
1.98653e+06 0.1825 8
1.78958e+06 0.185 8
1.44045e+06 0.1875 8
1.09219e+06 0.19 8
660770 0.1925 8
357511 0.195 8
296539 0.1975 8
484840 0.2 8
883225 0.2025 8
1.23964e+06 0.205 8
1.53386e+06 0.2075 8
1.74166e+06 0.21 8
1.85971e+06 0.2125 8
1.67265e+06 0.215 8
1.36906e+06 0.2175 8
1.0195e+06 0.22 8
663930 0.2225 8
464070 0.225 8
393977 0.2275 8
483436 0.23 8
682009 0.2325 8
894207 0.235 8
1.16759e+06 0.2375 8
1.38967e+06 0.24 8
1.56225e+06 0.2425 8
1.65324e+06 0.245 8
1.7576e+06 0.2475 8
1.82874e+06 0.25 8
1.90911e+06 0.2525 8
1.71435e+06 0.255 8
1.61648e+06 0.2575 8
1.42797e+06 0.26 8
1.27815e+06 0.2625 8
1.19565e+06 0.265 8
1.12359e+06 0.2675 8
1.00079e+06 0.27 8
902890 0.2725 8
852584 0.275 8
781700 0.2775 8
783664 0.28 8
873413 0.2825 8
1.0867e+06 0.285 8
1.32497e+06 0.2875 8
1.54021e+06 0.29 8
1.65117e+06 0.2925 8
1.58723e+06 0.295 8
1.42764e+06 0.2975 8
0 0.01 9
0 0.0125 9
0 0.015 9
0 0.0175 9
0 0.02 9
0 0.0225 9
0 0.025 9
0 0.0275 9
0 0.03 9
9098.34 0.0325 9
32183.5 0.035 9
6641.21 0.0375 9
38323.4 0.04 9
30739.2 0.0425 9
36372.7 0.045 9
31033.9 0.0475 9
71698.2 0.05 9
97555.6 0.0525 9
83347 0.055 9
217020 0.0575 9
211664 0.06 9
128601 0.0625 9
139315 0.065 9
152440 0.0675 9
285388 0.07 9
436757 0.0725 9
634529 0.075 9
793907 0.0775 9
904953 0.08 9
1.06603e+06 0.0825 9
1.01669e+06 0.085 9
836754 0.0875 9
698768 0.09 9
542450 0.0925 9
647249 0.095 9
991689 0.0975 9
1.73491e+06 0.1 9
2.2241e+06 0.1025 9
2.5097e+06 0.105 9
2.93975e+06 0.1075 9
3.25494e+06 0.11 9
3.78914e+06 0.1125 9
4.13433e+06 0.115 9
4.41303e+06 0.1175 9
4.63994e+06 0.12 9
4.94101e+06 0.1225 9
4.98554e+06 0.125 9
4.49419e+06 0.1275 9
4.02177e+06 0.13 9
3.23857e+06 0.1325 9
2.30602e+06 0.135 9
1.48834e+06 0.1375 9
923413 0.14 9
590491 0.1425 9
595278 0.145 9
694756 0.1475 9
632915 0.15 9
569291 0.1525 9
539206 0.155 9
653318 0.1575 9
950581 0.16 9
1.34838e+06 0.1625 9
1.73317e+06 0.165 9
1.83048e+06 0.1675 9
1.59662e+06 0.17 9
1.1586e+06 0.1725 9
780915 0.175 9
786471 0.1775 9
1.2934e+06 0.18 9
2.30039e+06 0.1825 9
3.44515e+06 0.185 9
4.31361e+06 0.1875 9
4.43729e+06 0.19 9
3.84962e+06 0.1925 9
2.77136e+06 0.195 9
1.83052e+06 0.1975 9
1.27547e+06 0.2 9
1.57063e+06 0.2025 9
2.71302e+06 0.205 9
4.05235e+06 0.2075 9
5.04393e+06 0.21 9
5.59197e+06 0.2125 9
5.5353e+06 0.215 9
5.30343e+06 0.2175 9
4.5501e+06 0.22 9
3.98983e+06 0.2225 9
3.43893e+06 0.225 9
3.01961e+06 0.2275 9
2.73557e+06 0.23 9
2.18041e+06 0.2325 9
1.62445e+06 0.235 9
1.15828e+06 0.2375 9
724435 0.24 9
571557 0.2425 9
554459 0.245 9
685898 0.2475 9
770023 0.25 9
908827 0.2525 9
1.08008e+06 0.255 9
1.31242e+06 0.2575 9
1.61256e+06 0.26 9
1.94852e+06 0.2625 9
2.23514e+06 0.265 9
2.38518e+06 0.2675 9
2.36792e+06 0.27 9
2.19344e+06 0.2725 9
1.79249e+06 0.275 9
1.42329e+06 0.2775 9
1.11091e+06 0.28 9
946891 0.2825 9
772010 0.285 9
703883 0.2875 9
652917 0.29 9
592833 0.2925 9
0 0.01 10
0 0.0125 10
0 0.015 10
15610.3 0.0175 10
82084.5 0.02 10
189470 0.0225 10
341777 0.025 10
826848 0.0275 10
1.23281e+06 0.03 10
1.96407e+06 0.0325 10
2.47899e+06 0.035 10
2.89547e+06 0.0375 10
2.95654e+06 0.04 10
2.77617e+06 0.0425 10
2.35823e+06 0.045 10
1.77892e+06 0.0475 10
1.0958e+06 0.05 10
647265 0.0525 10
282776 0.055 10
105344 0.0575 10
43781.9 0.06 10
42906.8 0.0625 10
61006.7 0.065 10
78127 0.0675 10
89838.1 0.07 10
96941.3 0.0725 10
100952 0.075 10
107497 0.0775 10
131667 0.08 10
197215 0.0825 10
326520 0.085 10
526166 0.0875 10
777528 0.09 10
1.03927e+06 0.0925 10
1.26125e+06 0.095 10
1.40525e+06 0.0975 10
1.44455e+06 0.1 10
1.40724e+06 0.1025 10
1.36257e+06 0.105 10
1.1518e+06 0.1075 10
1.06454e+06 0.11 10
908621 0.1125 10
905496 0.115 10
670373 0.1175 10
573570 0.12 10
592738 0.1225 10
495619 0.125 10
397319 0.1275 10
336976 0.13 10
314509 0.1325 10
354111 0.135 10
485149 0.1375 10
624533 0.14 10
962825 0.1425 10
1.30108e+06 0.145 10
1.83419e+06 0.1475 10
2.39463e+06 0.15 10
3.07406e+06 0.1525 10
3.55573e+06 0.155 10
4.10302e+06 0.1575 10
4.64788e+06 0.16 10
4.86754e+06 0.1625 10
4.6533e+06 0.165 10
4.2667e+06 0.1675 10
3.74138e+06 0.17 10
3.23538e+06 0.1725 10
2.8407e+06 0.175 10
2.53195e+06 0.1775 10
2.22054e+06 0.18 10
2.15938e+06 0.1825 10
2.00314e+06 0.185 10
2.16387e+06 0.1875 10
2.61082e+06 0.19 10
3.26885e+06 0.1925 10
3.99536e+06 0.195 10
4.48557e+06 0.1975 10
4.53071e+06 0.2 10
4.30222e+06 0.2025 10
3.75752e+06 0.205 10
3.04263e+06 0.2075 10
2.75083e+06 0.21 10
2.53994e+06 0.2125 10
2.40922e+06 0.215 10
2.64968e+06 0.2175 10
2.63899e+06 0.22 10
2.32931e+06 0.2225 10
1.83904e+06 0.225 10
1.22352e+06 0.2275 10
864815 0.23 10
716298 0.2325 10
824357 0.235 10
1.07977e+06 0.2375 10
1.34391e+06 0.24 10
1.38455e+06 0.2425 10
1.27414e+06 0.245 10
1.01357e+06 0.2475 10
787982 0.25 10
645112 0.2525 10
552183 0.255 10
525197 0.2575 10
447463 0.26 10
433282 0.2625 10
413172 0.265 10
477529 0.2675 10
632051 0.27 10
752694 0.2725 10
792309 0.275 10
736236 0.2775 10
596234 0.28 10
424021 0.2825 10
284383 0.285 10
271243 0.2875 10
0 0.01 11
0 0.0125 11
0 0.015 11
0 0.0175 11
0 0.02 11
0 0.0225 11
0 0.025 11
916.732 0.0275 11
25089.6 0.03 11
73900 0.0325 11
104831 0.035 11
196044 0.0375 11
296478 0.04 11
518433 0.0425 11
712919 0.045 11
847710 0.0475 11
931241 0.05 11
759648 0.0525 11
657061 0.055 11
494386 0.0575 11
374549 0.06 11
397483 0.0625 11
613420 0.065 11
863822 0.0675 11
1.12154e+06 0.07 11
1.27847e+06 0.0725 11
1.27624e+06 0.075 11
1.13804e+06 0.0775 11
924547 0.08 11
644356 0.0825 11
519809 0.085 11
483986 0.0875 11
552248 0.09 11
813775 0.0925 11
1.23996e+06 0.095 11
1.7237e+06 0.0975 11
2.24874e+06 0.1 11
3.14317e+06 0.1025 11
3.85247e+06 0.105 11
4.26278e+06 0.1075 11
4.32249e+06 0.11 11
4.10896e+06 0.1125 11
3.48178e+06 0.115 11
2.6279e+06 0.1175 11
1.74737e+06 0.12 11
1.40913e+06 0.1225 11
1.65158e+06 0.125 11
2.35938e+06 0.1275 11
3.24411e+06 0.13 11
4.08875e+06 0.1325 11
4.71539e+06 0.135 11
4.89091e+06 0.1375 11
4.38883e+06 0.14 11
3.45406e+06 0.1425 11
2.51935e+06 0.145 11
1.60596e+06 0.1475 11
1.0362e+06 0.15 11
783608 0.1525 11
830011 0.155 11
1.00451e+06 0.1575 11
1.16191e+06 0.16 11
1.23269e+06 0.1625 11
1.14026e+06 0.165 11
1.05547e+06 0.1675 11
862811 0.17 11
712976 0.1725 11
518683 0.175 11
366413 0.1775 11
282205 0.18 11
377933 0.1825 11
522827 0.185 11
688561 0.1875 11
884564 0.19 11
1.00974e+06 0.1925 11
1.07524e+06 0.195 11
1.04232e+06 0.1975 11
1.01926e+06 0.2 11
972750 0.2025 11
727800 0.205 11
567546 0.2075 11
457021 0.21 11
408473 0.2125 11
410837 0.215 11
465044 0.2175 11
543079 0.22 11
658357 0.2225 11
746356 0.225 11
782258 0.2275 11
800816 0.23 11
791754 0.2325 11
761344 0.235 11
804217 0.2375 11
887940 0.24 11
1.04836e+06 0.2425 11
1.18472e+06 0.245 11
1.21478e+06 0.2475 11
1.08593e+06 0.25 11
948441 0.2525 11
757988 0.255 11
588417 0.2575 11
449121 0.26 11
378215 0.2625 11
341619 0.265 11
342482 0.2675 11
354404 0.27 11
333772 0.2725 11
345008 0.275 11
349130 0.2775 11
417797 0.28 11
474777 0.2825 11
0 0.01 12
0 0.0125 12
0 0.015 12
0 0.0175 12
0 0.02 12
8625.22 0.0225 12
88022.7 0.025 12
72269.4 0.0275 12
324154 0.03 12
556138 0.0325 12
692098 0.035 12
870221 0.0375 12
959304 0.04 12
1.13767e+06 0.0425 12
1.34408e+06 0.045 12
1.30812e+06 0.0475 12
1.04109e+06 0.05 12
742661 0.0525 12
520754 0.055 12
362199 0.0575 12
203511 0.06 12
199558 0.0625 12
149909 0.065 12
106230 0.0675 12
57616.1 0.07 12
76517.5 0.0725 12
195928 0.075 12
423571 0.0775 12
733761 0.08 12
1.08375e+06 0.0825 12
1.43704e+06 0.085 12
1.77375e+06 0.0875 12
2.0794e+06 0.09 12
2.3223e+06 0.0925 12
2.44719e+06 0.095 12
2.38012e+06 0.0975 12
2.05548e+06 0.1 12
1.54219e+06 0.1025 12
901789 0.105 12
300001 0.1075 12
22641 0.11 12
137995 0.1125 12
608540 0.115 12
1.25948e+06 0.1175 12
1.91288e+06 0.12 12
2.54901e+06 0.1225 12
2.96817e+06 0.125 12
3.28329e+06 0.1275 12
3.47064e+06 0.13 12
3.64764e+06 0.1325 12
3.70039e+06 0.135 12
3.69433e+06 0.1375 12
3.45761e+06 0.14 12
3.17219e+06 0.1425 12
3.05073e+06 0.145 12
2.83742e+06 0.1475 12
2.85838e+06 0.15 12
3.11856e+06 0.1525 12
3.46099e+06 0.155 12
3.77551e+06 0.1575 12
4.12376e+06 0.16 12
4.19823e+06 0.1625 12
4.00412e+06 0.165 12
3.88051e+06 0.1675 12
3.8003e+06 0.17 12
3.42899e+06 0.1725 12
2.94428e+06 0.175 12
2.42574e+06 0.1775 12
2.00818e+06 0.18 12
1.68001e+06 0.1825 12
1.52959e+06 0.185 12
1.62458e+06 0.1875 12
1.74245e+06 0.19 12
1.91314e+06 0.1925 12
1.90123e+06 0.195 12
1.66967e+06 0.1975 12
1.27902e+06 0.2 12
786204 0.2025 12
611340 0.205 12
690407 0.2075 12
996558 0.21 12
1.2838e+06 0.2125 12
1.50462e+06 0.215 12
1.53398e+06 0.2175 12
1.41951e+06 0.22 12
1.1459e+06 0.2225 12
907712 0.225 12
741987 0.2275 12
671401 0.23 12
664150 0.2325 12
711213 0.235 12
700662 0.2375 12
680811 0.24 12
673490 0.2425 12
649389 0.245 12
652743 0.2475 12
700371 0.25 12
762956 0.2525 12
748319 0.255 12
699592 0.2575 12
587278 0.26 12
465982 0.2625 12
399165 0.265 12
395418 0.2675 12
452473 0.27 12
664248 0.2725 12
927622 0.275 12
0 0.01 13
0 0.0125 13
0 0.015 13
0 0.0175 13
0 0.02 13
3976.75 0.0225 13
36653.7 0.025 13
104620 0.0275 13
258583 0.03 13
540917 0.0325 13
954647 0.035 13
1.36608e+06 0.0375 13
1.95972e+06 0.04 13
2.42476e+06 0.0425 13
2.90172e+06 0.045 13
3.1461e+06 0.0475 13
3.17283e+06 0.05 13
2.71985e+06 0.0525 13
2.07228e+06 0.055 13
1.48158e+06 0.0575 13
925908 0.06 13
498905 0.0625 13
202951 0.065 13
83084.6 0.0675 13
36424.3 0.07 13
74477.8 0.0725 13
127410 0.075 13
186935 0.0775 13
242312 0.08 13
284512 0.0825 13
304260 0.085 13
296085 0.0875 13
263899 0.09 13
236015 0.0925 13
224844 0.095 13
298838 0.0975 13
505626 0.1 13
780763 0.1025 13
928020 0.105 13
965473 0.1075 13
1.00771e+06 0.11 13
1.19813e+06 0.1125 13
1.23251e+06 0.115 13
1.53682e+06 0.1175 13
1.89333e+06 0.12 13
2.25176e+06 0.1225 13
2.6809e+06 0.125 13
3.41267e+06 0.1275 13
3.98801e+06 0.13 13
4.51094e+06 0.1325 13
4.93848e+06 0.135 13
5.13275e+06 0.1375 13
5.10939e+06 0.14 13
4.75257e+06 0.1425 13
4.5205e+06 0.145 13
3.9792e+06 0.1475 13
3.55476e+06 0.15 13
2.83944e+06 0.1525 13
2.03742e+06 0.155 13
1.25525e+06 0.1575 13
737116 0.16 13
394586 0.1625 13
342901 0.165 13
490300 0.1675 13
813095 0.17 13
1.05385e+06 0.1725 13
1.07801e+06 0.175 13
1.17451e+06 0.1775 13
1.1719e+06 0.18 13
1.15964e+06 0.1825 13
1.29551e+06 0.185 13
1.57211e+06 0.1875 13
1.83756e+06 0.19 13
2.09247e+06 0.1925 13
2.15966e+06 0.195 13
2.16132e+06 0.1975 13
1.98632e+06 0.2 13
1.4979e+06 0.2025 13
1.02385e+06 0.205 13
744630 0.2075 13
597332 0.21 13
568490 0.2125 13
566105 0.215 13
556656 0.2175 13
480293 0.22 13
363540 0.2225 13
281728 0.225 13
281091 0.2275 13
351421 0.23 13
463861 0.2325 13
526261 0.235 13
510363 0.2375 13
406136 0.24 13
321764 0.2425 13
307749 0.245 13
380728 0.2475 13
557687 0.25 13
817717 0.2525 13
991488 0.255 13
1.08387e+06 0.2575 13
1.01669e+06 0.26 13
824377 0.2625 13
593580 0.265 13
426598 0.2675 13
0 0.02 14
0 0.0225 14
0 0.025 14
519.753 0.0275 14
3275.77 0.03 14
64206.2 0.0325 14
203968 0.035 14
486821 0.0375 14
603015 0.04 14
789440 0.0425 14
1.21299e+06 0.045 14
1.58513e+06 0.0475 14
1.75958e+06 0.05 14
1.81155e+06 0.0525 14
1.61204e+06 0.055 14
1.55257e+06 0.0575 14
1.74864e+06 0.06 14
2.12377e+06 0.0625 14
2.89896e+06 0.065 14
3.89318e+06 0.0675 14
5.38786e+06 0.07 14
6.51541e+06 0.0725 14
7.49553e+06 0.075 14
8.40927e+06 0.0775 14
8.97572e+06 0.08 14
9.34043e+06 0.0825 14
9.32814e+06 0.085 14
9.0432e+06 0.0875 14
8.54329e+06 0.09 14
7.82933e+06 0.0925 14
6.9729e+06 0.095 14
5.84023e+06 0.0975 14
4.62635e+06 0.1 14
3.28963e+06 0.1025 14
2.00118e+06 0.105 14
1.01561e+06 0.1075 14
366578 0.11 14
98957.8 0.1125 14
68810 0.115 14
168345 0.1175 14
274205 0.12 14
351807 0.1225 14
352072 0.125 14
302687 0.1275 14
289513 0.13 14
255159 0.1325 14
166808 0.135 14
112278 0.1375 14
152191 0.14 14
296573 0.1425 14
552281 0.145 14
905557 0.1475 14
1.19015e+06 0.15 14
1.38319e+06 0.1525 14
1.41919e+06 0.155 14
1.14732e+06 0.1575 14
695886 0.16 14
368196 0.1625 14
205918 0.165 14
428222 0.1675 14
950284 0.17 14
1.60486e+06 0.1725 14
2.2322e+06 0.175 14
2.50856e+06 0.1775 14
2.309e+06 0.18 14
1.92033e+06 0.1825 14
1.4869e+06 0.185 14
1.10176e+06 0.1875 14
1.05588e+06 0.19 14
1.16737e+06 0.1925 14
1.58918e+06 0.195 14
1.91061e+06 0.1975 14
2.12299e+06 0.2 14
2.31655e+06 0.2025 14
2.20881e+06 0.205 14
1.91757e+06 0.2075 14
1.47762e+06 0.21 14
997233 0.2125 14
617124 0.215 14
325647 0.2175 14
191621 0.22 14
255813 0.2225 14
452365 0.225 14
717910 0.2275 14
1.02958e+06 0.23 14
1.23029e+06 0.2325 14
1.28678e+06 0.235 14
1.18195e+06 0.2375 14
998498 0.24 14
704652 0.2425 14
493684 0.245 14
428648 0.2475 14
428555 0.25 14
576596 0.2525 14
750591 0.255 14
859025 0.2575 14
0 0.0125 15
0 0.015 15
19417.1 0.0175 15
94712.9 0.02 15
181362 0.0225 15
407246 0.025 15
951037 0.0275 15
1.74426e+06 0.03 15
2.39498e+06 0.0325 15
3.06551e+06 0.035 15
3.45966e+06 0.0375 15
3.65203e+06 0.04 15
3.47726e+06 0.0425 15
3.08963e+06 0.045 15
2.65371e+06 0.0475 15
2.23157e+06 0.05 15
1.78544e+06 0.0525 15
1.54168e+06 0.055 15
1.41078e+06 0.0575 15
1.41876e+06 0.06 15
1.53731e+06 0.0625 15
1.71905e+06 0.065 15
1.88571e+06 0.0675 15
1.93371e+06 0.07 15
1.77204e+06 0.0725 15
1.38157e+06 0.075 15
859703 0.0775 15
410546 0.08 15
267036 0.0825 15
574618 0.085 15
1.2986e+06 0.0875 15
2.21472e+06 0.09 15
3.00106e+06 0.0925 15
3.39109e+06 0.095 15
3.31073e+06 0.0975 15
2.91553e+06 0.1 15
2.49961e+06 0.1025 15
2.39341e+06 0.105 15
2.73484e+06 0.1075 15
3.42262e+06 0.11 15
4.23839e+06 0.1125 15
4.83825e+06 0.115 15
5.04109e+06 0.1175 15
4.69495e+06 0.12 15
4.20897e+06 0.1225 15
3.61417e+06 0.125 15
3.06467e+06 0.1275 15
2.66078e+06 0.13 15
2.32695e+06 0.1325 15
1.91498e+06 0.135 15
1.49058e+06 0.1375 15
1.09309e+06 0.14 15
745589 0.1425 15
460589 0.145 15
326461 0.1475 15
297942 0.15 15
311228 0.1525 15
329744 0.155 15
320521 0.1575 15
294087 0.16 15
240025 0.1625 15
205132 0.165 15
242581 0.1675 15
410839 0.17 15
554352 0.1725 15
795469 0.175 15
1.00169e+06 0.1775 15
1.1709e+06 0.18 15
1.21284e+06 0.1825 15
1.00067e+06 0.185 15
797494 0.1875 15
620195 0.19 15
470010 0.1925 15
390443 0.195 15
490339 0.1975 15
681971 0.2 15
1.00014e+06 0.2025 15
1.16564e+06 0.205 15
1.20205e+06 0.2075 15
1.10447e+06 0.21 15
899242 0.2125 15
614354 0.215 15
344575 0.2175 15
200966 0.22 15
170095 0.2225 15
262902 0.225 15
397303 0.2275 15
484433 0.23 15
557658 0.2325 15
581499 0.235 15
555583 0.2375 15
468344 0.24 15
385309 0.2425 15
299672 0.245 15
210201 0.2475 15
0 0.0025 16
0 0.005 16
0 0.0075 16
0 0.01 16
0 0.0125 16
0 0.015 16
0 0.0175 16
0 0.02 16
0 0.0225 16
0 0.025 16
0 0.0275 16
0 0.03 16
193.528 0.0325 16
36982.9 0.035 16
39124.4 0.0375 16
147808 0.04 16
243898 0.0425 16
449338 0.045 16
995500 0.0475 16
1.61135e+06 0.05 16
2.14878e+06 0.0525 16
2.78391e+06 0.055 16
3.25959e+06 0.0575 16
3.73496e+06 0.06 16
3.81309e+06 0.0625 16
3.71e+06 0.065 16
3.17452e+06 0.0675 16
2.8043e+06 0.07 16
2.3401e+06 0.0725 16
2.04473e+06 0.075 16
1.9067e+06 0.0775 16
1.94855e+06 0.08 16
1.9896e+06 0.0825 16
1.9904e+06 0.085 16
1.97786e+06 0.0875 16
1.85207e+06 0.09 16
1.64906e+06 0.0925 16
1.51799e+06 0.095 16
1.30222e+06 0.0975 16
1.21268e+06 0.1 16
1.12183e+06 0.1025 16
1.12359e+06 0.105 16
1.20912e+06 0.1075 16
1.14705e+06 0.11 16
1.16659e+06 0.1125 16
1.1205e+06 0.115 16
1.07063e+06 0.1175 16
915138 0.12 16
830689 0.1225 16
828405 0.125 16
804486 0.1275 16
859936 0.13 16
1.00027e+06 0.1325 16
1.1047e+06 0.135 16
1.21405e+06 0.1375 16
1.31265e+06 0.14 16
1.44146e+06 0.1425 16
1.54182e+06 0.145 16
1.57384e+06 0.1475 16
1.61695e+06 0.15 16
1.62357e+06 0.1525 16
1.40339e+06 0.155 16
1.16847e+06 0.1575 16
812767 0.16 16
496790 0.1625 16
264359 0.165 16
124514 0.1675 16
102871 0.17 16
141172 0.1725 16
181114 0.175 16
190772 0.1775 16
172361 0.18 16
155876 0.1825 16
179089 0.185 16
240129 0.1875 16
314367 0.19 16
311565 0.1925 16
295662 0.195 16
206932 0.1975 16
197917 0.2 16
288494 0.2025 16
410400 0.205 16
624622 0.2075 16
744799 0.21 16
819208 0.2125 16
783042 0.215 16
633533 0.2175 16
426856 0.22 16
246879 0.2225 16
119845 0.225 16
87415.5 0.2275 16
113189 0.23 16
192709 0.2325 16
292928 0.235 16
324209 0.2375 16
0 0.0025 17
0 0.005 17
0 0.0075 17
0 0.01 17
9542.26 0.0125 17
14810.7 0.015 17
50005 0.0175 17
65199.5 0.02 17
55880 0.0225 17
64398.3 0.025 17
74712.9 0.0275 17
61648.9 0.03 17
60841.9 0.0325 17
87324.7 0.035 17
186516 0.0375 17
359190 0.04 17
569093 0.0425 17
751218 0.045 17
837595 0.0475 17
790611 0.05 17
623512 0.0525 17
395368 0.055 17
182868 0.0575 17
45445.5 0.06 17
3764.14 0.0625 17
42094.3 0.065 17
129301 0.0675 17
242209 0.07 17
376385 0.0725 17
540951 0.075 17
746360 0.0775 17
997368 0.08 17
1.29556e+06 0.0825 17
1.64416e+06 0.085 17
2.04326e+06 0.0875 17
2.47148e+06 0.09 17
2.86551e+06 0.0925 17
3.11824e+06 0.095 17
3.11039e+06 0.0975 17
2.76901e+06 0.1 17
2.12407e+06 0.1025 17
1.32598e+06 0.105 17
597143 0.1075 17
159883 0.11 17
127933 0.1125 17
482651 0.115 17
1.03763e+06 0.1175 17
1.55885e+06 0.12 17
1.90267e+06 0.1225 17
1.96181e+06 0.125 17
1.86414e+06 0.1275 17
1.63622e+06 0.13 17
1.32378e+06 0.1325 17
1.27363e+06 0.135 17
1.34563e+06 0.1375 17
1.48497e+06 0.14 17
1.76378e+06 0.1425 17
1.99019e+06 0.145 17
2.01063e+06 0.1475 17
2.07902e+06 0.15 17
1.95862e+06 0.1525 17
1.72892e+06 0.155 17
1.31578e+06 0.1575 17
1.11064e+06 0.16 17
958303 0.1625 17
948472 0.165 17
1.14566e+06 0.1675 17
1.28143e+06 0.17 17
1.36205e+06 0.1725 17
1.24297e+06 0.175 17
950526 0.1775 17
607989 0.18 17
334000 0.1825 17
227950 0.185 17
202384 0.1875 17
315624 0.19 17
407975 0.1925 17
452220 0.195 17
423604 0.1975 17
354623 0.2 17
277812 0.2025 17
223540 0.205 17
202597 0.2075 17
218402 0.21 17
274373 0.2125 17
336387 0.215 17
384134 0.2175 17
396059 0.22 17
407360 0.2225 17
367378 0.225 17
0 0.0025 18
0 0.005 18
0 0.0075 18
0 0.01 18
0 0.0125 18
0 0.015 18
0 0.0175 18
0 0.02 18
0 0.0225 18
0 0.025 18
0 0.0275 18
0 0.03 18
0 0.0325 18
0 0.035 18
1202.63 0.0375 18
2778.86 0.04 18
2242.85 0.0425 18
8098.69 0.045 18
15615.5 0.0475 18
47414.7 0.05 18
43952.2 0.0525 18
73094 0.055 18
86950 0.0575 18
117858 0.06 18
179321 0.0625 18
273539 0.065 18
245024 0.0675 18
319045 0.07 18
336820 0.0725 18
388279 0.075 18
328248 0.0775 18
196458 0.08 18
157295 0.0825 18
139635 0.085 18
150265 0.0875 18
200524 0.09 18
301040 0.0925 18
374121 0.095 18
437526 0.0975 18
586671 0.1 18
715236 0.1025 18
863409 0.105 18
1.04323e+06 0.1075 18
1.23744e+06 0.11 18
1.51435e+06 0.1125 18
1.75843e+06 0.115 18
2.00556e+06 0.1175 18
2.14749e+06 0.12 18
2.28586e+06 0.1225 18
2.31784e+06 0.125 18
2.32365e+06 0.1275 18
2.25485e+06 0.13 18
2.10721e+06 0.1325 18
1.88222e+06 0.135 18
1.53432e+06 0.1375 18
1.17186e+06 0.14 18
884142 0.1425 18
595692 0.145 18
501418 0.1475 18
533489 0.15 18
718454 0.1525 18
959163 0.155 18
1.20515e+06 0.1575 18
1.37687e+06 0.16 18
1.41395e+06 0.1625 18
1.33195e+06 0.165 18
1.18617e+06 0.1675 18
1.01666e+06 0.17 18
909955 0.1725 18
917430 0.175 18
963827 0.1775 18
1.04325e+06 0.18 18
1.08455e+06 0.1825 18
1.00118e+06 0.185 18
851390 0.1875 18
605073 0.19 18
437986 0.1925 18
310181 0.195 18
282739 0.1975 18
344796 0.2 18
412592 0.2025 18
524502 0.205 18
632972 0.2075 18
663440 0.21 18
562801 0.2125 18
0 0.0025 19
0 0.005 19
565.59 0.0075 19
6606.73 0.01 19
15674.5 0.0125 19
57442.9 0.015 19
117155 0.0175 19
178117 0.02 19
244523 0.0225 19
303774 0.025 19
351654 0.0275 19
389968 0.03 19
423536 0.0325 19
456081 0.035 19
488650 0.0375 19
521755 0.04 19
558752 0.0425 19
606262 0.045 19
669547 0.0475 19
745280 0.05 19
817432 0.0525 19
860981 0.055 19
853054 0.0575 19
785420 0.06 19
670491 0.0625 19
536704 0.065 19
416002 0.0675 19
331072 0.07 19
289487 0.0725 19
286400 0.075 19
311371 0.0775 19
352919 0.08 19
397930 0.0825 19
428983 0.085 19
425627 0.0875 19
372933 0.09 19
273765 0.0925 19
155907 0.095 19
66178.5 0.0975 19
51301.2 0.1 19
134555 0.1025 19
301530 0.105 19
504534 0.1075 19
681823 0.11 19
782133 0.1125 19
786326 0.115 19
710921 0.1175 19
577504 0.12 19
443947 0.1225 19
306250 0.125 19
234555 0.1275 19
178504 0.13 19
162498 0.1325 19
177566 0.135 19
184551 0.1375 19
200342 0.14 19
196068 0.1425 19
201988 0.145 19
211948 0.1475 19
274913 0.15 19
384698 0.1525 19
531042 0.155 19
640889 0.1575 19
700720 0.16 19
654626 0.1625 19
521362 0.165 19
409879 0.1675 19
309306 0.17 19
328349 0.1725 19
386568 0.175 19
402604 0.1775 19
475291 0.18 19
467294 0.1825 19
389541 0.185 19
293687 0.1875 19
212406 0.19 19
151140 0.1925 19
100392 0.195 19
91356.2 0.1975 19
0 0.0025 20
0 0.005 20
0 0.0075 20
0 0.01 20
0 0.0125 20
0 0.015 20
0 0.0175 20
0 0.02 20
0 0.0225 20
0 0.025 20
0 0.0275 20
0 0.03 20
0 0.0325 20
0 0.035 20
0 0.0375 20
0 0.04 20
207.994 0.0425 20
5539.49 0.045 20
4238.65 0.0475 20
17599.1 0.05 20
43979.5 0.0525 20
78223.1 0.055 20
81282.1 0.0575 20
170207 0.06 20
236000 0.0625 20
314219 0.065 20
292615 0.0675 20
328538 0.07 20
459234 0.0725 20
491529 0.075 20
470041 0.0775 20
426364 0.08 20
371888 0.0825 20
245705 0.085 20
225488 0.0875 20
148875 0.09 20
87555.1 0.0925 20
63219.1 0.095 20
109505 0.0975 20
148987 0.1 20
223583 0.1025 20
327954 0.105 20
451174 0.1075 20
550552 0.11 20
684002 0.1125 20
825702 0.115 20
821478 0.1175 20
762887 0.12 20
664000 0.1225 20
510767 0.125 20
360468 0.1275 20
240607 0.13 20
142574 0.1325 20
96516.2 0.135 20
133621 0.1375 20
210217 0.14 20
384380 0.1425 20
527396 0.145 20
636412 0.1475 20
689132 0.15 20
713807 0.1525 20
725761 0.155 20
744269 0.1575 20
709727 0.16 20
680532 0.1625 20
643474 0.165 20
563975 0.1675 20
518200 0.17 20
476498 0.1725 20
419411 0.175 20
313883 0.1775 20
39.4838 0.0025 21
597.468 0.005 21
2783.81 0.0075 21
8000.82 0.01 21
17898.7 0.0125 21
34916.3 0.015 21
63102.4 0.0175 21
108515 0.02 21
178573 0.0225 21
280159 0.025 21
416729 0.0275 21
584909 0.03 21
771317 0.0325 21
950849 0.035 21
1.08831e+06 0.0375 21
1.14526e+06 0.04 21
1.09226e+06 0.0425 21
923532 0.045 21
667550 0.0475 21
386104 0.05 21
157990 0.0525 21
50730.8 0.055 21
91606.7 0.0575 21
252469 0.06 21
458335 0.0625 21
618523 0.065 21
666789 0.0675 21
590695 0.07 21
434736 0.0725 21
275086 0.075 21
179153 0.0775 21
171639 0.08 21
225310 0.0825 21
280871 0.085 21
284021 0.0875 21
218269 0.09 21
114885 0.0925 21
34685.1 0.095 21
32424.5 0.0975 21
124224 0.1 21
276432 0.1025 21
422111 0.105 21
496021 0.1075 21
469095 0.11 21
364966 0.1125 21
245177 0.115 21
182887 0.1175 21
216736 0.12 21
343550 0.1225 21
511845 0.125 21
645812 0.1275 21
674194 0.13 21
587947 0.1325 21
438968 0.135 21
276481 0.1375 21
167173 0.14 21
161527 0.1425 21
252760 0.145 21
424919 0.1475 21
542092 0.15 21
632490 0.1525 21
618028 0.155 21
467215 0.1575 21
316123 0.16 21
0 0.0025 22
0 0.005 22
0 0.0075 22
0 0.01 22
0 0.0125 22
0 0.015 22
0 0.0175 22
0 0.02 22
0 0.0225 22
0 0.025 22
0 0.0275 22
0 0.03 22
0 0.0325 22
0 0.035 22
0 0.0375 22
0 0.04 22
0 0.0425 22
0 0.045 22
0 0.0475 22
1624.63 0.05 22
5263.49 0.0525 22
556.48 0.055 22
25635.8 0.0575 22
64307.9 0.06 22
129549 0.0625 22
192186 0.065 22
240903 0.0675 22
294272 0.07 22
378134 0.0725 22
408916 0.075 22
445762 0.0775 22
428210 0.08 22
409693 0.0825 22
343944 0.085 22
246792 0.0875 22
150461 0.09 22
73024.1 0.0925 22
23592.5 0.095 22
27087.9 0.0975 22
50138.9 0.1 22
92906.4 0.1025 22
132839 0.105 22
172914 0.1075 22
202566 0.11 22
227777 0.1125 22
268310 0.115 22
332279 0.1175 22
403381 0.12 22
465772 0.1225 22
516833 0.125 22
620743 0.1275 22
642173 0.13 22
614097 0.1325 22
640545 0.135 22
606612 0.1375 22
605273 0.0025 23
2.23716e+06 0.005 23
4.40917e+06 0.0075 23
6.5015e+06 0.01 23
7.96658e+06 0.0125 23
8.49199e+06 0.015 23
8.06488e+06 0.0175 23
6.92611e+06 0.02 23
5.44699e+06 0.0225 23
3.98686e+06 0.025 23
2.78757e+06 0.0275 23
1.93574e+06 0.03 23
1.39039e+06 0.0325 23
1.04784e+06 0.035 23
807697 0.0375 23
612520 0.04 23
452471 0.0425 23
344127 0.045 23
301799 0.0475 23
318502 0.05 23
364923 0.0525 23
403923 0.055 23
410561 0.0575 23
385979 0.06 23
357453 0.0625 23
364225 0.065 23
435819 0.0675 23
573453 0.07 23
744034 0.0725 23
890590 0.075 23
955190 0.0775 23
904133 0.08 23
743559 0.0825 23
517856 0.085 23
291331 0.0875 23
121737 0.09 23
38093.6 0.0925 23
32855.8 0.095 23
71006.1 0.0975 23
110218 0.1 23
