2.39335e+07 0.085 0
1.44422e+07 0.0875 0
5.31983e+06 0.09 0
463520 0.0925 0
649459 0.095 0
3.71743e+06 0.0975 0
6.44972e+06 0.1 0
6.71769e+06 0.1025 0
4.54904e+06 0.105 0
1.66545e+06 0.1075 0
59230.9 0.11 0
663521 0.1125 0
2.91711e+06 0.115 0
5.32493e+06 0.1175 0
6.48683e+06 0.12 0
5.88567e+06 0.1225 0
4.01386e+06 0.125 0
1.90143e+06 0.1275 0
450241 0.13 0
32.4278 0.1325 0
316597 0.135 0
879308 0.1375 0
1.25013e+06 0.14 0
1.27913e+06 0.1425 0
1.06356e+06 0.145 0
746102 0.1475 0
453935 0.15 0
291437 0.1525 0
301335 0.155 0
367361 0.1575 0
477809 0.16 0
687600 0.1625 0
876443 0.165 0
1.06144e+06 0.1675 0
1.21212e+06 0.17 0
1.19639e+06 0.1725 0
1.13996e+06 0.175 0
833756 0.1775 0
520787 0.18 0
265526 0.1825 0
74022.9 0.185 0
85727.2 0.1875 0
184460 0.19 0
348435 0.1925 0
576027 0.195 0
827020 0.1975 0
1.03221e+06 0.2 0
1.21379e+06 0.2025 0
1.38666e+06 0.205 0
1.50273e+06 0.2075 0
1.44838e+06 0.21 0
1.38169e+06 0.2125 0
1.28533e+06 0.215 0
1.09171e+06 0.2175 0
779910 0.22 0
564211 0.2225 0
387383 0.225 0
320555 0.2275 0
341227 0.23 0
405405 0.2325 0
438868 0.235 0
488663 0.2375 0
484399 0.24 0
469485 0.2425 0
387139 0.245 0
274388 0.2475 0
197900 0.25 0
137802 0.2525 0
183083 0.255 0
281431 0.2575 0
385483 0.26 0
408596 0.2625 0
458460 0.265 0
388501 0.2675 0
327979 0.27 0
193725 0.2725 0
97729.6 0.275 0
28638.4 0.2775 0
3635.65 0.28 0
19655.9 0.2825 0
53806.8 0.285 0
93972.8 0.2875 0
119248 0.29 0
94149 0.2925 0
64972.7 0.295 0
35363.8 0.2975 0
17548 0.3 0
11447.7 0.3025 0
24079.6 0.305 0
50472.6 0.3075 0
71996.6 0.31 0
111186 0.3125 0
155751 0.315 0
2.41287e+06 0.0825 1
1.55478e+06 0.085 1
1.84726e+06 0.0875 1
3.4246e+06 0.09 1
6.58828e+06 0.0925 1
1.01325e+07 0.095 1
1.42508e+07 0.0975 1
1.80036e+07 0.1 1
1.98249e+07 0.1025 1
1.97149e+07 0.105 1
1.78672e+07 0.1075 1
1.5045e+07 0.11 1
1.15088e+07 0.1125 1
8.6443e+06 0.115 1
6.27487e+06 0.1175 1
4.55822e+06 0.12 1
3.42699e+06 0.1225 1
2.88058e+06 0.125 1
2.42601e+06 0.1275 1
1.78553e+06 0.13 1
1.25492e+06 0.1325 1
839865 0.135 1
663256 0.1375 1
536205 0.14 1
614267 0.1425 1
820773 0.145 1
1.06423e+06 0.1475 1
1.17897e+06 0.15 1
1.15784e+06 0.1525 1
1.097e+06 0.155 1
1.00227e+06 0.1575 1
920983 0.16 1
826544 0.1625 1
680407 0.165 1
541639 0.1675 1
418530 0.17 1
310801 0.1725 1
245256 0.175 1
258762 0.1775 1
408832 0.18 1
594061 0.1825 1
855788 0.185 1
1.01089e+06 0.1875 1
1.09326e+06 0.19 1
1.05927e+06 0.1925 1
959093 0.195 1
866293 0.1975 1
828751 0.2 1
838352 0.2025 1
935042 0.205 1
1.00448e+06 0.2075 1
1.08094e+06 0.21 1
1.09689e+06 0.2125 1
1.09087e+06 0.215 1
1.10536e+06 0.2175 1
1.11645e+06 0.22 1
1.13216e+06 0.2225 1
1.16348e+06 0.225 1
1.13225e+06 0.2275 1
951126 0.23 1
778015 0.2325 1
651784 0.235 1
586576 0.2375 1
615702 0.24 1
712313 0.2425 1
803229 0.245 1
912592 0.2475 1
913736 0.25 1
845658 0.2525 1
744153 0.255 1
651050 0.2575 1
605969 0.26 1
591669 0.2625 1
672379 0.265 1
851490 0.2675 1
1.03661e+06 0.27 1
1.1724e+06 0.2725 1
1.23964e+06 0.275 1
1.23152e+06 0.2775 1
1.1393e+06 0.28 1
1.0071e+06 0.2825 1
807024 0.285 1
689086 0.2875 1
656188 0.29 1
618601 0.2925 1
631237 0.295 1
657053 0.2975 1
669910 0.3 1
641816 0.3025 1
584754 0.305 1
501860 0.3075 1
428304 0.31 1
349459 0.3125 1
288098 0.315 1
5.03544e+06 0.08 2
6.68119e+06 0.0825 2
8.52111e+06 0.085 2
1.02336e+07 0.0875 2
1.14385e+07 0.09 2
1.18934e+07 0.0925 2
1.16547e+07 0.095 2
1.10865e+07 0.0975 2
1.06833e+07 0.1 2
1.07908e+07 0.1025 2
1.13899e+07 0.105 2
1.20948e+07 0.1075 2
1.23365e+07 0.11 2
1.17552e+07 0.1125 2
1.03634e+07 0.115 2
8.75199e+06 0.1175 2
7.40125e+06 0.12 2
6.83671e+06 0.1225 2
7.30623e+06 0.125 2
7.77149e+06 0.1275 2
8.15002e+06 0.13 2
7.8745e+06 0.1325 2
6.9259e+06 0.135 2
5.29814e+06 0.1375 2
3.58907e+06 0.14 2
2.08157e+06 0.1425 2
1.20924e+06 0.145 2
809425 0.1475 2
677197 0.15 2
422818 0.1525 2
243915 0.155 2
148276 0.1575 2
250295 0.16 2
572876 0.1625 2
1.05718e+06 0.165 2
1.40374e+06 0.1675 2
1.53665e+06 0.17 2
1.57838e+06 0.1725 2
1.486e+06 0.175 2
1.07351e+06 0.1775 2
881822 0.18 2
628521 0.1825 2
477198 0.185 2
584010 0.1875 2
650990 0.19 2
763590 0.1925 2
979540 0.195 2
1.19139e+06 0.1975 2
1.30261e+06 0.2 2
1.32303e+06 0.2025 2
1.30321e+06 0.205 2
1.3033e+06 0.2075 2
1.13672e+06 0.21 2
948407 0.2125 2
810210 0.215 2
631274 0.2175 2
517215 0.22 2
425051 0.2225 2
345858 0.225 2
337457 0.2275 2
342165 0.23 2
369639 0.2325 2
413013 0.235 2
440476 0.2375 2
519469 0.24 2
602586 0.2425 2
687091 0.245 2
778480 0.2475 2
777128 0.25 2
724034 0.2525 2
686319 0.255 2
575419 0.2575 2
493061 0.26 2
390613 0.2625 2
317834 0.265 2
270312 0.2675 2
252268 0.27 2
275768 0.2725 2
318272 0.275 2
400147 0.2775 2
548656 0.28 2
750360 0.2825 2
943313 0.285 2
1.13957e+06 0.2875 2
1.28935e+06 0.29 2
1.41215e+06 0.2925 2
1.52385e+06 0.295 2
1.59889e+06 0.2975 2
1.49115e+06 0.3 2
1.33712e+06 0.3025 2
1.13876e+06 0.305 2
872258 0.3075 2
658056 0.31 2
464780 0.3125 2
347707 0.315 2
7.11824e+06 0.075 3
8.54012e+06 0.0775 3
1.23637e+07 0.08 3
1.76153e+07 0.0825 3
2.24853e+07 0.085 3
2.516e+07 0.0875 3
2.46708e+07 0.09 3
2.13214e+07 0.0925 3
1.64862e+07 0.095 3
1.191e+07 0.0975 3
8.90047e+06 0.1 3
7.82887e+06 0.1025 3
8.15067e+06 0.105 3
8.87782e+06 0.1075 3
9.18309e+06 0.11 3
8.79283e+06 0.1125 3
7.83431e+06 0.115 3
6.84769e+06 0.1175 3
6.35108e+06 0.12 3
6.17634e+06 0.1225 3
6.30313e+06 0.125 3
5.92529e+06 0.1275 3
5.26504e+06 0.13 3
4.3871e+06 0.1325 3
3.21415e+06 0.135 3
2.44331e+06 0.1375 3
1.74994e+06 0.14 3
1.56167e+06 0.1425 3
1.5196e+06 0.145 3
1.35007e+06 0.1475 3
1.18294e+06 0.15 3
759162 0.1525 3
448620 0.155 3
237779 0.1575 3
216566 0.16 3
357653 0.1625 3
609247 0.165 3
982736 0.1675 3
1.2499e+06 0.17 3
1.35776e+06 0.1725 3
1.38467e+06 0.175 3
1.40569e+06 0.1775 3
1.25357e+06 0.18 3
1.02784e+06 0.1825 3
868421 0.185 3
701952 0.1875 3
579294 0.19 3
766130 0.1925 3
982927 0.195 3
1.23732e+06 0.1975 3
1.63194e+06 0.2 3
1.90631e+06 0.2025 3
2.10096e+06 0.205 3
2.23939e+06 0.2075 3
2.1603e+06 0.21 3
1.83486e+06 0.2125 3
1.60501e+06 0.215 3
1.23519e+06 0.2175 3
896539 0.22 3
679536 0.2225 3
507154 0.225 3
442029 0.2275 3
447936 0.23 3
443431 0.2325 3
440082 0.235 3
423176 0.2375 3
353172 0.24 3
304757 0.2425 3
231952 0.245 3
212402 0.2475 3
216276 0.25 3
218154 0.2525 3
235147 0.255 3
234592 0.2575 3
239287 0.26 3
254757 0.2625 3
267162 0.265 3
333037 0.2675 3
386006 0.27 3
448202 0.2725 3
446450 0.275 3
460969 0.2775 3
444506 0.28 3
483985 0.2825 3
459046 0.285 3
481621 0.2875 3
542382 0.29 3
627337 0.2925 3
721926 0.295 3
799174 0.2975 3
918620 0.3 3
1.00665e+06 0.3025 3
1.08745e+06 0.305 3
1.17812e+06 0.3075 3
1.22528e+06 0.31 3
1.23316e+06 0.3125 3
1.19483e+06 0.315 3
1.09803e+06 0.0675 4
1.12568e+06 0.07 4
1.42881e+06 0.0725 4
1.67333e+06 0.075 4
1.76159e+06 0.0775 4
1.83983e+06 0.08 4
1.85794e+06 0.0825 4
1.98131e+06 0.085 4
2.01422e+06 0.0875 4
1.90954e+06 0.09 4
1.78802e+06 0.0925 4
1.75226e+06 0.095 4
1.84445e+06 0.0975 4
2.14092e+06 0.1 4
2.472e+06 0.1025 4
3.83237e+06 0.105 4
5.55855e+06 0.1075 4
7.4562e+06 0.11 4
8.96976e+06 0.1125 4
1.04546e+07 0.115 4
1.03722e+07 0.1175 4
9.64453e+06 0.12 4
8.3026e+06 0.1225 4
7.00524e+06 0.125 4
5.6484e+06 0.1275 4
4.15235e+06 0.13 4
3.45976e+06 0.1325 4
2.78943e+06 0.135 4
2.2047e+06 0.1375 4
1.66181e+06 0.14 4
1.33596e+06 0.1425 4
1.11258e+06 0.145 4
890511 0.1475 4
999616 0.15 4
1.40554e+06 0.1525 4
1.79992e+06 0.155 4
2.03851e+06 0.1575 4
2.13486e+06 0.16 4
1.98282e+06 0.1625 4
1.73269e+06 0.165 4
1.60738e+06 0.1675 4
1.78227e+06 0.17 4
2.22898e+06 0.1725 4
2.86551e+06 0.175 4
3.5987e+06 0.1775 4
4.24115e+06 0.18 4
4.57308e+06 0.1825 4
4.56651e+06 0.185 4
4.38718e+06 0.1875 4
3.87482e+06 0.19 4
3.13734e+06 0.1925 4
2.42075e+06 0.195 4
1.76887e+06 0.1975 4
1.1674e+06 0.2 4
792231 0.2025 4
636151 0.205 4
550738 0.2075 4
574417 0.21 4
678391 0.2125 4
702814 0.215 4
710107 0.2175 4
709555 0.22 4
704032 0.2225 4
702661 0.225 4
687656 0.2275 4
690133 0.23 4
701231 0.2325 4
656692 0.235 4
629874 0.2375 4
564097 0.24 4
529977 0.2425 4
561264 0.245 4
590672 0.2475 4
620744 0.25 4
719152 0.2525 4
797448 0.255 4
911542 0.2575 4
1.04801e+06 0.26 4
1.09812e+06 0.2625 4
1.1022e+06 0.265 4
1.00458e+06 0.2675 4
869496 0.27 4
749381 0.2725 4
681065 0.275 4
692766 0.2775 4
752142 0.28 4
771798 0.2825 4
771123 0.285 4
690663 0.2875 4
558263 0.29 4
474549 0.2925 4
423710 0.295 4
416903 0.2975 4
444830 0.3 4
474036 0.3025 4
495309 0.305 4
534380 0.3075 4
589992 0.31 4
666509 0.3125 4
1.14072e+06 0.0575 5
689449 0.06 5
608949 0.0625 5
860588 0.065 5
1.24274e+06 0.0675 5
1.51835e+06 0.07 5
1.54386e+06 0.0725 5
1.32995e+06 0.075 5
1.01089e+06 0.0775 5
752568 0.08 5
659111 0.0825 5
729737 0.085 5
881008 0.0875 5
1.00971e+06 0.09 5
1.05238e+06 0.0925 5
1.00763e+06 0.095 5
916612 0.0975 5
824097 0.1 5
750637 0.1025 5
692162 0.105 5
639994 0.1075 5
599233 0.11 5
587432 0.1125 5
614179 0.115 5
660338 0.1175 5
678400 0.12 5
619714 0.1225 5
471739 0.125 5
277253 0.1275 5
123832 0.13 5
70111.5 0.1325 5
112836 0.135 5
211572 0.1375 5
371164 0.14 5
371502 0.1425 5
446426 0.145 5
399218 0.1475 5
597608 0.15 5
829145 0.1525 5
1.22725e+06 0.155 5
1.6688e+06 0.1575 5
1.82358e+06 0.16 5
1.71165e+06 0.1625 5
1.60494e+06 0.165 5
1.6535e+06 0.1675 5
1.85945e+06 0.17 5
1.88578e+06 0.1725 5
2.15351e+06 0.175 5
1.91597e+06 0.1775 5
1.64967e+06 0.18 5
1.09196e+06 0.1825 5
537710 0.185 5
163758 0.1875 5
161384 0.19 5
424099 0.1925 5
929523 0.195 5
1.30152e+06 0.1975 5
1.57355e+06 0.2 5
1.60083e+06 0.2025 5
1.59082e+06 0.205 5
1.58208e+06 0.2075 5
1.62638e+06 0.21 5
1.71937e+06 0.2125 5
1.78159e+06 0.215 5
1.64512e+06 0.2175 5
1.45835e+06 0.22 5
1.13703e+06 0.2225 5
870470 0.225 5
571580 0.2275 5
387372 0.23 5
236577 0.2325 5
153875 0.235 5
145022 0.2375 5
195083 0.24 5
281448 0.2425 5
445466 0.245 5
628759 0.2475 5
809767 0.25 5
918013 0.2525 5
929899 0.255 5
930141 0.2575 5
980397 0.26 5
1.07437e+06 0.2625 5
1.06304e+06 0.265 5
1.06647e+06 0.2675 5
1.08034e+06 0.27 5
1.14431e+06 0.2725 5
1.20365e+06 0.275 5
1.28616e+06 0.2775 5
1.36946e+06 0.28 5
1.46574e+06 0.2825 5
1.44671e+06 0.285 5
1.30426e+06 0.2875 5
1.1601e+06 0.29 5
1.02148e+06 0.2925 5
945262 0.295 5
933681 0.2975 5
958939 0.3 5
960844 0.3025 5
900768 0.305 5
773008 0.3075 5
618365 0.31 5
0 0.04 6
0 0.0425 6
0 0.045 6
0 0.0475 6
0 0.05 6
0 0.0525 6
3247.62 0.055 6
8994.27 0.0575 6
16614.6 0.06 6
17869 0.0625 6
135482 0.065 6
377861 0.0675 6
517239 0.07 6
769028 0.0725 6
1.06906e+06 0.075 6
1.38051e+06 0.0775 6
1.94722e+06 0.08 6
2.17145e+06 0.0825 6
2.38708e+06 0.085 6
2.71269e+06 0.0875 6
2.94458e+06 0.09 6
3.1133e+06 0.0925 6
3.19299e+06 0.095 6
2.74609e+06 0.0975 6
2.2072e+06 0.1 6
1.94844e+06 0.1025 6
1.633e+06 0.105 6
1.244e+06 0.1075 6
1.05156e+06 0.11 6
1.0254e+06 0.1125 6
858615 0.115 6
717574 0.1175 6
674254 0.12 6
582085 0.1225 6
459314 0.125 6
334773 0.1275 6
228992 0.13 6
176323 0.1325 6
223925 0.135 6
343280 0.1375 6
483482 0.14 6
553255 0.1425 6
654918 0.145 6
664491 0.1475 6
677926 0.15 6
769629 0.1525 6
895260 0.155 6
1.07285e+06 0.1575 6
1.3757e+06 0.16 6
1.776e+06 0.1625 6
2.11967e+06 0.165 6
2.36049e+06 0.1675 6
2.28578e+06 0.17 6
1.97562e+06 0.1725 6
1.5531e+06 0.175 6
1.04094e+06 0.1775 6
594688 0.18 6
293583 0.1825 6
223527 0.185 6
388243 0.1875 6
712281 0.19 6
1.18586e+06 0.1925 6
1.57189e+06 0.195 6
1.83957e+06 0.1975 6
1.93791e+06 0.2 6
1.7564e+06 0.2025 6
1.54666e+06 0.205 6
1.23295e+06 0.2075 6
941802 0.21 6
769667 0.2125 6
663860 0.215 6
621119 0.2175 6
704616 0.22 6
806423 0.2225 6
884984 0.225 6
860489 0.2275 6
775726 0.23 6
686868 0.2325 6
586890 0.235 6
421732 0.2375 6
362053 0.24 6
371874 0.2425 6
384108 0.245 6
446933 0.2475 6
569383 0.25 6
729502 0.2525 6
993210 0.255 6
1.33e+06 0.2575 6
1.6703e+06 0.26 6
1.91778e+06 0.2625 6
2.07339e+06 0.265 6
2.11766e+06 0.2675 6
2.03e+06 0.27 6
1.8412e+06 0.2725 6
1.60512e+06 0.275 6
1.37408e+06 0.2775 6
1.21577e+06 0.28 6
1.12115e+06 0.2825 6
1.02105e+06 0.285 6
984162 0.2875 6
982187 0.29 6
945973 0.2925 6
911788 0.295 6
835273 0.2975 6
755098 0.3 6
616351 0.3025 6
483153 0.305 6
366720 0.3075 6
14247.6 0.0125 7
54892.7 0.015 7
101834 0.0175 7
267173 0.02 7
473074 0.0225 7
758871 0.025 7
916123 0.0275 7
1.09779e+06 0.03 7
1.01927e+06 0.0325 7
792204 0.035 7
493284 0.0375 7
215681 0.04 7
68313.9 0.0425 7
91069 0.045 7
238089 0.0475 7
404141 0.05 7
486667 0.0525 7
448155 0.055 7
340685 0.0575 7
275706 0.06 7
355285 0.0625 7
605572 0.065 7
953149 0.0675 7
1.25938e+06 0.07 7
1.39273e+06 0.0725 7
1.29642e+06 0.075 7
1.01304e+06 0.0775 7
655539 0.08 7
346767 0.0825 7
166097 0.085 7
132144 0.0875 7
223030 0.09 7
410326 0.0925 7
677186 0.095 7
1.00799e+06 0.0975 7
1.36249e+06 0.1 7
1.66233e+06 0.1025 7
1.8097e+06 0.105 7
1.73347e+06 0.1075 7
1.43429e+06 0.11 7
998947 0.1125 7
554451 0.115 7
238390 0.1175 7
90226.1 0.12 7
103967 0.1225 7
127608 0.125 7
126572 0.1275 7
140391 0.13 7
81356.6 0.1325 7
131719 0.135 7
214389 0.1375 7
294104 0.14 7
387124 0.1425 7
472201 0.145 7
573100 0.1475 7
763284 0.15 7
1.04136e+06 0.1525 7
1.35923e+06 0.155 7
1.65393e+06 0.1575 7
1.80647e+06 0.16 7
1.69502e+06 0.1625 7
1.31858e+06 0.165 7
966942 0.1675 7
545774 0.17 7
246197 0.1725 7
179287 0.175 7
229999 0.1775 7
386437 0.18 7
571938 0.1825 7
883444 0.185 7
1.19006e+06 0.1875 7
1.43253e+06 0.19 7
1.77667e+06 0.1925 7
2.0214e+06 0.195 7
2.60413e+06 0.1975 7
2.75189e+06 0.2 7
2.63059e+06 0.2025 7
2.4267e+06 0.205 7
2.06249e+06 0.2075 7
1.64884e+06 0.21 7
1.43758e+06 0.2125 7
1.1275e+06 0.215 7
890605 0.2175 7
641523 0.22 7
522310 0.2225 7
472980 0.225 7
488429 0.2275 7
581027 0.23 7
633608 0.2325 7
769630 0.235 7
823307 0.2375 7
876920 0.24 7
959472 0.2425 7
1.04655e+06 0.245 7
1.07165e+06 0.2475 7
1.03105e+06 0.25 7
888645 0.2525 7
757347 0.255 7
643726 0.2575 7
600937 0.26 7
595121 0.2625 7
687256 0.265 7
780036 0.2675 7
792670 0.27 7
765382 0.2725 7
677166 0.275 7
594607 0.2775 7
521126 0.28 7
536563 0.2825 7
580065 0.285 7
654241 0.2875 7
705601 0.29 7
734546 0.2925 7
681077 0.295 7
593342 0.2975 7
487747 0.3 7
380563 0.3025 7
342664 0.305 7
0 0.01 8
0 0.0125 8
0 0.015 8
0 0.0175 8
0 0.02 8
0 0.0225 8
0 0.025 8
15.6419 0.0275 8
25208.2 0.03 8
77931.6 0.0325 8
36775.6 0.035 8
153760 0.0375 8
317673 0.04 8
488856 0.0425 8
695091 0.045 8
1.11686e+06 0.0475 8
1.43737e+06 0.05 8
1.60151e+06 0.0525 8
1.58443e+06 0.055 8
1.64127e+06 0.0575 8
1.5575e+06 0.06 8
1.33523e+06 0.0625 8
1.04938e+06 0.065 8
744156 0.0675 8
389969 0.07 8
241328 0.0725 8
84622.6 0.075 8
28012.1 0.0775 8
59791.3 0.08 8
130426 0.0825 8
205322 0.085 8
264036 0.0875 8
275863 0.09 8
245615 0.0925 8
178256 0.095 8
137165 0.0975 8
144419 0.1 8
252932 0.1025 8
467472 0.105 8
746322 0.1075 8
970293 0.11 8
993140 0.1125 8
945941 0.115 8
838263 0.1175 8
765134 0.12 8
647799 0.1225 8
597520 0.125 8
649687 0.1275 8
715412 0.13 8
704841 0.1325 8
612527 0.135 8
474022 0.1375 8
325674 0.14 8
253655 0.1425 8
305136 0.145 8
417415 0.1475 8
643764 0.15 8
792061 0.1525 8
883973 0.155 8
848954 0.1575 8
715101 0.16 8
671640 0.1625 8
637689 0.165 8
679778 0.1675 8
894996 0.17 8
1.01443e+06 0.1725 8
1.1087e+06 0.175 8
1.05464e+06 0.1775 8
890474 0.18 8
703329 0.1825 8
526953 0.185 8
577824 0.1875 8
761106 0.19 8
948761 0.1925 8
1.19326e+06 0.195 8
1.4702e+06 0.1975 8
1.6003e+06 0.2 8
1.55224e+06 0.2025 8
1.31471e+06 0.205 8
917587 0.2075 8
641944 0.21 8
501129 0.2125 8
582373 0.215 8
928536 0.2175 8
1.2869e+06 0.22 8
1.554e+06 0.2225 8
1.71517e+06 0.225 8
1.76516e+06 0.2275 8
1.60831e+06 0.23 8
1.43449e+06 0.2325 8
1.31092e+06 0.235 8
1.35124e+06 0.2375 8
1.37334e+06 0.24 8
1.46655e+06 0.2425 8
1.56856e+06 0.245 8
1.53528e+06 0.2475 8
1.48706e+06 0.25 8
1.40107e+06 0.2525 8
1.29307e+06 0.255 8
1.20979e+06 0.2575 8
1.14044e+06 0.26 8
1.17147e+06 0.2625 8
1.19894e+06 0.265 8
1.1563e+06 0.2675 8
1.18434e+06 0.27 8
1.19019e+06 0.2725 8
1.12261e+06 0.275 8
1.03066e+06 0.2775 8
886923 0.28 8
761470 0.2825 8
626904 0.285 8
534979 0.2875 8
491506 0.29 8
460570 0.2925 8
457357 0.295 8
470598 0.2975 8
0 0.01 9
0 0.0125 9
0 0.015 9
0 0.0175 9
0 0.02 9
0 0.0225 9
0 0.025 9
0 0.0275 9
0 0.03 9
0 0.0325 9
0 0.035 9
6857.72 0.0375 9
4661.9 0.04 9
77604 0.0425 9
241882 0.045 9
374350 0.0475 9
366186 0.05 9
659328 0.0525 9
1.00629e+06 0.055 9
1.38054e+06 0.0575 9
1.54017e+06 0.06 9
1.58435e+06 0.0625 9
1.60747e+06 0.065 9
1.23042e+06 0.0675 9
950418 0.07 9
640269 0.0725 9
317960 0.075 9
67069.1 0.0775 9
799.742 0.08 9
79638 0.0825 9
276705 0.085 9
446663 0.0875 9
580948 0.09 9
590349 0.0925 9
532952 0.095 9
532399 0.0975 9
844451 0.1 9
1.17028e+06 0.1025 9
1.87227e+06 0.105 9
2.49255e+06 0.1075 9
2.9485e+06 0.11 9
3.14088e+06 0.1125 9
2.95523e+06 0.115 9
2.4628e+06 0.1175 9
1.73052e+06 0.12 9
1.19151e+06 0.1225 9
861264 0.125 9
630489 0.1275 9
499939 0.13 9
419251 0.1325 9
486162 0.135 9
560558 0.1375 9
639175 0.14 9
802504 0.1425 9
961564 0.145 9
1.19987e+06 0.1475 9
1.32855e+06 0.15 9
1.47833e+06 0.1525 9
1.62319e+06 0.155 9
1.81241e+06 0.1575 9
2.18446e+06 0.16 9
2.46039e+06 0.1625 9
2.71907e+06 0.165 9
2.76648e+06 0.1675 9
2.61268e+06 0.17 9
2.42191e+06 0.1725 9
2.05311e+06 0.175 9
1.93386e+06 0.1775 9
1.85297e+06 0.18 9
2.04157e+06 0.1825 9
2.27372e+06 0.185 9
2.53744e+06 0.1875 9
2.73236e+06 0.19 9
2.74912e+06 0.1925 9
2.49886e+06 0.195 9
1.99833e+06 0.1975 9
1.38886e+06 0.2 9
771156 0.2025 9
378959 0.205 9
240671 0.2075 9
406492 0.21 9
815676 0.2125 9
1.30466e+06 0.215 9
1.69198e+06 0.2175 9
1.90398e+06 0.22 9
2.05859e+06 0.2225 9
2.16268e+06 0.225 9
2.31761e+06 0.2275 9
2.46251e+06 0.23 9
2.78008e+06 0.2325 9
2.82278e+06 0.235 9
2.9052e+06 0.2375 9
2.62984e+06 0.24 9
2.25257e+06 0.2425 9
1.8157e+06 0.245 9
1.43823e+06 0.2475 9
1.21653e+06 0.25 9
1.18097e+06 0.2525 9
1.13063e+06 0.255 9
1.10418e+06 0.2575 9
1.04329e+06 0.26 9
923226 0.2625 9
738840 0.265 9
613860 0.2675 9
564236 0.27 9
589258 0.2725 9
761730 0.275 9
915217 0.2775 9
1.08885e+06 0.28 9
1.21827e+06 0.2825 9
1.23397e+06 0.285 9
1.16347e+06 0.2875 9
987827 0.29 9
759868 0.2925 9
282924 0.01 10
542515 0.0125 10
833825 0.015 10
1.07872e+06 0.0175 10
1.21062e+06 0.02 10
1.20751e+06 0.0225 10
1.10282e+06 0.025 10
968814 0.0275 10
882436 0.03 10
892051 0.0325 10
1.00085e+06 0.035 10
1.17216e+06 0.0375 10
1.35005e+06 0.04 10
1.48281e+06 0.0425 10
1.53853e+06 0.045 10
1.50902e+06 0.0475 10
1.40485e+06 0.05 10
1.24722e+06 0.0525 10
1.06075e+06 0.055 10
868611 0.0575 10
689427 0.06 10
535884 0.0625 10
415596 0.065 10
334461 0.0675 10
300580 0.07 10
325025 0.0725 10
416435 0.075 10
570491 0.0775 10
760343 0.08 10
936172 0.0825 10
1.03859e+06 0.085 10
1.02242e+06 0.0875 10
879340 0.09 10
646190 0.0925 10
391649 0.095 10
186563 0.0975 10
73134.2 0.1 10
50053.6 0.1025 10
81728.2 0.105 10
125351 0.1075 10
158618 0.11 10
190813 0.1125 10
251065 0.115 10
362838 0.1175 10
522766 0.12 10
700784 0.1225 10
851249 0.125 10
946808 0.1275 10
1.00683e+06 0.13 10
1.05883e+06 0.1325 10
1.10416e+06 0.135 10
1.11758e+06 0.1375 10
1.20269e+06 0.14 10
1.16212e+06 0.1425 10
1.21705e+06 0.145 10
1.3023e+06 0.1475 10
1.31075e+06 0.15 10
1.53205e+06 0.1525 10
1.82763e+06 0.155 10
2.09455e+06 0.1575 10
2.07177e+06 0.16 10
1.91353e+06 0.1625 10
1.56281e+06 0.165 10
1.18999e+06 0.1675 10
1.22349e+06 0.17 10
1.52201e+06 0.1725 10
2.24593e+06 0.175 10
3.09982e+06 0.1775 10
3.87614e+06 0.18 10
4.21566e+06 0.1825 10
4.23858e+06 0.185 10
3.81918e+06 0.1875 10
3.40788e+06 0.19 10
2.89602e+06 0.1925 10
2.68804e+06 0.195 10
2.62834e+06 0.1975 10
2.57644e+06 0.2 10
2.7202e+06 0.2025 10
2.46093e+06 0.205 10
2.02182e+06 0.2075 10
1.56093e+06 0.21 10
1.07521e+06 0.2125 10
684999 0.215 10
472185 0.2175 10
394636 0.22 10
486099 0.2225 10
585199 0.225 10
705910 0.2275 10
782799 0.23 10
835159 0.2325 10
795560 0.235 10
786838 0.2375 10
822175 0.24 10
860021 0.2425 10
855151 0.245 10
791428 0.2475 10
660954 0.25 10
511996 0.2525 10
394719 0.255 10
360146 0.2575 10
455740 0.26 10
660883 0.2625 10
894572 0.265 10
1.04689e+06 0.2675 10
1.09531e+06 0.27 10
963175 0.2725 10
745989 0.275 10
512366 0.2775 10
294092 0.28 10
134295 0.2825 10
87990.7 0.285 10
81489.6 0.2875 10
0 0.01 11
0 0.0125 11
0 0.015 11
0 0.0175 11
0 0.02 11
0 0.0225 11
0 0.025 11
0 0.0275 11
0 0.03 11
0 0.0325 11
0 0.035 11
0 0.0375 11
0 0.04 11
0 0.0425 11
0 0.045 11
0 0.0475 11
0 0.05 11
0 0.0525 11
0 0.055 11
0 0.0575 11
11014.3 0.06 11
26222.8 0.0625 11
39171.2 0.065 11
39602.6 0.0675 11
93161.1 0.07 11
178726 0.0725 11
202827 0.075 11
340199 0.0775 11
466152 0.08 11
617930 0.0825 11
985911 0.085 11
1.12406e+06 0.0875 11
1.33658e+06 0.09 11
1.49281e+06 0.0925 11
1.76482e+06 0.095 11
1.87207e+06 0.0975 11
1.86485e+06 0.1 11
1.48692e+06 0.1025 11
1.17919e+06 0.105 11
726979 0.1075 11
460563 0.11 11
271647 0.1125 11
259559 0.115 11
411518 0.1175 11
663982 0.12 11
919175 0.1225 11
1.01209e+06 0.125 11
1.09449e+06 0.1275 11
1.05718e+06 0.13 11
833589 0.1325 11
631124 0.135 11
571692 0.1375 11
609821 0.14 11
817538 0.1425 11
1.22975e+06 0.145 11
1.7068e+06 0.1475 11
2.23263e+06 0.15 11
2.71982e+06 0.1525 11
3.17127e+06 0.155 11
3.41685e+06 0.1575 11
3.6327e+06 0.16 11
3.60748e+06 0.1625 11
3.57639e+06 0.165 11
3.32945e+06 0.1675 11
2.96251e+06 0.17 11
2.57042e+06 0.1725 11
2.21533e+06 0.175 11
1.9387e+06 0.1775 11
1.63718e+06 0.18 11
1.38143e+06 0.1825 11
1.12751e+06 0.185 11
959885 0.1875 11
705341 0.19 11
478286 0.1925 11
326110 0.195 11
282055 0.1975 11
353119 0.2 11
502404 0.2025 11
652614 0.205 11
748474 0.2075 11
765154 0.21 11
697229 0.2125 11
588601 0.215 11
460889 0.2175 11
374631 0.22 11
344847 0.2225 11
321913 0.225 11
329280 0.2275 11
353098 0.23 11
344852 0.2325 11
349211 0.235 11
333632 0.2375 11
328783 0.24 11
294147 0.2425 11
276468 0.245 11
291628 0.2475 11
324377 0.25 11
412850 0.2525 11
477388 0.255 11
602847 0.2575 11
724198 0.26 11
750990 0.2625 11
720816 0.265 11
609697 0.2675 11
495618 0.27 11
403134 0.2725 11
300459 0.275 11
254133 0.2775 11
238598 0.28 11
261239 0.2825 11
52402.8 0.01 12
215159 0.0125 12
474883 0.015 12
940324 0.0175 12
1.5276e+06 0.02 12
2.12079e+06 0.0225 12
2.59043e+06 0.025 12
2.81474e+06 0.0275 12
2.74038e+06 0.03 12
2.4023e+06 0.0325 12
1.90463e+06 0.035 12
1.37474e+06 0.0375 12
915277 0.04 12
576932 0.0425 12
359442 0.045 12
232268 0.0475 12
158509 0.05 12
109753 0.0525 12
70111 0.055 12
35683.7 0.0575 12
15604.1 0.06 12
34232.3 0.0625 12
128052 0.065 12
331650 0.0675 12
655228 0.07 12
1.06529e+06 0.0725 12
1.48269e+06 0.075 12
1.80449e+06 0.0775 12
1.9423e+06 0.08 12
1.8586e+06 0.0825 12
1.58222e+06 0.085 12
1.19479e+06 0.0875 12
795943 0.09 12
465614 0.0925 12
241599 0.095 12
119793 0.0975 12
71585.3 0.1 12
65209.1 0.1025 12
79490.4 0.105 12
106478 0.1075 12
147261 0.11 12
207694 0.1125 12
297322 0.115 12
430979 0.1175 12
627756 0.12 12
881648 0.1225 12
1.2046e+06 0.125 12
1.57136e+06 0.1275 12
1.96243e+06 0.13 12
2.26404e+06 0.1325 12
2.45605e+06 0.135 12
2.63348e+06 0.1375 12
2.69054e+06 0.14 12
2.73826e+06 0.1425 12
2.68902e+06 0.145 12
2.65426e+06 0.1475 12
2.65541e+06 0.15 12
2.59293e+06 0.1525 12
2.68921e+06 0.155 12
2.86675e+06 0.1575 12
2.96931e+06 0.16 12
2.80064e+06 0.1625 12
2.60305e+06 0.165 12
2.16362e+06 0.1675 12
1.62787e+06 0.17 12
1.15166e+06 0.1725 12
798611 0.175 12
748785 0.1775 12
877221 0.18 12
1.06535e+06 0.1825 12
1.23721e+06 0.185 12
1.16327e+06 0.1875 12
1.05196e+06 0.19 12
953328 0.1925 12
794836 0.195 12
996549 0.1975 12
1.2994e+06 0.2 12
1.53434e+06 0.2025 12
1.55752e+06 0.205 12
1.27967e+06 0.2075 12
903036 0.21 12
486259 0.2125 12
177969 0.215 12
109880 0.2175 12
327707 0.22 12
641008 0.2225 12
984868 0.225 12
1.19837e+06 0.2275 12
1.23596e+06 0.23 12
1.11715e+06 0.2325 12
890305 0.235 12
619878 0.2375 12
424277 0.24 12
295221 0.2425 12
266031 0.245 12
272656 0.2475 12
324533 0.25 12
381621 0.2525 12
384770 0.255 12
383133 0.2575 12
324783 0.26 12
217357 0.2625 12
139594 0.265 12
101098 0.2675 12
110574 0.27 12
140896 0.2725 12
178004 0.275 12
0 0.01 13
0 0.0125 13
0 0.015 13
0 0.0175 13
0 0.02 13
0 0.0225 13
0 0.025 13
0 0.0275 13
0 0.03 13
4968.3 0.0325 13
52109.2 0.035 13
137423 0.0375 13
248879 0.04 13
571484 0.0425 13
863009 0.045 13
1.16076e+06 0.0475 13
1.56621e+06 0.05 13
1.71537e+06 0.0525 13
1.98302e+06 0.055 13
2.0627e+06 0.0575 13
2.04913e+06 0.06 13
1.86862e+06 0.0625 13
1.63573e+06 0.065 13
1.37824e+06 0.0675 13
1.46791e+06 0.07 13
1.80422e+06 0.0725 13
2.10858e+06 0.075 13
2.28797e+06 0.0775 13
2.5335e+06 0.08 13
2.5824e+06 0.0825 13
2.37779e+06 0.085 13
1.98613e+06 0.0875 13
1.72325e+06 0.09 13
1.4716e+06 0.0925 13
1.26309e+06 0.095 13
1.11178e+06 0.0975 13
959106 0.1 13
821752 0.1025 13
588983 0.105 13
330896 0.1075 13
185609 0.11 13
91963.7 0.1125 13
63432.5 0.115 13
55685.8 0.1175 13
81555.9 0.12 13
179162 0.1225 13
283165 0.125 13
413291 0.1275 13
552089 0.13 13
719510 0.1325 13
739375 0.135 13
784818 0.1375 13
659776 0.14 13
574796 0.1425 13
615466 0.145 13
559925 0.1475 13
482165 0.15 13
516282 0.1525 13
606545 0.155 13
850819 0.1575 13
1.44461e+06 0.16 13
2.12746e+06 0.1625 13
2.78355e+06 0.165 13
3.53274e+06 0.1675 13
4.26349e+06 0.17 13
4.4779e+06 0.1725 13
4.34153e+06 0.175 13
3.98577e+06 0.1775 13
3.51192e+06 0.18 13
3.1001e+06 0.1825 13
2.6925e+06 0.185 13
2.28828e+06 0.1875 13
1.87882e+06 0.19 13
1.52043e+06 0.1925 13
1.1738e+06 0.195 13
869998 0.1975 13
723629 0.2 13
679900 0.2025 13
805496 0.205 13
963977 0.2075 13
1.10544e+06 0.21 13
1.16635e+06 0.2125 13
1.17717e+06 0.215 13
1.2142e+06 0.2175 13
1.20303e+06 0.22 13
1.27526e+06 0.2225 13
1.35845e+06 0.225 13
1.32649e+06 0.2275 13
1.23209e+06 0.23 13
963664 0.2325 13
779436 0.235 13
716719 0.2375 13
778631 0.24 13
919277 0.2425 13
1.07974e+06 0.245 13
1.16177e+06 0.2475 13
1.04781e+06 0.25 13
777847 0.2525 13
498659 0.255 13
274383 0.2575 13
155345 0.26 13
151555 0.2625 13
193915 0.265 13
241176 0.2675 13
0 0.02 14
0 0.0225 14
0 0.025 14
0 0.0275 14
0 0.03 14
203.069 0.0325 14
1423.35 0.035 14
29927.4 0.0375 14
44729.6 0.04 14
144655 0.0425 14
235267 0.045 14
420056 0.0475 14
578844 0.05 14
804956 0.0525 14
909027 0.055 14
1.07301e+06 0.0575 14
1.13235e+06 0.06 14
1.21321e+06 0.0625 14
1.11796e+06 0.065 14
985901 0.0675 14
883435 0.07 14
778662 0.0725 14
651487 0.075 14
522338 0.0775 14
379638 0.08 14
325477 0.0825 14
244548 0.085 14
127336 0.0875 14
49847.3 0.09 14
28395.3 0.0925 14
51457.4 0.095 14
185239 0.0975 14
409965 0.1 14
754476 0.1025 14
951362 0.105 14
1.20812e+06 0.1075 14
1.39728e+06 0.11 14
1.73465e+06 0.1125 14
1.91619e+06 0.115 14
2.10092e+06 0.1175 14
2.15687e+06 0.12 14
2.03557e+06 0.1225 14
1.82906e+06 0.125 14
1.65149e+06 0.1275 14
1.35453e+06 0.13 14
1.10721e+06 0.1325 14
996255 0.135 14
1.14272e+06 0.1375 14
1.44818e+06 0.14 14
1.81685e+06 0.1425 14
2.14523e+06 0.145 14
2.35789e+06 0.1475 14
2.35987e+06 0.15 14
2.18937e+06 0.1525 14
1.75739e+06 0.155 14
1.38792e+06 0.1575 14
1.04409e+06 0.16 14
856995 0.1625 14
857837 0.165 14
1.00856e+06 0.1675 14
1.28133e+06 0.17 14
1.32604e+06 0.1725 14
1.3284e+06 0.175 14
1.11755e+06 0.1775 14
870888 0.18 14
589879 0.1825 14
418608 0.185 14
284989 0.1875 14
204891 0.19 14
181539 0.1925 14
170489 0.195 14
115094 0.1975 14
37294 0.2 14
39817.9 0.2025 14
137048 0.205 14
326230 0.2075 14
564225 0.21 14
781931 0.2125 14
922037 0.215 14
901630 0.2175 14
736981 0.22 14
516408 0.2225 14
355091 0.225 14
259688 0.2275 14
152462 0.23 14
175415 0.2325 14
217914 0.235 14
222373 0.2375 14
189108 0.24 14
113724 0.2425 14
69455.2 0.245 14
66507.1 0.2475 14
136120 0.25 14
232157 0.2525 14
322343 0.255 14
393083 0.2575 14
14902.6 0.0125 15
53537 0.015 15
137310 0.0175 15
269360 0.02 15
512153 0.0225 15
909316 0.025 15
1.5052e+06 0.0275 15
2.31161e+06 0.03 15
3.27751e+06 0.0325 15
4.27255e+06 0.035 15
5.10172e+06 0.0375 15
5.55695e+06 0.04 15
5.49267e+06 0.0425 15
4.89474e+06 0.045 15
3.90802e+06 0.0475 15
2.80176e+06 0.05 15
1.88021e+06 0.0525 15
1.3739e+06 0.055 15
1.35998e+06 0.0575 15
1.74825e+06 0.06 15
2.33855e+06 0.0625 15
2.91936e+06 0.065 15
3.35756e+06 0.0675 15
3.63515e+06 0.07 15
3.81908e+06 0.0725 15
3.98687e+06 0.075 15
4.15466e+06 0.0775 15
4.25085e+06 0.08 15
4.15107e+06 0.0825 15
3.75417e+06 0.085 15
3.05478e+06 0.0875 15
2.16976e+06 0.09 15
1.30152e+06 0.0925 15
656290 0.095 15
358993 0.0975 15
407087 0.1 15
683493 0.1025 15
1.0174e+06 0.105 15
1.25925e+06 0.1075 15
1.3334e+06 0.11 15
1.24843e+06 0.1125 15
1.06921e+06 0.115 15
873352 0.1175 15
715879 0.12 15
620171 0.1225 15
577603 0.125 15
538566 0.1275 15
503516 0.13 15
424718 0.1325 15
360814 0.135 15
289484 0.1375 15
265615 0.14 15
261615 0.1425 15
266016 0.145 15
499842 0.1475 15
743952 0.15 15
1.12318e+06 0.1525 15
1.50744e+06 0.155 15
1.71544e+06 0.1575 15
1.75153e+06 0.16 15
1.67416e+06 0.1625 15
1.38458e+06 0.165 15
1.05657e+06 0.1675 15
720043 0.17 15
582090 0.1725 15
569516 0.175 15
830797 0.1775 15
918332 0.18 15
1.15309e+06 0.1825 15
1.15971e+06 0.185 15
1.15052e+06 0.1875 15
1.12334e+06 0.19 15
1.01325e+06 0.1925 15
871896 0.195 15
619064 0.1975 15
392959 0.2 15
208426 0.2025 15
61514.4 0.205 15
120108 0.2075 15
305226 0.21 15
588373 0.2125 15
885010 0.215 15
1.08017e+06 0.2175 15
1.08686e+06 0.22 15
961396 0.2225 15
755924 0.225 15
528978 0.2275 15
396283 0.23 15
317314 0.2325 15
290122 0.235 15
311817 0.2375 15
354656 0.24 15
360226 0.2425 15
339046 0.245 15
337261 0.2475 15
0 0.0025 16
0 0.005 16
0 0.0075 16
0 0.01 16
0 0.0125 16
0 0.015 16
0 0.0175 16
0 0.02 16
0 0.0225 16
0 0.025 16
0 0.0275 16
0 0.03 16
0 0.0325 16
0 0.035 16
0 0.0375 16
0 0.04 16
0 0.0425 16
0 0.045 16
0 0.0475 16
0 0.05 16
0 0.0525 16
0 0.055 16
0 0.0575 16
3461.57 0.06 16
45581.8 0.0625 16
58228.7 0.065 16
113617 0.0675 16
126694 0.07 16
138180 0.0725 16
242416 0.075 16
388598 0.0775 16
471261 0.08 16
621520 0.0825 16
703477 0.085 16
738919 0.0875 16
699914 0.09 16
828873 0.0925 16
828220 0.095 16
868599 0.0975 16
947045 0.1 16
987532 0.1025 16
1.10153e+06 0.105 16
1.05499e+06 0.1075 16
963891 0.11 16
904987 0.1125 16
773458 0.115 16
752903 0.1175 16
739155 0.12 16
606016 0.1225 16
564774 0.125 16
650391 0.1275 16
806402 0.13 16
923950 0.1325 16
1.11096e+06 0.135 16
1.34129e+06 0.1375 16
1.51416e+06 0.14 16
1.61206e+06 0.1425 16
1.5748e+06 0.145 16
1.39076e+06 0.1475 16
1.05424e+06 0.15 16
796108 0.1525 16
755990 0.155 16
977424 0.1575 16
1.43759e+06 0.16 16
1.86965e+06 0.1625 16
2.17913e+06 0.165 16
2.25923e+06 0.1675 16
1.98339e+06 0.17 16
1.48496e+06 0.1725 16
892787 0.175 16
450624 0.1775 16
149164 0.18 16
65784.8 0.1825 16
131349 0.185 16
278894 0.1875 16
353932 0.19 16
357684 0.1925 16
329286 0.195 16
344797 0.1975 16
480553 0.2 16
732929 0.2025 16
1.03632e+06 0.205 16
1.29054e+06 0.2075 16
1.39798e+06 0.21 16
1.30984e+06 0.2125 16
1.05865e+06 0.215 16
757824 0.2175 16
496316 0.22 16
359087 0.2225 16
358291 0.225 16
464726 0.2275 16
602228 0.23 16
716920 0.2325 16
777289 0.235 16
745686 0.2375 16
3542.19 0.0025 17
51470 0.005 17
221449 0.0075 17
554749 0.01 17
995888 0.0125 17
1.39752e+06 0.015 17
1.5933e+06 0.0175 17
1.49276e+06 0.02 17
1.13536e+06 0.0225 17
668859 0.025 17
268188 0.0275 17
50129.4 0.03 17
37600.4 0.0325 17
188742 0.035 17
458963 0.0375 17
843515 0.04 17
1.36814e+06 0.0425 17
2.0395e+06 0.045 17
2.801e+06 0.0475 17
3.5367e+06 0.05 17
4.12779e+06 0.0525 17
4.52163e+06 0.055 17
4.75785e+06 0.0575 17
4.92405e+06 0.06 17
5.06739e+06 0.0625 17
5.12811e+06 0.065 17
4.95537e+06 0.0675 17
4.41257e+06 0.07 17
3.51294e+06 0.0725 17
2.49226e+06 0.075 17
1.75178e+06 0.0775 17
1.68001e+06 0.08 17
2.44076e+06 0.0825 17
3.84704e+06 0.085 17
5.40199e+06 0.0875 17
6.49934e+06 0.09 17
6.68744e+06 0.0925 17
5.86501e+06 0.095 17
4.3129e+06 0.0975 17
2.55287e+06 0.1 17
1.11193e+06 0.1025 17
310949 0.105 17
172189 0.1075 17
470971 0.11 17
883291 0.1125 17
1.14365e+06 0.115 17
1.13882e+06 0.1175 17
909641 0.12 17
585592 0.1225 17
293845 0.125 17
107966 0.1275 17
38145.5 0.13 17
27755.9 0.1325 17
79372.4 0.135 17
112351 0.1375 17
177278 0.14 17
179566 0.1425 17
178725 0.145 17
234219 0.1475 17
292742 0.15 17
352161 0.1525 17
377775 0.155 17
319380 0.1575 17
338981 0.16 17
348990 0.1625 17
350356 0.165 17
308089 0.1675 17
242115 0.17 17
198491 0.1725 17
150550 0.175 17
128193 0.1775 17
100925 0.18 17
143020 0.1825 17
216435 0.185 17
290454 0.1875 17
350054 0.19 17
394928 0.1925 17
456763 0.195 17
466873 0.1975 17
452799 0.2 17
478495 0.2025 17
481335 0.205 17
429055 0.2075 17
371643 0.21 17
298972 0.2125 17
209423 0.215 17
190458 0.2175 17
110809 0.22 17
54072.7 0.2225 17
44608.7 0.225 17
0 0.0025 18
0 0.005 18
0 0.0075 18
0 0.01 18
0 0.0125 18
0 0.015 18
0 0.0175 18
0 0.02 18
0 0.0225 18
0 0.025 18
0 0.0275 18
0 0.03 18
0 0.0325 18
0 0.035 18
127.029 0.0375 18
332.472 0.04 18
11874.9 0.0425 18
52558.2 0.045 18
128810 0.0475 18
221226 0.05 18
386490 0.0525 18
734882 0.055 18
1.14742e+06 0.0575 18
1.49358e+06 0.06 18
1.9472e+06 0.0625 18
2.2396e+06 0.065 18
2.47161e+06 0.0675 18
2.58637e+06 0.07 18
2.50719e+06 0.0725 18
2.25029e+06 0.075 18
1.94439e+06 0.0775 18
1.48098e+06 0.08 18
1.26444e+06 0.0825 18
1.06939e+06 0.085 18
1.05696e+06 0.0875 18
1.1471e+06 0.09 18
1.28448e+06 0.0925 18
1.32338e+06 0.095 18
1.25864e+06 0.0975 18
1.17635e+06 0.1 18
1.02114e+06 0.1025 18
841343 0.105 18
786176 0.1075 18
731131 0.11 18
688759 0.1125 18
788163 0.115 18
741348 0.1175 18
748524 0.12 18
768733 0.1225 18
806778 0.125 18
771860 0.1275 18
754823 0.13 18
730448 0.1325 18
692102 0.135 18
656139 0.1375 18
632666 0.14 18
652260 0.1425 18
668637 0.145 18
743453 0.1475 18
875604 0.15 18
1.0205e+06 0.1525 18
1.13104e+06 0.155 18
1.20373e+06 0.1575 18
1.23718e+06 0.16 18
1.16611e+06 0.1625 18
970439 0.165 18
718571 0.1675 18
447053 0.17 18
231953 0.1725 18
96189.7 0.175 18
33940 0.1775 18
37392.3 0.18 18
62458.1 0.1825 18
79987.8 0.185 18
92611.4 0.1875 18
126647 0.19 18
153315 0.1925 18
187093 0.195 18
197691 0.1975 18
188398 0.2 18
125115 0.2025 18
75792.1 0.205 18
40586.3 0.2075 18
100379 0.21 18
189364 0.2125 18
0 0.0025 19
0 0.005 19
0 0.0075 19
0 0.01 19
0 0.0125 19
0 0.015 19
0 0.0175 19
0 0.02 19
0 0.0225 19
0 0.025 19
8678.28 0.0275 19
14139.6 0.03 19
16623.5 0.0325 19
40854.6 0.035 19
99413.8 0.0375 19
136266 0.04 19
211915 0.0425 19
164998 0.045 19
134731 0.0475 19
96634.4 0.05 19
45347.1 0.0525 19
9961.84 0.055 19
7503.96 0.0575 19
50261.9 0.06 19
112545 0.0625 19
198230 0.065 19
323304 0.0675 19
404316 0.07 19
416066 0.0725 19
446881 0.075 19
469429 0.0775 19
502209 0.08 19
597500 0.0825 19
714083 0.085 19
854314 0.0875 19
1.01308e+06 0.09 19
1.16007e+06 0.0925 19
1.25472e+06 0.095 19
1.27254e+06 0.0975 19
1.1885e+06 0.1 19
991540 0.1025 19
712978 0.105 19
414024 0.1075 19
205744 0.11 19
72574.9 0.1125 19
108774 0.115 19
248159 0.1175 19
456889 0.12 19
572728 0.1225 19
605092 0.125 19
677240 0.1275 19
831976 0.13 19
1.05125e+06 0.1325 19
1.44736e+06 0.135 19
1.81145e+06 0.1375 19
2.04831e+06 0.14 19
2.2013e+06 0.1425 19
2.09594e+06 0.145 19
1.77973e+06 0.1475 19
1.33623e+06 0.15 19
984201 0.1525 19
692748 0.155 19
509835 0.1575 19
543612 0.16 19
560707 0.1625 19
590744 0.165 19
548232 0.1675 19
482035 0.17 19
413832 0.1725 19
335109 0.175 19
253344 0.1775 19
188956 0.18 19
141858 0.1825 19
129742 0.185 19
151424 0.1875 19
195536 0.19 19
244053 0.1925 19
263015 0.195 19
281099 0.1975 19
0 0.0025 20
0 0.005 20
0 0.0075 20
0 0.01 20
433.687 0.0125 20
517.531 0.015 20
3312.5 0.0175 20
7513.87 0.02 20
10871.1 0.0225 20
23744.8 0.025 20
61412.8 0.0275 20
84101.7 0.03 20
113700 0.0325 20
133552 0.035 20
155528 0.0375 20
161291 0.04 20
158813 0.0425 20
165105 0.045 20
206469 0.0475 20
309936 0.05 20
491080 0.0525 20
743656 0.055 20
1.03686e+06 0.0575 20
1.32301e+06 0.06 20
1.55314e+06 0.0625 20
1.6935e+06 0.065 20
1.73514e+06 0.0675 20
1.69201e+06 0.07 20
1.58966e+06 0.0725 20
1.45146e+06 0.075 20
1.2902e+06 0.0775 20
1.10901e+06 0.08 20
909317 0.0825 20
699191 0.085 20
495918 0.0875 20
321078 0.09 20
191857 0.0925 20
114743 0.095 20
85573.8 0.0975 20
94934.3 0.1 20
134014 0.1025 20
196148 0.105 20
273350 0.1075 20
351834 0.11 20
413073 0.1125 20
437958 0.115 20
419125 0.1175 20
365254 0.12 20
303210 0.1225 20
258319 0.125 20
246064 0.1275 20
252335 0.13 20
260021 0.1325 20
254451 0.135 20
237599 0.1375 20
243074 0.14 20
307030 0.1425 20
470038 0.145 20
705544 0.1475 20
995409 0.15 20
1.24761e+06 0.1525 20
1.40316e+06 0.155 20
1.42617e+06 0.1575 20
1.3127e+06 0.16 20
1.10409e+06 0.1625 20
836686 0.165 20
572724 0.1675 20
401834 0.17 20
322743 0.1725 20
327757 0.175 20
464283 0.1775 20
0 0.0025 21
0 0.005 21
0 0.0075 21
0 0.01 21
0 0.0125 21
0 0.015 21
0 0.0175 21
0 0.02 21
0 0.0225 21
0 0.025 21
0 0.0275 21
0 0.03 21
0 0.0325 21
0 0.035 21
0 0.0375 21
0 0.04 21
0 0.0425 21
0 0.045 21
0 0.0475 21
0 0.05 21
0 0.0525 21
9349.11 0.055 21
28013.5 0.0575 21
24221.6 0.06 21
33295.6 0.0625 21
69587.5 0.065 21
95356.7 0.0675 21
105207 0.07 21
149582 0.0725 21
197095 0.075 21
218904 0.0775 21
223653 0.08 21
224124 0.0825 21
244064 0.085 21
194159 0.0875 21
121796 0.09 21
118180 0.0925 21
148990 0.095 21
131806 0.0975 21
175011 0.1 21
215013 0.1025 21
259344 0.105 21
378808 0.1075 21
366620 0.11 21
390595 0.1125 21
415538 0.115 21
405243 0.1175 21
354835 0.12 21
281294 0.1225 21
231552 0.125 21
190442 0.1275 21
147022 0.13 21
143166 0.1325 21
150239 0.135 21
149634 0.1375 21
195241 0.14 21
268325 0.1425 21
350165 0.145 21
481078 0.1475 21
586344 0.15 21
680007 0.1525 21
689162 0.155 21
643107 0.1575 21
562417 0.16 21
35711.8 0.0025 22
135732 0.005 22
280485 0.0075 22
442570 0.01 22
592724 0.0125 22
705716 0.015 22
765420 0.0175 22
768639 0.02 22
726711 0.0225 22
663337 0.025 22
607558 0.0275 22
583025 0.03 22
597615 0.0325 22
638787 0.035 22
678265 0.0375 22
684903 0.04 22
639639 0.0425 22
544622 0.045 22
421538 0.0475 22
300279 0.05 22
204661 0.0525 22
143226 0.055 22
109469 0.0575 22
89755.7 0.06 22
72807 0.0625 22
54790.4 0.065 22
38119.5 0.0675 22
26782.3 0.07 22
22859.6 0.0725 22
26814.3 0.075 22
40182.4 0.0775 22
66899.5 0.08 22
110695 0.0825 22
169770 0.085 22
233172 0.0875 22
282955 0.09 22
302357 0.0925 22
285457 0.095 22
241908 0.0975 22
192979 0.1 22
160691 0.1025 22
156438 0.105 22
175857 0.1075 22
202680 0.11 22
218604 0.1125 22
212864 0.115 22
186137 0.1175 22
147717 0.12 22
109130 0.1225 22
78811.4 0.125 22
60584.8 0.1275 22
54691.4 0.13 22
59743.5 0.1325 22
74761.4 0.135 22
89609.6 0.1375 22
0 0.0025 23
0 0.005 23
0 0.0075 23
0 0.01 23
0 0.0125 23
0 0.015 23
0 0.0175 23
0 0.02 23
0 0.0225 23
0 0.025 23
0 0.0275 23
0 0.03 23
0 0.0325 23
0 0.035 23
0 0.0375 23
0 0.04 23
140.507 0.0425 23
4185.47 0.045 23
4452.14 0.0475 23
11017.9 0.05 23
37653.8 0.0525 23
84974.6 0.055 23
111247 0.0575 23
190145 0.06 23
231834 0.0625 23
293426 0.065 23
370557 0.0675 23
425833 0.07 23
398001 0.0725 23
375340 0.075 23
292259 0.0775 23
186025 0.08 23
91684 0.0825 23
31708.6 0.085 23
19164.8 0.0875 23
89925.4 0.09 23
199476 0.0925 23
394675 0.095 23
545347 0.0975 23
690960 0.1 23
751993 0.1025 23
