1.35194e+08 0.085 0
1.23616e+08 0.0875 0
1.11818e+08 0.09 0
9.92907e+07 0.0925 0
8.70333e+07 0.095 0
7.86057e+07 0.0975 0
7.49815e+07 0.1 0
7.58626e+07 0.1025 0
7.62684e+07 0.105 0
7.50699e+07 0.1075 0
6.93545e+07 0.11 0
6.05392e+07 0.1125 0
5.01922e+07 0.115 0
4.2134e+07 0.1175 0
3.78223e+07 0.12 0
3.64161e+07 0.1225 0
3.57165e+07 0.125 0
3.55617e+07 0.1275 0
3.39453e+07 0.13 0
3.19205e+07 0.1325 0
2.90278e+07 0.135 0
2.65684e+07 0.1375 0
2.48981e+07 0.14 0
2.31058e+07 0.1425 0
2.16025e+07 0.145 0
2.00359e+07 0.1475 0
1.91528e+07 0.15 0
1.79324e+07 0.1525 0
1.72957e+07 0.155 0
1.70962e+07 0.1575 0
1.72013e+07 0.16 0
1.69308e+07 0.1625 0
1.61202e+07 0.165 0
1.41538e+07 0.1675 0
1.18057e+07 0.17 0
9.28867e+06 0.1725 0
7.16977e+06 0.175 0
6.35282e+06 0.1775 0
7.02196e+06 0.18 0
8.3741e+06 0.1825 0
1.01533e+07 0.185 0
1.14274e+07 0.1875 0
1.15938e+07 0.19 0
1.10544e+07 0.1925 0
9.93127e+06 0.195 0
8.30759e+06 0.1975 0
7.1928e+06 0.2 0
6.84395e+06 0.2025 0
7.70008e+06 0.205 0
9.11423e+06 0.2075 0
1.06236e+07 0.21 0
1.23666e+07 0.2125 0
1.32302e+07 0.215 0
1.27027e+07 0.2175 0
1.11444e+07 0.22 0
9.20578e+06 0.2225 0
7.32879e+06 0.225 0
5.74864e+06 0.2275 0
4.77739e+06 0.23 0
4.23785e+06 0.2325 0
4.64288e+06 0.235 0
5.22421e+06 0.2375 0
5.73094e+06 0.24 0
6.14603e+06 0.2425 0
6.1314e+06 0.245 0
5.86004e+06 0.2475 0
5.71259e+06 0.25 0
5.9614e+06 0.2525 0
6.47293e+06 0.255 0
7.51276e+06 0.2575 0
8.71021e+06 0.26 0
9.50197e+06 0.2625 0
1.01742e+07 0.265 0
9.89007e+06 0.2675 0
9.22394e+06 0.27 0
8.14804e+06 0.2725 0
7.02561e+06 0.275 0
6.45384e+06 0.2775 0
6.50979e+06 0.28 0
6.86391e+06 0.2825 0
7.59755e+06 0.285 0
8.22791e+06 0.2875 0
8.63097e+06 0.29 0
8.85021e+06 0.2925 0
8.75996e+06 0.295 0
8.35374e+06 0.2975 0
7.67635e+06 0.3 0
7.04186e+06 0.3025 0
6.27639e+06 0.305 0
5.38156e+06 0.3075 0
4.46556e+06 0.31 0
3.6117e+06 0.3125 0
2.91562e+06 0.315 0
0 0.0825 1
0 0.085 1
0 0.0875 1
0 0.09 1
0 0.0925 1
0 0.095 1
0 0.0975 1
0 0.1 1
0 0.1025 1
0 0.105 1
0 0.1075 1
0 0.11 1
0 0.1125 1
0 0.115 1
0 0.1175 1
0 0.12 1
0 0.1225 1
0 0.125 1
0 0.1275 1
0 0.13 1
0 0.1325 1
0 0.135 1
0 0.1375 1
0 0.14 1
0 0.1425 1
0 0.145 1
0 0.1475 1
0 0.15 1
0 0.1525 1
0 0.155 1
0 0.1575 1
0 0.16 1
0 0.1625 1
0 0.165 1
0 0.1675 1
0 0.17 1
0 0.1725 1
0 0.175 1
0 0.1775 1
0 0.18 1
0 0.1825 1
0 0.185 1
0 0.1875 1
0 0.19 1
0 0.1925 1
0 0.195 1
0 0.1975 1
0 0.2 1
0 0.2025 1
0 0.205 1
0 0.2075 1
0 0.21 1
0 0.2125 1
0 0.215 1
0 0.2175 1
0 0.22 1
0 0.2225 1
0 0.225 1
0 0.2275 1
0 0.23 1
0 0.2325 1
0 0.235 1
0 0.2375 1
0 0.24 1
0 0.2425 1
0 0.245 1
0 0.2475 1
0 0.25 1
0 0.2525 1
0 0.255 1
0 0.2575 1
0 0.26 1
0 0.2625 1
0 0.265 1
0 0.2675 1
0 0.27 1
0 0.2725 1
0 0.275 1
0 0.2775 1
0 0.28 1
0 0.2825 1
0 0.285 1
0 0.2875 1
0 0.29 1
0 0.2925 1
0 0.295 1
0 0.2975 1
0 0.3 1
0 0.3025 1
0 0.305 1
0 0.3075 1
0 0.31 1
0 0.3125 1
0 0.315 1
0 0.08 2
0 0.0825 2
0 0.085 2
0 0.0875 2
0 0.09 2
0 0.0925 2
0 0.095 2
0 0.0975 2
0 0.1 2
0 0.1025 2
0 0.105 2
0 0.1075 2
0 0.11 2
0 0.1125 2
0 0.115 2
0 0.1175 2
0 0.12 2
0 0.1225 2
0 0.125 2
0 0.1275 2
0 0.13 2
0 0.1325 2
0 0.135 2
0 0.1375 2
0 0.14 2
0 0.1425 2
0 0.145 2
0 0.1475 2
0 0.15 2
0 0.1525 2
0 0.155 2
0 0.1575 2
0 0.16 2
0 0.1625 2
0 0.165 2
0 0.1675 2
0 0.17 2
0 0.1725 2
0 0.175 2
0 0.1775 2
0 0.18 2
0 0.1825 2
0 0.185 2
0 0.1875 2
0 0.19 2
0 0.1925 2
0 0.195 2
0 0.1975 2
0 0.2 2
0 0.2025 2
0 0.205 2
0 0.2075 2
0 0.21 2
0 0.2125 2
0 0.215 2
0 0.2175 2
0 0.22 2
0 0.2225 2
0 0.225 2
0 0.2275 2
0 0.23 2
0 0.2325 2
0 0.235 2
0 0.2375 2
0 0.24 2
0 0.2425 2
0 0.245 2
0 0.2475 2
0 0.25 2
0 0.2525 2
0 0.255 2
0 0.2575 2
0 0.26 2
0 0.2625 2
0 0.265 2
0 0.2675 2
0 0.27 2
0 0.2725 2
0 0.275 2
0 0.2775 2
0 0.28 2
0 0.2825 2
0 0.285 2
0 0.2875 2
0 0.29 2
0 0.2925 2
0 0.295 2
0 0.2975 2
0 0.3 2
0 0.3025 2
0 0.305 2
0 0.3075 2
0 0.31 2
0 0.3125 2
0 0.315 2
0 0.075 3
0 0.0775 3
0 0.08 3
0 0.0825 3
0 0.085 3
0 0.0875 3
0 0.09 3
0 0.0925 3
0 0.095 3
0 0.0975 3
0 0.1 3
0 0.1025 3
0 0.105 3
0 0.1075 3
0 0.11 3
0 0.1125 3
0 0.115 3
0 0.1175 3
0 0.12 3
0 0.1225 3
0 0.125 3
0 0.1275 3
0 0.13 3
0 0.1325 3
0 0.135 3
0 0.1375 3
0 0.14 3
0 0.1425 3
0 0.145 3
0 0.1475 3
0 0.15 3
0 0.1525 3
0 0.155 3
0 0.1575 3
0 0.16 3
0 0.1625 3
0 0.165 3
0 0.1675 3
0 0.17 3
0 0.1725 3
0 0.175 3
0 0.1775 3
0 0.18 3
0 0.1825 3
0 0.185 3
0 0.1875 3
0 0.19 3
0 0.1925 3
0 0.195 3
0 0.1975 3
0 0.2 3
0 0.2025 3
0 0.205 3
0 0.2075 3
0 0.21 3
0 0.2125 3
0 0.215 3
0 0.2175 3
0 0.22 3
0 0.2225 3
0 0.225 3
0 0.2275 3
0 0.23 3
0 0.2325 3
0 0.235 3
0 0.2375 3
0 0.24 3
0 0.2425 3
0 0.245 3
0 0.2475 3
0 0.25 3
0 0.2525 3
0 0.255 3
0 0.2575 3
0 0.26 3
0 0.2625 3
0 0.265 3
0 0.2675 3
0 0.27 3
0 0.2725 3
0 0.275 3
0 0.2775 3
0 0.28 3
0 0.2825 3
0 0.285 3
0 0.2875 3
0 0.29 3
0 0.2925 3
0 0.295 3
0 0.2975 3
0 0.3 3
0 0.3025 3
0 0.305 3
0 0.3075 3
0 0.31 3
0 0.3125 3
0 0.315 3
0 0.0675 4
0 0.07 4
0 0.0725 4
0 0.075 4
0 0.0775 4
0 0.08 4
0 0.0825 4
0 0.085 4
0 0.0875 4
0 0.09 4
0 0.0925 4
0 0.095 4
0 0.0975 4
0 0.1 4
0 0.1025 4
0 0.105 4
0 0.1075 4
0 0.11 4
0 0.1125 4
0 0.115 4
0 0.1175 4
0 0.12 4
0 0.1225 4
0 0.125 4
0 0.1275 4
0 0.13 4
0 0.1325 4
0 0.135 4
0 0.1375 4
0 0.14 4
0 0.1425 4
0 0.145 4
0 0.1475 4
0 0.15 4
0 0.1525 4
0 0.155 4
0 0.1575 4
0 0.16 4
0 0.1625 4
0 0.165 4
0 0.1675 4
0 0.17 4
0 0.1725 4
0 0.175 4
0 0.1775 4
0 0.18 4
0 0.1825 4
0 0.185 4
0 0.1875 4
0 0.19 4
0 0.1925 4
0 0.195 4
0 0.1975 4
0 0.2 4
0 0.2025 4
0 0.205 4
0 0.2075 4
0 0.21 4
0 0.2125 4
0 0.215 4
0 0.2175 4
0 0.22 4
0 0.2225 4
0 0.225 4
0 0.2275 4
0 0.23 4
0 0.2325 4
0 0.235 4
0 0.2375 4
0 0.24 4
0 0.2425 4
0 0.245 4
0 0.2475 4
0 0.25 4
0 0.2525 4
0 0.255 4
0 0.2575 4
0 0.26 4
0 0.2625 4
0 0.265 4
0 0.2675 4
0 0.27 4
0 0.2725 4
0 0.275 4
0 0.2775 4
0 0.28 4
0 0.2825 4
0 0.285 4
0 0.2875 4
0 0.29 4
0 0.2925 4
0 0.295 4
0 0.2975 4
0 0.3 4
0 0.3025 4
0 0.305 4
0 0.3075 4
0 0.31 4
0 0.3125 4
0 0.055 5
0 0.0575 5
0 0.06 5
0 0.0625 5
0 0.065 5
0 0.0675 5
0 0.07 5
0 0.0725 5
0 0.075 5
0 0.0775 5
0 0.08 5
0 0.0825 5
0 0.085 5
0 0.0875 5
0 0.09 5
0 0.0925 5
0 0.095 5
0 0.0975 5
0 0.1 5
0 0.1025 5
0 0.105 5
0 0.1075 5
0 0.11 5
0 0.1125 5
0 0.115 5
0 0.1175 5
0 0.12 5
0 0.1225 5
0 0.125 5
0 0.1275 5
0 0.13 5
0 0.1325 5
0 0.135 5
0 0.1375 5
0 0.14 5
0 0.1425 5
0 0.145 5
0 0.1475 5
0 0.15 5
0 0.1525 5
0 0.155 5
0 0.1575 5
0 0.16 5
0 0.1625 5
0 0.165 5
0 0.1675 5
0 0.17 5
0 0.1725 5
0 0.175 5
0 0.1775 5
0 0.18 5
0 0.1825 5
0 0.185 5
0 0.1875 5
0 0.19 5
0 0.1925 5
0 0.195 5
0 0.1975 5
0 0.2 5
0 0.2025 5
0 0.205 5
0 0.2075 5
0 0.21 5
0 0.2125 5
0 0.215 5
0 0.2175 5
0 0.22 5
0 0.2225 5
0 0.225 5
0 0.2275 5
0 0.23 5
0 0.2325 5
0 0.235 5
0 0.2375 5
0 0.24 5
0 0.2425 5
0 0.245 5
0 0.2475 5
0 0.25 5
0 0.2525 5
0 0.255 5
0 0.2575 5
0 0.26 5
0 0.2625 5
0 0.265 5
0 0.2675 5
0 0.27 5
0 0.2725 5
0 0.275 5
0 0.2775 5
0 0.28 5
0 0.2825 5
0 0.285 5
0 0.2875 5
0 0.29 5
0 0.2925 5
0 0.295 5
0 0.2975 5
0 0.3 5
0 0.3025 5
0 0.305 5
0 0.3075 5
0 0.31 5
0 0.035 6
0 0.0375 6
0 0.04 6
0 0.0425 6
0 0.045 6
0 0.0475 6
0 0.05 6
0 0.0525 6
0 0.055 6
0 0.0575 6
0 0.06 6
0 0.0625 6
0 0.065 6
0 0.0675 6
0 0.07 6
0 0.0725 6
0 0.075 6
0 0.0775 6
0 0.08 6
0 0.0825 6
0 0.085 6
0 0.0875 6
0 0.09 6
0 0.0925 6
0 0.095 6
0 0.0975 6
0 0.1 6
0 0.1025 6
0 0.105 6
0 0.1075 6
0 0.11 6
0 0.1125 6
0 0.115 6
0 0.1175 6
0 0.12 6
0 0.1225 6
0 0.125 6
0 0.1275 6
0 0.13 6
0 0.1325 6
0 0.135 6
0 0.1375 6
0 0.14 6
0 0.1425 6
0 0.145 6
0 0.1475 6
0 0.15 6
0 0.1525 6
0 0.155 6
0 0.1575 6
0 0.16 6
0 0.1625 6
0 0.165 6
0 0.1675 6
0 0.17 6
0 0.1725 6
0 0.175 6
0 0.1775 6
0 0.18 6
0 0.1825 6
0 0.185 6
0 0.1875 6
0 0.19 6
0 0.1925 6
0 0.195 6
0 0.1975 6
0 0.2 6
0 0.2025 6
0 0.205 6
0 0.2075 6
0 0.21 6
0 0.2125 6
0 0.215 6
0 0.2175 6
0 0.22 6
0 0.2225 6
0 0.225 6
0 0.2275 6
0 0.23 6
0 0.2325 6
0 0.235 6
0 0.2375 6
0 0.24 6
0 0.2425 6
0 0.245 6
0 0.2475 6
0 0.25 6
0 0.2525 6
0 0.255 6
0 0.2575 6
0 0.26 6
0 0.2625 6
0 0.265 6
0 0.2675 6
0 0.27 6
0 0.2725 6
0 0.275 6
0 0.2775 6
0 0.28 6
0 0.2825 6
0 0.285 6
0 0.2875 6
0 0.29 6
0 0.2925 6
0 0.295 6
0 0.2975 6
0 0.3 6
0 0.3025 6
0 0.305 6
0 0.3075 6
0 0.0125 7
0 0.015 7
0 0.0175 7
0 0.02 7
0 0.0225 7
0 0.025 7
0 0.0275 7
0 0.03 7
0 0.0325 7
0 0.035 7
0 0.0375 7
0 0.04 7
0 0.0425 7
0 0.045 7
0 0.0475 7
0 0.05 7
0 0.0525 7
0 0.055 7
0 0.0575 7
0 0.06 7
0 0.0625 7
0 0.065 7
0 0.0675 7
0 0.07 7
0 0.0725 7
0 0.075 7
0 0.0775 7
0 0.08 7
0 0.0825 7
0 0.085 7
0 0.0875 7
0 0.09 7
0 0.0925 7
0 0.095 7
0 0.0975 7
0 0.1 7
0 0.1025 7
0 0.105 7
0 0.1075 7
0 0.11 7
0 0.1125 7
0 0.115 7
0 0.1175 7
0 0.12 7
0 0.1225 7
0 0.125 7
0 0.1275 7
0 0.13 7
0 0.1325 7
0 0.135 7
0 0.1375 7
0 0.14 7
0 0.1425 7
0 0.145 7
0 0.1475 7
0 0.15 7
0 0.1525 7
0 0.155 7
0 0.1575 7
0 0.16 7
0 0.1625 7
0 0.165 7
0 0.1675 7
0 0.17 7
0 0.1725 7
0 0.175 7
0 0.1775 7
0 0.18 7
0 0.1825 7
0 0.185 7
0 0.1875 7
0 0.19 7
0 0.1925 7
0 0.195 7
0 0.1975 7
0 0.2 7
0 0.2025 7
0 0.205 7
0 0.2075 7
0 0.21 7
0 0.2125 7
0 0.215 7
0 0.2175 7
0 0.22 7
0 0.2225 7
0 0.225 7
0 0.2275 7
0 0.23 7
0 0.2325 7
0 0.235 7
0 0.2375 7
0 0.24 7
0 0.2425 7
0 0.245 7
0 0.2475 7
0 0.25 7
0 0.2525 7
0 0.255 7
0 0.2575 7
0 0.26 7
0 0.2625 7
0 0.265 7
0 0.2675 7
0 0.27 7
0 0.2725 7
0 0.275 7
0 0.2775 7
0 0.28 7
0 0.2825 7
0 0.285 7
0 0.2875 7
0 0.29 7
0 0.2925 7
0 0.295 7
0 0.2975 7
0 0.3 7
0 0.3025 7
0 0.305 7
0 0.01 8
0 0.0125 8
0 0.015 8
0 0.0175 8
0 0.02 8
0 0.0225 8
0 0.025 8
0 0.0275 8
0 0.03 8
0 0.0325 8
0 0.035 8
0 0.0375 8
0 0.04 8
0 0.0425 8
0 0.045 8
0 0.0475 8
0 0.05 8
0 0.0525 8
0 0.055 8
0 0.0575 8
0 0.06 8
0 0.0625 8
0 0.065 8
0 0.0675 8
0 0.07 8
0 0.0725 8
0 0.075 8
0 0.0775 8
0 0.08 8
0 0.0825 8
0 0.085 8
0 0.0875 8
0 0.09 8
0 0.0925 8
0 0.095 8
0 0.0975 8
0 0.1 8
0 0.1025 8
0 0.105 8
0 0.1075 8
0 0.11 8
0 0.1125 8
0 0.115 8
0 0.1175 8
0 0.12 8
0 0.1225 8
0 0.125 8
0 0.1275 8
0 0.13 8
0 0.1325 8
0 0.135 8
0 0.1375 8
0 0.14 8
0 0.1425 8
0 0.145 8
0 0.1475 8
0 0.15 8
0 0.1525 8
0 0.155 8
0 0.1575 8
0 0.16 8
0 0.1625 8
0 0.165 8
0 0.1675 8
0 0.17 8
0 0.1725 8
0 0.175 8
0 0.1775 8
0 0.18 8
0 0.1825 8
0 0.185 8
0 0.1875 8
0 0.19 8
0 0.1925 8
0 0.195 8
0 0.1975 8
0 0.2 8
0 0.2025 8
0 0.205 8
0 0.2075 8
0 0.21 8
0 0.2125 8
0 0.215 8
0 0.2175 8
0 0.22 8
0 0.2225 8
0 0.225 8
0 0.2275 8
0 0.23 8
0 0.2325 8
0 0.235 8
0 0.2375 8
0 0.24 8
0 0.2425 8
0 0.245 8
0 0.2475 8
0 0.25 8
0 0.2525 8
0 0.255 8
0 0.2575 8
0 0.26 8
0 0.2625 8
0 0.265 8
0 0.2675 8
0 0.27 8
0 0.2725 8
0 0.275 8
0 0.2775 8
0 0.28 8
0 0.2825 8
0 0.285 8
0 0.2875 8
0 0.29 8
0 0.2925 8
0 0.295 8
0 0.2975 8
1.59002e+07 0.01 9
1.94012e+07 0.0125 9
2.04802e+07 0.015 9
1.91085e+07 0.0175 9
1.60739e+07 0.02 9
1.28461e+07 0.0225 9
1.05455e+07 0.025 9
1.01079e+07 0.0275 9
1.11644e+07 0.03 9
1.36864e+07 0.0325 9
1.61705e+07 0.035 9
1.76098e+07 0.0375 9
1.77411e+07 0.04 9
1.6513e+07 0.0425 9
1.49618e+07 0.045 9
1.39263e+07 0.0475 9
1.33932e+07 0.05 9
1.29197e+07 0.0525 9
1.25495e+07 0.055 9
1.15441e+07 0.0575 9
1.0099e+07 0.06 9
8.25515e+06 0.0625 9
6.63863e+06 0.065 9
5.98458e+06 0.0675 9
6.72509e+06 0.07 9
8.80165e+06 0.0725 9
1.0699e+07 0.075 9
1.21162e+07 0.0775 9
1.24455e+07 0.08 9
1.16882e+07 0.0825 9
1.03383e+07 0.085 9
9.59897e+06 0.0875 9
9.81487e+06 0.09 9
1.12405e+07 0.0925 9
1.28529e+07 0.095 9
1.42276e+07 0.0975 9
1.49266e+07 0.1 9
1.49602e+07 0.1025 9
1.47667e+07 0.105 9
1.41955e+07 0.1075 9
1.38918e+07 0.11 9
1.39463e+07 0.1125 9
1.39343e+07 0.115 9
1.38661e+07 0.1175 9
1.31559e+07 0.12 9
1.21411e+07 0.1225 9
1.11883e+07 0.125 9
1.06941e+07 0.1275 9
1.06494e+07 0.13 9
1.13904e+07 0.1325 9
1.20236e+07 0.135 9
1.27658e+07 0.1375 9
1.3015e+07 0.14 9
1.24793e+07 0.1425 9
1.17542e+07 0.145 9
1.06643e+07 0.1475 9
9.95731e+06 0.15 9
9.54359e+06 0.1525 9
9.53206e+06 0.155 9
1.01485e+07 0.1575 9
1.06421e+07 0.16 9
1.15828e+07 0.1625 9
1.28862e+07 0.165 9
1.37801e+07 0.1675 9
1.49964e+07 0.17 9
1.61645e+07 0.1725 9
1.67848e+07 0.175 9
1.70532e+07 0.1775 9
1.72325e+07 0.18 9
1.74739e+07 0.1825 9
1.73408e+07 0.185 9
1.71696e+07 0.1875 9
1.68698e+07 0.19 9
1.62859e+07 0.1925 9
1.55011e+07 0.195 9
1.49994e+07 0.1975 9
1.5192e+07 0.2 9
1.57504e+07 0.2025 9
1.69061e+07 0.205 9
1.81992e+07 0.2075 9
1.94949e+07 0.21 9
1.98579e+07 0.2125 9
1.95273e+07 0.215 9
1.81225e+07 0.2175 9
1.60653e+07 0.22 9
1.40749e+07 0.2225 9
1.23162e+07 0.225 9
1.11222e+07 0.2275 9
1.08961e+07 0.23 9
1.0746e+07 0.2325 9
1.07816e+07 0.235 9
1.0917e+07 0.2375 9
1.08741e+07 0.24 9
1.07215e+07 0.2425 9
1.05605e+07 0.245 9
1.02357e+07 0.2475 9
9.98273e+06 0.25 9
1.0002e+07 0.2525 9
9.82929e+06 0.255 9
9.70288e+06 0.2575 9
9.5719e+06 0.26 9
9.40051e+06 0.2625 9
9.07706e+06 0.265 9
8.77875e+06 0.2675 9
8.37402e+06 0.27 9
7.76548e+06 0.2725 9
7.24157e+06 0.275 9
6.99337e+06 0.2775 9
6.78329e+06 0.28 9
6.84972e+06 0.2825 9
7.12766e+06 0.285 9
7.58241e+06 0.2875 9
7.72773e+06 0.29 9
7.7634e+06 0.2925 9
0 0.01 10
0 0.0125 10
0 0.015 10
0 0.0175 10
0 0.02 10
0 0.0225 10
0 0.025 10
0 0.0275 10
0 0.03 10
0 0.0325 10
0 0.035 10
0 0.0375 10
0 0.04 10
0 0.0425 10
0 0.045 10
0 0.0475 10
0 0.05 10
0 0.0525 10
0 0.055 10
0 0.0575 10
0 0.06 10
0 0.0625 10
0 0.065 10
0 0.0675 10
0 0.07 10
0 0.0725 10
0 0.075 10
0 0.0775 10
0 0.08 10
0 0.0825 10
0 0.085 10
0 0.0875 10
0 0.09 10
0 0.0925 10
0 0.095 10
0 0.0975 10
0 0.1 10
0 0.1025 10
0 0.105 10
0 0.1075 10
0 0.11 10
0 0.1125 10
0 0.115 10
0 0.1175 10
0 0.12 10
0 0.1225 10
0 0.125 10
0 0.1275 10
0 0.13 10
0 0.1325 10
0 0.135 10
0 0.1375 10
0 0.14 10
0 0.1425 10
0 0.145 10
0 0.1475 10
0 0.15 10
0 0.1525 10
0 0.155 10
0 0.1575 10
0 0.16 10
0 0.1625 10
0 0.165 10
0 0.1675 10
0 0.17 10
0 0.1725 10
0 0.175 10
0 0.1775 10
0 0.18 10
0 0.1825 10
0 0.185 10
0 0.1875 10
0 0.19 10
0 0.1925 10
0 0.195 10
0 0.1975 10
0 0.2 10
0 0.2025 10
0 0.205 10
0 0.2075 10
0 0.21 10
0 0.2125 10
0 0.215 10
0 0.2175 10
0 0.22 10
0 0.2225 10
0 0.225 10
0 0.2275 10
0 0.23 10
0 0.2325 10
0 0.235 10
0 0.2375 10
0 0.24 10
0 0.2425 10
0 0.245 10
0 0.2475 10
0 0.25 10
0 0.2525 10
0 0.255 10
0 0.2575 10
0 0.26 10
0 0.2625 10
0 0.265 10
0 0.2675 10
0 0.27 10
0 0.2725 10
0 0.275 10
0 0.2775 10
0 0.28 10
0 0.2825 10
0 0.285 10
0 0.2875 10
0 0.01 11
0 0.0125 11
0 0.015 11
0 0.0175 11
0 0.02 11
0 0.0225 11
0 0.025 11
0 0.0275 11
0 0.03 11
0 0.0325 11
0 0.035 11
0 0.0375 11
0 0.04 11
0 0.0425 11
0 0.045 11
0 0.0475 11
0 0.05 11
0 0.0525 11
0 0.055 11
0 0.0575 11
0 0.06 11
0 0.0625 11
0 0.065 11
0 0.0675 11
0 0.07 11
0 0.0725 11
0 0.075 11
0 0.0775 11
0 0.08 11
0 0.0825 11
0 0.085 11
0 0.0875 11
0 0.09 11
0 0.0925 11
0 0.095 11
0 0.0975 11
0 0.1 11
0 0.1025 11
0 0.105 11
0 0.1075 11
0 0.11 11
0 0.1125 11
0 0.115 11
0 0.1175 11
0 0.12 11
0 0.1225 11
0 0.125 11
0 0.1275 11
0 0.13 11
0 0.1325 11
0 0.135 11
0 0.1375 11
0 0.14 11
0 0.1425 11
0 0.145 11
0 0.1475 11
0 0.15 11
0 0.1525 11
0 0.155 11
0 0.1575 11
0 0.16 11
0 0.1625 11
0 0.165 11
0 0.1675 11
0 0.17 11
0 0.1725 11
0 0.175 11
0 0.1775 11
0 0.18 11
0 0.1825 11
0 0.185 11
0 0.1875 11
0 0.19 11
0 0.1925 11
0 0.195 11
0 0.1975 11
0 0.2 11
0 0.2025 11
0 0.205 11
0 0.2075 11
0 0.21 11
0 0.2125 11
0 0.215 11
0 0.2175 11
0 0.22 11
0 0.2225 11
0 0.225 11
0 0.2275 11
0 0.23 11
0 0.2325 11
0 0.235 11
0 0.2375 11
0 0.24 11
0 0.2425 11
0 0.245 11
0 0.2475 11
0 0.25 11
0 0.2525 11
0 0.255 11
0 0.2575 11
0 0.26 11
0 0.2625 11
0 0.265 11
0 0.2675 11
0 0.27 11
0 0.2725 11
0 0.275 11
0 0.2775 11
0 0.28 11
0 0.2825 11
0 0.01 12
0 0.0125 12
0 0.015 12
0 0.0175 12
0 0.02 12
0 0.0225 12
0 0.025 12
0 0.0275 12
0 0.03 12
0 0.0325 12
0 0.035 12
0 0.0375 12
0 0.04 12
0 0.0425 12
0 0.045 12
0 0.0475 12
0 0.05 12
0 0.0525 12
0 0.055 12
0 0.0575 12
0 0.06 12
0 0.0625 12
0 0.065 12
0 0.0675 12
0 0.07 12
0 0.0725 12
0 0.075 12
0 0.0775 12
0 0.08 12
0 0.0825 12
0 0.085 12
0 0.0875 12
0 0.09 12
0 0.0925 12
0 0.095 12
0 0.0975 12
0 0.1 12
0 0.1025 12
0 0.105 12
0 0.1075 12
0 0.11 12
0 0.1125 12
0 0.115 12
0 0.1175 12
0 0.12 12
0 0.1225 12
0 0.125 12
0 0.1275 12
0 0.13 12
0 0.1325 12
0 0.135 12
0 0.1375 12
0 0.14 12
0 0.1425 12
0 0.145 12
0 0.1475 12
0 0.15 12
0 0.1525 12
0 0.155 12
0 0.1575 12
0 0.16 12
0 0.1625 12
0 0.165 12
0 0.1675 12
0 0.17 12
0 0.1725 12
0 0.175 12
0 0.1775 12
0 0.18 12
0 0.1825 12
0 0.185 12
0 0.1875 12
0 0.19 12
0 0.1925 12
0 0.195 12
0 0.1975 12
0 0.2 12
0 0.2025 12
0 0.205 12
0 0.2075 12
0 0.21 12
0 0.2125 12
0 0.215 12
0 0.2175 12
0 0.22 12
0 0.2225 12
0 0.225 12
0 0.2275 12
0 0.23 12
0 0.2325 12
0 0.235 12
0 0.2375 12
0 0.24 12
0 0.2425 12
0 0.245 12
0 0.2475 12
0 0.25 12
0 0.2525 12
0 0.255 12
0 0.2575 12
0 0.26 12
0 0.2625 12
0 0.265 12
0 0.2675 12
0 0.27 12
0 0.2725 12
0 0.275 12
0 0.01 13
0 0.0125 13
0 0.015 13
0 0.0175 13
0 0.02 13
0 0.0225 13
0 0.025 13
0 0.0275 13
0 0.03 13
0 0.0325 13
0 0.035 13
0 0.0375 13
0 0.04 13
0 0.0425 13
0 0.045 13
0 0.0475 13
0 0.05 13
0 0.0525 13
0 0.055 13
0 0.0575 13
0 0.06 13
0 0.0625 13
0 0.065 13
0 0.0675 13
0 0.07 13
0 0.0725 13
0 0.075 13
0 0.0775 13
0 0.08 13
0 0.0825 13
0 0.085 13
0 0.0875 13
0 0.09 13
0 0.0925 13
0 0.095 13
0 0.0975 13
0 0.1 13
0 0.1025 13
0 0.105 13
0 0.1075 13
0 0.11 13
0 0.1125 13
0 0.115 13
0 0.1175 13
0 0.12 13
0 0.1225 13
0 0.125 13
0 0.1275 13
0 0.13 13
0 0.1325 13
0 0.135 13
0 0.1375 13
0 0.14 13
0 0.1425 13
0 0.145 13
0 0.1475 13
0 0.15 13
0 0.1525 13
0 0.155 13
0 0.1575 13
0 0.16 13
0 0.1625 13
0 0.165 13
0 0.1675 13
0 0.17 13
0 0.1725 13
0 0.175 13
0 0.1775 13
0 0.18 13
0 0.1825 13
0 0.185 13
0 0.1875 13
0 0.19 13
0 0.1925 13
0 0.195 13
0 0.1975 13
0 0.2 13
0 0.2025 13
0 0.205 13
0 0.2075 13
0 0.21 13
0 0.2125 13
0 0.215 13
0 0.2175 13
0 0.22 13
0 0.2225 13
0 0.225 13
0 0.2275 13
0 0.23 13
0 0.2325 13
0 0.235 13
0 0.2375 13
0 0.24 13
0 0.2425 13
0 0.245 13
0 0.2475 13
0 0.25 13
0 0.2525 13
0 0.255 13
0 0.2575 13
0 0.26 13
0 0.2625 13
0 0.265 13
0 0.2675 13
0 0.02 14
0 0.0225 14
0 0.025 14
0 0.0275 14
0 0.03 14
0 0.0325 14
0 0.035 14
0 0.0375 14
0 0.04 14
0 0.0425 14
0 0.045 14
0 0.0475 14
0 0.05 14
0 0.0525 14
0 0.055 14
0 0.0575 14
0 0.06 14
0 0.0625 14
0 0.065 14
0 0.0675 14
0 0.07 14
0 0.0725 14
0 0.075 14
0 0.0775 14
0 0.08 14
0 0.0825 14
0 0.085 14
0 0.0875 14
0 0.09 14
0 0.0925 14
0 0.095 14
0 0.0975 14
0 0.1 14
0 0.1025 14
0 0.105 14
0 0.1075 14
0 0.11 14
0 0.1125 14
0 0.115 14
0 0.1175 14
0 0.12 14
0 0.1225 14
0 0.125 14
0 0.1275 14
0 0.13 14
0 0.1325 14
0 0.135 14
0 0.1375 14
0 0.14 14
0 0.1425 14
0 0.145 14
0 0.1475 14
0 0.15 14
0 0.1525 14
0 0.155 14
0 0.1575 14
0 0.16 14
0 0.1625 14
0 0.165 14
0 0.1675 14
0 0.17 14
0 0.1725 14
0 0.175 14
0 0.1775 14
0 0.18 14
0 0.1825 14
0 0.185 14
0 0.1875 14
0 0.19 14
0 0.1925 14
0 0.195 14
0 0.1975 14
0 0.2 14
0 0.2025 14
0 0.205 14
0 0.2075 14
0 0.21 14
0 0.2125 14
0 0.215 14
0 0.2175 14
0 0.22 14
0 0.2225 14
0 0.225 14
0 0.2275 14
0 0.23 14
0 0.2325 14
0 0.235 14
0 0.2375 14
0 0.24 14
0 0.2425 14
0 0.245 14
0 0.2475 14
0 0.25 14
0 0.2525 14
0 0.255 14
0 0.2575 14
0 0.0125 15
0 0.015 15
0 0.0175 15
0 0.02 15
0 0.0225 15
0 0.025 15
0 0.0275 15
0 0.03 15
0 0.0325 15
0 0.035 15
0 0.0375 15
0 0.04 15
0 0.0425 15
0 0.045 15
0 0.0475 15
0 0.05 15
0 0.0525 15
0 0.055 15
0 0.0575 15
0 0.06 15
0 0.0625 15
0 0.065 15
0 0.0675 15
0 0.07 15
0 0.0725 15
0 0.075 15
0 0.0775 15
0 0.08 15
0 0.0825 15
0 0.085 15
0 0.0875 15
0 0.09 15
0 0.0925 15
0 0.095 15
0 0.0975 15
0 0.1 15
0 0.1025 15
0 0.105 15
0 0.1075 15
0 0.11 15
0 0.1125 15
0 0.115 15
0 0.1175 15
0 0.12 15
0 0.1225 15
0 0.125 15
0 0.1275 15
0 0.13 15
0 0.1325 15
0 0.135 15
0 0.1375 15
0 0.14 15
0 0.1425 15
0 0.145 15
0 0.1475 15
0 0.15 15
0 0.1525 15
0 0.155 15
0 0.1575 15
0 0.16 15
0 0.1625 15
0 0.165 15
0 0.1675 15
0 0.17 15
0 0.1725 15
0 0.175 15
0 0.1775 15
0 0.18 15
0 0.1825 15
0 0.185 15
0 0.1875 15
0 0.19 15
0 0.1925 15
0 0.195 15
0 0.1975 15
0 0.2 15
0 0.2025 15
0 0.205 15
0 0.2075 15
0 0.21 15
0 0.2125 15
0 0.215 15
0 0.2175 15
0 0.22 15
0 0.2225 15
0 0.225 15
0 0.2275 15
0 0.23 15
0 0.2325 15
0 0.235 15
0 0.2375 15
0 0.24 15
0 0.2425 15
0 0.245 15
0 0.2475 15
0 0.0025 16
0 0.005 16
0 0.0075 16
0 0.01 16
0 0.0125 16
0 0.015 16
0 0.0175 16
0 0.02 16
0 0.0225 16
0 0.025 16
0 0.0275 16
0 0.03 16
0 0.0325 16
0 0.035 16
0 0.0375 16
0 0.04 16
0 0.0425 16
0 0.045 16
0 0.0475 16
0 0.05 16
0 0.0525 16
0 0.055 16
0 0.0575 16
0 0.06 16
0 0.0625 16
0 0.065 16
0 0.0675 16
0 0.07 16
0 0.0725 16
0 0.075 16
0 0.0775 16
0 0.08 16
0 0.0825 16
0 0.085 16
0 0.0875 16
0 0.09 16
0 0.0925 16
0 0.095 16
0 0.0975 16
0 0.1 16
0 0.1025 16
0 0.105 16
0 0.1075 16
0 0.11 16
0 0.1125 16
0 0.115 16
0 0.1175 16
0 0.12 16
0 0.1225 16
0 0.125 16
0 0.1275 16
0 0.13 16
0 0.1325 16
0 0.135 16
0 0.1375 16
0 0.14 16
0 0.1425 16
0 0.145 16
0 0.1475 16
0 0.15 16
0 0.1525 16
0 0.155 16
0 0.1575 16
0 0.16 16
0 0.1625 16
0 0.165 16
0 0.1675 16
0 0.17 16
0 0.1725 16
0 0.175 16
0 0.1775 16
0 0.18 16
0 0.1825 16
0 0.185 16
0 0.1875 16
0 0.19 16
0 0.1925 16
0 0.195 16
0 0.1975 16
0 0.2 16
0 0.2025 16
0 0.205 16
0 0.2075 16
0 0.21 16
0 0.2125 16
0 0.215 16
0 0.2175 16
0 0.22 16
0 0.2225 16
0 0.225 16
0 0.2275 16
0 0.23 16
0 0.2325 16
0 0.235 16
0 0.2375 16
0 0.0025 17
0 0.005 17
0 0.0075 17
0 0.01 17
0 0.0125 17
0 0.015 17
0 0.0175 17
0 0.02 17
0 0.0225 17
0 0.025 17
0 0.0275 17
0 0.03 17
0 0.0325 17
0 0.035 17
0 0.0375 17
0 0.04 17
0 0.0425 17
0 0.045 17
0 0.0475 17
0 0.05 17
0 0.0525 17
0 0.055 17
0 0.0575 17
0 0.06 17
0 0.0625 17
0 0.065 17
0 0.0675 17
0 0.07 17
0 0.0725 17
0 0.075 17
0 0.0775 17
0 0.08 17
0 0.0825 17
0 0.085 17
0 0.0875 17
0 0.09 17
0 0.0925 17
0 0.095 17
0 0.0975 17
0 0.1 17
0 0.1025 17
0 0.105 17
0 0.1075 17
0 0.11 17
0 0.1125 17
0 0.115 17
0 0.1175 17
0 0.12 17
0 0.1225 17
0 0.125 17
0 0.1275 17
0 0.13 17
0 0.1325 17
0 0.135 17
0 0.1375 17
0 0.14 17
0 0.1425 17
0 0.145 17
0 0.1475 17
0 0.15 17
0 0.1525 17
0 0.155 17
0 0.1575 17
0 0.16 17
0 0.1625 17
0 0.165 17
0 0.1675 17
0 0.17 17
0 0.1725 17
0 0.175 17
0 0.1775 17
0 0.18 17
0 0.1825 17
0 0.185 17
0 0.1875 17
0 0.19 17
0 0.1925 17
0 0.195 17
0 0.1975 17
0 0.2 17
0 0.2025 17
0 0.205 17
0 0.2075 17
0 0.21 17
0 0.2125 17
0 0.215 17
0 0.2175 17
0 0.22 17
0 0.2225 17
0 0.225 17
378703 0.0025 18
1.37839e+06 0.005 18
2.64613e+06 0.0075 18
3.75555e+06 0.01 18
4.3828e+06 0.0125 18
4.38479e+06 0.015 18
3.8972e+06 0.0175 18
3.22061e+06 0.02 18
2.62523e+06 0.0225 18
2.35475e+06 0.025 18
2.55358e+06 0.0275 18
3.095e+06 0.03 18
3.85377e+06 0.0325 18
4.60203e+06 0.035 18
5.17041e+06 0.0375 18
5.42839e+06 0.04 18
5.36604e+06 0.0425 18
4.9098e+06 0.045 18
4.34744e+06 0.0475 18
3.83079e+06 0.05 18
3.27861e+06 0.0525 18
2.98398e+06 0.055 18
3.18401e+06 0.0575 18
3.59417e+06 0.06 18
4.14359e+06 0.0625 18
4.97044e+06 0.065 18
5.94661e+06 0.0675 18
7.34283e+06 0.07 18
8.79554e+06 0.0725 18
1.05091e+07 0.075 18
1.19446e+07 0.0775 18
1.32233e+07 0.08 18
1.36607e+07 0.0825 18
1.34656e+07 0.085 18
1.30229e+07 0.0875 18
1.20566e+07 0.09 18
1.13953e+07 0.0925 18
1.10508e+07 0.095 18
1.09921e+07 0.0975 18
1.14389e+07 0.1 18
1.16385e+07 0.1025 18
1.17623e+07 0.105 18
1.18904e+07 0.1075 18
1.19136e+07 0.11 18
1.18212e+07 0.1125 18
1.18574e+07 0.115 18
1.20776e+07 0.1175 18
1.22032e+07 0.12 18
1.21602e+07 0.1225 18
1.17441e+07 0.125 18
1.10111e+07 0.1275 18
9.93962e+06 0.13 18
8.90808e+06 0.1325 18
8.07482e+06 0.135 18
7.59684e+06 0.1375 18
7.28308e+06 0.14 18
7.64754e+06 0.1425 18
7.98791e+06 0.145 18
8.14388e+06 0.1475 18
7.91196e+06 0.15 18
7.36084e+06 0.1525 18
6.41741e+06 0.155 18
5.37674e+06 0.1575 18
4.61227e+06 0.16 18
4.01398e+06 0.1625 18
3.85173e+06 0.165 18
3.95609e+06 0.1675 18
4.32507e+06 0.17 18
4.71171e+06 0.1725 18
5.11122e+06 0.175 18
5.33954e+06 0.1775 18
5.17316e+06 0.18 18
4.61873e+06 0.1825 18
4.04323e+06 0.185 18
3.37209e+06 0.1875 18
2.81077e+06 0.19 18
2.49053e+06 0.1925 18
2.42884e+06 0.195 18
2.40795e+06 0.1975 18
2.50821e+06 0.2 18
2.46208e+06 0.2025 18
2.43328e+06 0.205 18
2.20954e+06 0.2075 18
1.96552e+06 0.21 18
1.83693e+06 0.2125 18
0 0.0025 19
0 0.005 19
0 0.0075 19
0 0.01 19
0 0.0125 19
0 0.015 19
0 0.0175 19
0 0.02 19
0 0.0225 19
0 0.025 19
0 0.0275 19
0 0.03 19
0 0.0325 19
0 0.035 19
0 0.0375 19
0 0.04 19
0 0.0425 19
0 0.045 19
0 0.0475 19
0 0.05 19
0 0.0525 19
0 0.055 19
0 0.0575 19
0 0.06 19
0 0.0625 19
0 0.065 19
0 0.0675 19
0 0.07 19
0 0.0725 19
0 0.075 19
0 0.0775 19
0 0.08 19
0 0.0825 19
0 0.085 19
0 0.0875 19
0 0.09 19
0 0.0925 19
0 0.095 19
0 0.0975 19
0 0.1 19
0 0.1025 19
0 0.105 19
0 0.1075 19
0 0.11 19
0 0.1125 19
0 0.115 19
0 0.1175 19
0 0.12 19
0 0.1225 19
0 0.125 19
0 0.1275 19
0 0.13 19
0 0.1325 19
0 0.135 19
0 0.1375 19
0 0.14 19
0 0.1425 19
0 0.145 19
0 0.1475 19
0 0.15 19
0 0.1525 19
0 0.155 19
0 0.1575 19
0 0.16 19
0 0.1625 19
0 0.165 19
0 0.1675 19
0 0.17 19
0 0.1725 19
0 0.175 19
0 0.1775 19
0 0.18 19
0 0.1825 19
0 0.185 19
0 0.1875 19
0 0.19 19
0 0.1925 19
0 0.195 19
0 0.1975 19
0 0.0025 20
0 0.005 20
0 0.0075 20
0 0.01 20
0 0.0125 20
0 0.015 20
0 0.0175 20
0 0.02 20
0 0.0225 20
0 0.025 20
0 0.0275 20
0 0.03 20
0 0.0325 20
0 0.035 20
0 0.0375 20
0 0.04 20
0 0.0425 20
0 0.045 20
0 0.0475 20
0 0.05 20
0 0.0525 20
0 0.055 20
0 0.0575 20
0 0.06 20
0 0.0625 20
0 0.065 20
0 0.0675 20
0 0.07 20
0 0.0725 20
0 0.075 20
0 0.0775 20
0 0.08 20
0 0.0825 20
0 0.085 20
0 0.0875 20
0 0.09 20
0 0.0925 20
0 0.095 20
0 0.0975 20
0 0.1 20
0 0.1025 20
0 0.105 20
0 0.1075 20
0 0.11 20
0 0.1125 20
0 0.115 20
0 0.1175 20
0 0.12 20
0 0.1225 20
0 0.125 20
0 0.1275 20
0 0.13 20
0 0.1325 20
0 0.135 20
0 0.1375 20
0 0.14 20
0 0.1425 20
0 0.145 20
0 0.1475 20
0 0.15 20
0 0.1525 20
0 0.155 20
0 0.1575 20
0 0.16 20
0 0.1625 20
0 0.165 20
0 0.1675 20
0 0.17 20
0 0.1725 20
0 0.175 20
0 0.1775 20
0 0.0025 21
0 0.005 21
0 0.0075 21
0 0.01 21
0 0.0125 21
0 0.015 21
0 0.0175 21
0 0.02 21
0 0.0225 21
0 0.025 21
0 0.0275 21
0 0.03 21
0 0.0325 21
0 0.035 21
0 0.0375 21
0 0.04 21
0 0.0425 21
0 0.045 21
0 0.0475 21
0 0.05 21
0 0.0525 21
0 0.055 21
0 0.0575 21
0 0.06 21
0 0.0625 21
0 0.065 21
0 0.0675 21
0 0.07 21
0 0.0725 21
0 0.075 21
0 0.0775 21
0 0.08 21
0 0.0825 21
0 0.085 21
0 0.0875 21
0 0.09 21
0 0.0925 21
0 0.095 21
0 0.0975 21
0 0.1 21
0 0.1025 21
0 0.105 21
0 0.1075 21
0 0.11 21
0 0.1125 21
0 0.115 21
0 0.1175 21
0 0.12 21
0 0.1225 21
0 0.125 21
0 0.1275 21
0 0.13 21
0 0.1325 21
0 0.135 21
0 0.1375 21
0 0.14 21
0 0.1425 21
0 0.145 21
0 0.1475 21
0 0.15 21
0 0.1525 21
0 0.155 21
0 0.1575 21
0 0.16 21
0 0.0025 22
0 0.005 22
0 0.0075 22
0 0.01 22
0 0.0125 22
0 0.015 22
0 0.0175 22
0 0.02 22
0 0.0225 22
0 0.025 22
0 0.0275 22
0 0.03 22
0 0.0325 22
0 0.035 22
0 0.0375 22
0 0.04 22
0 0.0425 22
0 0.045 22
0 0.0475 22
0 0.05 22
0 0.0525 22
0 0.055 22
0 0.0575 22
0 0.06 22
0 0.0625 22
0 0.065 22
0 0.0675 22
0 0.07 22
0 0.0725 22
0 0.075 22
0 0.0775 22
0 0.08 22
0 0.0825 22
0 0.085 22
0 0.0875 22
0 0.09 22
0 0.0925 22
0 0.095 22
0 0.0975 22
0 0.1 22
0 0.1025 22
0 0.105 22
0 0.1075 22
0 0.11 22
0 0.1125 22
0 0.115 22
0 0.1175 22
0 0.12 22
0 0.1225 22
0 0.125 22
0 0.1275 22
0 0.13 22
0 0.1325 22
0 0.135 22
0 0.1375 22
0 0.0025 23
0 0.005 23
0 0.0075 23
0 0.01 23
0 0.0125 23
0 0.015 23
0 0.0175 23
0 0.02 23
0 0.0225 23
0 0.025 23
0 0.0275 23
0 0.03 23
0 0.0325 23
0 0.035 23
0 0.0375 23
0 0.04 23
0 0.0425 23
0 0.045 23
0 0.0475 23
0 0.05 23
0 0.0525 23
0 0.055 23
0 0.0575 23
0 0.06 23
0 0.0625 23
0 0.065 23
0 0.0675 23
0 0.07 23
0 0.0725 23
0 0.075 23
0 0.0775 23
0 0.08 23
0 0.0825 23
0 0.085 23
0 0.0875 23
0 0.09 23
0 0.0925 23
0 0.095 23
0 0.0975 23
0 0.1 23
0 0.1025 23
