1.44694e+07 0.085 0
5.525e+06 0.0875 0
407386 0.09 0
1.185e+06 0.0925 0
6.70927e+06 0.095 0
1.34485e+07 0.0975 0
1.75478e+07 0.1 0
1.69018e+07 0.1025 0
1.21029e+07 0.105 0
5.8394e+06 0.1075 0
1.21936e+06 0.11 0
64873.1 0.1125 0
2.1259e+06 0.115 0
5.53508e+06 0.1175 0
8.08644e+06 0.12 0
8.49158e+06 0.1225 0
6.77879e+06 0.125 0
4.07751e+06 0.1275 0
1.74527e+06 0.13 0
544086 0.1325 0
586150 0.135 0
1.31978e+06 0.1375 0
1.89675e+06 0.14 0
2.15036e+06 0.1425 0
1.96604e+06 0.145 0
1.57656e+06 0.1475 0
1.12757e+06 0.15 0
611175 0.1525 0
384215 0.155 0
251726 0.1575 0
195220 0.16 0
157804 0.1625 0
149403 0.165 0
170303 0.1675 0
264211 0.17 0
559557 0.1725 0
933189 0.175 0
1.45066e+06 0.1775 0
1.89609e+06 0.18 0
2.00058e+06 0.1825 0
2.11785e+06 0.185 0
2.12268e+06 0.1875 0
1.92416e+06 0.19 0
1.58728e+06 0.1925 0
1.09371e+06 0.195 0
826405 0.1975 0
735200 0.2 0
725843 0.2025 0
688087 0.205 0
744955 0.2075 0
931840 0.21 0
1.11802e+06 0.2125 0
1.38438e+06 0.215 0
1.40702e+06 0.2175 0
1.48771e+06 0.22 0
1.46586e+06 0.2225 0
1.35573e+06 0.225 0
1.23868e+06 0.2275 0
1.02185e+06 0.23 0
686142 0.2325 0
390537 0.235 0
161493 0.2375 0
137920 0.24 0
374645 0.2425 0
799411 0.245 0
1.4282e+06 0.2475 0
1.96349e+06 0.25 0
2.37164e+06 0.2525 0
2.58129e+06 0.255 0
2.55083e+06 0.2575 0
2.3769e+06 0.26 0
2.06431e+06 0.2625 0
1.60632e+06 0.265 0
1.08602e+06 0.2675 0
614149 0.27 0
368558 0.2725 0
238383 0.275 0
232500 0.2775 0
353858 0.28 0
483526 0.2825 0
569363 0.285 0
516321 0.2875 0
442142 0.29 0
320989 0.2925 0
216183 0.295 0
184604 0.2975 0
165323 0.3 0
164983 0.3025 0
165160 0.305 0
130101 0.3075 0
86424.5 0.31 0
61198.6 0.3125 0
86644.3 0.315 0
1.79596e+07 0.0825 1
1.99167e+07 0.085 1
2.21688e+07 0.0875 1
2.44612e+07 0.09 1
2.57239e+07 0.0925 1
2.69839e+07 0.095 1
2.75672e+07 0.0975 1
2.77584e+07 0.1 1
2.61062e+07 0.1025 1
2.35735e+07 0.105 1
1.98569e+07 0.1075 1
1.60272e+07 0.11 1
1.20604e+07 0.1125 1
8.91771e+06 0.115 1
6.9352e+06 0.1175 1
5.53817e+06 0.12 1
4.16569e+06 0.1225 1
2.85937e+06 0.125 1
1.87731e+06 0.1275 1
1.33532e+06 0.13 1
1.21861e+06 0.1325 1
1.57568e+06 0.135 1
2.23826e+06 0.1375 1
2.9507e+06 0.14 1
3.44396e+06 0.1425 1
3.35203e+06 0.145 1
2.94119e+06 0.1475 1
2.38126e+06 0.15 1
1.72865e+06 0.1525 1
1.15583e+06 0.155 1
946888 0.1575 1
1.05386e+06 0.16 1
1.23381e+06 0.1625 1
1.48133e+06 0.165 1
1.59964e+06 0.1675 1
1.58917e+06 0.17 1
1.40166e+06 0.1725 1
1.26384e+06 0.175 1
1.08292e+06 0.1775 1
1.05014e+06 0.18 1
1.17133e+06 0.1825 1
1.408e+06 0.185 1
1.66375e+06 0.1875 1
1.81538e+06 0.19 1
1.78025e+06 0.1925 1
1.64236e+06 0.195 1
1.30522e+06 0.1975 1
1.00911e+06 0.2 1
786987 0.2025 1
732761 0.205 1
792055 0.2075 1
952341 0.21 1
1.14832e+06 0.2125 1
1.25811e+06 0.215 1
1.22452e+06 0.2175 1
1.1447e+06 0.22 1
936101 0.2225 1
684830 0.225 1
533975 0.2275 1
482377 0.23 1
621895 0.2325 1
789818 0.235 1
894193 0.2375 1
891848 0.24 1
755988 0.2425 1
532548 0.245 1
430760 0.2475 1
483245 0.25 1
787423 0.2525 1
1.24218e+06 0.255 1
1.68585e+06 0.2575 1
1.93388e+06 0.26 1
1.92241e+06 0.2625 1
1.68596e+06 0.265 1
1.35167e+06 0.2675 1
998974 0.27 1
776672 0.2725 1
736313 0.275 1
805169 0.2775 1
849750 0.28 1
846402 0.2825 1
788796 0.285 1
645111 0.2875 1
560984 0.29 1
518918 0.2925 1
563545 0.295 1
617140 0.2975 1
641941 0.3 1
617046 0.3025 1
562308 0.305 1
511633 0.3075 1
496748 0.31 1
537033 0.3125 1
627118 0.315 1
3.76593e+06 0.08 2
3.72725e+06 0.0825 2
3.90685e+06 0.085 2
4.04287e+06 0.0875 2
3.99427e+06 0.09 2
3.8008e+06 0.0925 2
3.6204e+06 0.095 2
3.65677e+06 0.0975 2
4.03076e+06 0.1 2
4.67959e+06 0.1025 2
5.4874e+06 0.105 2
6.10225e+06 0.1075 2
6.16538e+06 0.11 2
5.6235e+06 0.1125 2
4.46654e+06 0.115 2
3.01677e+06 0.1175 2
1.71254e+06 0.12 2
1.19022e+06 0.1225 2
1.36826e+06 0.125 2
2.14e+06 0.1275 2
2.69914e+06 0.13 2
3.18717e+06 0.1325 2
3.2474e+06 0.135 2
2.95003e+06 0.1375 2
2.50149e+06 0.14 2
1.94527e+06 0.1425 2
1.64876e+06 0.145 2
1.31928e+06 0.1475 2
1.12723e+06 0.15 2
869669 0.1525 2
761082 0.155 2
615769 0.1575 2
658654 0.16 2
765055 0.1625 2
878079 0.165 2
989060 0.1675 2
1.11343e+06 0.17 2
1.22451e+06 0.1725 2
1.31501e+06 0.175 2
1.40488e+06 0.1775 2
1.29831e+06 0.18 2
1.15431e+06 0.1825 2
1.13345e+06 0.185 2
824103 0.1875 2
699619 0.19 2
830500 0.1925 2
1.06954e+06 0.195 2
1.37607e+06 0.1975 2
1.60499e+06 0.2 2
1.83065e+06 0.2025 2
1.90195e+06 0.205 2
1.91933e+06 0.2075 2
1.83421e+06 0.21 2
1.70434e+06 0.2125 2
1.63756e+06 0.215 2
1.55001e+06 0.2175 2
1.56886e+06 0.22 2
1.61469e+06 0.2225 2
1.59056e+06 0.225 2
1.55575e+06 0.2275 2
1.45622e+06 0.23 2
1.31089e+06 0.2325 2
1.24966e+06 0.235 2
1.18846e+06 0.2375 2
1.23138e+06 0.24 2
1.36896e+06 0.2425 2
1.49805e+06 0.245 2
1.66989e+06 0.2475 2
1.73334e+06 0.25 2
1.659e+06 0.2525 2
1.49365e+06 0.255 2
1.20155e+06 0.2575 2
924962 0.26 2
679023 0.2625 2
546736 0.265 2
463340 0.2675 2
524945 0.27 2
632653 0.2725 2
743619 0.275 2
830088 0.2775 2
860235 0.28 2
808343 0.2825 2
717067 0.285 2
592982 0.2875 2
528247 0.29 2
587728 0.2925 2
609099 0.295 2
679627 0.2975 2
662740 0.3 2
584613 0.3025 2
451452 0.305 2
319420 0.3075 2
252890 0.31 2
272007 0.3125 2
430373 0.315 2
3.82602e+06 0.075 3
4.34868e+06 0.0775 3
4.63061e+06 0.08 3
4.77822e+06 0.0825 3
5.00861e+06 0.085 3
5.48262e+06 0.0875 3
6.18714e+06 0.09 3
7.00308e+06 0.0925 3
7.75926e+06 0.095 3
8.42957e+06 0.0975 3
9.13812e+06 0.1 3
1.00279e+07 0.1025 3
1.10341e+07 0.105 3
1.20151e+07 0.1075 3
1.25724e+07 0.11 3
1.23436e+07 0.1125 3
1.12525e+07 0.115 3
9.39589e+06 0.1175 3
7.26638e+06 0.12 3
5.30271e+06 0.1225 3
3.77946e+06 0.125 3
3.14874e+06 0.1275 3
3.16341e+06 0.13 3
3.58236e+06 0.1325 3
3.68018e+06 0.135 3
3.50149e+06 0.1375 3
3.27439e+06 0.14 3
2.71194e+06 0.1425 3
2.17388e+06 0.145 3
1.72375e+06 0.1475 3
1.34885e+06 0.15 3
1.0317e+06 0.1525 3
780479 0.155 3
612014 0.1575 3
488951 0.16 3
446968 0.1625 3
402432 0.165 3
363272 0.1675 3
477951 0.17 3
645808 0.1725 3
969524 0.175 3
1.42939e+06 0.1775 3
1.67893e+06 0.18 3
1.7266e+06 0.1825 3
1.51132e+06 0.185 3
1.05857e+06 0.1875 3
818148 0.19 3
946777 0.1925 3
1.4873e+06 0.195 3
2.23439e+06 0.1975 3
2.95631e+06 0.2 3
3.30322e+06 0.2025 3
3.11594e+06 0.205 3
2.54228e+06 0.2075 3
1.83134e+06 0.21 3
1.38864e+06 0.2125 3
1.25412e+06 0.215 3
1.61488e+06 0.2175 3
2.07986e+06 0.22 3
2.45983e+06 0.2225 3
2.5872e+06 0.225 3
2.38182e+06 0.2275 3
1.89615e+06 0.23 3
1.35359e+06 0.2325 3
904171 0.235 3
648009 0.2375 3
624615 0.24 3
803154 0.2425 3
1.03562e+06 0.245 3
1.22827e+06 0.2475 3
1.28971e+06 0.25 3
1.22814e+06 0.2525 3
1.06113e+06 0.255 3
877665 0.2575 3
690392 0.26 3
593821 0.2625 3
625353 0.265 3
595754 0.2675 3
591322 0.27 3
582796 0.2725 3
500074 0.275 3
422745 0.2775 3
456634 0.28 3
514006 0.2825 3
629366 0.285 3
759999 0.2875 3
890033 0.29 3
961145 0.2925 3
936574 0.295 3
795272 0.2975 3
619899 0.3 3
463640 0.3025 3
388004 0.305 3
400406 0.3075 3
476744 0.31 3
592165 0.3125 3
735660 0.315 3
445276 0.0675 4
111244 0.07 4
83188.6 0.0725 4
124655 0.075 4
252025 0.0775 4
603305 0.08 4
1.16689e+06 0.0825 4
1.60231e+06 0.085 4
2.86454e+06 0.0875 4
4.2767e+06 0.09 4
6.30752e+06 0.0925 4
8.04178e+06 0.095 4
1.0195e+07 0.0975 4
1.19807e+07 0.1 4
1.3843e+07 0.1025 4
1.44701e+07 0.105 4
1.50162e+07 0.1075 4
1.46421e+07 0.11 4
1.4195e+07 0.1125 4
1.34919e+07 0.115 4
1.2698e+07 0.1175 4
1.18802e+07 0.12 4
9.87184e+06 0.1225 4
8.70927e+06 0.125 4
7.29698e+06 0.1275 4
6.82793e+06 0.13 4
6.38924e+06 0.1325 4
5.96101e+06 0.135 4
5.76041e+06 0.1375 4
6.18828e+06 0.14 4
6.62168e+06 0.1425 4
6.86882e+06 0.145 4
7.0033e+06 0.1475 4
6.85197e+06 0.15 4
6.30221e+06 0.1525 4
5.40934e+06 0.155 4
4.26204e+06 0.1575 4
3.0038e+06 0.16 4
1.8666e+06 0.1625 4
1.04173e+06 0.165 4
789742 0.1675 4
1.04856e+06 0.17 4
1.51621e+06 0.1725 4
1.91315e+06 0.175 4
1.9441e+06 0.1775 4
1.59674e+06 0.18 4
1.05742e+06 0.1825 4
566232 0.185 4
293395 0.1875 4
304782 0.19 4
489007 0.1925 4
668106 0.195 4
822098 0.1975 4
855934 0.2 4
912786 0.2025 4
1.02235e+06 0.205 4
1.2595e+06 0.2075 4
1.37232e+06 0.21 4
1.33058e+06 0.2125 4
1.1763e+06 0.215 4
978866 0.2175 4
833694 0.22 4
868575 0.2225 4
1.06202e+06 0.225 4
1.21163e+06 0.2275 4
1.19131e+06 0.23 4
978233 0.2325 4
638124 0.235 4
349517 0.2375 4
258530 0.24 4
367250 0.2425 4
649892 0.245 4
949517 0.2475 4
1.15891e+06 0.25 4
1.29759e+06 0.2525 4
1.28753e+06 0.255 4
1.25516e+06 0.2575 4
1.27903e+06 0.26 4
1.2644e+06 0.2625 4
1.24851e+06 0.265 4
1.18008e+06 0.2675 4
1.05274e+06 0.27 4
842930 0.2725 4
646595 0.275 4
528144 0.2775 4
405349 0.28 4
434009 0.2825 4
525229 0.285 4
659115 0.2875 4
741650 0.29 4
760329 0.2925 4
741291 0.295 4
675797 0.2975 4
594205 0.3 4
551872 0.3025 4
539608 0.305 4
524721 0.3075 4
474643 0.31 4
400326 0.3125 4
1.40539e+06 0.055 5
1.43964e+06 0.0575 5
906549 0.06 5
259368 0.0625 5
25788.1 0.065 5
351989 0.0675 5
907605 0.07 5
1.20536e+06 0.0725 5
1.02566e+06 0.075 5
574861 0.0775 5
271308 0.08 5
381649 0.0825 5
830550 0.085 5
1.31806e+06 0.0875 5
1.59905e+06 0.09 5
1.66256e+06 0.0925 5
1.67663e+06 0.095 5
1.79166e+06 0.0975 5
2.00783e+06 0.1 5
2.2222e+06 0.1025 5
2.38327e+06 0.105 5
2.57872e+06 0.1075 5
2.95699e+06 0.11 5
3.53917e+06 0.1125 5
4.12024e+06 0.115 5
4.36846e+06 0.1175 5
4.00727e+06 0.12 5
3.10317e+06 0.1225 5
2.01426e+06 0.125 5
1.25242e+06 0.1275 5
1.04543e+06 0.13 5
1.44974e+06 0.1325 5
2.11929e+06 0.135 5
2.72499e+06 0.1375 5
2.96816e+06 0.14 5
2.82235e+06 0.1425 5
2.42199e+06 0.145 5
2.16534e+06 0.1475 5
2.02501e+06 0.15 5
2.05268e+06 0.1525 5
2.28231e+06 0.155 5
2.24577e+06 0.1575 5
2.56442e+06 0.16 5
2.64902e+06 0.1625 5
2.32134e+06 0.165 5
2.19767e+06 0.1675 5
1.69557e+06 0.17 5
1.23556e+06 0.1725 5
929954 0.175 5
852281 0.1775 5
1.14082e+06 0.18 5
1.35171e+06 0.1825 5
1.53962e+06 0.185 5
1.74045e+06 0.1875 5
1.79142e+06 0.19 5
1.86253e+06 0.1925 5
1.92442e+06 0.195 5
1.72326e+06 0.1975 5
1.51313e+06 0.2 5
1.21144e+06 0.2025 5
1.05674e+06 0.205 5
1.08433e+06 0.2075 5
1.245e+06 0.21 5
1.55515e+06 0.2125 5
1.8098e+06 0.215 5
1.79471e+06 0.2175 5
1.57214e+06 0.22 5
1.18409e+06 0.2225 5
955430 0.225 5
957503 0.2275 5
1.22372e+06 0.23 5
1.57517e+06 0.2325 5
1.85427e+06 0.235 5
1.95202e+06 0.2375 5
1.73628e+06 0.24 5
1.45633e+06 0.2425 5
1.09776e+06 0.245 5
906036 0.2475 5
818897 0.25 5
882000 0.2525 5
1.03607e+06 0.255 5
1.11145e+06 0.2575 5
1.05965e+06 0.26 5
981255 0.2625 5
788790 0.265 5
658029 0.2675 5
593826 0.27 5
598461 0.2725 5
613900 0.275 5
621545 0.2775 5
666949 0.28 5
623818 0.2825 5
629126 0.285 5
556549 0.2875 5
545085 0.29 5
535943 0.2925 5
567701 0.295 5
670404 0.2975 5
750697 0.3 5
795820 0.3025 5
776568 0.305 5
699348 0.3075 5
553562 0.31 5
0 0.035 6
0 0.0375 6
0 0.04 6
0 0.0425 6
487.245 0.045 6
11666.4 0.0475 6
70317.9 0.05 6
183597 0.0525 6
411545 0.055 6
585195 0.0575 6
1.21415e+06 0.06 6
1.78178e+06 0.0625 6
2.2408e+06 0.065 6
2.38549e+06 0.0675 6
2.44726e+06 0.07 6
2.35834e+06 0.0725 6
2.17859e+06 0.075 6
1.78125e+06 0.0775 6
1.2218e+06 0.08 6
976232 0.0825 6
974826 0.085 6
1.10206e+06 0.0875 6
1.56863e+06 0.09 6
2.05192e+06 0.0925 6
2.56163e+06 0.095 6
3.14136e+06 0.0975 6
3.28715e+06 0.1 6
3.49521e+06 0.1025 6
3.35984e+06 0.105 6
2.78104e+06 0.1075 6
2.22875e+06 0.11 6
1.6006e+06 0.1125 6
1.4407e+06 0.115 6
1.05291e+06 0.1175 6
1.10065e+06 0.12 6
1.18872e+06 0.1225 6
1.4602e+06 0.125 6
1.60926e+06 0.1275 6
1.69256e+06 0.13 6
1.64389e+06 0.1325 6
1.45943e+06 0.135 6
1.14879e+06 0.1375 6
873226 0.14 6
678326 0.1425 6
468038 0.145 6
495677 0.1475 6
608979 0.15 6
822613 0.1525 6
1.02238e+06 0.155 6
1.14739e+06 0.1575 6
1.12247e+06 0.16 6
946600 0.1625 6
681389 0.165 6
485858 0.1675 6
448227 0.17 6
607577 0.1725 6
845710 0.175 6
983546 0.1775 6
971197 0.18 6
877915 0.1825 6
697745 0.185 6
591236 0.1875 6
696672 0.19 6
965176 0.1925 6
1.29079e+06 0.195 6
1.50796e+06 0.1975 6
1.57435e+06 0.2 6
1.44957e+06 0.2025 6
1.31136e+06 0.205 6
1.25936e+06 0.2075 6
1.37113e+06 0.21 6
1.59985e+06 0.2125 6
1.83611e+06 0.215 6
1.91725e+06 0.2175 6
1.75317e+06 0.22 6
1.37459e+06 0.2225 6
970599 0.225 6
596457 0.2275 6
334444 0.23 6
263179 0.2325 6
351177 0.235 6
586703 0.2375 6
798847 0.24 6
967727 0.2425 6
1.04176e+06 0.245 6
1.0162e+06 0.2475 6
947886 0.25 6
914079 0.2525 6
838073 0.255 6
830503 0.2575 6
881242 0.26 6
881837 0.2625 6
916526 0.265 6
998425 0.2675 6
1.17144e+06 0.27 6
1.33723e+06 0.2725 6
1.54808e+06 0.275 6
1.66973e+06 0.2775 6
1.73234e+06 0.28 6
1.73054e+06 0.2825 6
1.58043e+06 0.285 6
1.39267e+06 0.2875 6
1.25984e+06 0.29 6
1.16227e+06 0.2925 6
1.12286e+06 0.295 6
1.13371e+06 0.2975 6
1.11642e+06 0.3 6
1.03051e+06 0.3025 6
867860 0.305 6
669413 0.3075 6
137824 0.0125 7
374499 0.015 7
856152 0.0175 7
1.7517e+06 0.02 7
2.72842e+06 0.0225 7
3.21213e+06 0.025 7
3.38981e+06 0.0275 7
2.92955e+06 0.03 7
1.94262e+06 0.0325 7
905544 0.035 7
206122 0.0375 7
33592.1 0.04 7
260533 0.0425 7
558584 0.045 7
682031 0.0475 7
632866 0.05 7
610345 0.0525 7
804149 0.055 7
1.21168e+06 0.0575 7
1.62796e+06 0.06 7
1.80595e+06 0.0625 7
1.64743e+06 0.065 7
1.27037e+06 0.0675 7
909350 0.07 7
739855 0.0725 7
766044 0.075 7
847202 0.0775 7
825116 0.08 7
646559 0.0825 7
395257 0.085 7
225458 0.0875 7
257330 0.09 7
507537 0.0925 7
891090 0.095 7
1.28019e+06 0.0975 7
1.56073e+06 0.1 7
1.69807e+06 0.1025 7
1.68533e+06 0.105 7
1.55083e+06 0.1075 7
1.37282e+06 0.11 7
1.18373e+06 0.1125 7
988675 0.115 7
1.00488e+06 0.1175 7
1.17059e+06 0.12 7
1.56023e+06 0.1225 7
1.91128e+06 0.125 7
2.06945e+06 0.1275 7
2.22117e+06 0.13 7
2.07647e+06 0.1325 7
1.74487e+06 0.135 7
1.38124e+06 0.1375 7
939824 0.14 7
658929 0.1425 7
591269 0.145 7
496706 0.1475 7
384168 0.15 7
417916 0.1525 7
462503 0.155 7
568071 0.1575 7
729901 0.16 7
795592 0.1625 7
850052 0.165 7
789701 0.1675 7
646798 0.17 7
610776 0.1725 7
602410 0.175 7
765955 0.1775 7
984117 0.18 7
1.52574e+06 0.1825 7
2.10855e+06 0.185 7
2.77674e+06 0.1875 7
3.3468e+06 0.19 7
3.62472e+06 0.1925 7
3.62164e+06 0.195 7
3.0997e+06 0.1975 7
2.77932e+06 0.2 7
2.27702e+06 0.2025 7
1.75182e+06 0.205 7
1.62472e+06 0.2075 7
1.72257e+06 0.21 7
2.14883e+06 0.2125 7
2.40458e+06 0.215 7
2.60611e+06 0.2175 7
2.49548e+06 0.22 7
2.24141e+06 0.2225 7
1.86702e+06 0.225 7
1.64292e+06 0.2275 7
1.39618e+06 0.23 7
1.35271e+06 0.2325 7
1.30036e+06 0.235 7
1.25101e+06 0.2375 7
1.14644e+06 0.24 7
1.09951e+06 0.2425 7
1.04265e+06 0.245 7
940059 0.2475 7
779348 0.25 7
632676 0.2525 7
550921 0.255 7
538834 0.2575 7
631481 0.26 7
800121 0.2625 7
880670 0.265 7
943076 0.2675 7
914456 0.27 7
865699 0.2725 7
833282 0.275 7
728120 0.2775 7
729263 0.28 7
742779 0.2825 7
741743 0.285 7
739929 0.2875 7
807535 0.29 7
864827 0.2925 7
936852 0.295 7
1.04647e+06 0.2975 7
1.14501e+06 0.3 7
1.22882e+06 0.3025 7
1.22849e+06 0.305 7
0 0.01 8
0 0.0125 8
0 0.015 8
0 0.0175 8
0 0.02 8
359.364 0.0225 8
29847.4 0.025 8
128379 0.0275 8
518825 0.03 8
539742 0.0325 8
1.11169e+06 0.035 8
1.62437e+06 0.0375 8
1.91969e+06 0.04 8
2.16473e+06 0.0425 8
1.74425e+06 0.045 8
1.32604e+06 0.0475 8
855558 0.05 8
554089 0.0525 8
717064 0.055 8
1.29617e+06 0.0575 8
1.99791e+06 0.06 8
2.71417e+06 0.0625 8
3.04795e+06 0.065 8
2.8925e+06 0.0675 8
2.2936e+06 0.07 8
1.62788e+06 0.0725 8
916975 0.075 8
420006 0.0775 8
204843 0.08 8
157880 0.0825 8
219924 0.085 8
345798 0.0875 8
488110 0.09 8
614261 0.0925 8
685235 0.095 8
711410 0.0975 8
697945 0.1 8
596420 0.1025 8
509920 0.105 8
413652 0.1075 8
527657 0.11 8
879770 0.1125 8
1.38759e+06 0.115 8
1.92653e+06 0.1175 8
2.34769e+06 0.12 8
2.29402e+06 0.1225 8
2.00727e+06 0.125 8
1.66998e+06 0.1275 8
1.26722e+06 0.13 8
1.02931e+06 0.1325 8
1.15786e+06 0.135 8
1.68923e+06 0.1375 8
2.2196e+06 0.14 8
2.66727e+06 0.1425 8
2.671e+06 0.145 8
2.34847e+06 0.1475 8
1.75373e+06 0.15 8
1.04629e+06 0.1525 8
566751 0.155 8
488378 0.1575 8
726697 0.16 8
1.11554e+06 0.1625 8
1.43174e+06 0.165 8
1.49674e+06 0.1675 8
1.31487e+06 0.17 8
1.12439e+06 0.1725 8
875665 0.175 8
835814 0.1775 8
910587 0.18 8
1.06046e+06 0.1825 8
1.02029e+06 0.185 8
931234 0.1875 8
745203 0.19 8
630967 0.1925 8
758204 0.195 8
1.06134e+06 0.1975 8
1.33102e+06 0.2 8
1.47905e+06 0.2025 8
1.52163e+06 0.205 8
1.30557e+06 0.2075 8
1.07343e+06 0.21 8
1.04946e+06 0.2125 8
1.27324e+06 0.215 8
1.7276e+06 0.2175 8
2.15288e+06 0.22 8
2.49818e+06 0.2225 8
2.57313e+06 0.225 8
2.22687e+06 0.2275 8
1.68419e+06 0.23 8
1.24647e+06 0.2325 8
1.03137e+06 0.235 8
1.14112e+06 0.2375 8
1.38342e+06 0.24 8
1.6326e+06 0.2425 8
1.75784e+06 0.245 8
1.685e+06 0.2475 8
1.35729e+06 0.25 8
977097 0.2525 8
636996 0.255 8
409438 0.2575 8
378420 0.26 8
541942 0.2625 8
798571 0.265 8
1.1096e+06 0.2675 8
1.38354e+06 0.27 8
1.51232e+06 0.2725 8
1.44014e+06 0.275 8
1.22959e+06 0.2775 8
936130 0.28 8
609628 0.2825 8
366884 0.285 8
200590 0.2875 8
140014 0.29 8
147913 0.2925 8
205082 0.295 8
265198 0.2975 8
0 0.01 9
0 0.0125 9
0 0.015 9
0 0.0175 9
0 0.02 9
0 0.0225 9
0 0.025 9
0 0.0275 9
0 0.03 9
4530.58 0.0325 9
19724.4 0.035 9
25848.6 0.0375 9
78708.9 0.04 9
96244.1 0.0425 9
122799 0.045 9
194893 0.0475 9
260402 0.05 9
537091 0.0525 9
732272 0.055 9
889510 0.0575 9
1.08163e+06 0.06 9
1.55454e+06 0.0625 9
2.18685e+06 0.065 9
2.41418e+06 0.0675 9
2.66246e+06 0.07 9
2.80249e+06 0.0725 9
2.66328e+06 0.075 9
2.31299e+06 0.0775 9
1.63168e+06 0.08 9
1.09915e+06 0.0825 9
731892 0.085 9
415923 0.0875 9
472136 0.09 9
322347 0.0925 9
401111 0.095 9
669159 0.0975 9
832451 0.1 9
931362 0.1025 9
919463 0.105 9
831613 0.1075 9
926856 0.11 9
1.10148e+06 0.1125 9
1.4842e+06 0.115 9
1.9163e+06 0.1175 9
2.29009e+06 0.12 9
2.39159e+06 0.1225 9
2.13964e+06 0.125 9
1.79021e+06 0.1275 9
1.33928e+06 0.13 9
887463 0.1325 9
479231 0.135 9
284535 0.1375 9
496153 0.14 9
856873 0.1425 9
1.34453e+06 0.145 9
1.72644e+06 0.1475 9
1.86681e+06 0.15 9
1.84058e+06 0.1525 9
1.534e+06 0.155 9
1.18491e+06 0.1575 9
810904 0.16 9
575807 0.1625 9
500031 0.165 9
503746 0.1675 9
578011 0.17 9
859154 0.1725 9
1.19584e+06 0.175 9
1.58078e+06 0.1775 9
1.96182e+06 0.18 9
2.28728e+06 0.1825 9
2.45735e+06 0.185 9
2.42138e+06 0.1875 9
2.28971e+06 0.19 9
1.90691e+06 0.1925 9
1.46953e+06 0.195 9
1.02735e+06 0.1975 9
853749 0.2 9
921381 0.2025 9
1.26954e+06 0.205 9
1.65995e+06 0.2075 9
2.02433e+06 0.21 9
2.11874e+06 0.2125 9
1.88818e+06 0.215 9
1.47799e+06 0.2175 9
1.05969e+06 0.22 9
856321 0.2225 9
905834 0.225 9
1.16065e+06 0.2275 9
1.42971e+06 0.23 9
1.55591e+06 0.2325 9
1.36715e+06 0.235 9
1.01317e+06 0.2375 9
654153 0.24 9
455537 0.2425 9
505433 0.245 9
767288 0.2475 9
1.14507e+06 0.25 9
1.43299e+06 0.2525 9
1.5448e+06 0.255 9
1.41154e+06 0.2575 9
1.16462e+06 0.26 9
922118 0.2625 9
764245 0.265 9
724647 0.2675 9
723388 0.27 9
701671 0.2725 9
688243 0.275 9
612529 0.2775 9
520478 0.28 9
500317 0.2825 9
498775 0.285 9
580894 0.2875 9
665221 0.29 9
781363 0.2925 9
2.25186e+06 0.01 10
3.80689e+06 0.0125 10
4.96439e+06 0.015 10
5.20412e+06 0.0175 10
4.47748e+06 0.02 10
3.21856e+06 0.0225 10
2.02462e+06 0.025 10
1.27345e+06 0.0275 10
964738 0.03 10
859632 0.0325 10
747052 0.035 10
597936 0.0375 10
509708 0.04 10
543217 0.0425 10
630803 0.045 10
638299 0.0475 10
505704 0.05 10
321988 0.0525 10
260889 0.055 10
436020 0.0575 10
801449 0.06 10
1.17645e+06 0.0625 10
1.36604e+06 0.065 10
1.27963e+06 0.0675 10
968298 0.07 10
573873 0.0725 10
242452 0.075 10
60692.5 0.0775 10
39077.6 0.08 10
131990 0.0825 10
272740 0.085 10
406729 0.0875 10
511761 0.09 10
597331 0.0925 10
682333 0.095 10
765337 0.0975 10
811719 0.1 10
772997 0.1025 10
630171 0.105 10
419328 0.1075 10
230949 0.11 10
155249 0.1125 10
229148 0.115 10
429939 0.1175 10
649175 0.12 10
796384 0.1225 10
809856 0.125 10
687510 0.1275 10
493785 0.13 10
367169 0.1325 10
371416 0.135 10
645438 0.1375 10
1.0436e+06 0.14 10
1.53627e+06 0.1425 10
1.96223e+06 0.145 10
2.37071e+06 0.1475 10
2.58911e+06 0.15 10
2.63671e+06 0.1525 10
2.48026e+06 0.155 10
2.29986e+06 0.1575 10
2.36398e+06 0.16 10
2.69457e+06 0.1625 10
2.71586e+06 0.165 10
2.78682e+06 0.1675 10
2.80821e+06 0.17 10
2.9315e+06 0.1725 10
3.25025e+06 0.175 10
3.98071e+06 0.1775 10
4.66247e+06 0.18 10
5.44917e+06 0.1825 10
5.58798e+06 0.185 10
5.14531e+06 0.1875 10
4.10483e+06 0.19 10
2.97863e+06 0.1925 10
2.20094e+06 0.195 10
1.82364e+06 0.1975 10
2.18251e+06 0.2 10
2.50475e+06 0.2025 10
2.57745e+06 0.205 10
2.28332e+06 0.2075 10
1.78905e+06 0.21 10
1.31823e+06 0.2125 10
955172 0.215 10
807559 0.2175 10
866707 0.22 10
1.02249e+06 0.2225 10
1.1025e+06 0.225 10
1.0426e+06 0.2275 10
976537 0.23 10
784995 0.2325 10
640267 0.235 10
572535 0.2375 10
688982 0.24 10
836547 0.2425 10
947739 0.245 10
1.04928e+06 0.2475 10
1.03643e+06 0.25 10
869349 0.2525 10
700636 0.255 10
534906 0.2575 10
475912 0.26 10
528414 0.2625 10
520879 0.265 10
491068 0.2675 10
358800 0.27 10
242372 0.2725 10
160780 0.275 10
164087 0.2775 10
246422 0.28 10
378616 0.2825 10
516692 0.285 10
605518 0.2875 10
0 0.01 11
0 0.0125 11
0 0.015 11
0 0.0175 11
0 0.02 11
0 0.0225 11
0 0.025 11
0 0.0275 11
0 0.03 11
0 0.0325 11
0 0.035 11
0 0.0375 11
0 0.04 11
0 0.0425 11
0 0.045 11
0 0.0475 11
2209.27 0.05 11
13956.9 0.0525 11
32702.8 0.055 11
65845 0.0575 11
178496 0.06 11
343894 0.0625 11
556584 0.065 11
633260 0.0675 11
775828 0.07 11
762834 0.0725 11
658634 0.075 11
626485 0.0775 11
569699 0.08 11
448268 0.0825 11
419795 0.085 11
464066 0.0875 11
794935 0.09 11
1.12654e+06 0.0925 11
1.59244e+06 0.095 11
1.74337e+06 0.0975 11
1.87057e+06 0.1 11
1.78103e+06 0.1025 11
1.8763e+06 0.105 11
1.98889e+06 0.1075 11
2.58328e+06 0.11 11
3.21777e+06 0.1125 11
3.93582e+06 0.115 11
4.60992e+06 0.1175 11
5.15314e+06 0.12 11
4.72457e+06 0.1225 11
4.02387e+06 0.125 11
2.88638e+06 0.1275 11
1.8286e+06 0.13 11
1.22927e+06 0.1325 11
1.23786e+06 0.135 11
2.00176e+06 0.1375 11
3.12813e+06 0.14 11
4.47636e+06 0.1425 11
5.42967e+06 0.145 11
5.83315e+06 0.1475 11
5.70911e+06 0.15 11
5.05417e+06 0.1525 11
4.22231e+06 0.155 11
3.53062e+06 0.1575 11
3.03105e+06 0.16 11
2.82115e+06 0.1625 11
2.76657e+06 0.165 11
2.90555e+06 0.1675 11
3.08291e+06 0.17 11
3.13977e+06 0.1725 11
3.13361e+06 0.175 11
2.93404e+06 0.1775 11
2.51779e+06 0.18 11
1.97691e+06 0.1825 11
1.45041e+06 0.185 11
1.00967e+06 0.1875 11
713327 0.19 11
620650 0.1925 11
723778 0.195 11
1.04199e+06 0.1975 11
1.46881e+06 0.2 11
1.89204e+06 0.2025 11
2.04401e+06 0.205 11
2.01026e+06 0.2075 11
1.69382e+06 0.21 11
1.2482e+06 0.2125 11
771330 0.215 11
467936 0.2175 11
432183 0.22 11
564621 0.2225 11
778850 0.225 11
935659 0.2275 11
978532 0.23 11
866413 0.2325 11
760346 0.235 11
699697 0.2375 11
799040 0.24 11
1.00234e+06 0.2425 11
1.24227e+06 0.245 11
1.39866e+06 0.2475 11
1.47689e+06 0.25 11
1.40924e+06 0.2525 11
1.24432e+06 0.255 11
1.05658e+06 0.2575 11
830365 0.26 11
668826 0.2625 11
505422 0.265 11
401927 0.2675 11
341181 0.27 11
385433 0.2725 11
452980 0.275 11
536835 0.2775 11
584089 0.28 11
546903 0.2825 11
3482.62 0.01 12
10126.8 0.0125 12
25739 0.015 12
77080.7 0.0175 12
146754 0.02 12
225126 0.0225 12
285412 0.025 12
294338 0.0275 12
248320 0.03 12
204917 0.0325 12
276195 0.035 12
564795 0.0375 12
1.07229e+06 0.04 12
1.65324e+06 0.0425 12
2.07781e+06 0.045 12
2.18926e+06 0.0475 12
2.04999e+06 0.05 12
1.94668e+06 0.0525 12
2.21164e+06 0.055 12
2.96472e+06 0.0575 12
3.96913e+06 0.06 12
4.73629e+06 0.0625 12
4.83474e+06 0.065 12
4.19078e+06 0.0675 12
3.15352e+06 0.07 12
2.26226e+06 0.0725 12
1.87782e+06 0.075 12
1.9481e+06 0.0775 12
2.0822e+06 0.08 12
1.87645e+06 0.0825 12
1.24763e+06 0.085 12
523872 0.0875 12
223277 0.09 12
677447 0.0925 12
1.76617e+06 0.095 12
2.9505e+06 0.0975 12
3.58992e+06 0.1 12
3.33384e+06 0.1025 12
2.35261e+06 0.105 12
1.25125e+06 0.1075 12
729899 0.11 12
1.19205e+06 0.1125 12
2.51564e+06 0.115 12
4.102e+06 0.1175 12
5.19865e+06 0.12 12
5.34152e+06 0.1225 12
4.57303e+06 0.125 12
3.31839e+06 0.1275 12
2.18116e+06 0.13 12
1.71085e+06 0.1325 12
1.87959e+06 0.135 12
2.55194e+06 0.1375 12
3.27839e+06 0.14 12
3.81589e+06 0.1425 12
3.75344e+06 0.145 12
3.28776e+06 0.1475 12
2.42267e+06 0.15 12
1.83819e+06 0.1525 12
1.27056e+06 0.155 12
1.0812e+06 0.1575 12
1.25918e+06 0.16 12
1.54585e+06 0.1625 12
1.84955e+06 0.165 12
1.89422e+06 0.1675 12
1.66176e+06 0.17 12
1.34416e+06 0.1725 12
931743 0.175 12
645247 0.1775 12
579137 0.18 12
650389 0.1825 12
874938 0.185 12
1.09118e+06 0.1875 12
1.22344e+06 0.19 12
1.17001e+06 0.1925 12
1.05454e+06 0.195 12
847005 0.1975 12
662188 0.2 12
529982 0.2025 12
464843 0.205 12
501138 0.2075 12
568645 0.21 12
625163 0.2125 12
707327 0.215 12
710931 0.2175 12
593355 0.22 12
489924 0.2225 12
368119 0.225 12
265693 0.2275 12
270477 0.23 12
327951 0.2325 12
428438 0.235 12
538336 0.2375 12
664190 0.24 12
745153 0.2425 12
842104 0.245 12
867253 0.2475 12
790682 0.25 12
620854 0.2525 12
384496 0.255 12
179320 0.2575 12
70425.6 0.26 12
131039 0.2625 12
328149 0.265 12
603215 0.2675 12
781608 0.27 12
804199 0.2725 12
698892 0.275 12
0 0.01 13
0 0.0125 13
0 0.015 13
0 0.0175 13
0 0.02 13
0 0.0225 13
0 0.025 13
1728.18 0.0275 13
12115.5 0.03 13
64669.6 0.0325 13
275831 0.035 13
603068 0.0375 13
1.1714e+06 0.04 13
1.40907e+06 0.0425 13
1.80778e+06 0.045 13
2.16221e+06 0.0475 13
2.43315e+06 0.05 13
2.82786e+06 0.0525 13
2.53246e+06 0.055 13
2.41129e+06 0.0575 13
2.59611e+06 0.06 13
2.70124e+06 0.0625 13
3.16786e+06 0.065 13
3.46446e+06 0.0675 13
3.58295e+06 0.07 13
3.31033e+06 0.0725 13
2.92105e+06 0.075 13
2.36368e+06 0.0775 13
1.68407e+06 0.08 13
1.03305e+06 0.0825 13
586074 0.085 13
418047 0.0875 13
531645 0.09 13
876372 0.0925 13
1.42357e+06 0.095 13
1.91826e+06 0.0975 13
2.25556e+06 0.1 13
2.47742e+06 0.1025 13
2.55337e+06 0.105 13
2.44517e+06 0.1075 13
2.23039e+06 0.11 13
2.15339e+06 0.1125 13
2.28079e+06 0.115 13
2.50401e+06 0.1175 13
2.64675e+06 0.12 13
2.68139e+06 0.1225 13
2.73463e+06 0.125 13
2.5436e+06 0.1275 13
2.06353e+06 0.13 13
1.73631e+06 0.1325 13
1.55777e+06 0.135 13
1.60333e+06 0.1375 13
1.75805e+06 0.14 13
1.92619e+06 0.1425 13
1.88838e+06 0.145 13
1.69944e+06 0.1475 13
1.36641e+06 0.15 13
937311 0.1525 13
513408 0.155 13
354686 0.1575 13
393398 0.16 13
712493 0.1625 13
1.02441e+06 0.165 13
1.24724e+06 0.1675 13
1.22611e+06 0.17 13
1.09643e+06 0.1725 13
826210 0.175 13
574569 0.1775 13
535797 0.18 13
583722 0.1825 13
710281 0.185 13
829016 0.1875 13
958191 0.19 13
1.11967e+06 0.1925 13
1.33402e+06 0.195 13
1.5853e+06 0.1975 13
1.6658e+06 0.2 13
1.65182e+06 0.2025 13
1.47688e+06 0.205 13
1.20874e+06 0.2075 13
981650 0.21 13
893320 0.2125 13
824442 0.215 13
885556 0.2175 13
947070 0.22 13
913256 0.2225 13
791031 0.225 13
662758 0.2275 13
579633 0.23 13
566485 0.2325 13
606488 0.235 13
648487 0.2375 13
730432 0.24 13
809292 0.2425 13
855550 0.245 13
801392 0.2475 13
703023 0.25 13
644395 0.2525 13
554841 0.255 13
468397 0.2575 13
388031 0.26 13
327039 0.2625 13
316024 0.265 13
325025 0.2675 13
0 0.02 14
0 0.0225 14
0 0.025 14
1524.26 0.0275 14
9411.13 0.03 14
41200.5 0.0325 14
214916 0.035 14
470574 0.0375 14
501520 0.04 14
640569 0.0425 14
693034 0.045 14
758949 0.0475 14
647366 0.05 14
305129 0.0525 14
75495.9 0.055 14
55472.8 0.0575 14
185682 0.06 14
641824 0.0625 14
1.13361e+06 0.065 14
1.81457e+06 0.0675 14
2.47829e+06 0.07 14
2.68542e+06 0.0725 14
2.88696e+06 0.075 14
3.00038e+06 0.0775 14
3.32423e+06 0.08 14
4.01678e+06 0.0825 14
5.24268e+06 0.085 14
6.67624e+06 0.0875 14
8.1779e+06 0.09 14
9.48087e+06 0.0925 14
1.017e+07 0.095 14
1.00499e+07 0.0975 14
9.23649e+06 0.1 14
7.86272e+06 0.1025 14
6.36617e+06 0.105 14
4.79118e+06 0.1075 14
3.45989e+06 0.11 14
2.64011e+06 0.1125 14
2.35612e+06 0.115 14
1.87792e+06 0.1175 14
1.53961e+06 0.12 14
1.35807e+06 0.1225 14
1.14286e+06 0.125 14
1.00492e+06 0.1275 14
912327 0.13 14
882859 0.1325 14
849915 0.135 14
770580 0.1375 14
722348 0.14 14
686347 0.1425 14
812924 0.145 14
963893 0.1475 14
1.2035e+06 0.15 14
1.28349e+06 0.1525 14
1.26687e+06 0.155 14
1.09677e+06 0.1575 14
957305 0.16 14
987208 0.1625 14
1.15808e+06 0.165 14
1.4228e+06 0.1675 14
1.63838e+06 0.17 14
1.67134e+06 0.1725 14
1.53289e+06 0.175 14
1.46078e+06 0.1775 14
1.35731e+06 0.18 14
1.42107e+06 0.1825 14
1.45596e+06 0.185 14
1.3575e+06 0.1875 14
1.18421e+06 0.19 14
1.04022e+06 0.1925 14
958032 0.195 14
1.09046e+06 0.1975 14
1.36661e+06 0.2 14
1.63803e+06 0.2025 14
1.68929e+06 0.205 14
1.54558e+06 0.2075 14
1.26946e+06 0.21 14
1.01514e+06 0.2125 14
756905 0.215 14
593137 0.2175 14
550151 0.22 14
505334 0.2225 14
464855 0.225 14
431955 0.2275 14
408510 0.23 14
402947 0.2325 14
425092 0.235 14
456547 0.2375 14
463722 0.24 14
472333 0.2425 14
426237 0.245 14
405260 0.2475 14
366350 0.25 14
316961 0.2525 14
277270 0.255 14
252122 0.2575 14
2.21424e+06 0.0125 15
4.85878e+06 0.015 15
8.55768e+06 0.0175 15
1.23941e+07 0.02 15
1.51828e+07 0.0225 15
1.58261e+07 0.025 15
1.40213e+07 0.0275 15
1.0455e+07 0.03 15
6.50021e+06 0.0325 15
3.55528e+06 0.035 15
2.39998e+06 0.0375 15
2.91132e+06 0.04 15
4.25259e+06 0.0425 15
5.3835e+06 0.045 15
5.59299e+06 0.0475 15
4.78919e+06 0.05 15
3.4426e+06 0.0525 15
2.2628e+06 0.055 15
1.80387e+06 0.0575 15
2.19879e+06 0.06 15
3.13372e+06 0.0625 15
4.04441e+06 0.065 15
4.41227e+06 0.0675 15
4.00507e+06 0.07 15
2.95519e+06 0.0725 15
1.66213e+06 0.075 15
591659 0.0775 15
77641.7 0.08 15
209098 0.0825 15
830635 0.085 15
1.63404e+06 0.0875 15
2.29182e+06 0.09 15
2.57944e+06 0.0925 15
2.44351e+06 0.095 15
1.99427e+06 0.0975 15
1.43197e+06 0.1 15
939566 0.1025 15
609149 0.105 15
423688 0.1075 15
311047 0.11 15
224369 0.1125 15
197029 0.115 15
249749 0.1175 15
513641 0.12 15
931670 0.1225 15
1.43289e+06 0.125 15
1.85809e+06 0.1275 15
1.9439e+06 0.13 15
1.76828e+06 0.1325 15
1.40958e+06 0.135 15
968069 0.1375 15
684508 0.14 15
624819 0.1425 15
760072 0.145 15
1.0279e+06 0.1475 15
1.17028e+06 0.15 15
1.26383e+06 0.1525 15
1.19807e+06 0.155 15
1.18562e+06 0.1575 15
1.15212e+06 0.16 15
1.29534e+06 0.1625 15
1.36708e+06 0.165 15
1.4041e+06 0.1675 15
1.26211e+06 0.17 15
1.28893e+06 0.1725 15
1.13012e+06 0.175 15
1.09125e+06 0.1775 15
994011 0.18 15
793044 0.1825 15
628368 0.185 15
578799 0.1875 15
672116 0.19 15
916534 0.1925 15
1.34624e+06 0.195 15
1.71974e+06 0.1975 15
2.07422e+06 0.2 15
2.22967e+06 0.2025 15
2.38899e+06 0.205 15
2.20948e+06 0.2075 15
1.88348e+06 0.21 15
1.49783e+06 0.2125 15
1.14651e+06 0.215 15
822289 0.2175 15
621504 0.22 15
500453 0.2225 15
471705 0.225 15
478378 0.2275 15
500669 0.23 15
484411 0.2325 15
432954 0.235 15
405924 0.2375 15
343236 0.24 15
298833 0.2425 15
233206 0.245 15
212149 0.2475 15
0 0.0025 16
0 0.005 16
0 0.0075 16
0 0.01 16
0 0.0125 16
0 0.015 16
0 0.0175 16
0 0.02 16
0 0.0225 16
0 0.025 16
0 0.0275 16
0 0.03 16
0 0.0325 16
0 0.035 16
0 0.0375 16
0 0.04 16
0 0.0425 16
0 0.045 16
0 0.0475 16
1443.81 0.05 16
7587.5 0.0525 16
22014.7 0.055 16
61020 0.0575 16
105285 0.06 16
131505 0.0625 16
186174 0.065 16
257918 0.0675 16
421945 0.07 16
543331 0.0725 16
804645 0.075 16
1.1719e+06 0.0775 16
1.58336e+06 0.08 16
2.13092e+06 0.0825 16
3.06962e+06 0.085 16
3.8697e+06 0.0875 16
4.49842e+06 0.09 16
4.99536e+06 0.0925 16
5.62811e+06 0.095 16
5.54569e+06 0.0975 16
5.30388e+06 0.1 16
4.98384e+06 0.1025 16
4.61973e+06 0.105 16
4.21601e+06 0.1075 16
3.81668e+06 0.11 16
3.28314e+06 0.1125 16
2.92874e+06 0.115 16
2.63266e+06 0.1175 16
2.18396e+06 0.12 16
1.75693e+06 0.1225 16
1.45722e+06 0.125 16
1.48116e+06 0.1275 16
1.54353e+06 0.13 16
1.67804e+06 0.1325 16
1.9496e+06 0.135 16
2.16672e+06 0.1375 16
2.31271e+06 0.14 16
2.31703e+06 0.1425 16
2.2467e+06 0.145 16
2.19781e+06 0.1475 16
2.08708e+06 0.15 16
1.92095e+06 0.1525 16
1.70505e+06 0.155 16
1.51993e+06 0.1575 16
1.34006e+06 0.16 16
1.21728e+06 0.1625 16
1.11875e+06 0.165 16
1.07076e+06 0.1675 16
1.13695e+06 0.17 16
1.30866e+06 0.1725 16
1.42697e+06 0.175 16
1.54552e+06 0.1775 16
1.63777e+06 0.18 16
1.65478e+06 0.1825 16
1.5914e+06 0.185 16
1.44419e+06 0.1875 16
1.22468e+06 0.19 16
945703 0.1925 16
687698 0.195 16
470433 0.1975 16
326015 0.2 16
272550 0.2025 16
295216 0.205 16
377496 0.2075 16
450518 0.21 16
499908 0.2125 16
512236 0.215 16
484677 0.2175 16
459303 0.22 16
457635 0.2225 16
533428 0.225 16
663396 0.2275 16
725712 0.23 16
784093 0.2325 16
769109 0.235 16
647379 0.2375 16
18151.9 0.0025 17
260165 0.005 17
1.09387e+06 0.0075 17
2.65251e+06 0.01 17
4.56574e+06 0.0125 17
6.09038e+06 0.015 17
6.56945e+06 0.0175 17
5.87906e+06 0.02 17
4.52729e+06 0.0225 17
3.3345e+06 0.025 17
2.93126e+06 0.0275 17
3.42074e+06 0.03 17
4.40404e+06 0.0325 17
5.2971e+06 0.035 17
5.68939e+06 0.0375 17
5.5176e+06 0.04 17
4.99635e+06 0.0425 17
4.41408e+06 0.045 17
3.95339e+06 0.0475 17
3.63013e+06 0.05 17
3.34466e+06 0.0525 17
2.97844e+06 0.055 17
2.4714e+06 0.0575 17
1.85e+06 0.06 17
1.20763e+06 0.0625 17
655830 0.065 17
271773 0.0675 17
68525.8 0.07 17
3611.57 0.0725 17
18205.7 0.075 17
77201.7 0.0775 17
179164 0.08 17
329947 0.0825 17
505685 0.085 17
641965 0.0875 17
665031 0.09 17
544562 0.0925 17
326727 0.095 17
118440 0.0975 17
29054.8 0.1 17
106481 0.1025 17
309973 0.105 17
530549 0.1075 17
654171 0.11 17
623205 0.1125 17
457289 0.115 17
252684 0.1175 17
135595 0.12 17
147741 0.1225 17
316980 0.125 17
571738 0.1275 17
748075 0.13 17
835466 0.1325 17
838521 0.135 17
752605 0.1375 17
657453 0.14 17
509814 0.1425 17
406058 0.145 17
360532 0.1475 17
317428 0.15 17
505409 0.1525 17
573223 0.155 17
533357 0.1575 17
643898 0.16 17
745472 0.1625 17
756653 0.165 17
633360 0.1675 17
611196 0.17 17
573914 0.1725 17
570628 0.175 17
594017 0.1775 17
626356 0.18 17
637829 0.1825 17
610234 0.185 17
576962 0.1875 17
506088 0.19 17
458346 0.1925 17
506975 0.195 17
703558 0.1975 17
939494 0.2 17
1.17397e+06 0.2025 17
1.30025e+06 0.205 17
1.27118e+06 0.2075 17
1.14188e+06 0.21 17
931375 0.2125 17
743165 0.215 17
655346 0.2175 17
630244 0.22 17
599455 0.2225 17
572720 0.225 17
0 0.0025 18
0 0.005 18
0 0.0075 18
0 0.01 18
0 0.0125 18
0 0.015 18
0 0.0175 18
0 0.02 18
0 0.0225 18
0 0.025 18
0 0.0275 18
0 0.03 18
3079.54 0.0325 18
23869.8 0.035 18
99219.4 0.0375 18
424648 0.04 18
903470 0.0425 18
2.06526e+06 0.045 18
2.90661e+06 0.0475 18
3.76246e+06 0.05 18
4.72063e+06 0.0525 18
5.79777e+06 0.055 18
6.15276e+06 0.0575 18
6.00018e+06 0.06 18
5.28037e+06 0.0625 18
3.98856e+06 0.065 18
3.19067e+06 0.0675 18
2.32409e+06 0.07 18
1.95709e+06 0.0725 18
1.77697e+06 0.075 18
1.99144e+06 0.0775 18
2.15878e+06 0.08 18
2.53468e+06 0.0825 18
2.93928e+06 0.085 18
3.05892e+06 0.0875 18
2.92684e+06 0.09 18
2.67291e+06 0.0925 18
2.46441e+06 0.095 18
2.10188e+06 0.0975 18
1.79131e+06 0.1 18
1.6532e+06 0.1025 18
1.69011e+06 0.105 18
1.84515e+06 0.1075 18
1.98051e+06 0.11 18
2.09028e+06 0.1125 18
2.1122e+06 0.115 18
2.037e+06 0.1175 18
1.81745e+06 0.12 18
1.51848e+06 0.1225 18
1.2358e+06 0.125 18
1.04784e+06 0.1275 18
922422 0.13 18
838443 0.1325 18
737770 0.135 18
566479 0.1375 18
462003 0.14 18
433065 0.1425 18
409272 0.145 18
526368 0.1475 18
695431 0.15 18
849530 0.1525 18
900787 0.155 18
769607 0.1575 18
536989 0.16 18
305606 0.1625 18
209539 0.165 18
311808 0.1675 18
601112 0.17 18
907986 0.1725 18
1.12128e+06 0.175 18
1.08894e+06 0.1775 18
877460 0.18 18
605753 0.1825 18
394071 0.185 18
294690 0.1875 18
371733 0.19 18
547907 0.1925 18
809954 0.195 18
1.07322e+06 0.1975 18
1.27445e+06 0.2 18
1.31901e+06 0.2025 18
1.2484e+06 0.205 18
1.16701e+06 0.2075 18
980304 0.21 18
887992 0.2125 18
0 0.0025 19
0 0.005 19
0 0.0075 19
0 0.01 19
0 0.0125 19
0 0.015 19
0 0.0175 19
0 0.02 19
201.288 0.0225 19
19146.5 0.025 19
120065 0.0275 19
428383 0.03 19
1.12745e+06 0.0325 19
1.82869e+06 0.035 19
2.809e+06 0.0375 19
4.06119e+06 0.04 19
5.07949e+06 0.0425 19
5.21143e+06 0.045 19
4.84931e+06 0.0475 19
3.94197e+06 0.05 19
2.84252e+06 0.0525 19
1.46498e+06 0.055 19
504926 0.0575 19
73783 0.06 19
187415 0.0625 19
635989 0.065 19
1.1345e+06 0.0675 19
1.32749e+06 0.07 19
1.36973e+06 0.0725 19
1.16079e+06 0.075 19
909803 0.0775 19
730719 0.08 19
747913 0.0825 19
858625 0.085 19
1.03473e+06 0.0875 19
1.17484e+06 0.09 19
1.24686e+06 0.0925 19
1.2935e+06 0.095 19
1.33529e+06 0.0975 19
1.47029e+06 0.1 19
1.64636e+06 0.1025 19
2.02201e+06 0.105 19
2.39501e+06 0.1075 19
2.6919e+06 0.11 19
3.05498e+06 0.1125 19
3.14075e+06 0.115 19
3.1324e+06 0.1175 19
2.96533e+06 0.12 19
2.67874e+06 0.1225 19
2.32499e+06 0.125 19
1.94578e+06 0.1275 19
1.68143e+06 0.13 19
1.38718e+06 0.1325 19
1.1404e+06 0.135 19
817814 0.1375 19
653745 0.14 19
604561 0.1425 19
578060 0.145 19
523063 0.1475 19
516394 0.15 19
484983 0.1525 19
408299 0.155 19
330375 0.1575 19
237709 0.16 19
194554 0.1625 19
188800 0.165 19
211242 0.1675 19
215363 0.17 19
278783 0.1725 19
325745 0.175 19
403952 0.1775 19
413895 0.18 19
373281 0.1825 19
313714 0.185 19
250228 0.1875 19
202065 0.19 19
158119 0.1925 19
115583 0.195 19
109284 0.1975 19
0 0.0025 20
0 0.005 20
0 0.0075 20
7574.18 0.01 20
61543.2 0.0125 20
150968 0.015 20
485742 0.0175 20
957737 0.02 20
1.59637e+06 0.0225 20
2.10606e+06 0.025 20
2.3106e+06 0.0275 20
2.22607e+06 0.03 20
1.92384e+06 0.0325 20
1.56174e+06 0.035 20
1.258e+06 0.0375 20
1.05588e+06 0.04 20
912912 0.0425 20
781011 0.045 20
696915 0.0475 20
763943 0.05 20
1.0391e+06 0.0525 20
1.428e+06 0.055 20
1.69925e+06 0.0575 20
1.63439e+06 0.06 20
1.20634e+06 0.0625 20
638913 0.065 20
282069 0.0675 20
382050 0.07 20
912141 0.0725 20
1.58863e+06 0.075 20
2.05886e+06 0.0775 20
2.124e+06 0.08 20
1.84196e+06 0.0825 20
1.45256e+06 0.085 20
1.19622e+06 0.0875 20
1.16174e+06 0.09 20
1.26002e+06 0.0925 20
1.32041e+06 0.095 20
1.22426e+06 0.0975 20
979437 0.1 20
710050 0.1025 20
543936 0.105 20
556307 0.1075 20
733012 0.11 20
970802 0.1125 20
1.13982e+06 0.115 20
1.17746e+06 0.1175 20
1.07863e+06 0.12 20
871173 0.1225 20
681555 0.125 20
423206 0.1275 20
259221 0.13 20
246726 0.1325 20
312985 0.135 20
413733 0.1375 20
525645 0.14 20
548141 0.1425 20
564709 0.145 20
548572 0.1475 20
543945 0.15 20
497663 0.1525 20
500854 0.155 20
483347 0.1575 20
449923 0.16 20
440114 0.1625 20
442755 0.165 20
418629 0.1675 20
410102 0.17 20
366431 0.1725 20
331886 0.175 20
335754 0.1775 20
0 0.0025 21
0 0.005 21
0 0.0075 21
0 0.01 21
0 0.0125 21
0 0.015 21
0 0.0175 21
0 0.02 21
0 0.0225 21
0 0.025 21
0 0.0275 21
0 0.03 21
0 0.0325 21
0 0.035 21
0 0.0375 21
0 0.04 21
0 0.0425 21
226.131 0.045 21
3898.76 0.0475 21
29308.7 0.05 21
59763.9 0.0525 21
84342.6 0.055 21
148523 0.0575 21
257610 0.06 21
391410 0.0625 21
653593 0.065 21
671581 0.0675 21
777156 0.07 21
845904 0.0725 21
924765 0.075 21
1.00519e+06 0.0775 21
1.22406e+06 0.08 21
1.28935e+06 0.0825 21
1.38254e+06 0.085 21
1.41717e+06 0.0875 21
1.55981e+06 0.09 21
1.60625e+06 0.0925 21
1.56027e+06 0.095 21
1.66337e+06 0.0975 21
1.58362e+06 0.1 21
1.69322e+06 0.1025 21
1.70673e+06 0.105 21
1.62753e+06 0.1075 21
1.40909e+06 0.11 21
1.13537e+06 0.1125 21
980432 0.115 21
724579 0.1175 21
532985 0.12 21
545009 0.1225 21
640743 0.125 21
842395 0.1275 21
1.03719e+06 0.13 21
1.28447e+06 0.1325 21
1.44049e+06 0.135 21
1.40834e+06 0.1375 21
1.34506e+06 0.14 21
1.31113e+06 0.1425 21
1.07582e+06 0.145 21
857253 0.1475 21
733325 0.15 21
678699 0.1525 21
694551 0.155 21
699205 0.1575 21
628185 0.16 21
90757.3 0.0025 22
276493 0.005 22
383029 0.0075 22
322374 0.01 22
186418 0.0125 22
167123 0.015 22
374827 0.0175 22
724339 0.02 22
997038 0.0225 22
1.02451e+06 0.025 22
828191 0.0275 22
591858 0.03 22
497319 0.0325 22
574129 0.035 22
694074 0.0375 22
705190 0.04 22
577461 0.0425 22
431693 0.045 22
435298 0.0475 22
664252 0.05 22
1.04729e+06 0.0525 22
1.42373e+06 0.055 22
1.64895e+06 0.0575 22
1.65908e+06 0.06 22
1.46588e+06 0.0625 22
1.1223e+06 0.065 22
709367 0.0675 22
345835 0.07 22
176329 0.0725 22
306953 0.075 22
719633 0.0775 22
1.24103e+06 0.08 22
1.61562e+06 0.0825 22
1.65051e+06 0.085 22
1.33318e+06 0.0875 22
835439 0.09 22
399790 0.0925 22
191056 0.095 22
215630 0.0975 22
352665 0.1 22
457707 0.1025 22
456518 0.105 22
370350 0.1075 22
274954 0.11 22
235158 0.1125 22
268325 0.115 22
353462 0.1175 22
434904 0.12 22
467803 0.1225 22
461589 0.125 22
382785 0.1275 22
309116 0.13 22
239796 0.1325 22
217063 0.135 22
227693 0.1375 22
0 0.0025 23
0 0.005 23
0 0.0075 23
0 0.01 23
0 0.0125 23
0 0.015 23
0 0.0175 23
0 0.02 23
0 0.0225 23
0 0.025 23
0 0.0275 23
0 0.03 23
0 0.0325 23
0 0.035 23
2148.45 0.0375 23
30712.7 0.04 23
98003 0.0425 23
288965 0.045 23
529687 0.0475 23
896180 0.05 23
1.18426e+06 0.0525 23
1.53696e+06 0.055 23
1.79677e+06 0.0575 23
1.81957e+06 0.06 23
1.92099e+06 0.0625 23
1.73547e+06 0.065 23
1.38178e+06 0.0675 23
977668 0.07 23
721753 0.0725 23
678252 0.075 23
792229 0.0775 23
820897 0.08 23
791144 0.0825 23
722569 0.085 23
645087 0.0875 23
578533 0.09 23
471799 0.0925 23
358485 0.095 23
373560 0.0975 23
388859 0.1 23
434745 0.1025 23
