3.07952e+07 0.085 0
1.85828e+07 0.0875 0
6.84501e+06 0.09 0
596409 0.0925 0
835658 0.095 0
4.78321e+06 0.0975 0
8.29884e+06 0.1 0
8.64364e+06 0.1025 0
5.85324e+06 0.105 0
2.14293e+06 0.1075 0
76212.3 0.11 0
853750 0.1125 0
3.75344e+06 0.115 0
6.85157e+06 0.1175 0
8.34658e+06 0.12 0
7.57308e+06 0.1225 0
5.16463e+06 0.125 0
2.44656e+06 0.1275 0
579324 0.13 0
41.7247 0.1325 0
407365 0.135 0
1.1314e+06 0.1375 0
1.60854e+06 0.14 0
1.64585e+06 0.1425 0
1.36848e+06 0.145 0
960007 0.1475 0
584077 0.15 0
374991 0.1525 0
387728 0.155 0
472682 0.1575 0
614796 0.16 0
884733 0.1625 0
1.12772e+06 0.165 0
1.36575e+06 0.1675 0
1.55963e+06 0.17 0
1.53939e+06 0.1725 0
1.46679e+06 0.175 0
1.07279e+06 0.1775 0
670096 0.18 0
341651 0.1825 0
95245 0.185 0
110305 0.1875 0
237344 0.19 0
448330 0.1925 0
741173 0.195 0
1.06413e+06 0.1975 0
1.32815e+06 0.2 0
1.56178e+06 0.2025 0
1.78421e+06 0.205 0
1.93355e+06 0.2075 0
1.86362e+06 0.21 0
1.77782e+06 0.2125 0
1.65383e+06 0.215 0
1.4047e+06 0.2175 0
1.00351e+06 0.22 0
725969 0.2225 0
498445 0.225 0
412458 0.2275 0
439055 0.23 0
521633 0.2325 0
564691 0.235 0
628762 0.2375 0
623274 0.24 0
604085 0.2425 0
498130 0.245 0
353055 0.2475 0
254638 0.25 0
177309 0.2525 0
235572 0.255 0
362116 0.2575 0
496000 0.26 0
525739 0.2625 0
589899 0.265 0
499883 0.2675 0
422009 0.27 0
249266 0.2725 0
125748 0.275 0
36848.9 0.2775 0
4677.98 0.28 0
25291.2 0.2825 0
69233.1 0.285 0
120915 0.2875 0
153436 0.29 0
121141 0.2925 0
83600.2 0.295 0
45502.5 0.2975 0
22579 0.3 0
14729.7 0.3025 0
30983.2 0.305 0
64942.9 0.3075 0
92637.9 0.31 0
143063 0.3125 0
200405 0.315 0
1.30564e+06 0.085 1
2.78946e+06 0.0875 1
4.99899e+06 0.09 1
8.50234e+06 0.0925 1
1.1458e+07 0.095 1
1.43028e+07 0.0975 1
1.60217e+07 0.1 1
1.63154e+07 0.1025 1
1.55237e+07 0.105 1
1.40757e+07 0.1075 1
1.25856e+07 0.11 1
1.11134e+07 0.1125 1
1.06659e+07 0.115 1
1.05522e+07 0.1175 1
1.04948e+07 0.12 1
1.00875e+07 0.1225 1
9.60336e+06 0.125 1
8.36368e+06 0.1275 1
6.57737e+06 0.13 1
5.27181e+06 0.1325 1
3.95806e+06 0.135 1
2.97936e+06 0.1375 1
2.28274e+06 0.14 1
1.98142e+06 0.1425 1
1.75145e+06 0.145 1
1.57669e+06 0.1475 1
1.48394e+06 0.15 1
1.32696e+06 0.1525 1
1.35616e+06 0.155 1
1.46663e+06 0.1575 1
1.54188e+06 0.16 1
1.59734e+06 0.1625 1
1.49398e+06 0.165 1
1.36335e+06 0.1675 1
1.1496e+06 0.17 1
875891 0.1725 1
664758 0.175 1
476081 0.1775 1
284771 0.18 1
272180 0.1825 1
406964 0.185 1
558660 0.1875 1
738266 0.19 1
943393 0.1925 1
1.17384e+06 0.195 1
1.46141e+06 0.1975 1
1.80096e+06 0.2 1
2.08492e+06 0.2025 1
2.36669e+06 0.205 1
2.44415e+06 0.2075 1
2.35134e+06 0.21 1
2.04486e+06 0.2125 1
1.61177e+06 0.215 1
1.16432e+06 0.2175 1
771031 0.22 1
523118 0.2225 1
472093 0.225 1
578992 0.2275 1
678757 0.23 1
872129 0.2325 1
1.06576e+06 0.235 1
1.23151e+06 0.2375 1
1.32101e+06 0.24 1
1.31982e+06 0.2425 1
1.24601e+06 0.245 1
1.12891e+06 0.2475 1
991886 0.25 1
850936 0.2525 1
698295 0.255 1
576563 0.2575 1
554529 0.26 1
490086 0.2625 1
573150 0.265 1
817362 0.2675 1
1.12598e+06 0.27 1
1.4366e+06 0.2725 1
1.68472e+06 0.275 1
1.85878e+06 0.2775 1
1.82492e+06 0.28 1
1.65459e+06 0.2825 1
1.34187e+06 0.285 1
1.06772e+06 0.2875 1
917953 0.29 1
783020 0.2925 1
809152 0.295 1
901325 0.2975 1
999292 0.3 1
991607 0.3025 1
907656 0.305 1
734103 0.3075 1
534597 0.31 1
332637 0.3125 1
173318 0.315 1
5.30774e+07 0.0825 2
4.57322e+07 0.085 2
3.93329e+07 0.0875 2
3.5358e+07 0.09 2
3.37849e+07 0.0925 2
3.33603e+07 0.095 2
3.24486e+07 0.0975 2
2.99501e+07 0.1 2
2.5792e+07 0.1025 2
2.07851e+07 0.105 2
1.60366e+07 0.1075 2
1.22803e+07 0.11 2
9.6279e+06 0.1125 2
7.68934e+06 0.115 2
6.00022e+06 0.1175 2
4.29693e+06 0.12 2
2.5802e+06 0.1225 2
1.75688e+06 0.125 2
1.03404e+06 0.1275 2
1.11246e+06 0.13 2
1.46241e+06 0.1325 2
1.74113e+06 0.135 2
1.44296e+06 0.1375 2
1.35031e+06 0.14 2
1.33179e+06 0.1425 2
1.65882e+06 0.145 2
2.02839e+06 0.1475 2
2.6813e+06 0.15 2
3.01664e+06 0.1525 2
2.85991e+06 0.155 2
2.30754e+06 0.1575 2
1.53709e+06 0.16 2
971161 0.1625 2
728783 0.165 2
983363 0.1675 2
1.57351e+06 0.17 2
2.19836e+06 0.1725 2
2.61666e+06 0.175 2
2.89233e+06 0.1775 2
2.74378e+06 0.18 2
2.33948e+06 0.1825 2
1.71067e+06 0.185 2
1.325e+06 0.1875 2
925073 0.19 2
644554 0.1925 2
544744 0.195 2
597845 0.1975 2
609245 0.2 2
646248 0.2025 2
532447 0.205 2
506064 0.2075 2
477667 0.21 2
496461 0.2125 2
580638 0.215 2
721253 0.2175 2
774688 0.22 2
804713 0.2225 2
887903 0.225 2
884845 0.2275 2
830097 0.23 2
818495 0.2325 2
846785 0.235 2
830272 0.2375 2
890111 0.24 2
942626 0.2425 2
1.04032e+06 0.245 2
1.13856e+06 0.2475 2
1.1701e+06 0.25 2
1.10238e+06 0.2525 2
1.06713e+06 0.255 2
904574 0.2575 2
751794 0.26 2
638999 0.2625 2
495040 0.265 2
340456 0.2675 2
237783 0.27 2
242319 0.2725 2
363874 0.275 2
557748 0.2775 2
829621 0.28 2
1.08289e+06 0.2825 2
1.27673e+06 0.285 2
1.45428e+06 0.2875 2
1.57267e+06 0.29 2
1.62539e+06 0.2925 2
1.62143e+06 0.295 2
1.75613e+06 0.2975 2
1.75466e+06 0.3 2
1.70863e+06 0.3025 2
1.62164e+06 0.305 2
1.54258e+06 0.3075 2
1.40146e+06 0.31 2
1.17992e+06 0.3125 2
933148 0.315 2
1.67239e+07 0.0825 3
9.48761e+06 0.085 3
7.00556e+06 0.0875 3
7.97941e+06 0.09 3
9.6813e+06 0.0925 3
9.77444e+06 0.095 3
7.58517e+06 0.0975 3
4.18959e+06 0.1 3
1.46109e+06 0.1025 3
803311 0.105 3
2.34221e+06 0.1075 3
5.03323e+06 0.11 3
7.36754e+06 0.1125 3
8.38113e+06 0.115 3
7.94455e+06 0.1175 3
6.60084e+06 0.12 3
5.317e+06 0.1225 3
4.65006e+06 0.125 3
4.75251e+06 0.1275 3
5.03797e+06 0.13 3
5.0275e+06 0.1325 3
4.27585e+06 0.135 3
3.01744e+06 0.1375 3
1.62235e+06 0.14 3
619840 0.1425 3
175369 0.145 3
234668 0.1475 3
559505 0.15 3
986418 0.1525 3
1.30194e+06 0.155 3
1.65397e+06 0.1575 3
1.91088e+06 0.16 3
2.2774e+06 0.1625 3
2.7137e+06 0.165 3
2.8083e+06 0.1675 3
2.78689e+06 0.17 3
2.60223e+06 0.1725 3
2.15975e+06 0.175 3
1.61885e+06 0.1775 3
1.03813e+06 0.18 3
722811 0.1825 3
630290 0.185 3
659924 0.1875 3
1.01089e+06 0.19 3
1.31279e+06 0.1925 3
1.3603e+06 0.195 3
1.37126e+06 0.1975 3
1.14583e+06 0.2 3
842874 0.2025 3
557484 0.205 3
399198 0.2075 3
501776 0.21 3
780455 0.2125 3
1.18116e+06 0.215 3
1.59118e+06 0.2175 3
1.78855e+06 0.22 3
1.79845e+06 0.2225 3
1.60811e+06 0.225 3
1.23888e+06 0.2275 3
925336 0.23 3
697242 0.2325 3
615719 0.235 3
730079 0.2375 3
1.00837e+06 0.24 3
1.34776e+06 0.2425 3
1.61694e+06 0.245 3
1.7973e+06 0.2475 3
1.86337e+06 0.25 3
1.87082e+06 0.2525 3
1.77118e+06 0.255 3
1.63298e+06 0.2575 3
1.40343e+06 0.26 3
1.11648e+06 0.2625 3
762340 0.265 3
479542 0.2675 3
232335 0.27 3
120690 0.2725 3
133452 0.275 3
265585 0.2775 3
461485 0.28 3
696143 0.2825 3
815774 0.285 3
834032 0.2875 3
763323 0.29 3
630743 0.2925 3
535351 0.295 3
452784 0.2975 3
453532 0.3 3
479164 0.3025 3
518509 0.305 3
551618 0.3075 3
562263 0.31 3
571140 0.3125 3
622280 0.315 3
1.69541e+06 0.08 4
2.08773e+06 0.0825 4
2.21974e+06 0.085 4
2.24181e+06 0.0875 4
1.74824e+06 0.09 4
1.85681e+06 0.0925 4
1.72222e+06 0.095 4
1.52563e+06 0.0975 4
1.59106e+06 0.1 4
2.02565e+06 0.1025 4
1.80328e+06 0.105 4
1.50802e+06 0.1075 4
1.30793e+06 0.11 4
1.08919e+06 0.1125 4
893198 0.115 4
740754 0.1175 4
914072 0.12 4
1.04475e+06 0.1225 4
1.26585e+06 0.125 4
1.59436e+06 0.1275 4
1.6279e+06 0.13 4
1.329e+06 0.1325 4
1.20846e+06 0.135 4
1.14604e+06 0.1375 4
1.07046e+06 0.14 4
1.06281e+06 0.1425 4
1.16178e+06 0.145 4
1.17009e+06 0.1475 4
1.15725e+06 0.15 4
1.10123e+06 0.1525 4
944943 0.155 4
888743 0.1575 4
706511 0.16 4
642904 0.1625 4
571842 0.165 4
590791 0.1675 4
852494 0.17 4
1.2531e+06 0.1725 4
1.72579e+06 0.175 4
2.21515e+06 0.1775 4
2.54142e+06 0.18 4
2.63398e+06 0.1825 4
2.44431e+06 0.185 4
2.0519e+06 0.1875 4
1.51297e+06 0.19 4
970959 0.1925 4
545353 0.195 4
289824 0.1975 4
188175 0.2 4
266176 0.2025 4
418224 0.205 4
576408 0.2075 4
703383 0.21 4
800673 0.2125 4
733559 0.215 4
685306 0.2175 4
558585 0.22 4
448090 0.2225 4
356072 0.225 4
364729 0.2275 4
376421 0.23 4
436005 0.2325 4
420590 0.235 4
451960 0.2375 4
445968 0.24 4
381156 0.2425 4
362246 0.245 4
390194 0.2475 4
380530 0.25 4
402684 0.2525 4
526545 0.255 4
727891 0.2575 4
933436 0.26 4
1.13259e+06 0.2625 4
1.35391e+06 0.265 4
1.42396e+06 0.2675 4
1.39214e+06 0.27 4
1.19735e+06 0.2725 4
899770 0.275 4
625080 0.2775 4
431754 0.28 4
343447 0.2825 4
321177 0.285 4
334710 0.2875 4
317194 0.29 4
262005 0.2925 4
178146 0.295 4
128914 0.2975 4
148159 0.3 4
241073 0.3025 4
393698 0.305 4
571175 0.3075 4
749593 0.31 4
836411 0.3125 4
2.4578e+07 0.0775 5
2.43754e+07 0.08 5
2.16214e+07 0.0825 5
1.69035e+07 0.085 5
1.20464e+07 0.0875 5
9.10135e+06 0.09 5
9.1419e+06 0.0925 5
1.16195e+07 0.095 5
1.46835e+07 0.0975 5
1.62598e+07 0.1 5
1.5214e+07 0.1025 5
1.19007e+07 0.105 5
7.81258e+06 0.1075 5
4.61145e+06 0.11 5
3.17927e+06 0.1125 5
3.25446e+06 0.115 5
3.80288e+06 0.1175 5
3.80229e+06 0.12 5
2.89974e+06 0.1225 5
1.54578e+06 0.125 5
587644 0.1275 5
645845 0.13 5
1.70037e+06 0.1325 5
3.12498e+06 0.135 5
4.11409e+06 0.1375 5
4.23405e+06 0.14 5
3.41903e+06 0.1425 5
2.22561e+06 0.145 5
1.10766e+06 0.1475 5
866595 0.15 5
1.37115e+06 0.1525 5
1.989e+06 0.155 5
2.71808e+06 0.1575 5
3.26809e+06 0.16 5
3.50853e+06 0.1625 5
3.06936e+06 0.165 5
2.86011e+06 0.1675 5
2.3643e+06 0.17 5
1.77109e+06 0.1725 5
1.39519e+06 0.175 5
909526 0.1775 5
608469 0.18 5
392266 0.1825 5
224305 0.185 5
151588 0.1875 5
149240 0.19 5
348250 0.1925 5
588394 0.195 5
897134 0.1975 5
1.43882e+06 0.2 5
1.81844e+06 0.2025 5
2.10829e+06 0.205 5
2.2447e+06 0.2075 5
2.18236e+06 0.21 5
2.07877e+06 0.2125 5
1.80124e+06 0.215 5
1.4596e+06 0.2175 5
1.15193e+06 0.22 5
832184 0.2225 5
556341 0.225 5
392277 0.2275 5
263412 0.23 5
256719 0.2325 5
412620 0.235 5
627334 0.2375 5
846552 0.24 5
952125 0.2425 5
1.213e+06 0.245 5
1.20406e+06 0.2475 5
1.14982e+06 0.25 5
1.10275e+06 0.2525 5
996194 0.255 5
893897 0.2575 5
732733 0.26 5
641936 0.2625 5
555378 0.265 5
445758 0.2675 5
373522 0.27 5
387608 0.2725 5
404398 0.275 5
476224 0.2775 5
561248 0.28 5
620211 0.2825 5
633735 0.285 5
588644 0.2875 5
529110 0.29 5
528252 0.2925 5
556558 0.295 5
609312 0.2975 5
669886 0.3 5
688430 0.3025 5
640093 0.305 5
532738 0.3075 5
397470 0.31 5
3.20591e+07 0.075 6
4.25601e+07 0.0775 6
5.06803e+07 0.08 6
5.75079e+07 0.0825 6
6.25029e+07 0.085 6
6.36461e+07 0.0875 6
6.16893e+07 0.09 6
5.52504e+07 0.0925 6
4.68534e+07 0.095 6
3.63622e+07 0.0975 6
2.63958e+07 0.1 6
1.87762e+07 0.1025 6
1.34084e+07 0.105 6
1.01784e+07 0.1075 6
8.50521e+06 0.11 6
8.31859e+06 0.1125 6
8.7847e+06 0.115 6
8.85284e+06 0.1175 6
8.61384e+06 0.12 6
8.47798e+06 0.1225 6
7.59429e+06 0.125 6
6.69747e+06 0.1275 6
6.16306e+06 0.13 6
5.19984e+06 0.1325 6
4.44238e+06 0.135 6
3.7267e+06 0.1375 6
3.04931e+06 0.14 6
2.52406e+06 0.1425 6
2.15058e+06 0.145 6
1.92017e+06 0.1475 6
1.67197e+06 0.15 6
1.21225e+06 0.1525 6
724740 0.155 6
345528 0.1575 6
170917 0.16 6
404264 0.1625 6
1.07276e+06 0.165 6
2.17961e+06 0.1675 6
3.33178e+06 0.17 6
4.40229e+06 0.1725 6
4.95195e+06 0.175 6
5.07737e+06 0.1775 6
4.45212e+06 0.18 6
3.33722e+06 0.1825 6
2.08673e+06 0.185 6
1.12573e+06 0.1875 6
596000 0.19 6
520069 0.1925 6
702911 0.195 6
988408 0.1975 6
1.18197e+06 0.2 6
1.11668e+06 0.2025 6
971480 0.205 6
771091 0.2075 6
552858 0.21 6
538020 0.2125 6
603969 0.215 6
829100 0.2175 6
1.0173e+06 0.22 6
1.27266e+06 0.2225 6
1.45292e+06 0.225 6
1.63451e+06 0.2275 6
1.67801e+06 0.23 6
1.7128e+06 0.2325 6
1.55474e+06 0.235 6
1.35893e+06 0.2375 6
1.0986e+06 0.24 6
880163 0.2425 6
700900 0.245 6
663484 0.2475 6
785739 0.25 6
1.051e+06 0.2525 6
1.33585e+06 0.255 6
1.66908e+06 0.2575 6
1.90222e+06 0.26 6
1.99849e+06 0.2625 6
1.93588e+06 0.265 6
1.74875e+06 0.2675 6
1.51853e+06 0.27 6
1.30539e+06 0.2725 6
1.20595e+06 0.275 6
1.13024e+06 0.2775 6
1.08374e+06 0.28 6
1.00642e+06 0.2825 6
966932 0.285 6
934733 0.2875 6
864160 0.29 6
790552 0.2925 6
810615 0.295 6
787630 0.2975 6
776223 0.3 6
699797 0.3025 6
593551 0.305 6
421072 0.3075 6
4.96669e+06 0.0725 7
6.02029e+06 0.075 7
7.27342e+06 0.0775 7
8.32083e+06 0.08 7
8.79926e+06 0.0825 7
8.50765e+06 0.085 7
7.47258e+06 0.0875 7
5.92692e+06 0.09 7
4.21159e+06 0.0925 7
2.6481e+06 0.095 7
1.44107e+06 0.0975 7
647953 0.1 7
213364 0.1025 7
32521 0.105 7
2707.12 0.1075 7
42864.6 0.11 7
104754 0.1125 7
117014 0.115 7
130318 0.1175 7
112264 0.12 7
223604 0.1225 7
575221 0.125 7
1.27777e+06 0.1275 7
2.25606e+06 0.13 7
3.45809e+06 0.1325 7
4.63107e+06 0.135 7
5.36899e+06 0.1375 7
5.54741e+06 0.14 7
5.212e+06 0.1425 7
4.31308e+06 0.145 7
3.14442e+06 0.1475 7
2.03291e+06 0.15 7
1.2134e+06 0.1525 7
807052 0.155 7
934566 0.1575 7
1.26628e+06 0.16 7
1.77689e+06 0.1625 7
2.05874e+06 0.165 7
2.25081e+06 0.1675 7
2.17743e+06 0.17 7
1.88584e+06 0.1725 7
1.62012e+06 0.175 7
1.39514e+06 0.1775 7
1.4807e+06 0.18 7
1.51072e+06 0.1825 7
1.8799e+06 0.185 7
2.09604e+06 0.1875 7
2.47805e+06 0.19 7
2.58645e+06 0.1925 7
2.56314e+06 0.195 7
2.6217e+06 0.1975 7
2.61162e+06 0.2 7
2.42947e+06 0.2025 7
2.2009e+06 0.205 7
1.7008e+06 0.2075 7
1.27308e+06 0.21 7
742792 0.2125 7
333875 0.215 7
308253 0.2175 7
474356 0.22 7
659070 0.2225 7
856160 0.225 7
994189 0.2275 7
923261 0.23 7
912812 0.2325 7
715683 0.235 7
627991 0.2375 7
556045 0.24 7
472341 0.2425 7
426680 0.245 7
386804 0.2475 7
436709 0.25 7
514229 0.2525 7
476149 0.255 7
416094 0.2575 7
297550 0.26 7
216044 0.2625 7
254645 0.265 7
452281 0.2675 7
719910 0.27 7
1.05115e+06 0.2725 7
1.28282e+06 0.275 7
1.41248e+06 0.2775 7
1.4445e+06 0.28 7
1.44648e+06 0.2825 7
1.47872e+06 0.285 7
1.52834e+06 0.2875 7
1.68606e+06 0.29 7
1.75706e+06 0.2925 7
1.71883e+06 0.295 7
1.57405e+06 0.2975 7
1.26759e+06 0.3 7
1.03212e+06 0.3025 7
760101 0.305 7
5.03184e+06 0.0675 8
4.46023e+06 0.07 8
3.24465e+06 0.0725 8
1.89757e+06 0.075 8
993380 0.0775 8
742627 0.08 8
1.37025e+06 0.0825 8
2.39495e+06 0.085 8
3.32698e+06 0.0875 8
3.62472e+06 0.09 8
2.95113e+06 0.0925 8
1.74438e+06 0.095 8
553999 0.0975 8
68523.8 0.1 8
708180 0.1025 8
2.4174e+06 0.105 8
4.58215e+06 0.1075 8
6.35827e+06 0.11 8
7.05829e+06 0.1125 8
6.66442e+06 0.115 8
5.38341e+06 0.1175 8
3.74984e+06 0.12 8
2.4805e+06 0.1225 8
2.5046e+06 0.125 8
2.82146e+06 0.1275 8
3.64858e+06 0.13 8
4.10005e+06 0.1325 8
4.32069e+06 0.135 8
4.06658e+06 0.1375 8
3.49558e+06 0.14 8
2.69616e+06 0.1425 8
2.05006e+06 0.145 8
1.51e+06 0.1475 8
1.12535e+06 0.15 8
840837 0.1525 8
638418 0.155 8
482691 0.1575 8
423071 0.16 8
416710 0.1625 8
503136 0.165 8
743160 0.1675 8
1.17532e+06 0.17 8
1.44574e+06 0.1725 8
1.69029e+06 0.175 8
1.90842e+06 0.1775 8
1.93664e+06 0.18 8
1.88831e+06 0.1825 8
1.76781e+06 0.185 8
1.48118e+06 0.1875 8
1.19573e+06 0.19 8
843374 0.1925 8
618974 0.195 8
622436 0.1975 8
888455 0.2 8
888041 0.2025 8
1.00637e+06 0.205 8
1.09045e+06 0.2075 8
980699 0.21 8
826317 0.2125 8
619464 0.215 8
535698 0.2175 8
567719 0.22 8
743206 0.2225 8
962387 0.225 8
1.23981e+06 0.2275 8
1.35553e+06 0.23 8
1.37151e+06 0.2325 8
1.31781e+06 0.235 8
1.17904e+06 0.2375 8
982631 0.24 8
886679 0.2425 8
903227 0.245 8
1.01711e+06 0.2475 8
1.10229e+06 0.25 8
1.13767e+06 0.2525 8
1.08184e+06 0.255 8
935928 0.2575 8
734912 0.26 8
469337 0.2625 8
301748 0.265 8
226276 0.2675 8
306826 0.27 8
526019 0.2725 8
778654 0.275 8
1.05845e+06 0.2775 8
1.27081e+06 0.28 8
1.39198e+06 0.2825 8
1.4206e+06 0.285 8
1.41051e+06 0.2875 8
1.32992e+06 0.29 8
1.13786e+06 0.2925 8
940058 0.295 8
731867 0.2975 8
1.72707e+06 0.0625 9
2.24333e+06 0.065 9
2.31967e+06 0.0675 9
2.61715e+06 0.07 9
2.67316e+06 0.0725 9
3.08378e+06 0.075 9
3.19775e+06 0.0775 9
3.47922e+06 0.08 9
3.01916e+06 0.0825 9
2.46338e+06 0.085 9
1.7591e+06 0.0875 9
1.01471e+06 0.09 9
542805 0.0925 9
589951 0.095 9
1.42918e+06 0.0975 9
3.03828e+06 0.1 9
5.06526e+06 0.1025 9
7.06658e+06 0.105 9
8.84711e+06 0.1075 9
9.39733e+06 0.11 9
9.96314e+06 0.1125 9
9.53794e+06 0.115 9
9.19834e+06 0.1175 9
8.60019e+06 0.12 9
8.18297e+06 0.1225 9
7.8702e+06 0.125 9
7.48636e+06 0.1275 9
6.67838e+06 0.13 9
5.91676e+06 0.1325 9
4.97868e+06 0.135 9
3.73465e+06 0.1375 9
2.72357e+06 0.14 9
2.09131e+06 0.1425 9
1.59094e+06 0.145 9
1.22277e+06 0.1475 9
1.10328e+06 0.15 9
1.07367e+06 0.1525 9
1.24697e+06 0.155 9
1.46814e+06 0.1575 9
1.93493e+06 0.16 9
2.64691e+06 0.1625 9
3.52528e+06 0.165 9
4.09391e+06 0.1675 9
4.41407e+06 0.17 9
4.32964e+06 0.1725 9
3.64566e+06 0.175 9
3.03541e+06 0.1775 9
2.40934e+06 0.18 9
1.99785e+06 0.1825 9
1.74968e+06 0.185 9
1.60622e+06 0.1875 9
1.59762e+06 0.19 9
1.66957e+06 0.1925 9
1.7748e+06 0.195 9
1.9836e+06 0.1975 9
2.3781e+06 0.2 9
2.75253e+06 0.2025 9
3.09426e+06 0.205 9
3.22967e+06 0.2075 9
3.10346e+06 0.21 9
2.63079e+06 0.2125 9
2.04814e+06 0.215 9
1.40004e+06 0.2175 9
756280 0.22 9
357283 0.2225 9
216593 0.225 9
297824 0.2275 9
519513 0.23 9
751469 0.2325 9
906724 0.235 9
975377 0.2375 9
936788 0.24 9
912508 0.2425 9
921765 0.245 9
979988 0.2475 9
1.03418e+06 0.25 9
1.13973e+06 0.2525 9
1.14881e+06 0.255 9
1.18459e+06 0.2575 9
1.07547e+06 0.26 9
942579 0.2625 9
790396 0.265 9
660951 0.2675 9
564289 0.27 9
490516 0.2725 9
414312 0.275 9
375386 0.2775 9
398138 0.28 9
531674 0.2825 9
781906 0.285 9
1.05904e+06 0.2875 9
1.29972e+06 0.29 9
1.39147e+06 0.2925 9
4.6383e+06 0.0575 10
4.46643e+06 0.06 10
3.6146e+06 0.0625 10
2.45154e+06 0.065 10
1.40993e+06 0.0675 10
792191 0.07 10
664642 0.0725 10
878530 0.075 10
1.18673e+06 0.0775 10
1.38055e+06 0.08 10
1.37387e+06 0.0825 10
1.20368e+06 0.085 10
968156 0.0875 10
753656 0.09 10
596569 0.0925 10
493194 0.095 10
435463 0.0975 10
436078 0.1 10
520612 0.1025 10
693918 0.105 10
911145 0.1075 10
1.08269e+06 0.11 10
1.11785e+06 0.1125 10
981419 0.115 10
723583 0.1175 10
457917 0.12 10
298108 0.1225 10
295946 0.125 10
382961 0.1275 10
457364 0.13 10
452336 0.1325 10
374956 0.135 10
326985 0.1375 10
334082 0.14 10
607311 0.1425 10
842107 0.145 10
1.11875e+06 0.1475 10
1.33324e+06 0.15 10
1.71182e+06 0.1525 10
1.6986e+06 0.155 10
1.91884e+06 0.1575 10
2.42029e+06 0.16 10
2.84339e+06 0.1625 10
3.11405e+06 0.165 10
3.0777e+06 0.1675 10
2.48565e+06 0.17 10
2.00358e+06 0.1725 10
1.27312e+06 0.175 10
1.06691e+06 0.1775 10
935394 0.18 10
1.21125e+06 0.1825 10
1.57313e+06 0.185 10
1.81004e+06 0.1875 10
1.67862e+06 0.19 10
1.36021e+06 0.1925 10
1.01525e+06 0.195 10
802009 0.1975 10
939291 0.2 10
1.21454e+06 0.2025 10
1.49486e+06 0.205 10
1.7389e+06 0.2075 10
1.79188e+06 0.21 10
1.69203e+06 0.2125 10
1.52419e+06 0.215 10
1.45843e+06 0.2175 10
1.45316e+06 0.22 10
1.37849e+06 0.2225 10
1.20774e+06 0.225 10
1.03312e+06 0.2275 10
814391 0.23 10
667737 0.2325 10
602706 0.235 10
781792 0.2375 10
965176 0.24 10
1.04381e+06 0.2425 10
958865 0.245 10
832250 0.2475 10
686099 0.25 10
696773 0.2525 10
846926 0.255 10
1.01896e+06 0.2575 10
1.22122e+06 0.26 10
1.39604e+06 0.2625 10
1.58097e+06 0.265 10
1.78152e+06 0.2675 10
2.08534e+06 0.27 10
2.33657e+06 0.2725 10
2.41902e+06 0.275 10
2.44582e+06 0.2775 10
2.32765e+06 0.28 10
2.13645e+06 0.2825 10
1.84376e+06 0.285 10
1.55129e+06 0.2875 10
0 0.05 11
0 0.0525 11
0 0.055 11
0 0.0575 11
3375.04 0.06 11
25314.5 0.0625 11
45333.5 0.065 11
73116.1 0.0675 11
227194 0.07 11
499692 0.0725 11
762440 0.075 11
1.18094e+06 0.0775 11
1.58358e+06 0.08 11
2.15634e+06 0.0825 11
3.08674e+06 0.085 11
3.9078e+06 0.0875 11
4.0987e+06 0.09 11
4.66129e+06 0.0925 11
4.95013e+06 0.095 11
5.64021e+06 0.0975 11
5.57804e+06 0.1 11
5.88717e+06 0.1025 11
5.90947e+06 0.105 11
5.74954e+06 0.1075 11
5.28408e+06 0.11 11
5.71979e+06 0.1125 11
5.17172e+06 0.115 11
4.78246e+06 0.1175 11
4.00008e+06 0.12 11
3.38723e+06 0.1225 11
3.15534e+06 0.125 11
2.72828e+06 0.1275 11
2.4803e+06 0.13 11
2.42674e+06 0.1325 11
2.20844e+06 0.135 11
2.15485e+06 0.1375 11
2.09836e+06 0.14 11
2.04013e+06 0.1425 11
1.99652e+06 0.145 11
2.02229e+06 0.1475 11
2.07338e+06 0.15 11
2.06071e+06 0.1525 11
2.11566e+06 0.155 11
1.94621e+06 0.1575 11
1.82007e+06 0.16 11
1.70698e+06 0.1625 11
1.73543e+06 0.165 11
1.73303e+06 0.1675 11
1.77241e+06 0.17 11
1.9905e+06 0.1725 11
2.0337e+06 0.175 11
2.23845e+06 0.1775 11
2.25739e+06 0.18 11
2.18267e+06 0.1825 11
2.00183e+06 0.185 11
1.6411e+06 0.1875 11
1.34733e+06 0.19 11
1.05948e+06 0.1925 11
770501 0.195 11
509307 0.1975 11
368244 0.2 11
375767 0.2025 11
494805 0.205 11
691718 0.2075 11
896708 0.21 11
996081 0.2125 11
925454 0.215 11
763993 0.2175 11
627303 0.22 11
458430 0.2225 11
587895 0.225 11
1.14482e+06 0.2275 11
1.77809e+06 0.23 11
2.52812e+06 0.2325 11
3.01751e+06 0.235 11
3.25715e+06 0.2375 11
3.01358e+06 0.24 11
2.42168e+06 0.2425 11
1.80393e+06 0.245 11
1.33636e+06 0.2475 11
1.12032e+06 0.25 11
1.15677e+06 0.2525 11
1.36029e+06 0.255 11
1.54843e+06 0.2575 11
1.64246e+06 0.26 11
1.62315e+06 0.2625 11
1.4177e+06 0.265 11
1.12361e+06 0.2675 11
864696 0.27 11
682364 0.2725 11
614948 0.275 11
595136 0.2775 11
608705 0.28 11
706164 0.2825 11
1.05461e+07 0.04 12
8.39416e+06 0.0425 12
6.13585e+06 0.045 12
3.97235e+06 0.0475 12
2.14197e+06 0.05 12
886343 0.0525 12
363845 0.055 12
558746 0.0575 12
1.24926e+06 0.06 12
2.06999e+06 0.0625 12
2.64946e+06 0.065 12
2.75638e+06 0.0675 12
2.3793e+06 0.07 12
1.70026e+06 0.0725 12
982061 0.075 12
434907 0.0775 12
134492 0.08 12
27694.3 0.0825 12
8210.25 0.085 12
5917.17 0.0875 12
32423.1 0.09 12
158781 0.0925 12
446333 0.095 12
879861 0.0975 12
1.34808e+06 0.1 12
1.68552e+06 0.1025 12
1.75277e+06 0.105 12
1.51097e+06 0.1075 12
1.0516e+06 0.11 12
567591 0.1125 12
281027 0.115 12
363949 0.1175 12
865169 0.12 12
1.73082e+06 0.1225 12
2.73742e+06 0.125 12
3.64501e+06 0.1275 12
4.23985e+06 0.13 12
4.42069e+06 0.1325 12
4.07455e+06 0.135 12
3.32739e+06 0.1375 12
2.39063e+06 0.14 12
1.43952e+06 0.1425 12
790997 0.145 12
534212 0.1475 12
561022 0.15 12
928047 0.1525 12
1.44525e+06 0.155 12
1.82417e+06 0.1575 12
1.92989e+06 0.16 12
1.84233e+06 0.1625 12
1.56684e+06 0.165 12
1.22763e+06 0.1675 12
1.14635e+06 0.17 12
1.12141e+06 0.1725 12
1.10301e+06 0.175 12
1.29906e+06 0.1775 12
1.49044e+06 0.18 12
1.3811e+06 0.1825 12
1.21161e+06 0.185 12
881053 0.1875 12
478710 0.19 12
233497 0.1925 12
181210 0.195 12
428887 0.1975 12
862853 0.2 12
1.31362e+06 0.2025 12
1.64019e+06 0.205 12
1.67414e+06 0.2075 12
1.41734e+06 0.21 12
1.05271e+06 0.2125 12
561286 0.215 12
198427 0.2175 12
32643.9 0.22 12
156177 0.2225 12
475188 0.225 12
883534 0.2275 12
1.20337e+06 0.23 12
1.42481e+06 0.2325 12
1.42891e+06 0.235 12
1.29018e+06 0.2375 12
1.08007e+06 0.24 12
854771 0.2425 12
763683 0.245 12
762746 0.2475 12
950433 0.25 12
1.13781e+06 0.2525 12
1.27558e+06 0.255 12
1.33596e+06 0.2575 12
1.31057e+06 0.26 12
1.13909e+06 0.2625 12
924376 0.265 12
738557 0.2675 12
611800 0.27 12
580018 0.2725 12
583024 0.275 12
0 0.0225 13
0 0.025 13
0 0.0275 13
0 0.03 13
6.24501 0.0325 13
18453.1 0.035 13
182357 0.0375 13
365501 0.04 13
593436 0.0425 13
971761 0.045 13
1.53001e+06 0.0475 13
1.87879e+06 0.05 13
2.36102e+06 0.0525 13
2.56528e+06 0.055 13
2.86588e+06 0.0575 13
2.46751e+06 0.06 13
2.17076e+06 0.0625 13
1.68752e+06 0.065 13
1.62561e+06 0.0675 13
1.97394e+06 0.07 13
3.05377e+06 0.0725 13
4.63049e+06 0.075 13
6.73543e+06 0.0775 13
8.3499e+06 0.08 13
9.82617e+06 0.0825 13
9.88844e+06 0.085 13
9.08103e+06 0.0875 13
7.38708e+06 0.09 13
5.45077e+06 0.0925 13
3.7352e+06 0.095 13
2.2861e+06 0.0975 13
1.32938e+06 0.1 13
841062 0.1025 13
669582 0.105 13
527525 0.1075 13
411778 0.11 13
352855 0.1125 13
283199 0.115 13
383571 0.1175 13
759542 0.12 13
1.04933e+06 0.1225 13
1.17989e+06 0.125 13
1.37537e+06 0.1275 13
1.36559e+06 0.13 13
1.31354e+06 0.1325 13
1.29579e+06 0.135 13
1.35662e+06 0.1375 13
1.53182e+06 0.14 13
1.70017e+06 0.1425 13
1.6803e+06 0.145 13
1.49109e+06 0.1475 13
1.18215e+06 0.15 13
888962 0.1525 13
853621 0.155 13
949118 0.1575 13
1.19706e+06 0.16 13
1.52463e+06 0.1625 13
1.69087e+06 0.165 13
1.62724e+06 0.1675 13
1.50579e+06 0.17 13
1.05432e+06 0.1725 13
862246 0.175 13
804997 0.1775 13
668048 0.18 13
581224 0.1825 13
593678 0.185 13
695792 0.1875 13
761644 0.19 13
1.10811e+06 0.1925 13
1.54612e+06 0.195 13
1.95888e+06 0.1975 13
2.17895e+06 0.2 13
1.98899e+06 0.2025 13
1.62196e+06 0.205 13
1.14622e+06 0.2075 13
799048 0.21 13
486941 0.2125 13
525072 0.215 13
753187 0.2175 13
881999 0.22 13
1.04564e+06 0.2225 13
1.24172e+06 0.225 13
1.22283e+06 0.2275 13
1.12078e+06 0.23 13
1.1351e+06 0.2325 13
1.08458e+06 0.235 13
993999 0.2375 13
936382 0.24 13
893225 0.2425 13
772605 0.245 13
744728 0.2475 13
661553 0.25 13
614379 0.2525 13
656843 0.255 13
681505 0.2575 13
711487 0.26 13
681381 0.2625 13
569211 0.265 13
477710 0.2675 13
0 0.02 14
0 0.0225 14
0 0.025 14
0 0.0275 14
0 0.03 14
5351.76 0.0325 14
38496.7 0.035 14
36617.5 0.0375 14
135526 0.04 14
382523 0.0425 14
522997 0.045 14
625603 0.0475 14
985001 0.05 14
1.53338e+06 0.0525 14
1.44876e+06 0.055 14
1.45293e+06 0.0575 14
1.46238e+06 0.06 14
1.35693e+06 0.0625 14
1.04269e+06 0.065 14
641801 0.0675 14
324029 0.07 14
83615.5 0.0725 14
10728.2 0.075 14
58536.9 0.0775 14
203697 0.08 14
335375 0.0825 14
391231 0.085 14
407015 0.0875 14
358288 0.09 14
352236 0.0925 14
382578 0.095 14
411104 0.0975 14
486881 0.1 14
446620 0.1025 14
376351 0.105 14
422268 0.1075 14
439602 0.11 14
469531 0.1125 14
521915 0.115 14
523772 0.1175 14
620538 0.12 14
707801 0.1225 14
778087 0.125 14
879851 0.1275 14
976904 0.13 14
1.14004e+06 0.1325 14
1.15379e+06 0.135 14
1.03936e+06 0.1375 14
1.07181e+06 0.14 14
1.19056e+06 0.1425 14
1.60727e+06 0.145 14
1.90592e+06 0.1475 14
2.42633e+06 0.15 14
2.66546e+06 0.1525 14
2.69621e+06 0.155 14
2.67192e+06 0.1575 14
2.73133e+06 0.16 14
2.70383e+06 0.1625 14
2.64808e+06 0.165 14
2.69784e+06 0.1675 14
2.80474e+06 0.17 14
2.62126e+06 0.1725 14
2.24591e+06 0.175 14
1.62388e+06 0.1775 14
1.03367e+06 0.18 14
603863 0.1825 14
440487 0.185 14
436859 0.1875 14
478733 0.19 14
485331 0.1925 14
426807 0.195 14
340530 0.1975 14
342120 0.2 14
401152 0.2025 14
497552 0.205 14
623003 0.2075 14
662736 0.21 14
606364 0.2125 14
580241 0.215 14
582654 0.2175 14
830450 0.22 14
1.18451e+06 0.2225 14
1.6278e+06 0.225 14
1.85261e+06 0.2275 14
1.76512e+06 0.23 14
1.49616e+06 0.2325 14
1.19307e+06 0.235 14
1.06151e+06 0.2375 14
1.18041e+06 0.24 14
1.52908e+06 0.2425 14
1.96615e+06 0.245 14
2.30648e+06 0.2475 14
2.32213e+06 0.25 14
2.08973e+06 0.2525 14
1.70698e+06 0.255 14
1.39001e+06 0.2575 14
127326 0.0125 15
241206 0.015 15
423668 0.0175 15
604675 0.02 15
669117 0.0225 15
575044 0.025 15
342398 0.0275 15
91445 0.03 15
10568.2 0.0325 15
274114 0.035 15
947740 0.0375 15
1.93369e+06 0.04 15
2.99344e+06 0.0425 15
3.84533e+06 0.045 15
4.29189e+06 0.0475 15
4.3107e+06 0.05 15
4.05835e+06 0.0525 15
3.78276e+06 0.055 15
3.68899e+06 0.0575 15
3.83034e+06 0.06 15
4.08284e+06 0.0625 15
4.21568e+06 0.065 15
4.01775e+06 0.0675 15
3.41155e+06 0.07 15
2.49537e+06 0.0725 15
1.49621e+06 0.075 15
664319 0.0775 15
168010 0.08 15
40749.4 0.0825 15
198329 0.085 15
504373 0.0875 15
840536 0.09 15
1.14377e+06 0.0925 15
1.39951e+06 0.095 15
1.60797e+06 0.0975 15
1.75377e+06 0.1 15
1.80077e+06 0.1025 15
1.71319e+06 0.105 15
1.48524e+06 0.1075 15
1.15667e+06 0.11 15
802484 0.1125 15
502223 0.115 15
313945 0.1175 15
244764 0.12 15
238785 0.1225 15
286142 0.125 15
395685 0.1275 15
392958 0.13 15
488678 0.1325 15
518519 0.135 15
410579 0.1375 15
418333 0.14 15
453062 0.1425 15
386567 0.145 15
362859 0.1475 15
247097 0.15 15
169793 0.1525 15
146115 0.155 15
146253 0.1575 15
177034 0.16 15
194924 0.1625 15
303633 0.165 15
397725 0.1675 15
422200 0.17 15
442472 0.1725 15
540804 0.175 15
512891 0.1775 15
496824 0.18 15
461265 0.1825 15
444583 0.185 15
655550 0.1875 15
1.00377e+06 0.19 15
1.56347e+06 0.1925 15
2.0163e+06 0.195 15
2.67762e+06 0.1975 15
2.96902e+06 0.2 15
3.14482e+06 0.2025 15
2.92218e+06 0.205 15
2.52544e+06 0.2075 15
1.80391e+06 0.21 15
1.11228e+06 0.2125 15
636345 0.215 15
488894 0.2175 15
770479 0.22 15
1.14104e+06 0.2225 15
1.5969e+06 0.225 15
1.92013e+06 0.2275 15
2.13131e+06 0.23 15
2.10196e+06 0.2325 15
1.77307e+06 0.235 15
1.56099e+06 0.2375 15
1.37507e+06 0.24 15
1.26775e+06 0.2425 15
1.11411e+06 0.245 15
931509 0.2475 15
0 0.0025 16
0 0.005 16
0 0.0075 16
0 0.01 16
0 0.0125 16
0 0.015 16
0 0.0175 16
0 0.02 16
0 0.0225 16
0 0.025 16
0 0.0275 16
0 0.03 16
0 0.0325 16
0 0.035 16
0 0.0375 16
0 0.04 16
0 0.0425 16
0 0.045 16
0 0.0475 16
0 0.05 16
0 0.0525 16
0 0.055 16
0 0.0575 16
11254.1 0.06 16
2379.05 0.0625 16
48468 0.065 16
71131.4 0.0675 16
258413 0.07 16
543059 0.0725 16
796115 0.075 16
815834 0.0775 16
1.57621e+06 0.08 16
2.31401e+06 0.0825 16
3.05766e+06 0.085 16
3.9087e+06 0.0875 16
4.64957e+06 0.09 16
4.72279e+06 0.0925 16
4.58198e+06 0.095 16
4.33502e+06 0.0975 16
3.8468e+06 0.1 16
3.25827e+06 0.1025 16
2.4234e+06 0.105 16
1.583e+06 0.1075 16
1.18034e+06 0.11 16
1.05582e+06 0.1125 16
1.41558e+06 0.115 16
2.31185e+06 0.1175 16
3.6246e+06 0.12 16
5.0763e+06 0.1225 16
6.16507e+06 0.125 16
6.81195e+06 0.1275 16
7.4422e+06 0.13 16
7.54228e+06 0.1325 16
7.43968e+06 0.135 16
7.12223e+06 0.1375 16
6.19174e+06 0.14 16
5.29665e+06 0.1425 16
4.37111e+06 0.145 16
3.52071e+06 0.1475 16
2.87203e+06 0.15 16
2.26617e+06 0.1525 16
1.91242e+06 0.155 16
1.63916e+06 0.1575 16
1.3275e+06 0.16 16
1.07435e+06 0.1625 16
803606 0.165 16
628443 0.1675 16
521035 0.17 16
548551 0.1725 16
570090 0.175 16
644983 0.1775 16
696176 0.18 16
908980 0.1825 16
1.17811e+06 0.185 16
1.472e+06 0.1875 16
1.87321e+06 0.19 16
2.16993e+06 0.1925 16
2.41175e+06 0.195 16
2.50057e+06 0.1975 16
2.38047e+06 0.2 16
2.05052e+06 0.2025 16
1.5738e+06 0.205 16
1.04909e+06 0.2075 16
609220 0.21 16
340531 0.2125 16
279309 0.215 16
415909 0.2175 16
650224 0.22 16
966524 0.2225 16
1.33092e+06 0.225 16
1.60074e+06 0.2275 16
1.84811e+06 0.23 16
2.02845e+06 0.2325 16
2.15266e+06 0.235 16
2.28983e+06 0.2375 16
14451.9 0.0025 17
215061 0.005 17
964310 0.0075 17
2.56856e+06 0.01 17
5.02397e+06 0.0125 17
7.92578e+06 0.015 17
1.0601e+07 0.0175 17
1.23936e+07 0.02 17
1.2946e+07 0.0225 17
1.23263e+07 0.025 17
1.09463e+07 0.0275 17
9.33314e+06 0.03 17
7.89166e+06 0.0325 17
6.78299e+06 0.035 17
5.96095e+06 0.0375 17
5.30916e+06 0.04 17
4.77045e+06 0.0425 17
4.38278e+06 0.045 17
4.21175e+06 0.0475 17
4.24442e+06 0.05 17
4.33383e+06 0.0525 17
4.24508e+06 0.055 17
3.78092e+06 0.0575 17
2.90831e+06 0.06 17
1.80358e+06 0.0625 17
783772 0.065 17
160904 0.0675 17
99831.9 0.07 17
554051 0.0725 17
1.30466e+06 0.075 17
2.07029e+06 0.0775 17
2.62429e+06 0.08 17
2.86436e+06 0.0825 17
2.81549e+06 0.085 17
2.58391e+06 0.0875 17
2.29533e+06 0.09 17
2.04464e+06 0.0925 17
1.86812e+06 0.095 17
1.73907e+06 0.0975 17
1.58673e+06 0.1 17
1.33826e+06 0.1025 17
975027 0.105 17
578202 0.1075 17
329213 0.11 17
443616 0.1125 17
1.05377e+06 0.115 17
2.09744e+06 0.1175 17
3.28494e+06 0.12 17
4.18829e+06 0.1225 17
4.42346e+06 0.125 17
3.85869e+06 0.1275 17
2.66892e+06 0.13 17
1.3352e+06 0.1325 17
374394 0.135 17
92445.2 0.1375 17
497471 0.14 17
1.27118e+06 0.1425 17
2.10701e+06 0.145 17
2.48732e+06 0.1475 17
2.28546e+06 0.15 17
1.97436e+06 0.1525 17
1.50645e+06 0.155 17
1.08797e+06 0.1575 17
873363 0.16 17
916689 0.1625 17
987161 0.165 17
864148 0.1675 17
781358 0.17 17
661822 0.1725 17
440615 0.175 17
358879 0.1775 17
286375 0.18 17
338483 0.1825 17
416206 0.185 17
485642 0.1875 17
728590 0.19 17
1.02877e+06 0.1925 17
1.38916e+06 0.195 17
1.73014e+06 0.1975 17
1.98301e+06 0.2 17
2.22292e+06 0.2025 17
2.33913e+06 0.205 17
2.56734e+06 0.2075 17
2.86521e+06 0.21 17
3.03616e+06 0.2125 17
3.07786e+06 0.215 17
2.7313e+06 0.2175 17
2.17115e+06 0.22 17
1.56796e+06 0.2225 17
1.18795e+06 0.225 17
0 0.0025 18
0 0.005 18
0 0.0075 18
0 0.01 18
0 0.0125 18
0 0.015 18
0 0.0175 18
0 0.02 18
0 0.0225 18
0 0.025 18
0 0.0275 18
0 0.03 18
0 0.0325 18
0 0.035 18
3679.24 0.0375 18
2307.09 0.04 18
2773.6 0.0425 18
34277.9 0.045 18
1491.38 0.0475 18
6389.78 0.05 18
552.632 0.0525 18
1534.33 0.055 18
2481.31 0.0575 18
1709.2 0.06 18
3426.89 0.0625 18
17395.9 0.065 18
93212.8 0.0675 18
168739 0.07 18
170702 0.0725 18
121322 0.075 18
130856 0.0775 18
147270 0.08 18
134018 0.0825 18
117017 0.085 18
90961.7 0.0875 18
44863.6 0.09 18
130827 0.0925 18
273697 0.095 18
571757 0.0975 18
600837 0.1 18
776362 0.1025 18
1.11364e+06 0.105 18
1.29963e+06 0.1075 18
1.32233e+06 0.11 18
1.40932e+06 0.1125 18
1.45802e+06 0.115 18
1.58537e+06 0.1175 18
1.67342e+06 0.12 18
1.87099e+06 0.1225 18
2.05161e+06 0.125 18
2.10667e+06 0.1275 18
2.08886e+06 0.13 18
2.05907e+06 0.1325 18
1.81524e+06 0.135 18
1.43165e+06 0.1375 18
1.18578e+06 0.14 18
937805 0.1425 18
772038 0.145 18
693519 0.1475 18
660729 0.15 18
596264 0.1525 18
527927 0.155 18
477138 0.1575 18
457622 0.16 18
476054 0.1625 18
588959 0.165 18
757122 0.1675 18
1.04671e+06 0.17 18
1.47973e+06 0.1725 18
1.94026e+06 0.175 18
2.30561e+06 0.1775 18
2.71491e+06 0.18 18
2.94302e+06 0.1825 18
2.85125e+06 0.185 18
2.59334e+06 0.1875 18
2.14537e+06 0.19 18
1.46939e+06 0.1925 18
1.06198e+06 0.195 18
835801 0.1975 18
836559 0.2 18
1.0746e+06 0.2025 18
1.47273e+06 0.205 18
1.97193e+06 0.2075 18
2.5935e+06 0.21 18
3.32027e+06 0.2125 18
0 0.0025 19
0 0.005 19
0 0.0075 19
0 0.01 19
0 0.0125 19
0 0.015 19
0 0.0175 19
0 0.02 19
0 0.0225 19
0 0.025 19
370.205 0.0275 19
79277.2 0.03 19
177120 0.0325 19
161691 0.035 19
400051 0.0375 19
677008 0.04 19
1.11853e+06 0.0425 19
1.35528e+06 0.045 19
1.23905e+06 0.0475 19
1.31641e+06 0.05 19
1.44937e+06 0.0525 19
1.19492e+06 0.055 19
923710 0.0575 19
510017 0.06 19
279670 0.0625 19
270833 0.065 19
486198 0.0675 19
691109 0.07 19
836874 0.0725 19
786058 0.075 19
587055 0.0775 19
380511 0.08 19
395188 0.0825 19
702842 0.085 19
1.45415e+06 0.0875 19
2.54435e+06 0.09 19
3.55649e+06 0.0925 19
4.33055e+06 0.095 19
4.59773e+06 0.0975 19
4.32296e+06 0.1 19
3.62131e+06 0.1025 19
2.75953e+06 0.105 19
1.95762e+06 0.1075 19
1.36429e+06 0.11 19
1.00917e+06 0.1125 19
687973 0.115 19
495412 0.1175 19
273087 0.12 19
146625 0.1225 19
210350 0.125 19
368710 0.1275 19
606706 0.13 19
853858 0.1325 19
1.03669e+06 0.135 19
1.14323e+06 0.1375 19
1.19922e+06 0.14 19
1.2922e+06 0.1425 19
1.41531e+06 0.145 19
1.62438e+06 0.1475 19
1.83347e+06 0.15 19
2.01334e+06 0.1525 19
2.02584e+06 0.155 19
1.84815e+06 0.1575 19
1.61501e+06 0.16 19
1.38744e+06 0.1625 19
1.32046e+06 0.165 19
1.40059e+06 0.1675 19
1.5633e+06 0.17 19
1.81798e+06 0.1725 19
2.043e+06 0.175 19
2.04029e+06 0.1775 19
1.96229e+06 0.18 19
1.69311e+06 0.1825 19
1.49805e+06 0.185 19
1.42215e+06 0.1875 19
1.69911e+06 0.19 19
2.16947e+06 0.1925 19
2.72782e+06 0.195 19
3.15481e+06 0.1975 19
0 0.0025 20
0 0.005 20
0 0.0075 20
0 0.01 20
5179.89 0.0125 20
11139.8 0.015 20
104844 0.0175 20
167861 0.02 20
283549 0.0225 20
559488 0.025 20
824289 0.0275 20
1.23518e+06 0.03 20
1.51616e+06 0.0325 20
1.66025e+06 0.035 20
1.69751e+06 0.0375 20
1.63334e+06 0.04 20
1.46107e+06 0.0425 20
1.25155e+06 0.045 20
1.08315e+06 0.0475 20
1.0075e+06 0.05 20
1.02642e+06 0.0525 20
1.09413e+06 0.055 20
1.14606e+06 0.0575 20
1.14071e+06 0.06 20
1.0908e+06 0.0625 20
1.06349e+06 0.065 20
1.14481e+06 0.0675 20
1.38477e+06 0.07 20
1.7535e+06 0.0725 20
2.13633e+06 0.075 20
2.37643e+06 0.0775 20
2.34682e+06 0.08 20
2.01486e+06 0.0825 20
1.46389e+06 0.085 20
857878 0.0875 20
366551 0.09 20
90103.2 0.0925 20
23445.6 0.095 20
77558 0.0975 20
143350 0.1 20
159807 0.1025 20
146909 0.105 20
185387 0.1075 20
356962 0.11 20
686318 0.1125 20
1.09998e+06 0.115 20
1.46824e+06 0.1175 20
1.69136e+06 0.12 20
1.72739e+06 0.1225 20
1.46577e+06 0.125 20
1.3142e+06 0.1275 20
1.16849e+06 0.13 20
1.3656e+06 0.1325 20
1.73007e+06 0.135 20
2.13474e+06 0.1375 20
2.55627e+06 0.14 20
2.99317e+06 0.1425 20
3.11693e+06 0.145 20
2.96677e+06 0.1475 20
2.77799e+06 0.15 20
2.37522e+06 0.1525 20
2.01053e+06 0.155 20
1.66324e+06 0.1575 20
1.32267e+06 0.16 20
1.15311e+06 0.1625 20
1.05272e+06 0.165 20
1.31033e+06 0.1675 20
1.66421e+06 0.17 20
2.21048e+06 0.1725 20
2.60647e+06 0.175 20
2.78986e+06 0.1775 20
0 0.0025 21
0 0.005 21
0 0.0075 21
0 0.01 21
0 0.0125 21
0 0.015 21
0 0.0175 21
0 0.02 21
0 0.0225 21
0 0.025 21
0 0.0275 21
0 0.03 21
0 0.0325 21
0 0.035 21
0 0.0375 21
0 0.04 21
0 0.0425 21
0 0.045 21
0 0.0475 21
0 0.05 21
0 0.0525 21
1399.11 0.055 21
16339.9 0.0575 21
70864.4 0.06 21
123147 0.0625 21
209795 0.065 21
376803 0.0675 21
371249 0.07 21
448568 0.0725 21
744184 0.075 21
817205 0.0775 21
849191 0.08 21
1.08187e+06 0.0825 21
1.25747e+06 0.085 21
1.42613e+06 0.0875 21
1.32365e+06 0.09 21
1.69707e+06 0.0925 21
1.74445e+06 0.095 21
1.82244e+06 0.0975 21
1.91215e+06 0.1 21
1.65232e+06 0.1025 21
1.39231e+06 0.105 21
1.22319e+06 0.1075 21
897305 0.11 21
658565 0.1125 21
469759 0.115 21
401551 0.1175 21
459705 0.12 21
488092 0.1225 21
618585 0.125 21
641308 0.1275 21
685809 0.13 21
650959 0.1325 21
580152 0.135 21
467457 0.1375 21
429406 0.14 21
431351 0.1425 21
563177 0.145 21
856042 0.1475 21
1.19276e+06 0.15 21
1.6343e+06 0.1525 21
2.10992e+06 0.155 21
2.66792e+06 0.1575 21
2.97454e+06 0.16 21
1.48971e+06 0.0025 22
5.37471e+06 0.005 22
1.01613e+07 0.0075 22
1.40984e+07 0.01 22
1.59136e+07 0.0125 22
1.52959e+07 0.015 22
1.29219e+07 0.0175 22
1.00508e+07 0.02 22
7.91203e+06 0.0225 22
7.18247e+06 0.025 22
7.77908e+06 0.0275 22
9.0159e+06 0.03 22
1.00023e+07 0.0325 22
1.00666e+07 0.035 22
9.01288e+06 0.0375 22
7.12914e+06 0.04 22
4.99008e+06 0.0425 22
3.1812e+06 0.045 22
2.07531e+06 0.0475 22
1.73939e+06 0.05 22
1.97599e+06 0.0525 22
2.44914e+06 0.055 22
2.82849e+06 0.0575 22
2.89985e+06 0.06 22
2.61704e+06 0.0625 22
2.09253e+06 0.065 22
1.53796e+06 0.0675 22
1.17417e+06 0.07 22
1.13841e+06 0.0725 22
1.42182e+06 0.075 22
1.86564e+06 0.0775 22
2.225e+06 0.08 22
2.27882e+06 0.0825 22
1.9378e+06 0.085 22
1.29627e+06 0.0875 22
596839 0.09 22
118865 0.0925 22
43245.3 0.095 22
361892 0.0975 22
880367 0.1 22
1.31505e+06 0.1025 22
1.43656e+06 0.105 22
1.1858e+06 0.1075 22
702426 0.11 22
250865 0.1125 22
82228.2 0.115 22
303929 0.1175 22
824277 0.12 22
1.40001e+06 0.1225 22
1.76104e+06 0.125 22
1.74747e+06 0.1275 22
1.38721e+06 0.13 22
869155 0.1325 22
445200 0.135 22
293085 0.1375 22
0 0.0025 23
0 0.005 23
0 0.0075 23
0 0.01 23
0 0.0125 23
0 0.015 23
0 0.0175 23
0 0.02 23
0 0.0225 23
0 0.025 23
0 0.0275 23
0 0.03 23
0 0.0325 23
0 0.035 23
0 0.0375 23
0 0.04 23
470.632 0.0425 23
27373.1 0.045 23
80214.6 0.0475 23
74747.8 0.05 23
180756 0.0525 23
308245 0.055 23
305191 0.0575 23
370557 0.06 23
312072 0.0625 23
315784 0.065 23
136860 0.0675 23
84382.3 0.07 23
53015.2 0.0725 23
80999.3 0.075 23
202688 0.0775 23
451880 0.08 23
633236 0.0825 23
1.00993e+06 0.085 23
1.42211e+06 0.0875 23
1.51416e+06 0.09 23
1.63703e+06 0.0925 23
1.76992e+06 0.095 23
1.83092e+06 0.0975 23
1.74465e+06 0.1 23
1.59704e+06 0.1025 23
