3.88796e+07 0.085 0
2.34612e+07 0.0875 0
8.64197e+06 0.09 0
752980 0.0925 0
1.05504e+06 0.095 0
6.03891e+06 0.0975 0
1.04775e+07 0.1 0
1.09128e+07 0.1025 0
7.38984e+06 0.105 0
2.7055e+06 0.1075 0
96219.7 0.11 0
1.07788e+06 0.1125 0
4.7388e+06 0.115 0
8.65026e+06 0.1175 0
1.05377e+07 0.12 0
9.56371e+06 0.1225 0
6.53001e+06 0.125 0
3.11421e+06 0.1275 0
758626 0.13 0
85402.2 0.1325 0
650845 0.135 0
1.60074e+06 0.1375 0
2.3663e+06 0.14 0
2.80302e+06 0.1425 0
2.70545e+06 0.145 0
2.47682e+06 0.1475 0
2.40571e+06 0.15 0
1.80139e+06 0.1525 0
1.88104e+06 0.155 0
2.10571e+06 0.1575 0
2.38039e+06 0.16 0
2.38529e+06 0.1625 0
2.4171e+06 0.165 0
2.7238e+06 0.1675 0
2.56791e+06 0.17 0
2.49201e+06 0.1725 0
1.92514e+06 0.175 0
1.25869e+06 0.1775 0
591895 0.18 0
243594 0.1825 0
113003 0.185 0
380311 0.1875 0
721119 0.19 0
1.22988e+06 0.1925 0
1.63332e+06 0.195 0
1.99182e+06 0.1975 0
2.17194e+06 0.2 0
2.14155e+06 0.2025 0
2.10243e+06 0.205 0
2.08813e+06 0.2075 0
2.10729e+06 0.21 0
2.39587e+06 0.2125 0
2.54997e+06 0.215 0
2.90429e+06 0.2175 0
2.93756e+06 0.22 0
3.03137e+06 0.2225 0
2.80874e+06 0.225 0
2.343e+06 0.2275 0
1.81133e+06 0.23 0
1.19386e+06 0.2325 0
921788 0.235 0
792967 0.2375 0
803754 0.24 0
954351 0.2425 0
1.23473e+06 0.245 0
1.40424e+06 0.2475 0
1.28419e+06 0.25 0
931935 0.2525 0
486658 0.255 0
220454 0.2575 0
28886 0.26 0
45859 0.2625 0
260998 0.265 0
559195 0.2675 0
789184 0.27 0
915213 0.2725 0
805041 0.275 0
642513 0.2775 0
416498 0.28 0
212892 0.2825 0
208956 0.285 0
466860 0.2875 0
888885 0.29 0
1.35866e+06 0.2925 0
1.74663e+06 0.295 0
2.07073e+06 0.2975 0
2.18944e+06 0.3 0
2.17397e+06 0.3025 0
2.01037e+06 0.305 0
1.8978e+06 0.3075 0
1.67096e+06 0.31 0
1.60593e+06 0.3125 0
1.40707e+06 0.315 0
1.67712e+06 0.0825 1
2.69893e+06 0.085 1
4.38819e+06 0.0875 1
6.2195e+06 0.09 1
8.55413e+06 0.0925 1
1.04606e+07 0.095 1
1.15022e+07 0.0975 1
1.27455e+07 0.1 1
1.40592e+07 0.1025 1
1.51106e+07 0.105 1
1.61412e+07 0.1075 1
1.80566e+07 0.11 1
1.96565e+07 0.1125 1
1.99034e+07 0.115 1
1.92456e+07 0.1175 1
1.76242e+07 0.12 1
1.55675e+07 0.1225 1
1.41551e+07 0.125 1
1.33747e+07 0.1275 1
1.32966e+07 0.13 1
1.34825e+07 0.1325 1
1.32955e+07 0.135 1
1.23056e+07 0.1375 1
1.0596e+07 0.14 1
8.54758e+06 0.1425 1
6.36242e+06 0.145 1
4.77145e+06 0.1475 1
3.85022e+06 0.15 1
3.57001e+06 0.1525 1
3.59044e+06 0.155 1
3.60134e+06 0.1575 1
3.8367e+06 0.16 1
3.90185e+06 0.1625 1
4.24774e+06 0.165 1
4.50995e+06 0.1675 1
4.4558e+06 0.17 1
4.18081e+06 0.1725 1
3.7577e+06 0.175 1
3.07067e+06 0.1775 1
2.28888e+06 0.18 1
1.48663e+06 0.1825 1
1.01677e+06 0.185 1
772825 0.1875 1
796756 0.19 1
806659 0.1925 1
1.07135e+06 0.195 1
1.23582e+06 0.1975 1
1.2374e+06 0.2 1
1.18362e+06 0.2025 1
1.18237e+06 0.205 1
1.00053e+06 0.2075 1
878130 0.21 1
694326 0.2125 1
615174 0.215 1
509940 0.2175 1
373221 0.22 1
300662 0.2225 1
255664 0.225 1
273339 0.2275 1
329252 0.23 1
391879 0.2325 1
495825 0.235 1
563246 0.2375 1
638167 0.24 1
809297 0.2425 1
1.02549e+06 0.245 1
1.24606e+06 0.2475 1
1.45601e+06 0.25 1
1.67625e+06 0.2525 1
1.86647e+06 0.255 1
1.91829e+06 0.2575 1
1.72083e+06 0.26 1
1.52324e+06 0.2625 1
1.15829e+06 0.265 1
878516 0.2675 1
690671 0.27 1
687352 0.2725 1
731635 0.275 1
933341 0.2775 1
1.1264e+06 0.28 1
1.28249e+06 0.2825 1
1.35618e+06 0.285 1
1.35331e+06 0.2875 1
1.19598e+06 0.29 1
988435 0.2925 1
883716 0.295 1
849434 0.2975 1
970845 0.3 1
1.12152e+06 0.3025 1
1.29016e+06 0.305 1
1.40362e+06 0.3075 1
1.40132e+06 0.31 1
1.26906e+06 0.3125 1
984722 0.315 1
8.16772e+07 0.08 2
5.1478e+07 0.0825 2
3.14473e+07 0.085 2
2.17733e+07 0.0875 2
1.94836e+07 0.09 2
2.03221e+07 0.0925 2
2.12467e+07 0.095 2
2.09678e+07 0.0975 2
1.78445e+07 0.1 2
1.30466e+07 0.1025 2
8.31993e+06 0.105 2
5.04951e+06 0.1075 2
3.74211e+06 0.11 2
3.58346e+06 0.1125 2
3.52322e+06 0.115 2
3.2825e+06 0.1175 2
2.51599e+06 0.12 2
1.87864e+06 0.1225 2
1.53815e+06 0.125 2
1.87734e+06 0.1275 2
2.81223e+06 0.13 2
3.91795e+06 0.1325 2
4.68042e+06 0.135 2
4.80781e+06 0.1375 2
4.11856e+06 0.14 2
3.23532e+06 0.1425 2
2.50624e+06 0.145 2
2.18331e+06 0.1475 2
2.48583e+06 0.15 2
3.34406e+06 0.1525 2
4.50411e+06 0.155 2
5.25627e+06 0.1575 2
5.3235e+06 0.16 2
4.57568e+06 0.1625 2
3.39566e+06 0.165 2
2.16133e+06 0.1675 2
1.27897e+06 0.17 2
941692 0.1725 2
1.15707e+06 0.175 2
1.79735e+06 0.1775 2
2.71694e+06 0.18 2
3.19559e+06 0.1825 2
3.25042e+06 0.185 2
2.89155e+06 0.1875 2
2.01969e+06 0.19 2
1.47229e+06 0.1925 2
1.13605e+06 0.195 2
1.52654e+06 0.1975 2
2.10317e+06 0.2 2
2.9303e+06 0.2025 2
3.42491e+06 0.205 2
3.46702e+06 0.2075 2
3.33641e+06 0.21 2
2.46891e+06 0.2125 2
1.77928e+06 0.215 2
1.23929e+06 0.2175 2
1.04542e+06 0.22 2
1.06899e+06 0.2225 2
1.19544e+06 0.225 2
1.35168e+06 0.2275 2
1.47487e+06 0.23 2
1.48051e+06 0.2325 2
1.46279e+06 0.235 2
1.48975e+06 0.2375 2
1.69983e+06 0.24 2
1.98986e+06 0.2425 2
2.35584e+06 0.245 2
2.60914e+06 0.2475 2
2.79718e+06 0.25 2
2.80377e+06 0.2525 2
2.53772e+06 0.255 2
2.23265e+06 0.2575 2
1.91676e+06 0.26 2
1.61967e+06 0.2625 2
1.40817e+06 0.265 2
1.23466e+06 0.2675 2
999199 0.27 2
780294 0.2725 2
553062 0.275 2
439551 0.2775 2
429492 0.28 2
519583 0.2825 2
623980 0.285 2
730913 0.2875 2
760628 0.29 2
613518 0.2925 2
490185 0.295 2
334437 0.2975 2
236819 0.3 2
241908 0.3025 2
314882 0.305 2
421934 0.3075 2
539598 0.31 2
589455 0.3125 2
671136 0.315 2
9.50976e+06 0.0725 3
9.98717e+06 0.075 3
9.12269e+06 0.0775 3
6.90766e+06 0.08 3
4.10497e+06 0.0825 3
1.93995e+06 0.085 3
1.44191e+06 0.0875 3
2.82791e+06 0.09 3
5.32938e+06 0.0925 3
7.60281e+06 0.095 3
8.49822e+06 0.0975 3
7.72133e+06 0.1 3
5.98043e+06 0.1025 3
4.52672e+06 0.105 3
4.37519e+06 0.1075 3
5.68783e+06 0.11 3
7.69013e+06 0.1125 3
9.15252e+06 0.115 3
9.12442e+06 0.1175 3
7.46865e+06 0.12 3
4.86929e+06 0.1225 3
2.44541e+06 0.125 3
1.16069e+06 0.1275 3
1.22244e+06 0.13 3
2.25211e+06 0.1325 3
3.23625e+06 0.135 3
3.82399e+06 0.1375 3
3.86169e+06 0.14 3
3.42277e+06 0.1425 3
2.94803e+06 0.145 3
2.92512e+06 0.1475 3
2.86369e+06 0.15 3
3.20805e+06 0.1525 3
2.95235e+06 0.155 3
2.89176e+06 0.1575 3
2.37594e+06 0.16 3
2.4679e+06 0.1625 3
2.10421e+06 0.165 3
1.65335e+06 0.1675 3
1.33069e+06 0.17 3
1.01544e+06 0.1725 3
719971 0.175 3
466829 0.1775 3
276112 0.18 3
285974 0.1825 3
323571 0.185 3
551260 0.1875 3
831726 0.19 3
1.00868e+06 0.1925 3
1.12075e+06 0.195 3
1.26096e+06 0.1975 3
1.22564e+06 0.2 3
1.19375e+06 0.2025 3
1.09074e+06 0.205 3
967416 0.2075 3
722485 0.21 3
587861 0.2125 3
517387 0.215 3
752314 0.2175 3
1.03358e+06 0.22 3
1.49421e+06 0.2225 3
2.01631e+06 0.225 3
2.46944e+06 0.2275 3
2.61881e+06 0.23 3
2.5028e+06 0.2325 3
2.2294e+06 0.235 3
1.91049e+06 0.2375 3
1.5977e+06 0.24 3
1.51871e+06 0.2425 3
1.71437e+06 0.245 3
1.99319e+06 0.2475 3
2.23967e+06 0.25 3
2.35641e+06 0.2525 3
2.25961e+06 0.255 3
1.94705e+06 0.2575 3
1.5263e+06 0.26 3
1.12554e+06 0.2625 3
884044 0.265 3
688528 0.2675 3
651511 0.27 3
725177 0.2725 3
823456 0.275 3
964380 0.2775 3
1.03314e+06 0.28 3
1.03146e+06 0.2825 3
1.00856e+06 0.285 3
901399 0.2875 3
792043 0.29 3
803396 0.2925 3
893155 0.295 3
1.08229e+06 0.2975 3
1.22599e+06 0.3 3
1.26733e+06 0.3025 3
1.15403e+06 0.305 3
936714 0.3075 3
654708 0.31 3
449480 0.3125 3
310414 0.315 3
990335 0.0625 4
481873 0.065 4
128134 0.0675 4
34709.5 0.07 4
197407 0.0725 4
632345 0.075 4
1.32863e+06 0.0775 4
2.48111e+06 0.08 4
3.97156e+06 0.0825 4
5.91311e+06 0.085 4
7.67576e+06 0.0875 4
9.2737e+06 0.09 4
1.00486e+07 0.0925 4
9.98228e+06 0.095 4
9.27592e+06 0.0975 4
8.11739e+06 0.1 4
7.01325e+06 0.1025 4
6.06039e+06 0.105 4
5.70323e+06 0.1075 4
5.33359e+06 0.11 4
6.38559e+06 0.1125 4
7.11613e+06 0.115 4
8.17439e+06 0.1175 4
8.62858e+06 0.12 4
8.90426e+06 0.1225 4
8.79469e+06 0.125 4
8.30924e+06 0.1275 4
7.40716e+06 0.13 4
6.76342e+06 0.1325 4
6.1202e+06 0.135 4
5.10136e+06 0.1375 4
4.29748e+06 0.14 4
3.72989e+06 0.1425 4
3.16179e+06 0.145 4
2.66012e+06 0.1475 4
2.45058e+06 0.15 4
2.32834e+06 0.1525 4
2.35874e+06 0.155 4
2.23298e+06 0.1575 4
2.15193e+06 0.16 4
2.18667e+06 0.1625 4
2.34372e+06 0.165 4
2.25458e+06 0.1675 4
2.20572e+06 0.17 4
2.07081e+06 0.1725 4
1.55541e+06 0.175 4
1.3956e+06 0.1775 4
1.38494e+06 0.18 4
1.73214e+06 0.1825 4
2.14281e+06 0.185 4
2.37861e+06 0.1875 4
2.90833e+06 0.19 4
3.20498e+06 0.1925 4
3.30552e+06 0.195 4
3.34992e+06 0.1975 4
3.36852e+06 0.2 4
3.33099e+06 0.2025 4
3.22791e+06 0.205 4
3.14216e+06 0.2075 4
3.12328e+06 0.21 4
3.05334e+06 0.2125 4
2.74756e+06 0.215 4
2.41286e+06 0.2175 4
1.99853e+06 0.22 4
1.62621e+06 0.2225 4
1.3772e+06 0.225 4
1.25473e+06 0.2275 4
1.21931e+06 0.23 4
1.21791e+06 0.2325 4
1.17723e+06 0.235 4
1.10609e+06 0.2375 4
1.06546e+06 0.24 4
1.10842e+06 0.2425 4
1.28908e+06 0.245 4
1.50575e+06 0.2475 4
1.73273e+06 0.25 4
1.89526e+06 0.2525 4
1.87422e+06 0.255 4
1.73448e+06 0.2575 4
1.40376e+06 0.26 4
1.0029e+06 0.2625 4
645535 0.265 4
438770 0.2675 4
427082 0.27 4
469133 0.2725 4
564788 0.275 4
673144 0.2775 4
738791 0.28 4
687817 0.2825 4
832363 0.285 4
984112 0.2875 4
1.16924e+06 0.29 4
1.18269e+06 0.2925 4
1.05018e+06 0.295 4
826976 0.2975 4
624927 0.3 4
575280 0.3025 4
746783 0.305 4
1.1272e+06 0.3075 4
1.57127e+06 0.31 4
1.94839e+06 0.3125 4
22590 0.0475 5
26277.5 0.05 5
232455 0.0525 5
478678 0.055 5
889308 0.0575 5
1.34191e+06 0.06 5
2.19389e+06 0.0625 5
2.9364e+06 0.065 5
3.43263e+06 0.0675 5
4.27034e+06 0.07 5
5.27396e+06 0.0725 5
6.42515e+06 0.075 5
6.61452e+06 0.0775 5
5.99856e+06 0.08 5
5.73228e+06 0.0825 5
4.75168e+06 0.085 5
3.62464e+06 0.0875 5
2.56366e+06 0.09 5
1.71148e+06 0.0925 5
1.09431e+06 0.095 5
953537 0.0975 5
1.08707e+06 0.1 5
1.53e+06 0.1025 5
2.01426e+06 0.105 5
1.9962e+06 0.1075 5
2.13224e+06 0.11 5
2.14516e+06 0.1125 5
1.67302e+06 0.115 5
1.18677e+06 0.1175 5
786961 0.12 5
689115 0.1225 5
525274 0.125 5
486737 0.1275 5
339391 0.13 5
277857 0.1325 5
331972 0.135 5
472196 0.1375 5
858471 0.14 5
1.49356e+06 0.1425 5
2.20238e+06 0.145 5
3.01875e+06 0.1475 5
3.67526e+06 0.15 5
4.08261e+06 0.1525 5
4.06684e+06 0.155 5
3.68667e+06 0.1575 5
3.14585e+06 0.16 5
2.59826e+06 0.1625 5
2.18888e+06 0.165 5
2.07847e+06 0.1675 5
2.10415e+06 0.17 5
2.12589e+06 0.1725 5
2.1586e+06 0.175 5
2.14353e+06 0.1775 5
1.92933e+06 0.18 5
1.68135e+06 0.1825 5
1.54969e+06 0.185 5
1.70116e+06 0.1875 5
2.18116e+06 0.19 5
2.97475e+06 0.1925 5
3.54752e+06 0.195 5
3.80379e+06 0.1975 5
3.62032e+06 0.2 5
2.85803e+06 0.2025 5
2.06111e+06 0.205 5
1.39125e+06 0.2075 5
1.0908e+06 0.21 5
1.00721e+06 0.2125 5
1.48077e+06 0.215 5
1.96534e+06 0.2175 5
2.11635e+06 0.22 5
2.10724e+06 0.2225 5
1.94319e+06 0.225 5
1.46741e+06 0.2275 5
927625 0.23 5
652881 0.2325 5
676579 0.235 5
981418 0.2375 5
1.40394e+06 0.24 5
1.83506e+06 0.2425 5
2.22392e+06 0.245 5
2.50274e+06 0.2475 5
2.64673e+06 0.25 5
2.72708e+06 0.2525 5
2.75128e+06 0.255 5
2.81273e+06 0.2575 5
2.73855e+06 0.26 5
2.67664e+06 0.2625 5
2.6051e+06 0.265 5
2.52919e+06 0.2675 5
2.36883e+06 0.27 5
2.18295e+06 0.2725 5
2.08648e+06 0.275 5
1.94528e+06 0.2775 5
1.75729e+06 0.28 5
1.60083e+06 0.2825 5
1.40653e+06 0.285 5
1.22691e+06 0.2875 5
1.11794e+06 0.29 5
1.06527e+06 0.2925 5
1.08049e+06 0.295 5
1.09192e+06 0.2975 5
1.10652e+06 0.3 5
1.07723e+06 0.3025 5
968546 0.305 5
848696 0.3075 5
810998 0.31 5
3.37325e+06 0.0125 6
5.65604e+06 0.015 6
8.14691e+06 0.0175 6
1.03894e+07 0.02 6
1.19636e+07 0.0225 6
1.26142e+07 0.025 6
1.23104e+07 0.0275 6
1.12235e+07 0.03 6
9.64557e+06 0.0325 6
7.89016e+06 0.035 6
6.21305e+06 0.0375 6
4.77405e+06 0.04 6
3.63801e+06 0.0425 6
2.8001e+06 0.045 6
2.21766e+06 0.0475 6
1.83597e+06 0.05 6
1.60275e+06 0.0525 6
1.47201e+06 0.055 6
1.40089e+06 0.0575 6
1.34514e+06 0.06 6
1.25935e+06 0.0625 6
1.10618e+06 0.065 6
873808 0.0675 6
592962 0.07 6
340541 0.0725 6
219266 0.075 6
314680 0.0775 6
646294 0.08 6
1.13934e+06 0.0825 6
1.63896e+06 0.085 6
1.96888e+06 0.0875 6
2.01122e+06 0.09 6
1.76749e+06 0.0925 6
1.36529e+06 0.095 6
1.00133e+06 0.0975 6
845446 0.1 6
954604 0.1025 6
1.24366e+06 0.105 6
1.53132e+06 0.1075 6
1.63889e+06 0.11 6
1.50511e+06 0.1125 6
1.18363e+06 0.115 6
828695 0.1175 6
680528 0.12 6
881151 0.1225 6
1.31733e+06 0.125 6
1.93068e+06 0.1275 6
2.1889e+06 0.13 6
2.00208e+06 0.1325 6
1.68721e+06 0.135 6
1.30134e+06 0.1375 6
1.13637e+06 0.14 6
1.21625e+06 0.1425 6
1.52214e+06 0.145 6
2.04281e+06 0.1475 6
2.36871e+06 0.15 6
2.19057e+06 0.1525 6
1.77744e+06 0.155 6
1.10264e+06 0.1575 6
651088 0.16 6
540906 0.1625 6
907228 0.165 6
1.79041e+06 0.1675 6
2.71742e+06 0.17 6
3.40164e+06 0.1725 6
3.43814e+06 0.175 6
3.04974e+06 0.1775 6
2.40383e+06 0.18 6
1.94398e+06 0.1825 6
1.78488e+06 0.185 6
2.15103e+06 0.1875 6
2.93592e+06 0.19 6
3.53414e+06 0.1925 6
3.88186e+06 0.195 6
3.55822e+06 0.1975 6
2.76002e+06 0.2 6
1.90647e+06 0.2025 6
1.0582e+06 0.205 6
483575 0.2075 6
310871 0.21 6
607272 0.2125 6
1.08846e+06 0.215 6
1.50776e+06 0.2175 6
1.63607e+06 0.22 6
1.83493e+06 0.2225 6
1.91678e+06 0.225 6
1.84221e+06 0.2275 6
1.57796e+06 0.23 6
1.22757e+06 0.2325 6
816216 0.235 6
514780 0.2375 6
366956 0.24 6
375708 0.2425 6
557766 0.245 6
888632 0.2475 6
1.17795e+06 0.25 6
1.48446e+06 0.2525 6
1.4082e+06 0.255 6
1.24366e+06 0.2575 6
943025 0.26 6
524956 0.2625 6
218505 0.265 6
125213 0.2675 6
202492 0.27 6
490513 0.2725 6
795436 0.275 6
1.04978e+06 0.2775 6
1.26693e+06 0.28 6
1.31683e+06 0.2825 6
1.23525e+06 0.285 6
1.12811e+06 0.2875 6
1.12343e+06 0.29 6
1.18789e+06 0.2925 6
1.32405e+06 0.295 6
1.48739e+06 0.2975 6
1.54242e+06 0.3 6
1.54893e+06 0.3025 6
1.47363e+06 0.305 6
1.26436e+06 0.3075 6
0 0.0125 7
0 0.015 7
0 0.0175 7
0 0.02 7
8526.84 0.0225 7
61586.3 0.025 7
238012 0.0275 7
648059 0.03 7
1.05252e+06 0.0325 7
2.12013e+06 0.035 7
2.49621e+06 0.0375 7
3.15993e+06 0.04 7
3.8403e+06 0.0425 7
4.21945e+06 0.045 7
3.7826e+06 0.0475 7
3.16681e+06 0.05 7
1.96489e+06 0.0525 7
971515 0.055 7
302006 0.0575 7
17739.7 0.06 7
127713 0.0625 7
456252 0.065 7
787662 0.0675 7
906656 0.07 7
758296 0.0725 7
473670 0.075 7
260861 0.0775 7
275027 0.08 7
539941 0.0825 7
939234 0.085 7
1.28584e+06 0.0875 7
1.42485e+06 0.09 7
1.30973e+06 0.0925 7
1.01858e+06 0.095 7
668015 0.0975 7
439338 0.1 7
289395 0.1025 7
292900 0.105 7
628229 0.1075 7
808739 0.11 7
1.04329e+06 0.1125 7
1.18403e+06 0.115 7
1.29465e+06 0.1175 7
1.64523e+06 0.12 7
2.00233e+06 0.1225 7
2.36497e+06 0.125 7
2.63352e+06 0.1275 7
2.79337e+06 0.13 7
2.82415e+06 0.1325 7
2.78141e+06 0.135 7
2.85451e+06 0.1375 7
2.40386e+06 0.14 7
1.75616e+06 0.1425 7
1.0155e+06 0.145 7
491569 0.1475 7
295697 0.15 7
511696 0.1525 7
985509 0.155 7
1.53688e+06 0.1575 7
1.79865e+06 0.16 7
1.78772e+06 0.1625 7
1.45248e+06 0.165 7
1.082e+06 0.1675 7
802287 0.17 7
599567 0.1725 7
523797 0.175 7
400270 0.1775 7
231495 0.18 7
167073 0.1825 7
225151 0.185 7
341079 0.1875 7
546417 0.19 7
739256 0.1925 7
856150 0.195 7
1.04356e+06 0.1975 7
1.14711e+06 0.2 7
1.33906e+06 0.2025 7
1.88289e+06 0.205 7
2.5092e+06 0.2075 7
3.09781e+06 0.21 7
3.37419e+06 0.2125 7
3.37013e+06 0.215 7
3.07552e+06 0.2175 7
2.62505e+06 0.22 7
2.4235e+06 0.2225 7
2.65359e+06 0.225 7
2.91424e+06 0.2275 7
3.13667e+06 0.23 7
3.1546e+06 0.2325 7
2.89824e+06 0.235 7
2.30615e+06 0.2375 7
1.75771e+06 0.24 7
1.47185e+06 0.2425 7
1.39552e+06 0.245 7
1.58982e+06 0.2475 7
1.91786e+06 0.25 7
2.2168e+06 0.2525 7
2.37326e+06 0.255 7
2.21616e+06 0.2575 7
1.90011e+06 0.26 7
1.63339e+06 0.2625 7
1.33537e+06 0.265 7
1.08285e+06 0.2675 7
968559 0.27 7
986481 0.2725 7
1.0451e+06 0.275 7
1.04095e+06 0.2775 7
1.01492e+06 0.28 7
943627 0.2825 7
805299 0.285 7
652582 0.2875 7
568660 0.29 7
590935 0.2925 7
704544 0.295 7
834995 0.2975 7
927747 0.3 7
942059 0.3025 7
908113 0.305 7
0 0.01 8
0 0.0125 8
0 0.015 8
0 0.0175 8
0 0.02 8
0 0.0225 8
0 0.025 8
0 0.0275 8
0 0.03 8
0 0.0325 8
0 0.035 8
0 0.0375 8
0 0.04 8
0 0.0425 8
0 0.045 8
0 0.0475 8
6895.08 0.05 8
15385.9 0.0525 8
39099.3 0.055 8
261705 0.0575 8
646228 0.06 8
586177 0.0625 8
1.06953e+06 0.065 8
1.64204e+06 0.0675 8
2.15167e+06 0.07 8
2.74321e+06 0.0725 8
3.26984e+06 0.075 8
3.52485e+06 0.0775 8
3.66519e+06 0.08 8
3.49792e+06 0.0825 8
3.34508e+06 0.085 8
3.13728e+06 0.0875 8
2.88176e+06 0.09 8
2.49926e+06 0.0925 8
2.13309e+06 0.095 8
1.64535e+06 0.0975 8
1.43674e+06 0.1 8
1.32286e+06 0.1025 8
945709 0.105 8
677391 0.1075 8
533844 0.11 8
571483 0.1125 8
784502 0.115 8
1.25019e+06 0.1175 8
1.97452e+06 0.12 8
2.62921e+06 0.1225 8
3.27358e+06 0.125 8
3.69802e+06 0.1275 8
3.96335e+06 0.13 8
3.68211e+06 0.1325 8
3.08469e+06 0.135 8
2.4875e+06 0.1375 8
1.85335e+06 0.14 8
1.32217e+06 0.1425 8
1.07539e+06 0.145 8
1.28166e+06 0.1475 8
1.88789e+06 0.15 8
2.62098e+06 0.1525 8
3.4707e+06 0.155 8
4.13196e+06 0.1575 8
4.3778e+06 0.16 8
4.17527e+06 0.1625 8
3.58879e+06 0.165 8
2.80222e+06 0.1675 8
2.02918e+06 0.17 8
1.4154e+06 0.1725 8
1.07234e+06 0.175 8
1.04044e+06 0.1775 8
1.37764e+06 0.18 8
1.99836e+06 0.1825 8
2.73485e+06 0.185 8
3.5723e+06 0.1875 8
4.09516e+06 0.19 8
4.33967e+06 0.1925 8
4.10569e+06 0.195 8
3.44656e+06 0.1975 8
2.66301e+06 0.2 8
1.87071e+06 0.2025 8
1.3827e+06 0.205 8
1.40765e+06 0.2075 8
1.97864e+06 0.21 8
2.92774e+06 0.2125 8
3.87474e+06 0.215 8
4.47763e+06 0.2175 8
4.4862e+06 0.22 8
4.05982e+06 0.2225 8
3.2782e+06 0.225 8
2.41864e+06 0.2275 8
1.89638e+06 0.23 8
1.84122e+06 0.2325 8
2.13014e+06 0.235 8
2.45465e+06 0.2375 8
2.7927e+06 0.24 8
2.8995e+06 0.2425 8
2.70144e+06 0.245 8
2.44727e+06 0.2475 8
2.12272e+06 0.25 8
2.01364e+06 0.2525 8
1.89198e+06 0.255 8
2.00784e+06 0.2575 8
2.12927e+06 0.26 8
2.15359e+06 0.2625 8
2.18425e+06 0.265 8
2.04398e+06 0.2675 8
1.99249e+06 0.27 8
1.87721e+06 0.2725 8
1.80856e+06 0.275 8
1.79172e+06 0.2775 8
1.83872e+06 0.28 8
1.84292e+06 0.2825 8
1.74669e+06 0.285 8
1.58761e+06 0.2875 8
1.36237e+06 0.29 8
1.13361e+06 0.2925 8
1.00118e+06 0.295 8
989054 0.2975 8
54933.2 0.01 9
141460 0.0125 9
331934 0.015 9
620373 0.0175 9
1.05242e+06 0.02 9
1.56158e+06 0.0225 9
2.05148e+06 0.025 9
2.40608e+06 0.0275 9
2.52414e+06 0.03 9
2.35646e+06 0.0325 9
1.92875e+06 0.035 9
1.34005e+06 0.0375 9
735277 0.04 9
261201 0.0425 9
21463.9 0.045 9
47564.1 0.0475 9
296346 0.05 9
673736 0.0525 9
1.0733e+06 0.055 9
1.4121e+06 0.0575 9
1.64879e+06 0.06 9
1.77876e+06 0.0625 9
1.81396e+06 0.065 9
1.7627e+06 0.0675 9
1.62358e+06 0.07 9
1.39715e+06 0.0725 9
1.10585e+06 0.075 9
805512 0.0775 9
575333 0.08 9
486549 0.0825 9
565195 0.085 9
771076 0.0875 9
1.00852e+06 0.09 9
1.16712e+06 0.0925 9
1.17273e+06 0.095 9
1.02127e+06 0.0975 9
776332 0.1 9
531749 0.1025 9
360412 0.105 9
285739 0.1075 9
259268 0.11 9
255864 0.1125 9
277498 0.115 9
265211 0.1175 9
334557 0.12 9
700959 0.1225 9
1.27532e+06 0.125 9
2.1639e+06 0.1275 9
2.82855e+06 0.13 9
3.55452e+06 0.1325 9
4.09276e+06 0.135 9
4.30321e+06 0.1375 9
4.25205e+06 0.14 9
4.16188e+06 0.1425 9
3.74303e+06 0.145 9
3.24732e+06 0.1475 9
2.72495e+06 0.15 9
2.13298e+06 0.1525 9
1.66906e+06 0.155 9
1.55455e+06 0.1575 9
1.91978e+06 0.16 9
2.68883e+06 0.1625 9
3.81969e+06 0.165 9
4.75021e+06 0.1675 9
5.39979e+06 0.17 9
5.46298e+06 0.1725 9
5.04686e+06 0.175 9
4.50288e+06 0.1775 9
4.14033e+06 0.18 9
4.18718e+06 0.1825 9
4.4409e+06 0.185 9
4.973e+06 0.1875 9
5.18894e+06 0.19 9
4.76696e+06 0.1925 9
4.31496e+06 0.195 9
3.16073e+06 0.1975 9
1.96526e+06 0.2 9
1.26652e+06 0.2025 9
889105 0.205 9
919987 0.2075 9
1.18986e+06 0.21 9
1.49643e+06 0.2125 9
1.69294e+06 0.215 9
1.72699e+06 0.2175 9
1.6146e+06 0.22 9
1.45712e+06 0.2225 9
1.25897e+06 0.225 9
1.1645e+06 0.2275 9
1.02338e+06 0.23 9
948931 0.2325 9
873610 0.235 9
736300 0.2375 9
683988 0.24 9
603199 0.2425 9
653701 0.245 9
906481 0.2475 9
1.25629e+06 0.25 9
1.66072e+06 0.2525 9
1.95763e+06 0.255 9
2.07027e+06 0.2575 9
1.96091e+06 0.26 9
1.61707e+06 0.2625 9
1.23689e+06 0.265 9
909827 0.2675 9
690402 0.27 9
622943 0.2725 9
667660 0.275 9
750080 0.2775 9
782502 0.28 9
755443 0.2825 9
655356 0.285 9
558535 0.2875 9
489421 0.29 9
496200 0.2925 9
0 0.01 10
0 0.0125 10
0 0.015 10
18370.5 0.0175 10
7537.66 0.02 10
90448.6 0.0225 10
161517 0.025 10
476347 0.0275 10
606775 0.03 10
968449 0.0325 10
1.10179e+06 0.035 10
1.27682e+06 0.0375 10
1.3214e+06 0.04 10
1.30503e+06 0.0425 10
1.18963e+06 0.045 10
989219 0.0475 10
694634 0.05 10
392224 0.0525 10
155706 0.055 10
31641.5 0.0575 10
12252.3 0.06 10
69549.3 0.0625 10
161256 0.065 10
243869 0.0675 10
283989 0.07 10
266078 0.0725 10
195909 0.075 10
99713 0.0775 10
19638.2 0.08 10
6590.85 0.0825 10
111511 0.085 10
375444 0.0875 10
818132 0.09 10
1.42554e+06 0.0925 10
2.13939e+06 0.095 10
2.86367e+06 0.0975 10
3.46155e+06 0.1 10
3.78031e+06 0.1025 10
3.73187e+06 0.105 10
3.401e+06 0.1075 10
2.72664e+06 0.11 10
2.08429e+06 0.1125 10
1.66559e+06 0.115 10
1.56784e+06 0.1175 10
1.79448e+06 0.12 10
2.01375e+06 0.1225 10
2.19297e+06 0.125 10
2.5904e+06 0.1275 10
2.9297e+06 0.13 10
2.87352e+06 0.1325 10
3.2359e+06 0.135 10
3.27701e+06 0.1375 10
3.31029e+06 0.14 10
2.99304e+06 0.1425 10
2.44536e+06 0.145 10
2.07192e+06 0.1475 10
1.8141e+06 0.15 10
1.84738e+06 0.1525 10
2.34842e+06 0.155 10
3.07869e+06 0.1575 10
3.70594e+06 0.16 10
4.07045e+06 0.1625 10
3.95287e+06 0.165 10
3.51931e+06 0.1675 10
3.00647e+06 0.17 10
2.92484e+06 0.1725 10
3.48544e+06 0.175 10
4.47693e+06 0.1775 10
5.55489e+06 0.18 10
6.20488e+06 0.1825 10
6.15885e+06 0.185 10
5.20497e+06 0.1875 10
3.72632e+06 0.19 10
2.58558e+06 0.1925 10
1.90031e+06 0.195 10
2.07341e+06 0.1975 10
2.61055e+06 0.2 10
3.21609e+06 0.2025 10
3.31764e+06 0.205 10
2.8426e+06 0.2075 10
1.91187e+06 0.21 10
1.07305e+06 0.2125 10
542239 0.215 10
491124 0.2175 10
911764 0.22 10
1.32353e+06 0.2225 10
1.56039e+06 0.225 10
1.54149e+06 0.2275 10
1.32559e+06 0.23 10
1.12746e+06 0.2325 10
1.10177e+06 0.235 10
1.12691e+06 0.2375 10
1.36741e+06 0.24 10
1.677e+06 0.2425 10
1.8147e+06 0.245 10
1.78747e+06 0.2475 10
1.64986e+06 0.25 10
1.40755e+06 0.2525 10
1.12507e+06 0.255 10
902390 0.2575 10
734520 0.26 10
672530 0.2625 10
667693 0.265 10
633421 0.2675 10
711668 0.27 10
709502 0.2725 10
696534 0.275 10
690441 0.2775 10
668103 0.28 10
652604 0.2825 10
655172 0.285 10
656131 0.2875 10
0 0.01 11
0 0.0125 11
0 0.015 11
0 0.0175 11
0 0.02 11
0 0.0225 11
0 0.025 11
0 0.0275 11
0 0.03 11
0 0.0325 11
0 0.035 11
0 0.0375 11
0 0.04 11
0 0.0425 11
0 0.045 11
0 0.0475 11
0 0.05 11
0 0.0525 11
16301.5 0.055 11
126930 0.0575 11
343829 0.06 11
358164 0.0625 11
613905 0.065 11
1.00677e+06 0.0675 11
1.38208e+06 0.07 11
1.46257e+06 0.0725 11
1.82783e+06 0.075 11
1.73717e+06 0.0775 11
1.6013e+06 0.08 11
1.257e+06 0.0825 11
911230 0.085 11
851771 0.0875 11
968168 0.09 11
1.2533e+06 0.0925 11
1.93919e+06 0.095 11
2.66283e+06 0.0975 11
3.37088e+06 0.1 11
3.89725e+06 0.1025 11
4.42144e+06 0.105 11
4.34937e+06 0.1075 11
4.07903e+06 0.11 11
3.4867e+06 0.1125 11
2.91091e+06 0.115 11
2.48998e+06 0.1175 11
1.96853e+06 0.12 11
1.6107e+06 0.1225 11
1.44094e+06 0.125 11
1.45801e+06 0.1275 11
1.44311e+06 0.13 11
1.62592e+06 0.1325 11
1.95505e+06 0.135 11
2.6401e+06 0.1375 11
3.21066e+06 0.14 11
3.88342e+06 0.1425 11
4.49423e+06 0.145 11
4.77585e+06 0.1475 11
5.02783e+06 0.15 11
4.98369e+06 0.1525 11
4.64776e+06 0.155 11
4.14757e+06 0.1575 11
3.52558e+06 0.16 11
2.86895e+06 0.1625 11
2.32744e+06 0.165 11
1.91059e+06 0.1675 11
1.81935e+06 0.17 11
1.89086e+06 0.1725 11
2.10619e+06 0.175 11
2.20014e+06 0.1775 11
2.21275e+06 0.18 11
2.00301e+06 0.1825 11
1.52742e+06 0.185 11
957042 0.1875 11
530799 0.19 11
360488 0.1925 11
464002 0.195 11
750979 0.1975 11
1.03542e+06 0.2 11
1.22598e+06 0.2025 11
1.23289e+06 0.205 11
1.08889e+06 0.2075 11
912688 0.21 11
827915 0.2125 11
860871 0.215 11
1.00034e+06 0.2175 11
1.13373e+06 0.22 11
1.30728e+06 0.2225 11
1.36825e+06 0.225 11
1.39943e+06 0.2275 11
1.37691e+06 0.23 11
1.41565e+06 0.2325 11
1.38007e+06 0.235 11
1.28849e+06 0.2375 11
1.34293e+06 0.24 11
1.28731e+06 0.2425 11
1.18997e+06 0.245 11
1.21871e+06 0.2475 11
1.26086e+06 0.25 11
1.45428e+06 0.2525 11
1.49202e+06 0.255 11
1.54901e+06 0.2575 11
1.41039e+06 0.26 11
1.21472e+06 0.2625 11
895936 0.265 11
550076 0.2675 11
378391 0.27 11
357813 0.2725 11
394450 0.275 11
450168 0.2775 11
520772 0.28 11
544937 0.2825 11
0 0.01 12
33208.2 0.0125 12
66619.2 0.015 12
210816 0.0175 12
364353 0.02 12
638336 0.0225 12
1.04607e+06 0.025 12
1.47966e+06 0.0275 12
1.63183e+06 0.03 12
1.67074e+06 0.0325 12
1.4612e+06 0.035 12
1.26944e+06 0.0375 12
1.05304e+06 0.04 12
943771 0.0425 12
971016 0.045 12
1.08354e+06 0.0475 12
1.18021e+06 0.05 12
1.16722e+06 0.0525 12
1.00802e+06 0.055 12
738125 0.0575 12
439701 0.06 12
195380 0.0625 12
50287.1 0.065 12
1445.89 0.0675 12
13321.8 0.07 12
42952.3 0.0725 12
58156.5 0.075 12
44965.5 0.0775 12
12747 0.08 12
5333.69 0.0825 12
113049 0.085 12
466160 0.0875 12
1.19104e+06 0.09 12
2.33219e+06 0.0925 12
3.77498e+06 0.095 12
5.22209e+06 0.0975 12
6.26245e+06 0.1 12
6.52587e+06 0.1025 12
5.86391e+06 0.105 12
4.46142e+06 0.1075 12
2.7333e+06 0.11 12
1.34789e+06 0.1125 12
758015 0.115 12
1.18655e+06 0.1175 12
2.37555e+06 0.12 12
3.93647e+06 0.1225 12
5.37496e+06 0.125 12
6.17427e+06 0.1275 12
6.32035e+06 0.13 12
5.80728e+06 0.1325 12
5.13057e+06 0.135 12
4.55225e+06 0.1375 12
4.10063e+06 0.14 12
3.83931e+06 0.1425 12
3.50486e+06 0.145 12
3.17642e+06 0.1475 12
2.7411e+06 0.15 12
2.242e+06 0.1525 12
1.84287e+06 0.155 12
1.49097e+06 0.1575 12
1.30101e+06 0.16 12
1.08871e+06 0.1625 12
971267 0.165 12
1.05377e+06 0.1675 12
1.27192e+06 0.17 12
1.43606e+06 0.1725 12
1.73837e+06 0.175 12
1.71438e+06 0.1775 12
1.81022e+06 0.18 12
1.65423e+06 0.1825 12
1.58735e+06 0.185 12
1.47104e+06 0.1875 12
1.53483e+06 0.19 12
1.67735e+06 0.1925 12
1.83077e+06 0.195 12
1.93266e+06 0.1975 12
1.91031e+06 0.2 12
1.9426e+06 0.2025 12
1.97028e+06 0.205 12
1.90931e+06 0.2075 12
1.82195e+06 0.21 12
1.71546e+06 0.2125 12
1.55439e+06 0.215 12
1.33736e+06 0.2175 12
1.08887e+06 0.22 12
825088 0.2225 12
621585 0.225 12
516387 0.2275 12
460288 0.23 12
527638 0.2325 12
631960 0.235 12
651340 0.2375 12
741496 0.24 12
804233 0.2425 12
805809 0.245 12
821630 0.2475 12
838176 0.25 12
858296 0.2525 12
980247 0.255 12
1.115e+06 0.2575 12
1.28659e+06 0.26 12
1.47613e+06 0.2625 12
1.50282e+06 0.265 12
1.58887e+06 0.2675 12
1.52875e+06 0.27 12
1.37037e+06 0.2725 12
1.26276e+06 0.275 12
0 0.01 13
11387.8 0.0125 13
57996.1 0.015 13
171766 0.0175 13
297990 0.02 13
557576 0.0225 13
1.03438e+06 0.025 13
1.33084e+06 0.0275 13
1.74977e+06 0.03 13
1.94256e+06 0.0325 13
2.01765e+06 0.035 13
2.04992e+06 0.0375 13
2.03618e+06 0.04 13
2.0806e+06 0.0425 13
2.21474e+06 0.045 13
2.39446e+06 0.0475 13
2.51305e+06 0.05 13
2.45223e+06 0.0525 13
2.14611e+06 0.055 13
1.62347e+06 0.0575 13
1.00448e+06 0.06 13
451689 0.0625 13
100053 0.065 13
1334.48 0.0675 13
109696 0.07 13
312551 0.0725 13
487548 0.075 13
555498 0.0775 13
504979 0.08 13
382116 0.0825 13
257471 0.085 13
190927 0.0875 13
211860 0.09 13
319916 0.0925 13
499602 0.095 13
736230 0.0975 13
1.02304e+06 0.1 13
1.36624e+06 0.1025 13
1.75023e+06 0.105 13
2.17169e+06 0.1075 13
2.65343e+06 0.11 13
2.97355e+06 0.1125 13
3.30334e+06 0.115 13
3.13491e+06 0.1175 13
2.73804e+06 0.12 13
2.19885e+06 0.1225 13
1.64271e+06 0.125 13
1.48009e+06 0.1275 13
1.09428e+06 0.13 13
1.11116e+06 0.1325 13
1.33001e+06 0.135 13
1.60933e+06 0.1375 13
2.00275e+06 0.14 13
2.3128e+06 0.1425 13
2.49349e+06 0.145 13
2.51645e+06 0.1475 13
2.63506e+06 0.15 13
2.7223e+06 0.1525 13
2.95714e+06 0.155 13
3.01801e+06 0.1575 13
2.73555e+06 0.16 13
2.43982e+06 0.1625 13
1.81891e+06 0.165 13
1.29311e+06 0.1675 13
954724 0.17 13
809859 0.1725 13
1.00387e+06 0.175 13
1.23929e+06 0.1775 13
1.74048e+06 0.18 13
2.08148e+06 0.1825 13
2.64059e+06 0.185 13
2.64881e+06 0.1875 13
2.76254e+06 0.19 13
2.46889e+06 0.1925 13
2.13933e+06 0.195 13
1.81263e+06 0.1975 13
1.32077e+06 0.2 13
984366 0.2025 13
639373 0.205 13
367603 0.2075 13
187037 0.21 13
90119.8 0.2125 13
49169.7 0.215 13
47696.1 0.2175 13
110079 0.22 13
247292 0.2225 13
358401 0.225 13
465809 0.2275 13
500853 0.23 13
454390 0.2325 13
355809 0.235 13
286167 0.2375 13
313734 0.24 13
437367 0.2425 13
626097 0.245 13
890775 0.2475 13
1.00517e+06 0.25 13
963549 0.2525 13
856961 0.255 13
621761 0.2575 13
381287 0.26 13
193591 0.2625 13
130159 0.265 13
147229 0.2675 13
0 0.02 14
0 0.0225 14
0 0.025 14
0 0.0275 14
0 0.03 14
0 0.0325 14
0 0.035 14
0 0.0375 14
0 0.04 14
0 0.0425 14
0 0.045 14
0 0.0475 14
0 0.05 14
0 0.0525 14
20294.5 0.055 14
77711.3 0.0575 14
157127 0.06 14
233672 0.0625 14
265070 0.065 14
387967 0.0675 14
575790 0.07 14
681024 0.0725 14
1.03724e+06 0.075 14
1.14123e+06 0.0775 14
1.26497e+06 0.08 14
1.26846e+06 0.0825 14
1.36687e+06 0.085 14
1.34913e+06 0.0875 14
1.3206e+06 0.09 14
1.36148e+06 0.0925 14
1.35979e+06 0.095 14
1.29028e+06 0.0975 14
1.08867e+06 0.1 14
1.02845e+06 0.1025 14
863521 0.105 14
859016 0.1075 14
1.08971e+06 0.11 14
1.08344e+06 0.1125 14
1.18361e+06 0.115 14
1.44776e+06 0.1175 14
1.52823e+06 0.12 14
1.72861e+06 0.1225 14
1.80918e+06 0.125 14
2.02468e+06 0.1275 14
2.34564e+06 0.13 14
2.74492e+06 0.1325 14
3.17086e+06 0.135 14
3.38599e+06 0.1375 14
3.63618e+06 0.14 14
3.80675e+06 0.1425 14
4.03708e+06 0.145 14
4.28792e+06 0.1475 14
4.56681e+06 0.15 14
4.633e+06 0.1525 14
4.66425e+06 0.155 14
4.52656e+06 0.1575 14
4.06901e+06 0.16 14
3.36148e+06 0.1625 14
2.44202e+06 0.165 14
1.53391e+06 0.1675 14
831393 0.17 14
355230 0.1725 14
203386 0.175 14
317008 0.1775 14
435310 0.18 14
486809 0.1825 14
450049 0.185 14
380454 0.1875 14
370411 0.19 14
526610 0.1925 14
848321 0.195 14
1.23314e+06 0.1975 14
1.59192e+06 0.2 14
1.70805e+06 0.2025 14
1.58525e+06 0.205 14
1.2793e+06 0.2075 14
970945 0.21 14
759210 0.2125 14
770490 0.215 14
1.09093e+06 0.2175 14
1.5042e+06 0.22 14
1.90584e+06 0.2225 14
2.16737e+06 0.225 14
2.32745e+06 0.2275 14
2.13579e+06 0.23 14
1.89885e+06 0.2325 14
1.60995e+06 0.235 14
1.36309e+06 0.2375 14
1.22728e+06 0.24 14
1.11455e+06 0.2425 14
1.01337e+06 0.245 14
859402 0.2475 14
675472 0.25 14
529608 0.2525 14
389280 0.255 14
308513 0.2575 14
0 0.0125 15
0 0.015 15
24897.3 0.0175 15
59298.5 0.02 15
208564 0.0225 15
753195 0.025 15
1.53788e+06 0.0275 15
2.90749e+06 0.03 15
4.85075e+06 0.0325 15
7.22585e+06 0.035 15
9.71179e+06 0.0375 15
1.19636e+07 0.04 15
1.34311e+07 0.0425 15
1.39059e+07 0.045 15
1.3737e+07 0.0475 15
1.27027e+07 0.05 15
1.10855e+07 0.0525 15
8.79403e+06 0.055 15
6.55931e+06 0.0575 15
4.61378e+06 0.06 15
3.12388e+06 0.0625 15
2.12701e+06 0.065 15
1.55578e+06 0.0675 15
1.28099e+06 0.07 15
1.1581e+06 0.0725 15
1.06587e+06 0.075 15
930642 0.0775 15
733333 0.08 15
499722 0.0825 15
278292 0.085 15
114019 0.0875 15
28406.2 0.09 15
13602 0.0925 15
41719.5 0.095 15
88620.8 0.0975 15
145407 0.1 15
215533 0.1025 15
300955 0.105 15
377819 0.1075 15
413599 0.11 15
618735 0.1125 15
773287 0.115 15
781682 0.1175 15
881905 0.12 15
982086 0.1225 15
1.04143e+06 0.125 15
973119 0.1275 15
950227 0.13 15
752474 0.1325 15
608380 0.135 15
410272 0.1375 15
373931 0.14 15
348229 0.1425 15
406756 0.145 15
466981 0.1475 15
542933 0.15 15
525657 0.1525 15
478936 0.155 15
439667 0.1575 15
503400 0.16 15
665619 0.1625 15
827694 0.165 15
1.0267e+06 0.1675 15
1.08977e+06 0.17 15
1.19888e+06 0.1725 15
1.2646e+06 0.175 15
1.39709e+06 0.1775 15
1.55868e+06 0.18 15
1.91665e+06 0.1825 15
2.06339e+06 0.185 15
2.14718e+06 0.1875 15
1.89499e+06 0.19 15
1.50561e+06 0.1925 15
1.02889e+06 0.195 15
603927 0.1975 15
310052 0.2 15
304596 0.2025 15
531967 0.205 15
748735 0.2075 15
947094 0.21 15
1.09752e+06 0.2125 15
1.03915e+06 0.215 15
995121 0.2175 15
858186 0.22 15
706502 0.2225 15
508372 0.225 15
407721 0.2275 15
233712 0.23 15
128989 0.2325 15
58086.9 0.235 15
37908.3 0.2375 15
91171.5 0.24 15
239757 0.2425 15
444930 0.245 15
717294 0.2475 15
0 0.0025 16
0 0.005 16
20972.5 0.0075 16
77557.9 0.01 16
201313 0.0125 16
520518 0.015 16
943500 0.0175 16
1.35151e+06 0.02 16
1.60918e+06 0.0225 16
1.60065e+06 0.025 16
1.31399e+06 0.0275 16
865719 0.03 16
446416 0.0325 16
217221 0.035 16
220805 0.0375 16
365604 0.04 16
496438 0.0425 16
507535 0.045 16
424321 0.0475 16
399067 0.05 16
620834 0.0525 16
1.19536e+06 0.055 16
2.06923e+06 0.0575 16
3.04367e+06 0.06 16
3.86724e+06 0.0625 16
4.35094e+06 0.065 16
4.44155e+06 0.0675 16
4.22053e+06 0.07 16
3.84213e+06 0.0725 16
3.4542e+06 0.075 16
3.14372e+06 0.0775 16
2.92399e+06 0.08 16
2.75338e+06 0.0825 16
2.5655e+06 0.085 16
2.29823e+06 0.0875 16
1.9213e+06 0.09 16
1.46346e+06 0.0925 16
1.03033e+06 0.095 16
793175 0.0975 16
934237 0.1 16
1.55901e+06 0.1025 16
2.61534e+06 0.105 16
3.87214e+06 0.1075 16
4.97774e+06 0.11 16
5.61001e+06 0.1125 16
5.59474e+06 0.115 16
5.01211e+06 0.1175 16
4.11742e+06 0.12 16
3.29951e+06 0.1225 16
2.74063e+06 0.125 16
2.56657e+06 0.1275 16
2.62775e+06 0.13 16
2.6394e+06 0.1325 16
2.68285e+06 0.135 16
2.68839e+06 0.1375 16
2.59951e+06 0.14 16
2.57908e+06 0.1425 16
2.65638e+06 0.145 16
2.61782e+06 0.1475 16
2.54506e+06 0.15 16
2.41207e+06 0.1525 16
2.05683e+06 0.155 16
1.51296e+06 0.1575 16
1.05829e+06 0.16 16
826685 0.1625 16
771716 0.165 16
884187 0.1675 16
1.19828e+06 0.17 16
1.43342e+06 0.1725 16
1.55696e+06 0.175 16
1.6194e+06 0.1775 16
1.49637e+06 0.18 16
1.29898e+06 0.1825 16
1.03322e+06 0.185 16
863285 0.1875 16
744399 0.19 16
569263 0.1925 16
528066 0.195 16
446742 0.1975 16
344787 0.2 16
191792 0.2025 16
128209 0.205 16
88310.2 0.2075 16
144473 0.21 16
275796 0.2125 16
513217 0.215 16
763073 0.2175 16
887510 0.22 16
945979 0.2225 16
910597 0.225 16
728074 0.2275 16
480706 0.23 16
319131 0.2325 16
247960 0.235 16
269162 0.2375 16
0 0.0025 17
0 0.005 17
0 0.0075 17
0 0.01 17
0 0.0125 17
0 0.015 17
0 0.0175 17
0 0.02 17
0 0.0225 17
0 0.025 17
0 0.0275 17
0 0.03 17
0 0.0325 17
0 0.035 17
0 0.0375 17
0 0.04 17
0 0.0425 17
0 0.045 17
0 0.0475 17
27826.6 0.05 17
66026.9 0.0525 17
54188.2 0.055 17
120923 0.0575 17
190154 0.06 17
358769 0.0625 17
419646 0.065 17
400496 0.0675 17
465469 0.07 17
448470 0.0725 17
373792 0.075 17
279359 0.0775 17
276970 0.08 17
292334 0.0825 17
363271 0.085 17
589615 0.0875 17
782254 0.09 17
1.08366e+06 0.0925 17
1.3662e+06 0.095 17
1.45417e+06 0.0975 17
1.60856e+06 0.1 17
1.58739e+06 0.1025 17
1.61598e+06 0.105 17
1.62507e+06 0.1075 17
1.55864e+06 0.11 17
1.44639e+06 0.1125 17
1.40912e+06 0.115 17
1.30015e+06 0.1175 17
1.21264e+06 0.12 17
1.18931e+06 0.1225 17
1.15706e+06 0.125 17
1.09059e+06 0.1275 17
961635 0.13 17
872851 0.1325 17
747775 0.135 17
699642 0.1375 17
710766 0.14 17
762311 0.1425 17
867512 0.145 17
961741 0.1475 17
1.02017e+06 0.15 17
925372 0.1525 17
735170 0.155 17
513443 0.1575 17
365461 0.16 17
337672 0.1625 17
464534 0.165 17
641915 0.1675 17
773186 0.17 17
857167 0.1725 17
843637 0.175 17
882653 0.1775 17
881437 0.18 17
955357 0.1825 17
1.05493e+06 0.185 17
1.1256e+06 0.1875 17
1.08993e+06 0.19 17
937202 0.1925 17
702625 0.195 17
470159 0.1975 17
278130 0.2 17
165583 0.2025 17
158089 0.205 17
172234 0.2075 17
197790 0.21 17
182293 0.2125 17
162354 0.215 17
168684 0.2175 17
191663 0.22 17
213568 0.2225 17
305056 0.225 17
0 0.0025 18
0 0.005 18
0 0.0075 18
0 0.01 18
0 0.0125 18
0 0.015 18
0 0.0175 18
0 0.02 18
2845.63 0.0225 18
679.296 0.025 18
7736.03 0.0275 18
2895.12 0.03 18
2189.01 0.0325 18
46420.1 0.035 18
123535 0.0375 18
209684 0.04 18
222297 0.0425 18
304521 0.045 18
432401 0.0475 18
422517 0.05 18
389698 0.0525 18
329801 0.055 18
277797 0.0575 18
162448 0.06 18
85698.4 0.0625 18
81710.7 0.065 18
155973 0.0675 18
335494 0.07 18
514122 0.0725 18
729871 0.075 18
913870 0.0775 18
1.03844e+06 0.08 18
1.09731e+06 0.0825 18
1.1038e+06 0.085 18
1.08257e+06 0.0875 18
1.06012e+06 0.09 18
1.06288e+06 0.0925 18
1.10326e+06 0.095 18
1.16955e+06 0.0975 18
1.27177e+06 0.1 18
1.38547e+06 0.1025 18
1.44044e+06 0.105 18
1.40216e+06 0.1075 18
1.22364e+06 0.11 18
941519 0.1125 18
569728 0.115 18
225470 0.1175 18
79247 0.12 18
163606 0.1225 18
528221 0.125 18
1.07596e+06 0.1275 18
1.65665e+06 0.13 18
2.10156e+06 0.1325 18
2.28911e+06 0.135 18
2.22191e+06 0.1375 18
1.9697e+06 0.14 18
1.62539e+06 0.1425 18
1.3168e+06 0.145 18
1.1175e+06 0.1475 18
1.07445e+06 0.15 18
1.10453e+06 0.1525 18
1.11127e+06 0.155 18
1.09529e+06 0.1575 18
993396 0.16 18
921822 0.1625 18
867045 0.165 18
862957 0.1675 18
961324 0.17 18
1.08541e+06 0.1725 18
1.22674e+06 0.175 18
1.41946e+06 0.1775 18
1.42297e+06 0.18 18
1.31801e+06 0.1825 18
1.25158e+06 0.185 18
1.04821e+06 0.1875 18
850018 0.19 18
543955 0.1925 18
371903 0.195 18
338505 0.1975 18
409284 0.2 18
552934 0.2025 18
674150 0.205 18
793855 0.2075 18
873159 0.21 18
882085 0.2125 18
472.832 0.0025 19
6982.84 0.005 19
30949.5 0.0075 19
81319.4 0.01 19
157058 0.0125 19
246070 0.015 19
331039 0.0175 19
398063 0.02 19
442728 0.0225 19
470859 0.025 19
495000 0.0275 19
529691 0.03 19
587559 0.0325 19
675945 0.035 19
792936 0.0375 19
923480 0.04 19
1.03882e+06 0.0425 19
1.10283e+06 0.045 19
1.0852e+06 0.0475 19
976083 0.05 19
793687 0.0525 19
578855 0.055 19
378256 0.0575 19
225144 0.06 19
128625 0.0625 19
76891 0.065 19
50663.8 0.0675 19
36656 0.07 19
31957.5 0.0725 19
38028.5 0.075 19
51400 0.0775 19
60708.6 0.08 19
54220.4 0.0825 19
32720.6 0.085 19
16908.1 0.0875 19
41085.6 0.09 19
134487 0.0925 19
301095 0.095 19
511131 0.0975 19
710513 0.1 19
843321 0.1025 19
874484 0.105 19
800912 0.1075 19
647651 0.11 19
455571 0.1125 19
267056 0.115 19
119608 0.1175 19
47966.9 0.12 19
68235.5 0.1225 19
187435 0.125 19
382887 0.1275 19
607837 0.13 19
788941 0.1325 19
908440 0.135 19
882887 0.1375 19
839723 0.14 19
714551 0.1425 19
602446 0.145 19
515122 0.1475 19
451817 0.15 19
392622 0.1525 19
326913 0.155 19
282279 0.1575 19
275896 0.16 19
334687 0.1625 19
469423 0.165 19
622581 0.1675 19
713860 0.17 19
698452 0.1725 19
674091 0.175 19
547158 0.1775 19
428502 0.18 19
347380 0.1825 19
273270 0.185 19
248632 0.1875 19
241070 0.19 19
193212 0.1925 19
181491 0.195 19
209663 0.1975 19
0 0.0025 20
0 0.005 20
0 0.0075 20
0 0.01 20
0 0.0125 20
0 0.015 20
0 0.0175 20
0 0.02 20
0 0.0225 20
0 0.025 20
0 0.0275 20
0 0.03 20
0 0.0325 20
0 0.035 20
0 0.0375 20
0 0.04 20
245.938 0.0425 20
6698.01 0.045 20
13130 0.0475 20
27631.5 0.05 20
63271.1 0.0525 20
27938 0.055 20
69454.9 0.0575 20
89467.2 0.06 20
86241.2 0.0625 20
108043 0.065 20
129979 0.0675 20
106313 0.07 20
125978 0.0725 20
78450.8 0.075 20
62034.9 0.0775 20
84328.7 0.08 20
78653.3 0.0825 20
114150 0.085 20
160750 0.0875 20
124746 0.09 20
204392 0.0925 20
272648 0.095 20
313822 0.0975 20
294604 0.1 20
316103 0.1025 20
360005 0.105 20
329591 0.1075 20
334988 0.11 20
207575 0.1125 20
158332 0.115 20
102463 0.1175 20
142603 0.12 20
285265 0.1225 20
567060 0.125 20
861014 0.1275 20
1.16856e+06 0.13 20
1.3166e+06 0.1325 20
1.44915e+06 0.135 20
1.42196e+06 0.1375 20
1.24438e+06 0.14 20
933967 0.1425 20
615147 0.145 20
350300 0.1475 20
175616 0.15 20
94389.8 0.1525 20
99133.5 0.155 20
138335 0.1575 20
176432 0.16 20
198075 0.1625 20
211053 0.165 20
245809 0.1675 20
338467 0.17 20
505037 0.1725 20
713418 0.175 20
928640 0.1775 20
0 0.0025 21
0 0.005 21
0 0.0075 21
0 0.01 21
0 0.0125 21
0 0.015 21
0 0.0175 21
0 0.02 21
0 0.0225 21
0 0.025 21
629.018 0.0275 21
1666.46 0.03 21
26111.7 0.0325 21
61816.2 0.035 21
116668 0.0375 21
195528 0.04 21
318962 0.0425 21
466330 0.045 21
583951 0.0475 21
746164 0.05 21
799461 0.0525 21
866426 0.055 21
948144 0.0575 21
888692 0.06 21
741784 0.0625 21
567874 0.065 21
422585 0.0675 21
378184 0.07 21
293822 0.0725 21
257919 0.075 21
212445 0.0775 21
156256 0.08 21
90772.6 0.0825 21
32541.9 0.085 21
4698.61 0.0875 21
35387.5 0.09 21
129063 0.0925 21
229601 0.095 21
340816 0.0975 21
380063 0.1 21
371318 0.1025 21
297104 0.105 21
206555 0.1075 21
88025.7 0.11 21
51188.5 0.1125 21
65932.5 0.115 21
119477 0.1175 21
237537 0.12 21
303015 0.1225 21
370068 0.125 21
400577 0.1275 21
399503 0.13 21
366847 0.1325 21
356215 0.135 21
363878 0.1375 21
417755 0.14 21
436619 0.1425 21
494599 0.145 21
573448 0.1475 21
659127 0.15 21
690545 0.1525 21
644062 0.155 21
643981 0.1575 21
591836 0.16 21
157054 0.0025 22
589745 0.005 22
1.19507e+06 0.0075 22
1.83869e+06 0.01 22
2.39794e+06 0.0125 22
2.79986e+06 0.015 22
3.04055e+06 0.0175 22
3.17756e+06 0.02 22
3.29715e+06 0.0225 22
3.46821e+06 0.025 22
3.70179e+06 0.0275 22
3.93495e+06 0.03 22
4.04942e+06 0.0325 22
3.92054e+06 0.035 22
3.47727e+06 0.0375 22
2.74609e+06 0.04 22
1.85623e+06 0.0425 22
999363 0.045 22
358837 0.0475 22
39028.8 0.05 22
27743.8 0.0525 22
209730 0.055 22
424879 0.0575 22
542347 0.06 22
513960 0.0625 22
381506 0.065 22
237349 0.0675 22
162777 0.07 22
179841 0.0725 22
243644 0.075 22
278000 0.0775 22
231777 0.08 22
120847 0.0825 22
28586.5 0.085 22
62064.5 0.0875 22
287357 0.09 22
680887 0.0925 22
1.12619e+06 0.095 22
1.46113e+06 0.0975 22
1.55291e+06 0.1 22
1.36247e+06 0.1025 22
965098 0.105 22
516784 0.1075 22
183679 0.11 22
70247.3 0.1125 22
180432 0.115 22
427890 0.1175 22
685731 0.12 22
844769 0.1225 22
856154 0.125 22
749438 0.1275 22
585280 0.13 22
434673 0.1325 22
326458 0.135 22
229758 0.1375 22
0 0.0025 23
0 0.005 23
0 0.0075 23
0 0.01 23
0 0.0125 23
0 0.015 23
0 0.0175 23
0 0.02 23
0 0.0225 23
0 0.025 23
0 0.0275 23
0 0.03 23
0 0.0325 23
0 0.035 23
35.9159 0.0375 23
301.68 0.04 23
6634.27 0.0425 23
2643.17 0.045 23
8355.04 0.0475 23
16445.1 0.05 23
27779.7 0.0525 23
14550.4 0.055 23
10955.1 0.0575 23
9106.6 0.06 23
1272.77 0.0625 23
7630.7 0.065 23
13523.5 0.0675 23
31894.8 0.07 23
53564.6 0.0725 23
76319.3 0.075 23
88238.4 0.0775 23
127880 0.08 23
152387 0.0825 23
162061 0.085 23
149589 0.0875 23
145564 0.09 23
152692 0.0925 23
178638 0.095 23
199063 0.0975 23
211050 0.1 23
