1.11397e+07 0.085 0
7.82877e+06 0.0875 0
4.52346e+06 0.09 0
2.05034e+06 0.0925 0
631850 0.095 0
69723.4 0.0975 0
20668.8 0.1 0
188501 0.1025 0
388493 0.105 0
528501 0.1075 0
568617 0.11 0
497300 0.1125 0
332594 0.115 0
135147 0.1175 0
7540.02 0.12 0
58642.3 0.1225 0
339837 0.125 0
778800 0.1275 0
1.22827e+06 0.13 0
1.43669e+06 0.1325 0
1.34565e+06 0.135 0
1.00108e+06 0.1375 0
500779 0.14 0
228108 0.1425 0
530755 0.145 0
1.03276e+06 0.1475 0
1.36556e+06 0.15 0
1.65611e+06 0.1525 0
1.76511e+06 0.155 0
1.39644e+06 0.1575 0
1.14911e+06 0.16 0
910771 0.1625 0
749336 0.165 0
713263 0.1675 0
584796 0.17 0
851338 0.1725 0
1.13801e+06 0.175 0
1.31683e+06 0.1775 0
1.53188e+06 0.18 0
1.60902e+06 0.1825 0
1.493e+06 0.185 0
1.00311e+06 0.1875 0
718375 0.19 0
764466 0.1925 0
1.25287e+06 0.195 0
1.83907e+06 0.1975 0
2.55771e+06 0.2 0
3.1236e+06 0.2025 0
3.19651e+06 0.205 0
2.90086e+06 0.2075 0
2.27698e+06 0.21 0
1.50758e+06 0.2125 0
865187 0.215 0
500157 0.2175 0
451333 0.22 0
804717 0.2225 0
1.25055e+06 0.225 0
1.71349e+06 0.2275 0
2.07085e+06 0.23 0
2.10015e+06 0.2325 0
2.00917e+06 0.235 0
1.91472e+06 0.2375 0
1.72407e+06 0.24 0
1.45769e+06 0.2425 0
1.11979e+06 0.245 0
840122 0.2475 0
591338 0.25 0
400152 0.2525 0
298462 0.255 0
286300 0.2575 0
352013 0.26 0
323406 0.2625 0
382267 0.265 0
386323 0.2675 0
533707 0.27 0
613376 0.2725 0
719513 0.275 0
879866 0.2775 0
1.03876e+06 0.28 0
1.31096e+06 0.2825 0
1.53897e+06 0.285 0
1.90296e+06 0.2875 0
2.20967e+06 0.29 0
2.47298e+06 0.2925 0
2.6867e+06 0.295 0
2.60551e+06 0.2975 0
2.42482e+06 0.3 0
2.09378e+06 0.3025 0
1.57448e+06 0.305 0
1.0059e+06 0.3075 0
502825 0.31 0
130223 0.3125 0
49457.9 0.315 0
2.79965e+06 0.085 1
3.93175e+06 0.0875 1
6.85346e+06 0.09 1
1.09046e+07 0.0925 1
1.43375e+07 0.095 1
1.75786e+07 0.0975 1
1.91358e+07 0.1 1
2.02594e+07 0.1025 1
1.94244e+07 0.105 1
1.83538e+07 0.1075 1
1.61703e+07 0.11 1
1.42715e+07 0.1125 1
1.1658e+07 0.115 1
8.93834e+06 0.1175 1
6.66608e+06 0.12 1
4.39204e+06 0.1225 1
2.72182e+06 0.125 1
1.68843e+06 0.1275 1
1.33197e+06 0.13 1
1.26311e+06 0.1325 1
1.40509e+06 0.135 1
1.69483e+06 0.1375 1
2.03044e+06 0.14 1
2.27246e+06 0.1425 1
2.438e+06 0.145 1
2.65191e+06 0.1475 1
3.3155e+06 0.15 1
3.81282e+06 0.1525 1
4.05469e+06 0.155 1
4.21484e+06 0.1575 1
3.85453e+06 0.16 1
3.49334e+06 0.1625 1
2.7478e+06 0.165 1
2.10893e+06 0.1675 1
1.56569e+06 0.17 1
1.23892e+06 0.1725 1
1.2213e+06 0.175 1
1.15677e+06 0.1775 1
1.1591e+06 0.18 1
1.06851e+06 0.1825 1
964660 0.185 1
779428 0.1875 1
578292 0.19 1
422781 0.1925 1
344521 0.195 1
395452 0.1975 1
545872 0.2 1
815908 0.2025 1
1.13897e+06 0.205 1
1.44633e+06 0.2075 1
1.56254e+06 0.21 1
1.4368e+06 0.2125 1
1.17081e+06 0.215 1
903911 0.2175 1
615544 0.22 1
410131 0.2225 1
388326 0.225 1
408737 0.2275 1
576451 0.23 1
778270 0.2325 1
977589 0.235 1
1.15382e+06 0.2375 1
1.33997e+06 0.24 1
1.48315e+06 0.2425 1
1.56368e+06 0.245 1
1.46484e+06 0.2475 1
1.27518e+06 0.25 1
1.11874e+06 0.2525 1
1.00256e+06 0.255 1
928940 0.2575 1
910134 0.26 1
957018 0.2625 1
1.06595e+06 0.265 1
1.10125e+06 0.2675 1
1.04827e+06 0.27 1
962406 0.2725 1
826143 0.275 1
667434 0.2775 1
566893 0.28 1
512897 0.2825 1
496856 0.285 1
483754 0.2875 1
438612 0.29 1
380843 0.2925 1
306322 0.295 1
279796 0.2975 1
316666 0.3 1
402685 0.3025 1
497842 0.305 1
541364 0.3075 1
479799 0.31 1
383298 0.3125 1
268100 0.315 1
7.90246e+07 0.085 2
6.27426e+07 0.0875 2
4.6488e+07 0.09 2
3.29835e+07 0.0925 2
2.33844e+07 0.095 2
1.74826e+07 0.0975 2
1.42655e+07 0.1 2
1.24787e+07 0.1025 2
1.10779e+07 0.105 2
9.35601e+06 0.1075 2
7.13904e+06 0.11 2
4.76952e+06 0.1125 2
2.63466e+06 0.115 2
1.1671e+06 0.1175 2
590712 0.12 2
603916 0.1225 2
824142 0.125 2
903772 0.1275 2
701578 0.13 2
401746 0.1325 2
635301 0.135 2
1.33965e+06 0.1375 2
2.44345e+06 0.14 2
3.54627e+06 0.1425 2
4.51547e+06 0.145 2
4.68777e+06 0.1475 2
3.9975e+06 0.15 2
3.04511e+06 0.1525 2
1.90545e+06 0.155 2
958691 0.1575 2
434425 0.16 2
348714 0.1625 2
673692 0.165 2
1.05898e+06 0.1675 2
1.58878e+06 0.17 2
2.01111e+06 0.1725 2
2.183e+06 0.175 2
1.93491e+06 0.1775 2
1.63239e+06 0.18 2
1.1829e+06 0.1825 2
836902 0.185 2
688469 0.1875 2
677808 0.19 2
783269 0.1925 2
845938 0.195 2
854783 0.1975 2
822977 0.2 2
757582 0.2025 2
646631 0.205 2
517196 0.2075 2
495770 0.21 2
496189 0.2125 2
549483 0.215 2
597839 0.2175 2
749205 0.22 2
934150 0.2225 2
1.17361e+06 0.225 2
1.40508e+06 0.2275 2
1.4679e+06 0.23 2
1.37584e+06 0.2325 2
1.14877e+06 0.235 2
830196 0.2375 2
525220 0.24 2
277788 0.2425 2
184087 0.245 2
252219 0.2475 2
461676 0.25 2
695535 0.2525 2
850145 0.255 2
912862 0.2575 2
865780 0.26 2
723286 0.2625 2
590902 0.265 2
419779 0.2675 2
349847 0.27 2
340625 0.2725 2
344137 0.275 2
358336 0.2775 2
412795 0.28 2
450075 0.2825 2
525306 0.285 2
625057 0.2875 2
758188 0.29 2
851039 0.2925 2
818453 0.295 2
710302 0.2975 2
555429 0.3 2
508319 0.3025 2
587023 0.305 2
821589 0.3075 2
1.12458e+06 0.31 2
1.36002e+06 0.3125 2
1.47907e+06 0.315 2
1.10412e+07 0.0825 3
1.32079e+07 0.085 3
1.38709e+07 0.0875 3
1.2676e+07 0.09 3
1.00977e+07 0.0925 3
7.10342e+06 0.095 3
4.62731e+06 0.0975 3
3.21411e+06 0.1 3
2.79379e+06 0.1025 3
2.93847e+06 0.105 3
3.24303e+06 0.1075 3
3.44632e+06 0.11 3
3.51439e+06 0.1125 3
3.36067e+06 0.115 3
3.22948e+06 0.1175 3
3.19197e+06 0.12 3
3.35244e+06 0.1225 3
3.55972e+06 0.125 3
3.90594e+06 0.1275 3
3.92101e+06 0.13 3
3.90914e+06 0.1325 3
3.54339e+06 0.135 3
3.07754e+06 0.1375 3
2.52749e+06 0.14 3
1.86182e+06 0.1425 3
1.21347e+06 0.145 3
641678 0.1475 3
242305 0.15 3
194039 0.1525 3
533677 0.155 3
1.16047e+06 0.1575 3
1.89914e+06 0.16 3
2.32936e+06 0.1625 3
2.29496e+06 0.165 3
2.10156e+06 0.1675 3
1.48823e+06 0.17 3
1.21892e+06 0.1725 3
1.4244e+06 0.175 3
2.08219e+06 0.1775 3
2.77307e+06 0.18 3
3.24506e+06 0.1825 3
3.32718e+06 0.185 3
2.88153e+06 0.1875 3
2.18139e+06 0.19 3
1.55545e+06 0.1925 3
1.26485e+06 0.195 3
1.53113e+06 0.1975 3
1.84998e+06 0.2 3
2.25262e+06 0.2025 3
2.27794e+06 0.205 3
2.06886e+06 0.2075 3
1.58696e+06 0.21 3
1.08438e+06 0.2125 3
698037 0.215 3
511133 0.2175 3
591601 0.22 3
780180 0.2225 3
1.01632e+06 0.225 3
1.23625e+06 0.2275 3
1.38484e+06 0.23 3
1.39561e+06 0.2325 3
1.36775e+06 0.235 3
1.35934e+06 0.2375 3
1.3513e+06 0.24 3
1.37938e+06 0.2425 3
1.39338e+06 0.245 3
1.36225e+06 0.2475 3
1.25056e+06 0.25 3
1.07116e+06 0.2525 3
834005 0.255 3
607594 0.2575 3
434619 0.26 3
400025 0.2625 3
464722 0.265 3
655649 0.2675 3
847579 0.27 3
1.09393e+06 0.2725 3
1.26487e+06 0.275 3
1.26045e+06 0.2775 3
1.1395e+06 0.28 3
954430 0.2825 3
664589 0.285 3
472954 0.2875 3
348671 0.29 3
300122 0.2925 3
316464 0.295 3
348031 0.2975 3
346850 0.3 3
323570 0.3025 3
328631 0.305 3
336741 0.3075 3
418544 0.31 3
579381 0.3125 3
710662 0.315 3
3.74773e+06 0.0825 4
4.86626e+06 0.085 4
6.37291e+06 0.0875 4
7.00948e+06 0.09 4
7.39667e+06 0.0925 4
7.33655e+06 0.095 4
7.11868e+06 0.0975 4
6.89709e+06 0.1 4
6.97575e+06 0.1025 4
7.33762e+06 0.105 4
7.09698e+06 0.1075 4
7.29719e+06 0.11 4
7.12756e+06 0.1125 4
6.93769e+06 0.115 4
5.887e+06 0.1175 4
4.71947e+06 0.12 4
3.64367e+06 0.1225 4
2.72532e+06 0.125 4
2.57551e+06 0.1275 4
2.84056e+06 0.13 4
2.85792e+06 0.1325 4
3.23756e+06 0.135 4
3.19192e+06 0.1375 4
2.60701e+06 0.14 4
1.72759e+06 0.1425 4
846732 0.145 4
373650 0.1475 4
263590 0.15 4
477048 0.1525 4
792580 0.155 4
1.01688e+06 0.1575 4
982450 0.16 4
833619 0.1625 4
989720 0.165 4
1.32322e+06 0.1675 4
1.87326e+06 0.17 4
2.62403e+06 0.1725 4
3.27183e+06 0.175 4
3.87068e+06 0.1775 4
4.25912e+06 0.18 4
4.38645e+06 0.1825 4
4.09627e+06 0.185 4
3.61259e+06 0.1875 4
2.87693e+06 0.19 4
2.12237e+06 0.1925 4
1.43465e+06 0.195 4
981316 0.1975 4
733268 0.2 4
699920 0.2025 4
836879 0.205 4
1.01169e+06 0.2075 4
1.18518e+06 0.21 4
1.14955e+06 0.2125 4
1.11228e+06 0.215 4
974318 0.2175 4
827254 0.22 4
595546 0.2225 4
448637 0.225 4
300521 0.2275 4
267749 0.23 4
253872 0.2325 4
331831 0.235 4
357617 0.2375 4
348752 0.24 4
444526 0.2425 4
566603 0.245 4
653437 0.2475 4
779434 0.25 4
870195 0.2525 4
991580 0.255 4
1.11174e+06 0.2575 4
1.14228e+06 0.26 4
1.17293e+06 0.2625 4
993444 0.265 4
797050 0.2675 4
555165 0.27 4
321034 0.2725 4
136022 0.275 4
108095 0.2775 4
220322 0.28 4
458878 0.2825 4
708899 0.285 4
1.03853e+06 0.2875 4
1.26138e+06 0.29 4
1.51462e+06 0.2925 4
1.61984e+06 0.295 4
1.60192e+06 0.2975 4
1.43727e+06 0.3 4
1.14523e+06 0.3025 4
801430 0.305 4
468975 0.3075 4
222985 0.31 4
108557 0.3125 4
2.75356e+07 0.08 5
2.87845e+07 0.0825 5
3.09216e+07 0.085 5
2.96266e+07 0.0875 5
2.40243e+07 0.09 5
1.60919e+07 0.0925 5
8.74015e+06 0.095 5
3.98338e+06 0.0975 5
2.15579e+06 0.1 5
2.26213e+06 0.1025 5
2.90064e+06 0.105 5
3.07413e+06 0.1075 5
2.50947e+06 0.11 5
1.50888e+06 0.1125 5
589138 0.115 5
162429 0.1175 5
381519 0.12 5
1.13022e+06 0.1225 5
2.13609e+06 0.125 5
3.0187e+06 0.1275 5
3.58812e+06 0.13 5
3.6163e+06 0.1325 5
3.14831e+06 0.135 5
2.44064e+06 0.1375 5
1.90496e+06 0.14 5
1.42687e+06 0.1425 5
1.32792e+06 0.145 5
1.37918e+06 0.1475 5
1.79002e+06 0.15 5
2.19767e+06 0.1525 5
2.44143e+06 0.155 5
2.4274e+06 0.1575 5
1.96515e+06 0.16 5
1.38241e+06 0.1625 5
857327 0.165 5
407099 0.1675 5
234556 0.17 5
252663 0.1725 5
374680 0.175 5
516006 0.1775 5
520716 0.18 5
560024 0.1825 5
570998 0.185 5
519815 0.1875 5
600026 0.19 5
582284 0.1925 5
532522 0.195 5
494100 0.1975 5
398933 0.2 5
433079 0.2025 5
517802 0.205 5
637273 0.2075 5
797737 0.21 5
1.04768e+06 0.2125 5
1.26165e+06 0.215 5
1.31556e+06 0.2175 5
1.36275e+06 0.22 5
1.27723e+06 0.2225 5
1.09528e+06 0.225 5
843092 0.2275 5
543388 0.23 5
488379 0.2325 5
601109 0.235 5
844243 0.2375 5
1.17218e+06 0.24 5
1.51389e+06 0.2425 5
1.67084e+06 0.245 5
1.59277e+06 0.2475 5
1.28237e+06 0.25 5
848030 0.2525 5
491004 0.255 5
315942 0.2575 5
386329 0.26 5
643856 0.2625 5
1.05343e+06 0.265 5
1.61644e+06 0.2675 5
2.03609e+06 0.27 5
2.24806e+06 0.2725 5
2.23606e+06 0.275 5
2.02294e+06 0.2775 5
1.64022e+06 0.28 5
1.14093e+06 0.2825 5
721738 0.285 5
382766 0.2875 5
135986 0.29 5
61937.6 0.2925 5
113734 0.295 5
255917 0.2975 5
433203 0.3 5
558412 0.3025 5
627719 0.305 5
649994 0.3075 5
619302 0.31 5
3.17282e+07 0.08 6
3.39388e+07 0.0825 6
3.49356e+07 0.085 6
3.39803e+07 0.0875 6
3.11727e+07 0.09 6
2.89377e+07 0.0925 6
2.62034e+07 0.095 6
2.35734e+07 0.0975 6
1.99144e+07 0.1 6
1.71985e+07 0.1025 6
1.48756e+07 0.105 6
1.15849e+07 0.1075 6
9.36046e+06 0.11 6
7.06865e+06 0.1125 6
4.94672e+06 0.115 6
3.57269e+06 0.1175 6
2.73368e+06 0.12 6
2.44042e+06 0.1225 6
2.3926e+06 0.125 6
2.68783e+06 0.1275 6
3.02549e+06 0.13 6
3.29569e+06 0.1325 6
3.43866e+06 0.135 6
3.6028e+06 0.1375 6
3.48417e+06 0.14 6
3.02633e+06 0.1425 6
2.38599e+06 0.145 6
1.96642e+06 0.1475 6
1.71995e+06 0.15 6
1.54433e+06 0.1525 6
1.74515e+06 0.155 6
1.79847e+06 0.1575 6
1.82649e+06 0.16 6
1.6865e+06 0.1625 6
1.45727e+06 0.165 6
1.13781e+06 0.1675 6
861552 0.17 6
762123 0.1725 6
786042 0.175 6
948535 0.1775 6
1.14739e+06 0.18 6
1.27532e+06 0.1825 6
1.35117e+06 0.185 6
1.41143e+06 0.1875 6
1.40903e+06 0.19 6
1.29015e+06 0.1925 6
1.12007e+06 0.195 6
884659 0.1975 6
621177 0.2 6
368001 0.2025 6
221143 0.205 6
236878 0.2075 6
366230 0.21 6
600171 0.2125 6
789319 0.215 6
876113 0.2175 6
873553 0.22 6
786367 0.2225 6
800850 0.225 6
990149 0.2275 6
1.42819e+06 0.23 6
1.86602e+06 0.2325 6
2.3563e+06 0.235 6
2.64869e+06 0.2375 6
2.58846e+06 0.24 6
2.32154e+06 0.2425 6
1.94206e+06 0.245 6
1.4979e+06 0.2475 6
1.21788e+06 0.25 6
1.05269e+06 0.2525 6
911624 0.255 6
732983 0.2575 6
624270 0.26 6
542404 0.2625 6
571330 0.265 6
636280 0.2675 6
700725 0.27 6
705217 0.2725 6
638578 0.275 6
480162 0.2775 6
354179 0.28 6
314887 0.2825 6
393995 0.285 6
514787 0.2875 6
598262 0.29 6
578439 0.2925 6
434188 0.295 6
266204 0.2975 6
172347 0.3 6
229058 0.3025 6
412124 0.305 6
644805 0.3075 6
2.30508e+06 0.0775 7
946951 0.08 7
615087 0.0825 7
527923 0.085 7
448000 0.0875 7
764417 0.09 7
2.03313e+06 0.0925 7
4.36769e+06 0.095 7
7.15764e+06 0.0975 7
9.32983e+06 0.1 7
9.97076e+06 0.1025 7
8.8858e+06 0.105 7
6.73039e+06 0.1075 7
4.66508e+06 0.11 7
3.76535e+06 0.1125 7
4.47536e+06 0.115 7
6.63362e+06 0.1175 7
9.38153e+06 0.12 7
1.19484e+07 0.1225 7
1.34925e+07 0.125 7
1.36979e+07 0.1275 7
1.27091e+07 0.13 7
1.0752e+07 0.1325 7
8.36379e+06 0.135 7
5.93073e+06 0.1375 7
4.23476e+06 0.14 7
3.23511e+06 0.1425 7
2.56612e+06 0.145 7
2.28492e+06 0.1475 7
1.89241e+06 0.15 7
1.52509e+06 0.1525 7
1.19519e+06 0.155 7
892504 0.1575 7
936622 0.16 7
993045 0.1625 7
1.04184e+06 0.165 7
1.05253e+06 0.1675 7
787283 0.17 7
485862 0.1725 7
399946 0.175 7
382867 0.1775 7
679713 0.18 7
1.10479e+06 0.1825 7
1.49011e+06 0.185 7
1.64423e+06 0.1875 7
1.68365e+06 0.19 7
1.4339e+06 0.1925 7
1.21182e+06 0.195 7
1.08238e+06 0.1975 7
1.13155e+06 0.2 7
1.33082e+06 0.2025 7
1.53533e+06 0.205 7
1.66042e+06 0.2075 7
1.51401e+06 0.21 7
1.30679e+06 0.2125 7
1.11375e+06 0.215 7
1.15257e+06 0.2175 7
994395 0.22 7
1.01764e+06 0.2225 7
935270 0.225 7
981450 0.2275 7
996823 0.23 7
859122 0.2325 7
718867 0.235 7
630422 0.2375 7
634110 0.24 7
821398 0.2425 7
1.13645e+06 0.245 7
1.46458e+06 0.2475 7
1.82203e+06 0.25 7
2.02263e+06 0.2525 7
1.95626e+06 0.255 7
1.66028e+06 0.2575 7
1.254e+06 0.26 7
907153 0.2625 7
668458 0.265 7
686173 0.2675 7
852799 0.27 7
1.07402e+06 0.2725 7
1.23054e+06 0.275 7
1.26393e+06 0.2775 7
1.18522e+06 0.28 7
1.07667e+06 0.2825 7
972521 0.285 7
930069 0.2875 7
903974 0.29 7
901204 0.2925 7
831577 0.295 7
873409 0.2975 7
874378 0.3 7
896581 0.3025 7
1.02782e+06 0.305 7
2.94218e+07 0.075 8
2.519e+07 0.0775 8
1.91262e+07 0.08 8
1.34267e+07 0.0825 8
1.12477e+07 0.085 8
1.28292e+07 0.0875 8
1.68501e+07 0.09 8
2.13888e+07 0.0925 8
2.40142e+07 0.095 8
2.36409e+07 0.0975 8
2.04296e+07 0.1 8
1.55746e+07 0.1025 8
1.09137e+07 0.105 8
7.30899e+06 0.1075 8
5.07259e+06 0.11 8
4.0785e+06 0.1125 8
3.81661e+06 0.115 8
3.98424e+06 0.1175 8
3.79965e+06 0.12 8
3.39831e+06 0.1225 8
2.64857e+06 0.125 8
1.77647e+06 0.1275 8
1.05537e+06 0.13 8
563259 0.1325 8
510715 0.135 8
789352 0.1375 8
1.33943e+06 0.14 8
1.90935e+06 0.1425 8
2.36369e+06 0.145 8
2.70592e+06 0.1475 8
2.62662e+06 0.15 8
2.30413e+06 0.1525 8
1.91278e+06 0.155 8
1.58222e+06 0.1575 8
1.34254e+06 0.16 8
1.14305e+06 0.1625 8
964766 0.165 8
904149 0.1675 8
872372 0.17 8
777295 0.1725 8
749532 0.175 8
797470 0.1775 8
803552 0.18 8
764665 0.1825 8
547292 0.185 8
402498 0.1875 8
304504 0.19 8
337727 0.1925 8
548114 0.195 8
932910 0.1975 8
1.39346e+06 0.2 8
2.00518e+06 0.2025 8
2.54662e+06 0.205 8
2.84075e+06 0.2075 8
3.05741e+06 0.21 8
2.90913e+06 0.2125 8
2.85108e+06 0.215 8
2.7403e+06 0.2175 8
2.46872e+06 0.22 8
2.10574e+06 0.2225 8
1.73988e+06 0.225 8
1.21231e+06 0.2275 8
807817 0.23 8
503874 0.2325 8
292242 0.235 8
248046 0.2375 8
309419 0.24 8
439941 0.2425 8
502777 0.245 8
542589 0.2475 8
577588 0.25 8
598279 0.2525 8
610847 0.255 8
702936 0.2575 8
833464 0.26 8
881118 0.2625 8
836302 0.265 8
688266 0.2675 8
540615 0.27 8
394651 0.2725 8
415204 0.275 8
587969 0.2775 8
809106 0.28 8
1.01254e+06 0.2825 8
1.24469e+06 0.285 8
1.2847e+06 0.2875 8
1.18013e+06 0.29 8
1.03334e+06 0.2925 8
949777 0.295 8
1.0208e+06 0.2975 8
514834 0.0725 9
547203 0.075 9
666969 0.0775 9
542383 0.08 9
422375 0.0825 9
242457 0.085 9
127921 0.0875 9
238662 0.09 9
567427 0.0925 9
1.09059e+06 0.095 9
1.44025e+06 0.0975 9
1.86959e+06 0.1 9
2.30188e+06 0.1025 9
2.48726e+06 0.105 9
2.51134e+06 0.1075 9
3.49156e+06 0.11 9
3.40432e+06 0.1125 9
3.76167e+06 0.115 9
3.96018e+06 0.1175 9
3.56164e+06 0.12 9
3.69336e+06 0.1225 9
3.3281e+06 0.125 9
3.30241e+06 0.1275 9
3.58198e+06 0.13 9
4.22042e+06 0.1325 9
5.06315e+06 0.135 9
5.7065e+06 0.1375 9
6.17445e+06 0.14 9
6.68399e+06 0.1425 9
6.30843e+06 0.145 9
5.55905e+06 0.1475 9
4.96106e+06 0.15 9
4.1178e+06 0.1525 9
3.3276e+06 0.155 9
2.78589e+06 0.1575 9
2.40796e+06 0.16 9
2.14154e+06 0.1625 9
1.96809e+06 0.165 9
1.93994e+06 0.1675 9
1.97529e+06 0.17 9
2.07407e+06 0.1725 9
2.25053e+06 0.175 9
2.31047e+06 0.1775 9
2.18992e+06 0.18 9
1.79974e+06 0.1825 9
1.37574e+06 0.185 9
933050 0.1875 9
627321 0.19 9
491999 0.1925 9
543203 0.195 9
701766 0.1975 9
870225 0.2 9
1.07802e+06 0.2025 9
1.16997e+06 0.205 9
1.20638e+06 0.2075 9
1.07262e+06 0.21 9
841680 0.2125 9
576263 0.215 9
461222 0.2175 9
474767 0.22 9
735104 0.2225 9
1.22552e+06 0.225 9
1.81315e+06 0.2275 9
2.30221e+06 0.23 9
2.62692e+06 0.2325 9
2.7735e+06 0.235 9
2.65391e+06 0.2375 9
2.63787e+06 0.24 9
2.38959e+06 0.2425 9
2.04086e+06 0.245 9
1.61327e+06 0.2475 9
1.09936e+06 0.25 9
678244 0.2525 9
410350 0.255 9
358228 0.2575 9
472934 0.26 9
724526 0.2625 9
891865 0.265 9
854519 0.2675 9
777380 0.27 9
630067 0.2725 9
520690 0.275 9
453011 0.2775 9
455135 0.28 9
480038 0.2825 9
473112 0.285 9
371949 0.2875 9
417600 0.29 9
603573 0.2925 9
1.14728e+07 0.07 10
1.12781e+07 0.0725 10
7.98488e+06 0.075 10
3.69996e+06 0.0775 10
725297 0.08 10
136998 0.0825 10
1.37665e+06 0.085 10
2.9619e+06 0.0875 10
3.68254e+06 0.09 10
3.41514e+06 0.0925 10
3.05889e+06 0.095 10
3.74935e+06 0.0975 10
5.97212e+06 0.1 10
9.18958e+06 0.1025 10
1.21783e+07 0.105 10
1.37853e+07 0.1075 10
1.35798e+07 0.11 10
1.20176e+07 0.1125 10
1.00949e+07 0.115 10
8.76537e+06 0.1175 10
8.48545e+06 0.12 10
9.10189e+06 0.1225 10
1.01587e+07 0.125 10
1.0923e+07 0.1275 10
1.09367e+07 0.13 10
1.01955e+07 0.1325 10
8.6945e+06 0.135 10
6.63831e+06 0.1375 10
4.55283e+06 0.14 10
2.8241e+06 0.1425 10
1.82511e+06 0.145 10
1.53224e+06 0.1475 10
1.95881e+06 0.15 10
2.47684e+06 0.1525 10
3.06933e+06 0.155 10
3.16551e+06 0.1575 10
2.97858e+06 0.16 10
2.56503e+06 0.1625 10
2.03217e+06 0.165 10
1.66705e+06 0.1675 10
1.42039e+06 0.17 10
1.91238e+06 0.1725 10
2.40373e+06 0.175 10
2.85696e+06 0.1775 10
3.39972e+06 0.18 10
3.6427e+06 0.1825 10
3.32919e+06 0.185 10
2.65734e+06 0.1875 10
1.80377e+06 0.19 10
1.08773e+06 0.1925 10
461533 0.195 10
212929 0.1975 10
365292 0.2 10
777852 0.2025 10
1.16188e+06 0.205 10
1.54318e+06 0.2075 10
1.8218e+06 0.21 10
1.90072e+06 0.2125 10
1.77849e+06 0.215 10
1.54722e+06 0.2175 10
1.24731e+06 0.22 10
1.04783e+06 0.2225 10
883341 0.225 10
629781 0.2275 10
474556 0.23 10
400357 0.2325 10
363280 0.235 10
404811 0.2375 10
460263 0.24 10
573462 0.2425 10
703521 0.245 10
856542 0.2475 10
1.01341e+06 0.25 10
1.17878e+06 0.2525 10
1.25302e+06 0.255 10
1.17996e+06 0.2575 10
939762 0.26 10
677355 0.2625 10
446017 0.265 10
307157 0.2675 10
369371 0.27 10
503345 0.2725 10
663317 0.275 10
785865 0.2775 10
810591 0.28 10
764547 0.2825 10
666263 0.285 10
605555 0.2875 10
1.38413e+06 0.0675 11
2.71352e+06 0.07 11
4.35825e+06 0.0725 11
5.48795e+06 0.075 11
7.20293e+06 0.0775 11
9.02089e+06 0.08 11
9.90139e+06 0.0825 11
1.00676e+07 0.085 11
9.7036e+06 0.0875 11
8.14292e+06 0.09 11
5.87801e+06 0.0925 11
3.55349e+06 0.095 11
1.32269e+06 0.0975 11
349727 0.1 11
429556 0.1025 11
1.39787e+06 0.105 11
2.80805e+06 0.1075 11
4.13e+06 0.11 11
5.01811e+06 0.1125 11
5.52884e+06 0.115 11
4.86514e+06 0.1175 11
4.08721e+06 0.12 11
3.03038e+06 0.1225 11
2.3312e+06 0.125 11
1.67636e+06 0.1275 11
1.12148e+06 0.13 11
749839 0.1325 11
572683 0.135 11
602669 0.1375 11
766028 0.14 11
1.19529e+06 0.1425 11
1.49135e+06 0.145 11
1.63986e+06 0.1475 11
1.45537e+06 0.15 11
1.0609e+06 0.1525 11
544222 0.155 11
208391 0.1575 11
249358 0.16 11
790919 0.1625 11
1.69047e+06 0.165 11
2.73583e+06 0.1675 11
3.39509e+06 0.17 11
3.67358e+06 0.1725 11
3.36123e+06 0.175 11
2.65341e+06 0.1775 11
1.85351e+06 0.18 11
1.27837e+06 0.1825 11
987999 0.185 11
1.01737e+06 0.1875 11
1.22122e+06 0.19 11
1.37463e+06 0.1925 11
1.32896e+06 0.195 11
1.05401e+06 0.1975 11
715311 0.2 11
435055 0.2025 11
341504 0.205 11
397811 0.2075 11
617664 0.21 11
844039 0.2125 11
1.04602e+06 0.215 11
1.36294e+06 0.2175 11
1.62856e+06 0.22 11
1.97966e+06 0.2225 11
2.39958e+06 0.225 11
2.67418e+06 0.2275 11
2.78383e+06 0.23 11
2.74026e+06 0.2325 11
2.50824e+06 0.235 11
2.26e+06 0.2375 11
1.99062e+06 0.24 11
1.67147e+06 0.2425 11
1.34072e+06 0.245 11
1.07073e+06 0.2475 11
837562 0.25 11
763792 0.2525 11
684892 0.255 11
679574 0.2575 11
695348 0.26 11
711099 0.2625 11
679533 0.265 11
599019 0.2675 11
507617 0.27 11
492348 0.2725 11
486631 0.275 11
494686 0.2775 11
481984 0.28 11
450780 0.2825 11
4.85475e+06 0.0625 12
2.70199e+06 0.065 12
1.2613e+06 0.0675 12
657574 0.07 12
598917 0.0725 12
664209 0.075 12
614477 0.0775 12
517139 0.08 12
619231 0.0825 12
1.08809e+06 0.085 12
1.82429e+06 0.0875 12
2.48582e+06 0.09 12
2.70136e+06 0.0925 12
2.31579e+06 0.095 12
1.49647e+06 0.0975 12
635481 0.1 12
124423 0.1025 12
153305 0.105 12
650104 0.1075 12
1.37237e+06 0.11 12
2.06636e+06 0.1125 12
2.57555e+06 0.115 12
2.86374e+06 0.1175 12
2.98702e+06 0.12 12
3.0072e+06 0.1225 12
2.80379e+06 0.125 12
2.57778e+06 0.1275 12
2.27829e+06 0.13 12
1.90598e+06 0.1325 12
1.49606e+06 0.135 12
1.1455e+06 0.1375 12
936534 0.14 12
965836 0.1425 12
1.05857e+06 0.145 12
1.18026e+06 0.1475 12
1.54364e+06 0.15 12
1.58564e+06 0.1525 12
1.37994e+06 0.155 12
1.14217e+06 0.1575 12
986579 0.16 12
836967 0.1625 12
834086 0.165 12
1.34011e+06 0.1675 12
1.69906e+06 0.17 12
1.89696e+06 0.1725 12
1.90341e+06 0.175 12
1.8344e+06 0.1775 12
1.75071e+06 0.18 12
1.46456e+06 0.1825 12
1.10136e+06 0.185 12
924776 0.1875 12
689379 0.19 12
509077 0.1925 12
428642 0.195 12
362777 0.1975 12
437004 0.2 12
705560 0.2025 12
986449 0.205 12
1.36458e+06 0.2075 12
1.52655e+06 0.21 12
1.71972e+06 0.2125 12
1.71499e+06 0.215 12
1.628e+06 0.2175 12
1.26348e+06 0.22 12
962700 0.2225 12
751287 0.225 12
547436 0.2275 12
535138 0.23 12
661160 0.2325 12
654533 0.235 12
580410 0.2375 12
474844 0.24 12
408287 0.2425 12
416562 0.245 12
591759 0.2475 12
788386 0.25 12
917714 0.2525 12
989776 0.255 12
970165 0.2575 12
865128 0.26 12
897154 0.2625 12
1.12175e+06 0.265 12
1.51094e+06 0.2675 12
1.96711e+06 0.27 12
2.28956e+06 0.2725 12
2.43964e+06 0.275 12
781186 0.0575 13
2.02444e+06 0.06 13
4.45768e+06 0.0625 13
7.27599e+06 0.065 13
1.12081e+07 0.0675 13
1.41801e+07 0.07 13
1.59623e+07 0.0725 13
1.59606e+07 0.075 13
1.30595e+07 0.0775 13
8.43656e+06 0.08 13
3.61359e+06 0.0825 13
478695 0.085 13
406431 0.0875 13
3.76889e+06 0.09 13
9.59278e+06 0.0925 13
1.57143e+07 0.095 13
2.0292e+07 0.0975 13
2.15235e+07 0.1 13
1.92704e+07 0.1025 13
1.45552e+07 0.105 13
8.84899e+06 0.1075 13
4.28878e+06 0.11 13
1.42313e+06 0.1125 13
345308 0.115 13
390583 0.1175 13
805450 0.12 13
1.14412e+06 0.1225 13
1.21831e+06 0.125 13
1.11709e+06 0.1275 13
1.38968e+06 0.13 13
2.16193e+06 0.1325 13
3.25975e+06 0.135 13
4.02927e+06 0.1375 13
4.25475e+06 0.14 13
4.07701e+06 0.1425 13
3.34187e+06 0.145 13
2.55366e+06 0.1475 13
1.94705e+06 0.15 13
1.95119e+06 0.1525 13
2.30627e+06 0.155 13
2.75448e+06 0.1575 13
3.05016e+06 0.16 13
2.97051e+06 0.1625 13
2.50663e+06 0.165 13
1.79065e+06 0.1675 13
1.08524e+06 0.17 13
555692 0.1725 13
336598 0.175 13
390079 0.1775 13
683195 0.18 13
1.11218e+06 0.1825 13
1.41774e+06 0.185 13
1.67011e+06 0.1875 13
1.78035e+06 0.19 13
1.78626e+06 0.1925 13
1.72864e+06 0.195 13
1.60259e+06 0.1975 13
1.23018e+06 0.2 13
808454 0.2025 13
496537 0.205 13
323199 0.2075 13
406407 0.21 13
711430 0.2125 13
1.15294e+06 0.215 13
1.67548e+06 0.2175 13
2.05338e+06 0.22 13
2.25348e+06 0.2225 13
2.16542e+06 0.225 13
1.84132e+06 0.2275 13
1.39863e+06 0.23 13
1.05504e+06 0.2325 13
713733 0.235 13
505591 0.2375 13
396856 0.24 13
342081 0.2425 13
339143 0.245 13
368668 0.2475 13
443763 0.25 13
614626 0.2525 13
774568 0.255 13
881869 0.2575 13
1.0624e+06 0.26 13
1.3407e+06 0.2625 13
1.62283e+06 0.265 13
1.89626e+06 0.2675 13
662482 0.0525 14
398525 0.055 14
119789 0.0575 14
14119.2 0.06 14
162708 0.0625 14
600330 0.065 14
1.41788e+06 0.0675 14
2.26975e+06 0.07 14
3.09623e+06 0.0725 14
3.65658e+06 0.075 14
4.05407e+06 0.0775 14
4.27052e+06 0.08 14
4.10711e+06 0.0825 14
4.16319e+06 0.085 14
4.27416e+06 0.0875 14
4.07254e+06 0.09 14
3.95091e+06 0.0925 14
3.46919e+06 0.095 14
2.7456e+06 0.0975 14
2.00999e+06 0.1 14
1.31908e+06 0.1025 14
697888 0.105 14
578119 0.1075 14
704697 0.11 14
1.04321e+06 0.1125 14
1.42567e+06 0.115 14
1.80685e+06 0.1175 14
2.53306e+06 0.12 14
3.24068e+06 0.1225 14
3.77896e+06 0.125 14
4.72005e+06 0.1275 14
5.2754e+06 0.13 14
5.66382e+06 0.1325 14
5.6564e+06 0.135 14
4.97166e+06 0.1375 14
3.93515e+06 0.14 14
2.80995e+06 0.1425 14
1.87013e+06 0.145 14
1.11099e+06 0.1475 14
592839 0.15 14
383139 0.1525 14
283158 0.155 14
315352 0.1575 14
451652 0.16 14
772261 0.1625 14
1.26066e+06 0.165 14
1.69871e+06 0.1675 14
2.00833e+06 0.17 14
1.95483e+06 0.1725 14
1.68696e+06 0.175 14
1.13578e+06 0.1775 14
744048 0.18 14
482300 0.1825 14
591787 0.185 14
1.02497e+06 0.1875 14
1.506e+06 0.19 14
2.12572e+06 0.1925 14
2.45131e+06 0.195 14
2.66744e+06 0.1975 14
2.70438e+06 0.2 14
2.79595e+06 0.2025 14
2.89137e+06 0.205 14
2.94952e+06 0.2075 14
3.03132e+06 0.21 14
2.93763e+06 0.2125 14
2.74867e+06 0.215 14
2.35809e+06 0.2175 14
1.83684e+06 0.22 14
1.29332e+06 0.2225 14
818705 0.225 14
513109 0.2275 14
586552 0.23 14
661768 0.2325 14
787944 0.235 14
874395 0.2375 14
856946 0.24 14
811222 0.2425 14
910157 0.245 14
971068 0.2475 14
1.08633e+06 0.25 14
1.08485e+06 0.2525 14
1.07388e+06 0.255 14
844980 0.2575 14
119264 0.045 15
423102 0.0475 15
830381 0.05 15
1.1289e+06 0.0525 15
1.18803e+06 0.055 15
1.07791e+06 0.0575 15
1.07657e+06 0.06 15
1.52884e+06 0.0625 15
2.61776e+06 0.065 15
4.1855e+06 0.0675 15
5.73386e+06 0.07 15
6.63713e+06 0.0725 15
6.46483e+06 0.075 15
5.22853e+06 0.0775 15
3.39695e+06 0.08 15
1.65779e+06 0.0825 15
560941 0.085 15
254090 0.0875 15
465214 0.09 15
731121 0.0925 15
717589 0.095 15
424394 0.0975 15
150620 0.1 15
255565 0.1025 15
882059 0.105 15
1.82749e+06 0.1075 15
2.65219e+06 0.11 15
2.93984e+06 0.1125 15
2.50947e+06 0.115 15
1.59005e+06 0.1175 15
705228 0.12 15
216167 0.1225 15
380574 0.125 15
1.12709e+06 0.1275 15
2.03037e+06 0.13 15
2.7485e+06 0.1325 15
3.06216e+06 0.135 15
2.92602e+06 0.1375 15
2.45459e+06 0.14 15
1.89062e+06 0.1425 15
1.46788e+06 0.145 15
1.16389e+06 0.1475 15
1.00617e+06 0.15 15
992691 0.1525 15
1.24177e+06 0.155 15
1.08026e+06 0.1575 15
1.16927e+06 0.16 15
1.38136e+06 0.1625 15
1.47756e+06 0.165 15
1.62979e+06 0.1675 15
1.81509e+06 0.17 15
1.78359e+06 0.1725 15
1.74618e+06 0.175 15
1.53317e+06 0.1775 15
1.31557e+06 0.18 15
1.12072e+06 0.1825 15
914129 0.185 15
757318 0.1875 15
855490 0.19 15
1.00567e+06 0.1925 15
1.1417e+06 0.195 15
1.25188e+06 0.1975 15
1.43433e+06 0.2 15
1.57847e+06 0.2025 15
1.69226e+06 0.205 15
1.60677e+06 0.2075 15
1.41947e+06 0.21 15
1.25926e+06 0.2125 15
1.04009e+06 0.215 15
704662 0.2175 15
546762 0.22 15
532200 0.2225 15
692827 0.225 15
1.06356e+06 0.2275 15
1.40465e+06 0.23 15
1.69037e+06 0.2325 15
1.85509e+06 0.235 15
1.83913e+06 0.2375 15
1.72863e+06 0.24 15
1.64655e+06 0.2425 15
1.68215e+06 0.245 15
1.7657e+06 0.2475 15
0 0.0375 16
0 0.04 16
0 0.0425 16
0 0.045 16
0 0.0475 16
0 0.05 16
0 0.0525 16
6785.47 0.055 16
21615.5 0.0575 16
63344.4 0.06 16
56608.3 0.0625 16
121109 0.065 16
85082.4 0.0675 16
46601.9 0.07 16
221127 0.0725 16
187426 0.075 16
363053 0.0775 16
332061 0.08 16
174680 0.0825 16
126813 0.085 16
238807 0.0875 16
334278 0.09 16
352298 0.0925 16
319315 0.095 16
223025 0.0975 16
214642 0.1 16
445853 0.1025 16
800456 0.105 16
1.65487e+06 0.1075 16
2.86351e+06 0.11 16
4.05021e+06 0.1125 16
5.19757e+06 0.115 16
5.79755e+06 0.1175 16
5.73558e+06 0.12 16
5.21806e+06 0.1225 16
4.28321e+06 0.125 16
3.05823e+06 0.1275 16
1.63115e+06 0.13 16
829897 0.1325 16
358321 0.135 16
255136 0.1375 16
446196 0.14 16
849513 0.1425 16
1.52203e+06 0.145 16
2.3531e+06 0.1475 16
3.39689e+06 0.15 16
4.37398e+06 0.1525 16
5.15556e+06 0.155 16
5.21736e+06 0.1575 16
4.8015e+06 0.16 16
3.8734e+06 0.1625 16
2.97689e+06 0.165 16
2.23533e+06 0.1675 16
2.09345e+06 0.17 16
2.54711e+06 0.1725 16
3.33539e+06 0.175 16
4.16408e+06 0.1775 16
4.38721e+06 0.18 16
4.19113e+06 0.1825 16
3.20972e+06 0.185 16
2.08373e+06 0.1875 16
1.05854e+06 0.19 16
629163 0.1925 16
886444 0.195 16
1.75469e+06 0.1975 16
2.78559e+06 0.2 16
3.68444e+06 0.2025 16
4.17996e+06 0.205 16
4.24595e+06 0.2075 16
3.95186e+06 0.21 16
3.41724e+06 0.2125 16
2.76427e+06 0.215 16
2.21033e+06 0.2175 16
1.63393e+06 0.22 16
1.16317e+06 0.2225 16
799838 0.225 16
633723 0.2275 16
612065 0.23 16
839611 0.2325 16
1.20452e+06 0.235 16
1.56171e+06 0.2375 16
4.10049e+06 0.025 17
3.95142e+06 0.0275 17
3.61731e+06 0.03 17
3.04689e+06 0.0325 17
2.23992e+06 0.035 17
1.34343e+06 0.0375 17
661679 0.04 17
537747 0.0425 17
1.1533e+06 0.045 17
2.3648e+06 0.0475 17
3.69641e+06 0.05 17
4.53149e+06 0.0525 17
4.42595e+06 0.055 17
3.37907e+06 0.0575 17
1.89752e+06 0.06 17
788152 0.0625 17
762930 0.065 17
2.05464e+06 0.0675 17
4.25317e+06 0.07 17
6.46575e+06 0.0725 17
7.733e+06 0.075 17
7.49132e+06 0.0775 17
5.84154e+06 0.08 17
3.48562e+06 0.0825 17
1.37125e+06 0.085 17
238282 0.0875 17
303309 0.09 17
1.23001e+06 0.0925 17
2.36882e+06 0.095 17
3.1094e+06 0.0975 17
3.1505e+06 0.1 17
2.56645e+06 0.1025 17
1.67977e+06 0.105 17
851126 0.1075 17
316186 0.11 17
137551 0.1125 17
255603 0.115 17
569647 0.1175 17
972421 0.12 17
1.34225e+06 0.1225 17
1.56236e+06 0.125 17
1.5768e+06 0.1275 17
1.21411e+06 0.13 17
774820 0.1325 17
299358 0.135 17
220518 0.1375 17
489547 0.14 17
1.04975e+06 0.1425 17
1.95145e+06 0.145 17
2.70817e+06 0.1475 17
3.10983e+06 0.15 17
3.02424e+06 0.1525 17
2.45606e+06 0.155 17
1.78848e+06 0.1575 17
1.06677e+06 0.16 17
717434 0.1625 17
730005 0.165 17
1.17206e+06 0.1675 17
1.63497e+06 0.17 17
2.07559e+06 0.1725 17
2.14988e+06 0.175 17
2.13125e+06 0.1775 17
1.86876e+06 0.18 17
1.55059e+06 0.1825 17
1.09704e+06 0.185 17
868017 0.1875 17
843190 0.19 17
933208 0.1925 17
1.19344e+06 0.195 17
1.48483e+06 0.1975 17
1.72241e+06 0.2 17
1.87835e+06 0.2025 17
2.06391e+06 0.205 17
2.02553e+06 0.2075 17
2.21313e+06 0.21 17
2.03263e+06 0.2125 17
2.02314e+06 0.215 17
2.03251e+06 0.2175 17
2.15895e+06 0.22 17
2.30208e+06 0.2225 17
2.43159e+06 0.225 17
0 0.0025 18
0 0.005 18
0 0.0075 18
0 0.01 18
0 0.0125 18
0 0.015 18
0 0.0175 18
0 0.02 18
0 0.0225 18
0 0.025 18
0 0.0275 18
0 0.03 18
0 0.0325 18
1293.5 0.035 18
4615.01 0.0375 18
8090.54 0.04 18
13732 0.0425 18
3368.47 0.045 18
170031 0.0475 18
320720 0.05 18
354364 0.0525 18
606836 0.055 18
603173 0.0575 18
671629 0.06 18
678992 0.0625 18
610770 0.065 18
506481 0.0675 18
291589 0.07 18
81786.3 0.0725 18
1070.34 0.075 18
133229 0.0775 18
589335 0.08 18
1.29814e+06 0.0825 18
2.31976e+06 0.085 18
3.7623e+06 0.0875 18
4.97905e+06 0.09 18
6.03301e+06 0.0925 18
6.19987e+06 0.095 18
5.77842e+06 0.0975 18
4.46632e+06 0.1 18
3.10549e+06 0.1025 18
1.92817e+06 0.105 18
902601 0.1075 18
676241 0.11 18
1.59751e+06 0.1125 18
2.7046e+06 0.115 18
3.64707e+06 0.1175 18
4.50994e+06 0.12 18
4.58917e+06 0.1225 18
3.87591e+06 0.125 18
3.01333e+06 0.1275 18
2.12714e+06 0.13 18
1.58069e+06 0.1325 18
1.48363e+06 0.135 18
1.881e+06 0.1375 18
2.52564e+06 0.14 18
3.44506e+06 0.1425 18
3.89185e+06 0.145 18
4.05047e+06 0.1475 18
3.82228e+06 0.15 18
3.425e+06 0.1525 18
3.05973e+06 0.155 18
2.78823e+06 0.1575 18
2.41884e+06 0.16 18
2.02994e+06 0.1625 18
1.60635e+06 0.165 18
1.16942e+06 0.1675 18
816823 0.17 18
649474 0.1725 18
624206 0.175 18
767468 0.1775 18
966922 0.18 18
1.10035e+06 0.1825 18
1.15176e+06 0.185 18
1.18591e+06 0.1875 18
1.17322e+06 0.19 18
1.09643e+06 0.1925 18
999435 0.195 18
838727 0.1975 18
677264 0.2 18
575558 0.2025 18
576404 0.205 18
734480 0.2075 18
913027 0.21 18
1.17139e+06 0.2125 18
0 0.0025 19
0 0.005 19
0 0.0075 19
0 0.01 19
0 0.0125 19
0 0.015 19
0 0.0175 19
0 0.02 19
0 0.0225 19
3250.18 0.025 19
7169.48 0.0275 19
22644.8 0.03 19
24180.8 0.0325 19
93749.8 0.035 19
304981 0.0375 19
471237 0.04 19
685654 0.0425 19
979296 0.045 19
1.10804e+06 0.0475 19
1.27579e+06 0.05 19
1.69141e+06 0.0525 19
1.99613e+06 0.055 19
1.81332e+06 0.0575 19
1.69615e+06 0.06 19
1.46499e+06 0.0625 19
1.35466e+06 0.065 19
1.24063e+06 0.0675 19
1.16191e+06 0.07 19
1.02179e+06 0.0725 19
830392 0.075 19
687569 0.0775 19
491565 0.08 19
374043 0.0825 19
444605 0.085 19
691941 0.0875 19
1.14955e+06 0.09 19
1.71768e+06 0.0925 19
2.21501e+06 0.095 19
2.55276e+06 0.0975 19
2.58724e+06 0.1 19
2.39118e+06 0.1025 19
2.15202e+06 0.105 19
1.9149e+06 0.1075 19
1.84138e+06 0.11 19
1.71127e+06 0.1125 19
1.51519e+06 0.115 19
1.22489e+06 0.1175 19
933948 0.12 19
686301 0.1225 19
401992 0.125 19
419913 0.1275 19
601990 0.13 19
921190 0.1325 19
1.30475e+06 0.135 19
1.69617e+06 0.1375 19
1.87156e+06 0.14 19
1.86042e+06 0.1425 19
1.78857e+06 0.145 19
1.58378e+06 0.1475 19
1.45455e+06 0.15 19
1.42646e+06 0.1525 19
1.52056e+06 0.155 19
1.81145e+06 0.1575 19
2.21107e+06 0.16 19
2.43805e+06 0.1625 19
2.74228e+06 0.165 19
2.87041e+06 0.1675 19
2.76193e+06 0.17 19
2.43677e+06 0.1725 19
2.23179e+06 0.175 19
1.88013e+06 0.1775 19
1.55927e+06 0.18 19
1.34196e+06 0.1825 19
1.11225e+06 0.185 19
977272 0.1875 19
966660 0.19 19
1.0498e+06 0.1925 19
1.02281e+06 0.195 19
1.07918e+06 0.1975 19
0 0.0025 20
0 0.005 20
0 0.0075 20
528.654 0.01 20
4733.84 0.0125 20
23387.6 0.015 20
30209.4 0.0175 20
64350 0.02 20
117807 0.0225 20
184307 0.025 20
238918 0.0275 20
219133 0.03 20
303329 0.0325 20
453158 0.035 20
679673 0.0375 20
1.01983e+06 0.04 20
1.54498e+06 0.0425 20
2.24155e+06 0.045 20
3.02871e+06 0.0475 20
3.77158e+06 0.05 20
4.32393e+06 0.0525 20
4.5847e+06 0.055 20
4.54196e+06 0.0575 20
4.28075e+06 0.06 20
3.94725e+06 0.0625 20
3.68449e+06 0.065 20
3.57002e+06 0.0675 20
3.58608e+06 0.07 20
3.63567e+06 0.0725 20
3.59441e+06 0.075 20
3.37091e+06 0.0775 20
2.94616e+06 0.08 20
2.37611e+06 0.0825 20
1.7612e+06 0.085 20
1.20169e+06 0.0875 20
760961 0.09 20
451808 0.0925 20
248113 0.095 20
112760 0.0975 20
26385.1 0.1 20
1565.24 0.1025 20
80591.8 0.105 20
300539 0.1075 20
610293 0.11 20
951662 0.1125 20
1.23836e+06 0.115 20
1.2809e+06 0.1175 20
1.10081e+06 0.12 20
782003 0.1225 20
384781 0.125 20
104679 0.1275 20
102304 0.13 20
285461 0.1325 20
606620 0.135 20
910827 0.1375 20
962838 0.14 20
901345 0.1425 20
670714 0.145 20
523881 0.1475 20
439744 0.15 20
321681 0.1525 20
287881 0.155 20
319561 0.1575 20
671420 0.16 20
1.24652e+06 0.1625 20
2.20568e+06 0.165 20
3.37236e+06 0.1675 20
4.35918e+06 0.17 20
4.82256e+06 0.1725 20
4.89764e+06 0.175 20
4.16046e+06 0.1775 20
0 0.0025 21
0 0.005 21
0 0.0075 21
0 0.01 21
0 0.0125 21
0 0.015 21
0 0.0175 21
0 0.02 21
0 0.0225 21
0 0.025 21
0 0.0275 21
0 0.03 21
0 0.0325 21
0 0.035 21
0 0.0375 21
0 0.04 21
0 0.0425 21
0 0.045 21
0 0.0475 21
5385.11 0.05 21
9046.64 0.0525 21
21533.7 0.055 21
6981.41 0.0575 21
88744.4 0.06 21
163945 0.0625 21
131332 0.065 21
198352 0.0675 21
476306 0.07 21
631570 0.0725 21
592985 0.075 21
551520 0.0775 21
453597 0.08 21
578303 0.0825 21
473605 0.085 21
255191 0.0875 21
133185 0.09 21
346232 0.0925 21
763626 0.095 21
1.35003e+06 0.0975 21
2.1381e+06 0.1 21
3.28917e+06 0.1025 21
4.2862e+06 0.105 21
4.75398e+06 0.1075 21
5.05959e+06 0.11 21
5.11782e+06 0.1125 21
4.58662e+06 0.115 21
4.0352e+06 0.1175 21
3.4289e+06 0.12 21
2.78111e+06 0.1225 21
2.3223e+06 0.125 21
1.95926e+06 0.1275 21
1.85188e+06 0.13 21
2.02105e+06 0.1325 21
2.76894e+06 0.135 21
3.38248e+06 0.1375 21
3.89541e+06 0.14 21
4.3132e+06 0.1425 21
4.48009e+06 0.145 21
4.27996e+06 0.1475 21
3.76735e+06 0.15 21
2.92588e+06 0.1525 21
2.22968e+06 0.155 21
1.71647e+06 0.1575 21
1.29682e+06 0.16 21
518911 0.0025 22
1.99016e+06 0.005 22
4.17306e+06 0.0075 22
6.71481e+06 0.01 22
9.21e+06 0.0125 22
1.12628e+07 0.015 22
1.25411e+07 0.0175 22
1.28178e+07 0.02 22
1.2004e+07 0.0225 22
1.0177e+07 0.025 22
7.60151e+06 0.0275 22
4.72796e+06 0.03 22
2.13998e+06 0.0325 22
433394 0.035 22
37201.3 0.0375 22
1.03255e+06 0.04 22
3.05633e+06 0.0425 22
5.36649e+06 0.045 22
7.08374e+06 0.0475 22
7.53232e+06 0.05 22
6.53086e+06 0.0525 22
4.48298e+06 0.055 22
2.20311e+06 0.0575 22
547754 0.06 22
31438.7 0.0625 22
621346 0.065 22
1.80944e+06 0.0675 22
2.90832e+06 0.07 22
3.39806e+06 0.0725 22
3.13714e+06 0.075 22
2.34622e+06 0.0775 22
1.4134e+06 0.08 22
663204 0.0825 22
225735 0.085 22
52379.5 0.0875 22
22590.1 0.09 22
42797.4 0.0925 22
74287.1 0.095 22
101510 0.0975 22
100868 0.1 22
55731.5 0.1025 22
5041.71 0.105 22
66296.8 0.1075 22
384038 0.11 22
1.01785e+06 0.1125 22
1.84791e+06 0.115 22
2.5841e+06 0.1175 22
2.90483e+06 0.12 22
2.65113e+06 0.1225 22
1.94114e+06 0.125 22
1.14215e+06 0.1275 22
721956 0.13 22
842525 0.1325 22
1.42173e+06 0.135 22
2.3395e+06 0.1375 22
0 0.0025 23
0 0.005 23
0 0.0075 23
0 0.01 23
0 0.0125 23
0 0.015 23
0 0.0175 23
0 0.02 23
0 0.0225 23
0 0.025 23
0 0.0275 23
0 0.03 23
0 0.0325 23
0 0.035 23
0 0.0375 23
1724.98 0.04 23
14448.1 0.0425 23
4065.91 0.045 23
37233 0.0475 23
22852.1 0.05 23
35807.3 0.0525 23
38284.5 0.055 23
36881.2 0.0575 23
89651.5 0.06 23
208021 0.0625 23
488486 0.065 23
658783 0.0675 23
1.08288e+06 0.07 23
1.45157e+06 0.0725 23
2.03518e+06 0.075 23
2.30696e+06 0.0775 23
2.59983e+06 0.08 23
2.60024e+06 0.0825 23
2.5381e+06 0.085 23
2.02481e+06 0.0875 23
1.50864e+06 0.09 23
918967 0.0925 23
563896 0.095 23
391806 0.0975 23
669214 0.1 23
1.18323e+06 0.1025 23
