4.95088e+07 0.085 0
2.98752e+07 0.0875 0
1.10046e+07 0.09 0
958834 0.0925 0
1.34347e+06 0.095 0
7.68986e+06 0.0975 0
1.33419e+07 0.1 0
1.38962e+07 0.1025 0
9.41012e+06 0.105 0
3.44514e+06 0.1075 0
122525 0.11 0
1.37256e+06 0.1125 0
6.03432e+06 0.115 0
1.10151e+07 0.1175 0
1.34186e+07 0.12 0
1.21751e+07 0.1225 0
8.30305e+06 0.125 0
3.93328e+06 0.1275 0
931367 0.13 0
67.0799 0.1325 0
654911 0.135 0
1.81893e+06 0.1375 0
2.58601e+06 0.14 0
2.64599e+06 0.1425 0
2.20007e+06 0.145 0
1.54338e+06 0.1475 0
939007 0.15 0
602865 0.1525 0
623341 0.155 0
759920 0.1575 0
988394 0.16 0
1.42237e+06 0.1625 0
1.813e+06 0.165 0
2.19568e+06 0.1675 0
2.50738e+06 0.17 0
2.47485e+06 0.1725 0
2.35812e+06 0.175 0
1.7247e+06 0.1775 0
1.0773e+06 0.18 0
549265 0.1825 0
153123 0.185 0
177335 0.1875 0
381573 0.19 0
720770 0.1925 0
1.19157e+06 0.195 0
1.71077e+06 0.1975 0
2.13523e+06 0.2 0
2.51084e+06 0.2025 0
2.86844e+06 0.205 0
3.10853e+06 0.2075 0
2.99611e+06 0.21 0
2.85815e+06 0.2125 0
2.65882e+06 0.215 0
2.2583e+06 0.2175 0
1.61332e+06 0.22 0
1.16712e+06 0.2225 0
801338 0.225 0
663099 0.2275 0
705860 0.23 0
838618 0.2325 0
907841 0.235 0
1.01085e+06 0.2375 0
1.00202e+06 0.24 0
971174 0.2425 0
800833 0.245 0
567599 0.2475 0
409375 0.25 0
285056 0.2525 0
378724 0.255 0
582166 0.2575 0
797408 0.26 0
845219 0.2625 0
948368 0.265 0
803651 0.2675 0
678455 0.27 0
400740 0.2725 0
202163 0.275 0
59241.2 0.2775 0
7520.68 0.28 0
40660.1 0.2825 0
111304 0.285 0
194392 0.2875 0
246675 0.29 0
194756 0.2925 0
134402 0.295 0
73153.4 0.2975 0
36299.7 0.3 0
23680.7 0.3025 0
49811 0.305 0
104407 0.3075 0
148932 0.31 0
230000 0.3125 0
322186 0.315 0
970818 0.0825 1
1.07463e+06 0.085 1
1.37073e+06 0.0875 1
2.09282e+06 0.09 1
3.00944e+06 0.0925 1
3.46807e+06 0.095 1
4.01154e+06 0.0975 1
4.81494e+06 0.1 1
6.06404e+06 0.1025 1
6.97251e+06 0.105 1
7.39609e+06 0.1075 1
8.78539e+06 0.11 1
9.66164e+06 0.1125 1
9.23165e+06 0.115 1
9.32004e+06 0.1175 1
9.15937e+06 0.12 1
8.96049e+06 0.1225 1
9.76296e+06 0.125 1
1.01779e+07 0.1275 1
1.06834e+07 0.13 1
1.12654e+07 0.1325 1
1.21735e+07 0.135 1
1.24938e+07 0.1375 1
1.29101e+07 0.14 1
1.28872e+07 0.1425 1
1.23458e+07 0.145 1
1.09654e+07 0.1475 1
8.8867e+06 0.15 1
6.65714e+06 0.1525 1
4.67735e+06 0.155 1
3.34531e+06 0.1575 1
3.43518e+06 0.16 1
4.26181e+06 0.1625 1
5.94454e+06 0.165 1
7.58142e+06 0.1675 1
8.24396e+06 0.17 1
8.05581e+06 0.1725 1
7.24935e+06 0.175 1
5.90583e+06 0.1775 1
4.4201e+06 0.18 1
3.08873e+06 0.1825 1
2.16121e+06 0.185 1
1.67712e+06 0.1875 1
1.61577e+06 0.19 1
1.55952e+06 0.1925 1
1.64257e+06 0.195 1
1.72385e+06 0.1975 1
1.57868e+06 0.2 1
1.40869e+06 0.2025 1
1.27507e+06 0.205 1
986546 0.2075 1
760002 0.21 1
518826 0.2125 1
362916 0.215 1
296491 0.2175 1
208031 0.22 1
139381 0.2225 1
88658 0.225 1
159870 0.2275 1
268502 0.23 1
453006 0.2325 1
542867 0.235 1
645987 0.2375 1
619856 0.24 1
657647 0.2425 1
786450 0.245 1
934422 0.2475 1
1.08712e+06 0.25 1
1.20477e+06 0.2525 1
1.38365e+06 0.255 1
1.49585e+06 0.2575 1
1.41562e+06 0.26 1
1.14079e+06 0.2625 1
1.03386e+06 0.265 1
972147 0.2675 1
1.00781e+06 0.27 1
1.21381e+06 0.2725 1
1.4884e+06 0.275 1
1.7718e+06 0.2775 1
1.93923e+06 0.28 1
1.95578e+06 0.2825 1
1.81145e+06 0.285 1
1.51157e+06 0.2875 1
1.11991e+06 0.29 1
842080 0.2925 1
659331 0.295 1
700309 0.2975 1
847504 0.3 1
1.05879e+06 0.3025 1
1.25644e+06 0.305 1
1.42024e+06 0.3075 1
1.3605e+06 0.31 1
1.18772e+06 0.3125 1
998563 0.315 1
1.35046e+08 0.08 2
1.25211e+08 0.0825 2
1.02374e+08 0.085 2
7.16795e+07 0.0875 2
4.11564e+07 0.09 2
1.80631e+07 0.0925 2
5.02036e+06 0.095 2
832444 0.0975 2
1.68907e+06 0.1 2
3.58832e+06 0.1025 2
4.17777e+06 0.105 2
3.09988e+06 0.1075 2
1.51392e+06 0.11 2
706357 0.1125 2
695499 0.115 2
1.40042e+06 0.1175 2
2.07505e+06 0.12 2
2.1873e+06 0.1225 2
1.36734e+06 0.125 2
776676 0.1275 2
893658 0.13 2
2.13743e+06 0.1325 2
3.97151e+06 0.135 2
5.99716e+06 0.1375 2
7.43705e+06 0.14 2
7.86037e+06 0.1425 2
7.46258e+06 0.145 2
6.53592e+06 0.1475 2
5.75884e+06 0.15 2
5.3588e+06 0.1525 2
5.249e+06 0.155 2
5.59141e+06 0.1575 2
5.4281e+06 0.16 2
5.34743e+06 0.1625 2
5.25268e+06 0.165 2
4.51153e+06 0.1675 2
3.18055e+06 0.17 2
1.92631e+06 0.1725 2
1.0598e+06 0.175 2
475912 0.1775 2
442928 0.18 2
547218 0.1825 2
958550 0.185 2
1.60871e+06 0.1875 2
1.78815e+06 0.19 2
1.91723e+06 0.1925 2
1.69531e+06 0.195 2
1.61703e+06 0.1975 2
1.53363e+06 0.2 2
1.67859e+06 0.2025 2
2.02503e+06 0.205 2
2.53114e+06 0.2075 2
3.27369e+06 0.21 2
3.41155e+06 0.2125 2
3.59643e+06 0.215 2
3.42989e+06 0.2175 2
3.08121e+06 0.22 2
2.70995e+06 0.2225 2
2.3071e+06 0.225 2
2.1523e+06 0.2275 2
2.16761e+06 0.23 2
2.21423e+06 0.2325 2
2.18008e+06 0.235 2
2.12514e+06 0.2375 2
1.97528e+06 0.24 2
1.7181e+06 0.2425 2
1.53449e+06 0.245 2
1.39015e+06 0.2475 2
1.39936e+06 0.25 2
1.47781e+06 0.2525 2
1.48267e+06 0.255 2
1.43981e+06 0.2575 2
1.35738e+06 0.26 2
1.2548e+06 0.2625 2
1.07353e+06 0.265 2
875921 0.2675 2
614978 0.27 2
438377 0.2725 2
312472 0.275 2
296616 0.2775 2
340135 0.28 2
461181 0.2825 2
634757 0.285 2
934394 0.2875 2
1.24629e+06 0.29 2
1.57281e+06 0.2925 2
1.87021e+06 0.295 2
2.0495e+06 0.2975 2
2.0611e+06 0.3 2
1.93853e+06 0.3025 2
1.66531e+06 0.305 2
1.45468e+06 0.3075 2
1.3131e+06 0.31 2
1.22261e+06 0.3125 2
1.20386e+06 0.315 2
7.79721e+06 0.075 3
5.13159e+06 0.0775 3
3.26705e+06 0.08 3
1.98525e+06 0.0825 3
1.16834e+06 0.085 3
725621 0.0875 3
512524 0.09 3
347988 0.0925 3
138223 0.095 3
7889.73 0.0975 3
310211 0.1 3
1.46285e+06 0.1025 3
3.68415e+06 0.105 3
6.79037e+06 0.1075 3
1.01927e+07 0.11 3
1.3113e+07 0.1125 3
1.49023e+07 0.115 3
1.52938e+07 0.1175 3
1.44161e+07 0.12 3
1.27317e+07 0.1225 3
1.05969e+07 0.125 3
8.48813e+06 0.1275 3
6.5214e+06 0.13 3
4.78068e+06 0.1325 3
3.71708e+06 0.135 3
2.99785e+06 0.1375 3
2.94307e+06 0.14 3
3.24802e+06 0.1425 3
4.03017e+06 0.145 3
4.20275e+06 0.1475 3
4.68299e+06 0.15 3
3.79136e+06 0.1525 3
2.53701e+06 0.155 3
1.31457e+06 0.1575 3
419216 0.16 3
321319 0.1625 3
732489 0.165 3
1.70144e+06 0.1675 3
2.62982e+06 0.17 3
3.14971e+06 0.1725 3
3.7228e+06 0.175 3
3.65726e+06 0.1775 3
3.28195e+06 0.18 3
3.24176e+06 0.1825 3
3.03742e+06 0.185 3
2.77715e+06 0.1875 3
2.58189e+06 0.19 3
2.53476e+06 0.1925 3
2.45693e+06 0.195 3
2.42271e+06 0.1975 3
2.4786e+06 0.2 3
2.31456e+06 0.2025 3
2.28043e+06 0.205 3
2.23021e+06 0.2075 3
2.41126e+06 0.21 3
2.28774e+06 0.2125 3
2.25578e+06 0.215 3
2.23509e+06 0.2175 3
2.08575e+06 0.22 3
2.0056e+06 0.2225 3
2.17035e+06 0.225 3
2.29551e+06 0.2275 3
2.29611e+06 0.23 3
1.94528e+06 0.2325 3
1.43158e+06 0.235 3
942984 0.2375 3
558593 0.24 3
607020 0.2425 3
837785 0.245 3
1.2484e+06 0.2475 3
1.56756e+06 0.25 3
1.64898e+06 0.2525 3
1.45106e+06 0.255 3
1.08002e+06 0.2575 3
729308 0.26 3
466589 0.2625 3
469728 0.265 3
612989 0.2675 3
854146 0.27 3
1.23844e+06 0.2725 3
1.735e+06 0.275 3
2.28696e+06 0.2775 3
2.97715e+06 0.28 3
3.42381e+06 0.2825 3
4.05317e+06 0.285 3
4.35733e+06 0.2875 3
4.21411e+06 0.29 3
3.82748e+06 0.2925 3
3.11325e+06 0.295 3
2.31269e+06 0.2975 3
1.50042e+06 0.3 3
937564 0.3025 3
598076 0.305 3
592637 0.3075 3
815854 0.31 3
1.13042e+06 0.3125 3
1.43644e+06 0.315 3
260332 0.0675 4
367616 0.07 4
910144 0.0725 4
2.34049e+06 0.075 4
4.7622e+06 0.0775 4
7.96931e+06 0.08 4
1.10466e+07 0.0825 4
1.59106e+07 0.085 4
2.02732e+07 0.0875 4
2.54348e+07 0.09 4
3.00024e+07 0.0925 4
3.26488e+07 0.095 4
3.41332e+07 0.0975 4
3.40837e+07 0.1 4
3.16741e+07 0.1025 4
2.72953e+07 0.105 4
2.25341e+07 0.1075 4
1.68429e+07 0.11 4
1.26319e+07 0.1125 4
1.01078e+07 0.115 4
9.42701e+06 0.1175 4
1.03261e+07 0.12 4
1.20299e+07 0.1225 4
1.5184e+07 0.125 4
1.76273e+07 0.1275 4
1.94737e+07 0.13 4
1.96364e+07 0.1325 4
1.82077e+07 0.135 4
1.5773e+07 0.1375 4
1.21532e+07 0.14 4
8.98925e+06 0.1425 4
5.89857e+06 0.145 4
3.35214e+06 0.1475 4
1.83558e+06 0.15 4
1.01692e+06 0.1525 4
868566 0.155 4
1.12495e+06 0.1575 4
1.43759e+06 0.16 4
1.90385e+06 0.1625 4
2.14194e+06 0.165 4
2.35883e+06 0.1675 4
2.38013e+06 0.17 4
2.37598e+06 0.1725 4
2.23222e+06 0.175 4
1.94639e+06 0.1775 4
1.60021e+06 0.18 4
1.07979e+06 0.1825 4
609354 0.185 4
300558 0.1875 4
369724 0.19 4
736643 0.1925 4
1.52428e+06 0.195 4
2.4719e+06 0.1975 4
3.23517e+06 0.2 4
3.665e+06 0.2025 4
3.95777e+06 0.205 4
4.05934e+06 0.2075 4
4.06691e+06 0.21 4
4.09373e+06 0.2125 4
4.17347e+06 0.215 4
4.29938e+06 0.2175 4
4.39676e+06 0.22 4
4.22628e+06 0.2225 4
3.87968e+06 0.225 4
3.28162e+06 0.2275 4
2.55397e+06 0.23 4
1.81276e+06 0.2325 4
1.35556e+06 0.235 4
1.11824e+06 0.2375 4
1.14815e+06 0.24 4
1.36341e+06 0.2425 4
1.58283e+06 0.245 4
1.57319e+06 0.2475 4
1.44089e+06 0.25 4
1.20437e+06 0.2525 4
871152 0.255 4
532340 0.2575 4
473716 0.26 4
663186 0.2625 4
972061 0.265 4
1.38593e+06 0.2675 4
1.75821e+06 0.27 4
2.01133e+06 0.2725 4
2.1603e+06 0.275 4
2.00757e+06 0.2775 4
1.78896e+06 0.28 4
1.47733e+06 0.2825 4
1.18624e+06 0.285 4
951516 0.2875 4
780003 0.29 4
641865 0.2925 4
608727 0.295 4
687390 0.2975 4
863798 0.3 4
1.05764e+06 0.3025 4
1.17312e+06 0.305 4
1.21561e+06 0.3075 4
1.08256e+06 0.31 4
883634 0.3125 4
2.04972e+06 0.055 5
695959 0.0575 5
90792.2 0.06 5
451175 0.0625 5
1.62596e+06 0.065 5
3.15046e+06 0.0675 5
4.43993e+06 0.07 5
5.03216e+06 0.0725 5
4.76431e+06 0.075 5
3.80507e+06 0.0775 5
2.53867e+06 0.08 5
1.37147e+06 0.0825 5
564271 0.085 5
167988 0.0875 5
75844.8 0.09 5
139839 0.0925 5
271306 0.095 5
467445 0.0975 5
760763 0.1 5
1.14023e+06 0.1025 5
1.50921e+06 0.105 5
1.71708e+06 0.1075 5
1.64805e+06 0.11 5
1.32297e+06 0.1125 5
878011 0.115 5
498949 0.1175 5
416934 0.12 5
749587 0.1225 5
1.18513e+06 0.125 5
1.68333e+06 0.1275 5
1.92981e+06 0.13 5
1.83448e+06 0.1325 5
1.57267e+06 0.135 5
1.66477e+06 0.1375 5
2.00971e+06 0.14 5
2.50578e+06 0.1425 5
2.86603e+06 0.145 5
3.37231e+06 0.1475 5
3.30101e+06 0.15 5
2.79371e+06 0.1525 5
2.00644e+06 0.155 5
1.76116e+06 0.1575 5
1.84959e+06 0.16 5
2.46087e+06 0.1625 5
3.01246e+06 0.165 5
3.44712e+06 0.1675 5
3.42648e+06 0.17 5
3.32054e+06 0.1725 5
3.12992e+06 0.175 5
3.4984e+06 0.1775 5
3.7553e+06 0.18 5
4.4489e+06 0.1825 5
4.82247e+06 0.185 5
4.60517e+06 0.1875 5
4.26753e+06 0.19 5
3.11636e+06 0.1925 5
2.24776e+06 0.195 5
1.81728e+06 0.1975 5
1.48071e+06 0.2 5
1.15358e+06 0.2025 5
934480 0.205 5
671033 0.2075 5
456148 0.21 5
433419 0.2125 5
770916 0.215 5
1.54974e+06 0.2175 5
2.46335e+06 0.22 5
3.09007e+06 0.2225 5
3.2813e+06 0.225 5
3.03481e+06 0.2275 5
2.45725e+06 0.23 5
2.05214e+06 0.2325 5
1.59551e+06 0.235 5
1.20992e+06 0.2375 5
941984 0.24 5
753088 0.2425 5
617460 0.245 5
571961 0.2475 5
751123 0.25 5
1.20658e+06 0.2525 5
1.84555e+06 0.255 5
2.39203e+06 0.2575 5
2.82618e+06 0.26 5
3.06583e+06 0.2625 5
3.29052e+06 0.265 5
3.31799e+06 0.2675 5
3.41439e+06 0.27 5
3.6931e+06 0.2725 5
3.66464e+06 0.275 5
3.51236e+06 0.2775 5
3.20245e+06 0.28 5
2.80982e+06 0.2825 5
2.48071e+06 0.285 5
2.28018e+06 0.2875 5
2.16895e+06 0.29 5
2.0859e+06 0.2925 5
1.93102e+06 0.295 5
1.64248e+06 0.2975 5
1.23437e+06 0.3 5
823006 0.3025 5
543930 0.305 5
469857 0.3075 5
587757 0.31 5
573130 0.035 6
697815 0.0375 6
842381 0.04 6
997789 0.0425 6
1.0984e+06 0.045 6
1.34691e+06 0.0475 6
1.66345e+06 0.05 6
2.61296e+06 0.0525 6
3.68587e+06 0.055 6
4.86948e+06 0.0575 6
6.18324e+06 0.06 6
7.30202e+06 0.0625 6
7.95836e+06 0.065 6
8.12128e+06 0.0675 6
7.72587e+06 0.07 6
6.83098e+06 0.0725 6
5.88667e+06 0.075 6
5.06889e+06 0.0775 6
4.43763e+06 0.08 6
3.91441e+06 0.0825 6
3.36153e+06 0.085 6
2.68802e+06 0.0875 6
1.91834e+06 0.09 6
1.18373e+06 0.0925 6
644408 0.095 6
393355 0.0975 6
402702 0.1 6
554175 0.1025 6
700802 0.105 6
751401 0.1075 6
739101 0.11 6
604191 0.1125 6
559231 0.115 6
620129 0.1175 6
581996 0.12 6
922080 0.1225 6
1.27695e+06 0.125 6
1.62529e+06 0.1275 6
2.17172e+06 0.13 6
3.0455e+06 0.1325 6
4.18266e+06 0.135 6
5.19733e+06 0.1375 6
5.71179e+06 0.14 6
5.53149e+06 0.1425 6
4.63451e+06 0.145 6
3.423e+06 0.1475 6
2.51747e+06 0.15 6
2.08019e+06 0.1525 6
2.10167e+06 0.155 6
2.14843e+06 0.1575 6
2.12883e+06 0.16 6
2.11457e+06 0.1625 6
1.7561e+06 0.165 6
1.52814e+06 0.1675 6
1.44235e+06 0.17 6
1.57272e+06 0.1725 6
2.04652e+06 0.175 6
2.76607e+06 0.1775 6
3.53075e+06 0.18 6
3.76472e+06 0.1825 6
3.84081e+06 0.185 6
3.42145e+06 0.1875 6
2.66833e+06 0.19 6
2.30347e+06 0.1925 6
1.8075e+06 0.195 6
1.61938e+06 0.1975 6
1.60875e+06 0.2 6
1.96484e+06 0.2025 6
2.22648e+06 0.205 6
2.42516e+06 0.2075 6
2.57962e+06 0.21 6
2.49722e+06 0.2125 6
2.47395e+06 0.215 6
2.30974e+06 0.2175 6
2.25216e+06 0.22 6
2.29422e+06 0.2225 6
2.5109e+06 0.225 6
2.62039e+06 0.2275 6
2.68169e+06 0.23 6
2.55315e+06 0.2325 6
2.12945e+06 0.235 6
1.6662e+06 0.2375 6
1.1355e+06 0.24 6
764603 0.2425 6
541137 0.245 6
452707 0.2475 6
458660 0.25 6
488137 0.2525 6
554943 0.255 6
563030 0.2575 6
582539 0.26 6
556390 0.2625 6
552531 0.265 6
502850 0.2675 6
492527 0.27 6
498663 0.2725 6
539449 0.275 6
591509 0.2775 6
680550 0.28 6
786303 0.2825 6
940250 0.285 6
985226 0.2875 6
873915 0.29 6
744816 0.2925 6
576322 0.295 6
374396 0.2975 6
343439 0.3 6
459341 0.3025 6
792151 0.305 6
1.17006e+06 0.3075 6
0 0.0125 7
0 0.015 7
0 0.0175 7
0 0.02 7
0 0.0225 7
0 0.025 7
0 0.0275 7
0 0.03 7
0 0.0325 7
0 0.035 7
0 0.0375 7
0 0.04 7
0 0.0425 7
0 0.045 7
0 0.0475 7
11640.6 0.05 7
23613.1 0.0525 7
111706 0.055 7
290091 0.0575 7
876696 0.06 7
1.48367e+06 0.0625 7
1.77208e+06 0.065 7
2.67409e+06 0.0675 7
3.56444e+06 0.07 7
4.30961e+06 0.0725 7
4.64657e+06 0.075 7
4.89086e+06 0.0775 7
4.1866e+06 0.08 7
3.81871e+06 0.0825 7
3.24465e+06 0.085 7
2.4983e+06 0.0875 7
2.59805e+06 0.09 7
3.95155e+06 0.0925 7
5.5364e+06 0.095 7
7.36178e+06 0.0975 7
1.01686e+07 0.1 7
1.2816e+07 0.1025 7
1.47219e+07 0.105 7
1.60038e+07 0.1075 7
1.58593e+07 0.11 7
1.46013e+07 0.1125 7
1.31178e+07 0.115 7
1.0622e+07 0.1175 7
7.98308e+06 0.12 7
6.44453e+06 0.1225 7
4.95039e+06 0.125 7
3.69663e+06 0.1275 7
2.83679e+06 0.13 7
2.11272e+06 0.1325 7
1.81793e+06 0.135 7
1.6839e+06 0.1375 7
2.09407e+06 0.14 7
2.44455e+06 0.1425 7
3.01746e+06 0.145 7
3.74245e+06 0.1475 7
3.99616e+06 0.15 7
3.86843e+06 0.1525 7
3.56158e+06 0.155 7
2.96495e+06 0.1575 7
2.66693e+06 0.16 7
2.33392e+06 0.1625 7
2.18344e+06 0.165 7
2.02686e+06 0.1675 7
1.90382e+06 0.17 7
1.87912e+06 0.1725 7
1.85817e+06 0.175 7
1.94709e+06 0.1775 7
1.98664e+06 0.18 7
1.98613e+06 0.1825 7
1.82698e+06 0.185 7
1.65682e+06 0.1875 7
1.35445e+06 0.19 7
1.12214e+06 0.1925 7
930533 0.195 7
844005 0.1975 7
879938 0.2 7
1.02456e+06 0.2025 7
1.1743e+06 0.205 7
1.42535e+06 0.2075 7
1.58864e+06 0.21 7
1.69268e+06 0.2125 7
1.75433e+06 0.215 7
1.66144e+06 0.2175 7
1.68501e+06 0.22 7
1.67026e+06 0.2225 7
1.61543e+06 0.225 7
1.65948e+06 0.2275 7
1.70186e+06 0.23 7
1.58551e+06 0.2325 7
1.5495e+06 0.235 7
1.42783e+06 0.2375 7
1.28539e+06 0.24 7
1.25345e+06 0.2425 7
1.30944e+06 0.245 7
1.34434e+06 0.2475 7
1.43029e+06 0.25 7
1.58497e+06 0.2525 7
1.85977e+06 0.255 7
2.13092e+06 0.2575 7
2.33162e+06 0.26 7
2.51593e+06 0.2625 7
2.56989e+06 0.265 7
2.4715e+06 0.2675 7
2.15741e+06 0.27 7
1.79953e+06 0.2725 7
1.46138e+06 0.275 7
1.37403e+06 0.2775 7
1.42439e+06 0.28 7
1.54682e+06 0.2825 7
1.7431e+06 0.285 7
1.77268e+06 0.2875 7
1.56163e+06 0.29 7
1.27353e+06 0.2925 7
946553 0.295 7
857200 0.2975 7
1.1378e+06 0.3 7
1.73593e+06 0.3025 7
2.47853e+06 0.305 7
1.43629e+07 0.01 8
1.6537e+07 0.0125 8
1.74564e+07 0.015 8
1.84982e+07 0.0175 8
2.09851e+07 0.02 8
2.52372e+07 0.0225 8
3.01882e+07 0.025 8
3.38079e+07 0.0275 8
3.41143e+07 0.03 8
3.02242e+07 0.0325 8
2.28722e+07 0.035 8
1.41216e+07 0.0375 8
6.43371e+06 0.04 8
1.59529e+06 0.0425 8
50513.9 0.045 8
932743 0.0475 8
2.70229e+06 0.05 8
3.99022e+06 0.0525 8
4.19002e+06 0.055 8
3.53549e+06 0.0575 8
2.71942e+06 0.06 8
2.35115e+06 0.0625 8
2.59219e+06 0.065 8
3.14942e+06 0.0675 8
3.56266e+06 0.07 8
3.55386e+06 0.0725 8
3.20075e+06 0.075 8
2.84197e+06 0.0775 8
2.80615e+06 0.08 8
3.16402e+06 0.0825 8
3.67052e+06 0.085 8
3.92775e+06 0.0875 8
3.65393e+06 0.09 8
2.88116e+06 0.0925 8
1.95794e+06 0.095 8
1.35783e+06 0.0975 8
1.41182e+06 0.1 8
2.12036e+06 0.1025 8
3.14618e+06 0.105 8
3.9835e+06 0.1075 8
4.20623e+06 0.11 8
3.66682e+06 0.1125 8
2.55459e+06 0.115 8
1.29869e+06 0.1175 8
372340 0.12 8
90682.1 0.1225 8
486965 0.125 8
1.3131e+06 0.1275 8
2.1703e+06 0.13 8
2.65139e+06 0.1325 8
2.57019e+06 0.135 8
1.96206e+06 0.1375 8
1.16711e+06 0.14 8
493015 0.1425 8
499674 0.145 8
896511 0.1475 8
1.65104e+06 0.15 8
2.50134e+06 0.1525 8
2.94354e+06 0.155 8
2.86292e+06 0.1575 8
2.33783e+06 0.16 8
1.76016e+06 0.1625 8
1.24771e+06 0.165 8
1.21877e+06 0.1675 8
1.44642e+06 0.17 8
1.61208e+06 0.1725 8
1.72254e+06 0.175 8
1.62228e+06 0.1775 8
1.54462e+06 0.18 8
1.19632e+06 0.1825 8
1.04507e+06 0.185 8
1.08632e+06 0.1875 8
1.23551e+06 0.19 8
1.28198e+06 0.1925 8
1.34877e+06 0.195 8
1.22061e+06 0.1975 8
1.22966e+06 0.2 8
1.33557e+06 0.2025 8
1.56513e+06 0.205 8
1.90632e+06 0.2075 8
2.16916e+06 0.21 8
2.19769e+06 0.2125 8
2.33837e+06 0.215 8
2.47184e+06 0.2175 8
2.35503e+06 0.22 8
2.21525e+06 0.2225 8
1.89842e+06 0.225 8
1.61843e+06 0.2275 8
1.77306e+06 0.23 8
1.87187e+06 0.2325 8
2.05351e+06 0.235 8
2.18886e+06 0.2375 8
2.3006e+06 0.24 8
2.6283e+06 0.2425 8
2.39823e+06 0.245 8
2.36573e+06 0.2475 8
2.12781e+06 0.25 8
2.07968e+06 0.2525 8
2.1471e+06 0.255 8
2.09938e+06 0.2575 8
1.95521e+06 0.26 8
1.76017e+06 0.2625 8
1.51386e+06 0.265 8
1.32586e+06 0.2675 8
1.21255e+06 0.27 8
1.26733e+06 0.2725 8
1.49618e+06 0.275 8
1.88862e+06 0.2775 8
2.24952e+06 0.28 8
2.49174e+06 0.2825 8
2.37952e+06 0.285 8
2.14342e+06 0.2875 8
1.87982e+06 0.29 8
1.60797e+06 0.2925 8
1.41117e+06 0.295 8
1.36358e+06 0.2975 8
0 0.01 9
0 0.0125 9
0 0.015 9
0 0.0175 9
0 0.02 9
0 0.0225 9
0 0.025 9
0 0.0275 9
0 0.03 9
0 0.0325 9
0 0.035 9
14111.6 0.0375 9
8873.47 0.04 9
87793.4 0.0425 9
337628 0.045 9
487378 0.0475 9
381797 0.05 9
720593 0.0525 9
986934 0.055 9
1.41607e+06 0.0575 9
1.71947e+06 0.06 9
1.5793e+06 0.0625 9
1.37578e+06 0.065 9
883359 0.0675 9
559445 0.07 9
315303 0.0725 9
149493 0.075 9
74986.3 0.0775 9
246758 0.08 9
725135 0.0825 9
1.09924e+06 0.085 9
1.37167e+06 0.0875 9
1.5017e+06 0.09 9
1.24161e+06 0.0925 9
704504 0.095 9
375577 0.0975 9
494095 0.1 9
830551 0.1025 9
1.99726e+06 0.105 9
3.42433e+06 0.1075 9
4.73877e+06 0.11 9
5.69397e+06 0.1125 9
6.03972e+06 0.115 9
5.99547e+06 0.1175 9
5.17853e+06 0.12 9
4.45611e+06 0.1225 9
3.65156e+06 0.125 9
2.93682e+06 0.1275 9
2.404e+06 0.13 9
1.63751e+06 0.1325 9
1.17723e+06 0.135 9
684247 0.1375 9
380874 0.14 9
227684 0.1425 9
372832 0.145 9
792993 0.1475 9
1.20582e+06 0.15 9
1.80823e+06 0.1525 9
2.27433e+06 0.155 9
2.79659e+06 0.1575 9
3.69666e+06 0.16 9
4.48219e+06 0.1625 9
5.36464e+06 0.165 9
5.97472e+06 0.1675 9
6.1415e+06 0.17 9
6.31196e+06 0.1725 9
5.74815e+06 0.175 9
5.07198e+06 0.1775 9
4.20865e+06 0.18 9
3.69757e+06 0.1825 9
3.53068e+06 0.185 9
3.98174e+06 0.1875 9
4.92404e+06 0.19 9
5.94345e+06 0.1925 9
6.56948e+06 0.195 9
6.40796e+06 0.1975 9
5.43829e+06 0.2 9
3.89291e+06 0.2025 9
2.39363e+06 0.205 9
1.37386e+06 0.2075 9
1.20314e+06 0.21 9
2.03898e+06 0.2125 9
3.35832e+06 0.215 9
4.61361e+06 0.2175 9
5.37734e+06 0.22 9
5.62528e+06 0.2225 9
5.29873e+06 0.225 9
4.80348e+06 0.2275 9
4.15409e+06 0.23 9
4.06969e+06 0.2325 9
3.75481e+06 0.235 9
3.88566e+06 0.2375 9
3.58396e+06 0.24 9
3.2368e+06 0.2425 9
2.85245e+06 0.245 9
2.45074e+06 0.2475 9
2.20435e+06 0.25 9
2.19412e+06 0.2525 9
2.00447e+06 0.255 9
1.79564e+06 0.2575 9
1.5148e+06 0.26 9
1.19337e+06 0.2625 9
907387 0.265 9
859466 0.2675 9
1.09934e+06 0.27 9
1.49834e+06 0.2725 9
2.1071e+06 0.275 9
2.52761e+06 0.2775 9
2.80781e+06 0.28 9
2.81294e+06 0.2825 9
2.56845e+06 0.285 9
2.10749e+06 0.2875 9
1.64055e+06 0.29 9
1.21845e+06 0.2925 9
0 0.01 10
0 0.0125 10
0 0.015 10
0 0.0175 10
0 0.02 10
0 0.0225 10
0 0.025 10
0 0.0275 10
0 0.03 10
11763 0.0325 10
13393.9 0.035 10
30415.5 0.0375 10
96804.3 0.04 10
157038 0.0425 10
323575 0.045 10
411194 0.0475 10
515934 0.05 10
911590 0.0525 10
1.16387e+06 0.055 10
1.15266e+06 0.0575 10
1.16624e+06 0.06 10
1.23925e+06 0.0625 10
1.22088e+06 0.065 10
694078 0.0675 10
271192 0.07 10
90296 0.0725 10
303050 0.075 10
867194 0.0775 10
1.82581e+06 0.08 10
2.91457e+06 0.0825 10
3.89609e+06 0.085 10
4.10643e+06 0.0875 10
4.42099e+06 0.09 10
4.24708e+06 0.0925 10
3.91482e+06 0.095 10
4.38904e+06 0.0975 10
5.34173e+06 0.1 10
6.59837e+06 0.1025 10
8.2286e+06 0.105 10
9.52288e+06 0.1075 10
9.8183e+06 0.11 10
9.33117e+06 0.1125 10
8.14239e+06 0.115 10
6.00693e+06 0.1175 10
4.29204e+06 0.12 10
2.84248e+06 0.1225 10
2.12023e+06 0.125 10
1.87936e+06 0.1275 10
1.76048e+06 0.13 10
1.92514e+06 0.1325 10
1.62622e+06 0.135 10
1.36847e+06 0.1375 10
1.1345e+06 0.14 10
1.19207e+06 0.1425 10
1.59821e+06 0.145 10
2.09685e+06 0.1475 10
2.53006e+06 0.15 10
2.83392e+06 0.1525 10
3.04217e+06 0.155 10
2.89356e+06 0.1575 10
2.6715e+06 0.16 10
2.37416e+06 0.1625 10
2.26186e+06 0.165 10
1.89566e+06 0.1675 10
1.44167e+06 0.17 10
958484 0.1725 10
433787 0.175 10
207753 0.1775 10
130302 0.18 10
273321 0.1825 10
663934 0.185 10
1.01619e+06 0.1875 10
1.2403e+06 0.19 10
1.46952e+06 0.1925 10
1.54111e+06 0.195 10
1.59739e+06 0.1975 10
1.64381e+06 0.2 10
1.71411e+06 0.2025 10
2.06315e+06 0.205 10
2.23027e+06 0.2075 10
2.37936e+06 0.21 10
2.43914e+06 0.2125 10
2.22067e+06 0.215 10
1.98168e+06 0.2175 10
1.72465e+06 0.22 10
1.48633e+06 0.2225 10
1.41086e+06 0.225 10
1.35649e+06 0.2275 10
1.33195e+06 0.23 10
1.39157e+06 0.2325 10
1.40621e+06 0.235 10
1.3763e+06 0.2375 10
1.28645e+06 0.24 10
1.14595e+06 0.2425 10
1.01427e+06 0.245 10
1.05943e+06 0.2475 10
1.08376e+06 0.25 10
1.16532e+06 0.2525 10
1.23125e+06 0.255 10
1.37239e+06 0.2575 10
1.53444e+06 0.26 10
1.55737e+06 0.2625 10
1.52548e+06 0.265 10
1.42267e+06 0.2675 10
1.36412e+06 0.27 10
1.35098e+06 0.2725 10
1.27207e+06 0.275 10
1.11897e+06 0.2775 10
906855 0.28 10
686811 0.2825 10
559019 0.285 10
461544 0.2875 10
961862 0.01 11
1.70008e+06 0.0125 11
2.31486e+06 0.015 11
2.49365e+06 0.0175 11
2.10277e+06 0.02 11
1.32391e+06 0.0225 11
623513 0.025 11
549360 0.0275 11
1.45124e+06 0.03 11
3.27348e+06 0.0325 11
5.53569e+06 0.035 11
7.5208e+06 0.0375 11
8.58202e+06 0.04 11
8.42018e+06 0.0425 11
7.20159e+06 0.045 11
5.46904e+06 0.0475 11
3.89909e+06 0.05 11
3.02451e+06 0.0525 11
3.0438e+06 0.055 11
3.78607e+06 0.0575 11
4.82309e+06 0.06 11
5.66064e+06 0.0625 11
5.92195e+06 0.065 11
5.45854e+06 0.0675 11
4.36638e+06 0.07 11
2.92567e+06 0.0725 11
1.50202e+06 0.075 11
444865 0.0775 11
5120.68 0.08 11
280227 0.0825 11
1.18996e+06 0.085 11
2.4876e+06 0.0875 11
3.8122e+06 0.09 11
4.78036e+06 0.0925 11
5.09994e+06 0.095 11
4.6706e+06 0.0975 11
3.62885e+06 0.1 11
2.30859e+06 0.1025 11
1.12117e+06 0.105 11
397541 0.1075 11
260325 0.11 11
586358 0.1125 11
1.08088e+06 0.115 11
1.42849e+06 0.1175 11
1.44439e+06 0.12 11
1.1474e+06 0.1225 11
723560 0.125 11
382975 0.1275 11
219123 0.13 11
238330 0.1325 11
265514 0.135 11
186566 0.1375 11
92128.4 0.14 11
196567 0.1425 11
625637 0.145 11
1.47573e+06 0.1475 11
2.5268e+06 0.15 11
3.36207e+06 0.1525 11
3.53965e+06 0.155 11
2.88616e+06 0.1575 11
1.66748e+06 0.16 11
744839 0.1625 11
594385 0.165 11
1.68659e+06 0.1675 11
3.78875e+06 0.17 11
6.25495e+06 0.1725 11
7.86424e+06 0.175 11
8.04529e+06 0.1775 11
6.97779e+06 0.18 11
4.84905e+06 0.1825 11
3.25815e+06 0.185 11
2.49889e+06 0.1875 11
3.16461e+06 0.19 11
4.30901e+06 0.1925 11
5.32885e+06 0.195 11
5.539e+06 0.1975 11
4.75655e+06 0.2 11
3.24863e+06 0.2025 11
1.77048e+06 0.205 11
768947 0.2075 11
471613 0.21 11
787720 0.2125 11
1.11945e+06 0.215 11
1.19349e+06 0.2175 11
1.06105e+06 0.22 11
972996 0.2225 11
1.02105e+06 0.225 11
1.45596e+06 0.2275 11
1.95958e+06 0.23 11
2.52209e+06 0.2325 11
2.7689e+06 0.235 11
2.51183e+06 0.2375 11
1.90004e+06 0.24 11
1.33794e+06 0.2425 11
961012 0.245 11
964989 0.2475 11
1.18479e+06 0.25 11
1.45738e+06 0.2525 11
1.50739e+06 0.255 11
1.44988e+06 0.2575 11
1.31168e+06 0.26 11
1.03004e+06 0.2625 11
849677 0.265 11
725493 0.2675 11
697866 0.27 11
698300 0.2725 11
728595 0.275 11
798321 0.2775 11
909472 0.28 11
1.00166e+06 0.2825 11
0 0.01 12
0 0.0125 12
0 0.015 12
0 0.0175 12
0 0.02 12
0 0.0225 12
0 0.025 12
0 0.0275 12
0 0.03 12
0 0.0325 12
0 0.035 12
0 0.0375 12
0 0.04 12
0 0.0425 12
0 0.045 12
0 0.0475 12
0 0.05 12
0 0.0525 12
4237.09 0.055 12
7772.75 0.0575 12
33637.6 0.06 12
133440 0.0625 12
183707 0.065 12
302800 0.0675 12
384481 0.07 12
494128 0.0725 12
658742 0.075 12
923848 0.0775 12
1.01558e+06 0.08 12
1.09543e+06 0.0825 12
1.19172e+06 0.085 12
1.57261e+06 0.0875 12
1.62293e+06 0.09 12
1.6481e+06 0.0925 12
2.13605e+06 0.095 12
2.39962e+06 0.0975 12
2.61948e+06 0.1 12
2.64414e+06 0.1025 12
2.73599e+06 0.105 12
2.91796e+06 0.1075 12
2.79727e+06 0.11 12
2.69759e+06 0.1125 12
2.57301e+06 0.115 12
2.5576e+06 0.1175 12
2.6412e+06 0.12 12
2.56919e+06 0.1225 12
3.1104e+06 0.125 12
3.5836e+06 0.1275 12
4.21351e+06 0.13 12
4.83974e+06 0.1325 12
5.52829e+06 0.135 12
6.63603e+06 0.1375 12
6.97769e+06 0.14 12
7.07671e+06 0.1425 12
6.56613e+06 0.145 12
5.75274e+06 0.1475 12
4.8256e+06 0.15 12
3.77048e+06 0.1525 12
2.84345e+06 0.155 12
2.34767e+06 0.1575 12
1.9865e+06 0.16 12
1.77991e+06 0.1625 12
1.75267e+06 0.165 12
1.55844e+06 0.1675 12
1.23414e+06 0.17 12
1.04488e+06 0.1725 12
925428 0.175 12
1.01556e+06 0.1775 12
1.19791e+06 0.18 12
1.37636e+06 0.1825 12
1.35197e+06 0.185 12
1.25209e+06 0.1875 12
1.05634e+06 0.19 12
774459 0.1925 12
651555 0.195 12
742807 0.1975 12
1.04755e+06 0.2 12
1.42461e+06 0.2025 12
1.79077e+06 0.205 12
1.95217e+06 0.2075 12
1.90728e+06 0.21 12
1.67968e+06 0.2125 12
1.29368e+06 0.215 12
930218 0.2175 12
578125 0.22 12
337977 0.2225 12
195484 0.225 12
173062 0.2275 12
200573 0.23 12
302136 0.2325 12
465244 0.235 12
708056 0.2375 12
982658 0.24 12
1.13827e+06 0.2425 12
1.20105e+06 0.245 12
1.27388e+06 0.2475 12
1.31949e+06 0.25 12
1.20653e+06 0.2525 12
1.14939e+06 0.255 12
1.05237e+06 0.2575 12
994169 0.26 12
953392 0.2625 12
878501 0.265 12
756802 0.2675 12
603793 0.27 12
494353 0.2725 12
447584 0.275 12
0 0.01 13
0 0.0125 13
0 0.015 13
33772.5 0.0175 13
52855.9 0.02 13
215832 0.0225 13
428580 0.025 13
702320 0.0275 13
976499 0.03 13
1.40165e+06 0.0325 13
1.84807e+06 0.035 13
2.11062e+06 0.0375 13
2.13221e+06 0.04 13
1.87314e+06 0.0425 13
1.42416e+06 0.045 13
1.09652e+06 0.0475 13
895759 0.05 13
928407 0.0525 13
950793 0.055 13
938595 0.0575 13
826666 0.06 13
616362 0.0625 13
372670 0.065 13
187961 0.0675 13
136434 0.07 13
246363 0.0725 13
500670 0.075 13
854638 0.0775 13
1.24992e+06 0.08 13
1.61383e+06 0.0825 13
1.85385e+06 0.085 13
1.87039e+06 0.0875 13
1.60225e+06 0.09 13
1.09079e+06 0.0925 13
520994 0.095 13
194366 0.0975 13
419665 0.1 13
1.35953e+06 0.1025 13
2.91089e+06 0.105 13
4.69646e+06 0.1075 13
6.19331e+06 0.11 13
6.94932e+06 0.1125 13
6.75247e+06 0.115 13
5.71691e+06 0.1175 13
4.37169e+06 0.12 13
3.17156e+06 0.1225 13
2.54675e+06 0.125 13
2.61448e+06 0.1275 13
3.21497e+06 0.13 13
4.1587e+06 0.1325 13
5.05344e+06 0.135 13
5.70589e+06 0.1375 13
5.90858e+06 0.14 13
6.21226e+06 0.1425 13
6.37296e+06 0.145 13
6.43429e+06 0.1475 13
6.23926e+06 0.15 13
5.57882e+06 0.1525 13
4.67102e+06 0.155 13
3.63975e+06 0.1575 13
2.80303e+06 0.16 13
1.93686e+06 0.1625 13
1.36956e+06 0.165 13
1.06695e+06 0.1675 13
836159 0.17 13
768341 0.1725 13
879735 0.175 13
1.14521e+06 0.1775 13
1.34911e+06 0.18 13
1.50345e+06 0.1825 13
1.4133e+06 0.185 13
1.06497e+06 0.1875 13
690879 0.19 13
357157 0.1925 13
269039 0.195 13
477779 0.1975 13
1.07119e+06 0.2 13
1.65755e+06 0.2025 13
2.14678e+06 0.205 13
2.42043e+06 0.2075 13
2.24354e+06 0.21 13
2.02124e+06 0.2125 13
1.7639e+06 0.215 13
1.57926e+06 0.2175 13
1.39093e+06 0.22 13
1.31434e+06 0.2225 13
1.37568e+06 0.225 13
1.39504e+06 0.2275 13
1.16396e+06 0.23 13
946548 0.2325 13
614216 0.235 13
327855 0.2375 13
211020 0.24 13
214696 0.2425 13
356745 0.245 13
552793 0.2475 13
814842 0.25 13
1.02666e+06 0.2525 13
1.16413e+06 0.255 13
1.15216e+06 0.2575 13
1.01895e+06 0.26 13
803037 0.2625 13
486207 0.265 13
318828 0.2675 13
35717.2 0.02 14
189248 0.0225 14
444382 0.025 14
774221 0.0275 14
1.28461e+06 0.03 14
1.98289e+06 0.0325 14
2.5964e+06 0.035 14
3.33725e+06 0.0375 14
3.37966e+06 0.04 14
3.30148e+06 0.0425 14
2.92203e+06 0.045 14
2.3559e+06 0.0475 14
1.80551e+06 0.05 14
1.37915e+06 0.0525 14
1.2439e+06 0.055 14
1.23189e+06 0.0575 14
1.30368e+06 0.06 14
1.3436e+06 0.0625 14
1.27395e+06 0.065 14
1.08445e+06 0.0675 14
824864 0.07 14
569816 0.0725 14
378291 0.075 14
269464 0.0775 14
224210 0.08 14
205888 0.0825 14
184579 0.085 14
150442 0.0875 14
111503 0.09 14
81879.5 0.0925 14
71409.4 0.095 14
84710.9 0.0975 14
129891 0.1 14
229974 0.1025 14
427801 0.105 14
789898 0.1075 14
1.3444e+06 0.11 14
2.16622e+06 0.1125 14
3.19298e+06 0.115 14
4.40815e+06 0.1175 14
5.63353e+06 0.12 14
6.38418e+06 0.1225 14
6.42966e+06 0.125 14
6.21519e+06 0.1275 14
5.50296e+06 0.13 14
4.4215e+06 0.1325 14
3.10819e+06 0.135 14
1.97252e+06 0.1375 14
1.29656e+06 0.14 14
917450 0.1425 14
1.04254e+06 0.145 14
1.53658e+06 0.1475 14
1.95502e+06 0.15 14
2.40202e+06 0.1525 14
2.64659e+06 0.155 14
2.87099e+06 0.1575 14
2.98265e+06 0.16 14
3.11951e+06 0.1625 14
3.0045e+06 0.165 14
2.68562e+06 0.1675 14
2.118e+06 0.17 14
1.59342e+06 0.1725 14
1.13241e+06 0.175 14
1.02062e+06 0.1775 14
1.16557e+06 0.18 14
1.54072e+06 0.1825 14
1.98596e+06 0.185 14
2.46399e+06 0.1875 14
2.67161e+06 0.19 14
2.46973e+06 0.1925 14
2.3678e+06 0.195 14
1.91123e+06 0.1975 14
1.71152e+06 0.2 14
1.31533e+06 0.2025 14
1.42478e+06 0.205 14
1.40914e+06 0.2075 14
1.38596e+06 0.21 14
1.27431e+06 0.2125 14
1.21279e+06 0.215 14
990537 0.2175 14
676941 0.22 14
448212 0.2225 14
290211 0.225 14
296259 0.2275 14
344187 0.23 14
530826 0.2325 14
729618 0.235 14
866119 0.2375 14
960441 0.24 14
895348 0.2425 14
740340 0.245 14
509085 0.2475 14
372375 0.25 14
385156 0.2525 14
488753 0.255 14
611848 0.2575 14
0 0.0125 15
0 0.015 15
0 0.0175 15
0 0.02 15
0 0.0225 15
0 0.025 15
0 0.0275 15
0 0.03 15
0 0.0325 15
0 0.035 15
0 0.0375 15
0 0.04 15
0 0.0425 15
0 0.045 15
0 0.0475 15
0 0.05 15
0 0.0525 15
7551.98 0.055 15
65308.7 0.0575 15
92539.9 0.06 15
358574 0.0625 15
512504 0.065 15
627062 0.0675 15
812136 0.07 15
1.10108e+06 0.0725 15
1.06566e+06 0.075 15
1.13428e+06 0.0775 15
1.15118e+06 0.08 15
1.03945e+06 0.0825 15
787792 0.085 15
502610 0.0875 15
322845 0.09 15
305246 0.0925 15
270166 0.095 15
338698 0.0975 15
584613 0.1 15
644568 0.1025 15
856571 0.105 15
1.17589e+06 0.1075 15
1.46842e+06 0.11 15
1.75177e+06 0.1125 15
2.19047e+06 0.115 15
2.85416e+06 0.1175 15
3.40176e+06 0.12 15
3.91113e+06 0.1225 15
3.96746e+06 0.125 15
3.62563e+06 0.1275 15
3.52799e+06 0.13 15
3.37108e+06 0.1325 15
3.42898e+06 0.135 15
3.81776e+06 0.1375 15
4.49405e+06 0.14 15
5.11547e+06 0.1425 15
5.61638e+06 0.145 15
6.04319e+06 0.1475 15
5.81946e+06 0.15 15
5.22415e+06 0.1525 15
4.17063e+06 0.155 15
3.03563e+06 0.1575 15
1.88803e+06 0.16 15
1.04555e+06 0.1625 15
581568 0.165 15
353500 0.1675 15
482667 0.17 15
753076 0.1725 15
1.09857e+06 0.175 15
1.45116e+06 0.1775 15
1.86276e+06 0.18 15
2.17632e+06 0.1825 15
2.36484e+06 0.185 15
2.27888e+06 0.1875 15
1.9582e+06 0.19 15
1.55219e+06 0.1925 15
976247 0.195 15
520685 0.1975 15
304092 0.2 15
401111 0.2025 15
812462 0.205 15
1.39764e+06 0.2075 15
2.00212e+06 0.21 15
2.51767e+06 0.2125 15
2.9137e+06 0.215 15
3.03069e+06 0.2175 15
2.96851e+06 0.22 15
2.75076e+06 0.2225 15
2.49176e+06 0.225 15
2.26073e+06 0.2275 15
2.05956e+06 0.23 15
1.89994e+06 0.2325 15
1.63861e+06 0.235 15
1.35373e+06 0.2375 15
1.03474e+06 0.24 15
728047 0.2425 15
483117 0.245 15
353901 0.2475 15
32184.6 0.0025 16
478007 0.005 16
2.13511e+06 0.0075 16
5.64899e+06 0.01 16
1.09245e+07 0.0125 16
1.69122e+07 0.015 16
2.19241e+07 0.0175 16
2.43336e+07 0.02 16
2.33032e+07 0.0225 16
1.9167e+07 0.025 16
1.32851e+07 0.0275 16
7.46037e+06 0.03 16
3.21897e+06 0.0325 16
1.29193e+06 0.035 16
1.49995e+06 0.0375 16
3.02303e+06 0.04 16
4.86155e+06 0.0425 16
6.2457e+06 0.045 16
6.83057e+06 0.0475 16
6.65616e+06 0.05 16
5.96816e+06 0.0525 16
5.03125e+06 0.055 16
4.0246e+06 0.0575 16
3.03418e+06 0.06 16
2.10007e+06 0.0625 16
1.26459e+06 0.065 16
590841 0.0675 16
151969 0.07 16
7649.15 0.0725 16
181662 0.075 16
644982 0.0775 16
1.30574e+06 0.08 16
2.0124e+06 0.0825 16
2.58002e+06 0.085 16
2.84213e+06 0.0875 16
2.71285e+06 0.09 16
2.22853e+06 0.0925 16
1.54077e+06 0.095 16
855679 0.0975 16
346418 0.1 16
84796 0.1025 16
28497.3 0.105 16
67705.9 0.1075 16
98988.1 0.11 16
79723.2 0.1125 16
32825.9 0.115 16
7246.2 0.1175 16
29493.4 0.12 16
85163 0.1225 16
146769 0.125 16
199185 0.1275 16
294876 0.13 16
492927 0.1325 16
853687 0.135 16
1.38924e+06 0.1375 16
1.80538e+06 0.14 16
2.17082e+06 0.1425 16
2.39481e+06 0.145 16
2.26134e+06 0.1475 16
2.04135e+06 0.15 16
1.95953e+06 0.1525 16
1.84776e+06 0.155 16
2.18164e+06 0.1575 16
2.33493e+06 0.16 16
2.48327e+06 0.1625 16
2.54766e+06 0.165 16
2.44396e+06 0.1675 16
2.11693e+06 0.17 16
1.87165e+06 0.1725 16
1.8572e+06 0.175 16
1.82513e+06 0.1775 16
1.72129e+06 0.18 16
1.46416e+06 0.1825 16
1.10352e+06 0.185 16
784682 0.1875 16
570627 0.19 16
470353 0.1925 16
651639 0.195 16
972719 0.1975 16
1.26476e+06 0.2 16
1.36086e+06 0.2025 16
1.47403e+06 0.205 16
1.32922e+06 0.2075 16
1.34971e+06 0.21 16
1.30984e+06 0.2125 16
1.28907e+06 0.215 16
1.1079e+06 0.2175 16
919779 0.22 16
590507 0.2225 16
323535 0.225 16
126520 0.2275 16
53904.2 0.23 16
90048.9 0.2325 16
224333 0.235 16
442034 0.2375 16
0 0.0025 17
0 0.005 17
0 0.0075 17
0 0.01 17
0 0.0125 17
0 0.015 17
0 0.0175 17
0 0.02 17
0 0.0225 17
0 0.025 17
0 0.0275 17
0 0.03 17
3343.7 0.0325 17
55216.7 0.035 17
159030 0.0375 17
131008 0.04 17
315912 0.0425 17
362861 0.045 17
473732 0.0475 17
304422 0.05 17
339775 0.0525 17
254125 0.055 17
181081 0.0575 17
36504.8 0.06 17
1227.32 0.0625 17
21563.4 0.065 17
103752 0.0675 17
249279 0.07 17
299640 0.0725 17
304780 0.075 17
242675 0.0775 17
156050 0.08 17
212645 0.0825 17
476239 0.085 17
1.06021e+06 0.0875 17
1.82135e+06 0.09 17
2.48544e+06 0.0925 17
3.05642e+06 0.095 17
3.25739e+06 0.0975 17
3.01665e+06 0.1 17
2.4555e+06 0.1025 17
1.84164e+06 0.105 17
1.38803e+06 0.1075 17
1.10726e+06 0.11 17
1.086e+06 0.1125 17
1.35244e+06 0.115 17
1.64469e+06 0.1175 17
1.95676e+06 0.12 17
2.29993e+06 0.1225 17
2.39458e+06 0.125 17
2.51166e+06 0.1275 17
2.79278e+06 0.13 17
2.69962e+06 0.1325 17
2.48739e+06 0.135 17
2.64401e+06 0.1375 17
2.59321e+06 0.14 17
2.63648e+06 0.1425 17
2.78274e+06 0.145 17
3.02368e+06 0.1475 17
3.09818e+06 0.15 17
2.9911e+06 0.1525 17
3.05992e+06 0.155 17
2.91024e+06 0.1575 17
2.98758e+06 0.16 17
3.31418e+06 0.1625 17
3.84098e+06 0.165 17
4.2397e+06 0.1675 17
4.42623e+06 0.17 17
4.10406e+06 0.1725 17
3.51746e+06 0.175 17
2.67709e+06 0.1775 17
1.79306e+06 0.18 17
1.12141e+06 0.1825 17
839829 0.185 17
746425 0.1875 17
893324 0.19 17
1.05003e+06 0.1925 17
1.09044e+06 0.195 17
1.05932e+06 0.1975 17
940017 0.2 17
710724 0.2025 17
455084 0.205 17
251401 0.2075 17
102070 0.21 17
44728.2 0.2125 17
68805.2 0.215 17
191476 0.2175 17
349946 0.22 17
535359 0.2225 17
752328 0.225 17
0 0.0025 18
0 0.005 18
0 0.0075 18
0 0.01 18
0 0.0125 18
0 0.015 18
0 0.0175 18
0 0.02 18
0 0.0225 18
0 0.025 18
0 0.0275 18
0 0.03 18
0 0.0325 18
0 0.035 18
671.909 0.0375 18
52.1918 0.04 18
27210.1 0.0425 18
110984 0.045 18
226605 0.0475 18
371569 0.05 18
524365 0.0525 18
926409 0.055 18
1.38139e+06 0.0575 18
1.48839e+06 0.06 18
1.77866e+06 0.0625 18
1.75363e+06 0.065 18
2.07422e+06 0.0675 18
2.07598e+06 0.07 18
2.08643e+06 0.0725 18
1.89952e+06 0.075 18
1.8614e+06 0.0775 18
1.79463e+06 0.08 18
2.05278e+06 0.0825 18
2.07246e+06 0.085 18
2.1468e+06 0.0875 18
2.15442e+06 0.09 18
2.0161e+06 0.0925 18
1.69921e+06 0.095 18
1.4782e+06 0.0975 18
1.49235e+06 0.1 18
1.73526e+06 0.1025 18
2.29259e+06 0.105 18
3.0991e+06 0.1075 18
3.85313e+06 0.11 18
4.20416e+06 0.1125 18
4.57149e+06 0.115 18
4.42471e+06 0.1175 18
3.80966e+06 0.12 18
3.14872e+06 0.1225 18
2.39963e+06 0.125 18
1.64564e+06 0.1275 18
1.08864e+06 0.13 18
657696 0.1325 18
479938 0.135 18
518060 0.1375 18
591976 0.14 18
711817 0.1425 18
820023 0.145 18
808728 0.1475 18
706969 0.15 18
595519 0.1525 18
384045 0.155 18
258255 0.1575 18
153918 0.16 18
80929.8 0.1625 18
113904 0.165 18
310231 0.1675 18
590416 0.17 18
901577 0.1725 18
1.24785e+06 0.175 18
1.44938e+06 0.1775 18
1.50049e+06 0.18 18
1.37196e+06 0.1825 18
1.08549e+06 0.185 18
735225 0.1875 18
435337 0.19 18
235627 0.1925 18
173016 0.195 18
171076 0.1975 18
189960 0.2 18
197829 0.2025 18
185535 0.205 18
129883 0.2075 18
137525 0.21 18
155190 0.2125 18
46199.7 0.0025 19
191217 0.005 19
450262 0.0075 19
835238 0.01 19
1.33675e+06 0.0125 19
1.90769e+06 0.015 19
2.46047e+06 0.0175 19
2.88707e+06 0.02 19
3.09937e+06 0.0225 19
3.07144e+06 0.025 19
2.85871e+06 0.0275 19
2.57741e+06 0.03 19
2.35011e+06 0.0325 19
2.24498e+06 0.035 19
2.24346e+06 0.0375 19
2.25549e+06 0.04 19
2.17384e+06 0.0425 19
1.93547e+06 0.045 19
1.55523e+06 0.0475 19
1.11557e+06 0.05 19
723271 0.0525 19
461527 0.055 19
363383 0.0575 19
414365 0.06 19
573202 0.0625 19
792827 0.065 19
1.03158e+06 0.0675 19
1.25716e+06 0.07 19
1.45127e+06 0.0725 19
1.61681e+06 0.075 19
1.77925e+06 0.0775 19
1.97153e+06 0.08 19
2.20277e+06 0.0825 19
2.42907e+06 0.085 19
2.55239e+06 0.0875 19
2.46242e+06 0.09 19
2.10731e+06 0.0925 19
1.55309e+06 0.095 19
988130 0.0975 19
655392 0.1 19
738913 0.1025 19
1.26326e+06 0.105 19
2.06389e+06 0.1075 19
2.8497e+06 0.11 19
3.32826e+06 0.1125 19
3.32951e+06 0.115 19
2.86669e+06 0.1175 19
2.11044e+06 0.12 19
1.29911e+06 0.1225 19
637779 0.125 19
234634 0.1275 19
92078.6 0.13 19
140866 0.1325 19
291699 0.135 19
460161 0.1375 19
597176 0.14 19
662226 0.1425 19
673914 0.145 19
634025 0.1475 19
598053 0.15 19
676938 0.1525 19
859331 0.155 19
997825 0.1575 19
1.17794e+06 0.16 19
1.327e+06 0.1625 19
1.30693e+06 0.165 19
1.09727e+06 0.1675 19
958996 0.17 19
925952 0.1725 19
982757 0.175 19
1.1037e+06 0.1775 19
1.37742e+06 0.18 19
1.70833e+06 0.1825 19
1.76786e+06 0.185 19
1.65435e+06 0.1875 19
1.45297e+06 0.19 19
1.16813e+06 0.1925 19
1.00909e+06 0.195 19
844437 0.1975 19
0 0.0025 20
0 0.005 20
0 0.0075 20
0 0.01 20
0 0.0125 20
0 0.015 20
0 0.0175 20
0 0.02 20
0 0.0225 20
0 0.025 20
0 0.0275 20
0 0.03 20
0 0.0325 20
0 0.035 20
0 0.0375 20
0 0.04 20
0 0.0425 20
0 0.045 20
0 0.0475 20
24550.8 0.05 20
40534.3 0.0525 20
40243.1 0.055 20
113009 0.0575 20
191179 0.06 20
265567 0.0625 20
367886 0.065 20
513062 0.0675 20
636344 0.07 20
680964 0.0725 20
668994 0.075 20
681056 0.0775 20
634124 0.08 20
449907 0.0825 20
330165 0.085 20
192267 0.0875 20
137278 0.09 20
98016 0.0925 20
130598 0.095 20
256939 0.0975 20
382454 0.1 20
520189 0.1025 20
657181 0.105 20
868617 0.1075 20
959875 0.11 20
941960 0.1125 20
912418 0.115 20
843948 0.1175 20
702467 0.12 20
600466 0.1225 20
540291 0.125 20
519682 0.1275 20
443491 0.13 20
454576 0.1325 20
468330 0.135 20
511502 0.1375 20
616823 0.14 20
746423 0.1425 20
911146 0.145 20
1.0746e+06 0.1475 20
1.22832e+06 0.15 20
1.29342e+06 0.1525 20
1.43306e+06 0.155 20
1.55861e+06 0.1575 20
1.81571e+06 0.16 20
2.11147e+06 0.1625 20
2.30288e+06 0.165 20
2.34204e+06 0.1675 20
2.25321e+06 0.17 20
1.9707e+06 0.1725 20
1.67449e+06 0.175 20
1.42977e+06 0.1775 20
0 0.0025 21
0 0.005 21
0 0.0075 21
0 0.01 21
0 0.0125 21
0 0.015 21
0 0.0175 21
0 0.02 21
4778.73 0.0225 21
4971.09 0.025 21
33608.8 0.0275 21
71448 0.03 21
117916 0.0325 21
170102 0.035 21
372434 0.0375 21
579567 0.04 21
751492 0.0425 21
1.05364e+06 0.045 21
1.31024e+06 0.0475 21
1.25944e+06 0.05 21
1.11146e+06 0.0525 21
976712 0.055 21
799106 0.0575 21
482856 0.06 21
317900 0.0625 21
252323 0.065 21
256720 0.0675 21
382329 0.07 21
547298 0.0725 21
696758 0.075 21
814767 0.0775 21
880799 0.08 21
882607 0.0825 21
812803 0.085 21
670766 0.0875 21
470931 0.09 21
251893 0.0925 21
77009 0.095 21
19727.3 0.0975 21
135330 0.1 21
431312 0.1025 21
855945 0.105 21
1.28392e+06 0.1075 21
1.59656e+06 0.11 21
1.70052e+06 0.1125 21
1.58324e+06 0.115 21
1.23477e+06 0.1175 21
857625 0.12 21
505129 0.1225 21
285407 0.125 21
262126 0.1275 21
248925 0.13 21
387312 0.1325 21
539998 0.135 21
562174 0.1375 21
588748 0.14 21
661459 0.1425 21
607460 0.145 21
581871 0.1475 21
630761 0.15 21
622003 0.1525 21
606832 0.155 21
541678 0.1575 21
479327 0.16 21
0 0.0025 22
0 0.005 22
0 0.0075 22
0 0.01 22
3667.3 0.0125 22
7969.78 0.015 22
16946.5 0.0175 22
23617.6 0.02 22
41596 0.0225 22
67356.5 0.025 22
75709.2 0.0275 22
87428 0.03 22
84518.2 0.0325 22
59855.8 0.035 22
36628.9 0.0375 22
31169.6 0.04 22
58097.9 0.0425 22
130055 0.045 22
255558 0.0475 22
437527 0.05 22
670137 0.0525 22
934644 0.055 22
1.1975e+06 0.0575 22
1.41472e+06 0.06 22
1.54352e+06 0.0625 22
1.55742e+06 0.065 22
1.45699e+06 0.0675 22
1.26972e+06 0.07 22
1.03807e+06 0.0725 22
802224 0.075 22
587733 0.0775 22
405262 0.08 22
261078 0.0825 22
169031 0.085 22
152840 0.0875 22
233886 0.09 22
410633 0.0925 22
643703 0.095 22
859757 0.0975 22
977034 0.1 22
941883 0.1025 22
757290 0.105 22
486910 0.1075 22
230482 0.11 22
82955.6 0.1125 22
90333.2 0.115 22
238839 0.1175 22
453953 0.12 22
645596 0.1225 22
753006 0.125 22
728359 0.1275 22
614012 0.13 22
499058 0.1325 22
456775 0.135 22
471688 0.1375 22
0 0.0025 23
0 0.005 23
0 0.0075 23
0 0.01 23
0 0.0125 23
0 0.015 23
0 0.0175 23
0 0.02 23
0 0.0225 23
0 0.025 23
0 0.0275 23
0 0.03 23
0 0.0325 23
0 0.035 23
0 0.0375 23
0 0.04 23
0 0.0425 23
0 0.045 23
0 0.0475 23
0 0.05 23
0 0.0525 23
0 0.055 23
0 0.0575 23
985.732 0.06 23
8920.26 0.0625 23
16182.4 0.065 23
30263.8 0.0675 23
88752.2 0.07 23
184930 0.0725 23
279728 0.075 23
300585 0.0775 23
400542 0.08 23
548673 0.0825 23
640392 0.085 23
634560 0.0875 23
687917 0.09 23
746302 0.0925 23
707799 0.095 23
599569 0.0975 23
396002 0.1 23
257340 0.1025 23
