2.09535e+07 0.085 0
1.2644e+07 0.0875 0
4.65743e+06 0.09 0
405805 0.0925 0
568592 0.095 0
3.25456e+06 0.0975 0
5.64664e+06 0.1 0
5.88124e+06 0.1025 0
3.98262e+06 0.105 0
1.45808e+06 0.1075 0
51855.8 0.11 0
580903 0.1125 0
2.55389e+06 0.115 0
4.6619e+06 0.1175 0
5.67912e+06 0.12 0
5.15282e+06 0.1225 0
3.51408e+06 0.125 0
1.66467e+06 0.1275 0
394180 0.13 0
28.39 0.1325 0
277176 0.135 0
769822 0.1375 0
1.09447e+06 0.14 0
1.11986e+06 0.1425 0
931130 0.145 0
653201 0.1475 0
397413 0.15 0
255149 0.1525 0
263815 0.155 0
321619 0.1575 0
418315 0.16 0
601984 0.1625 0
767313 0.165 0
929273 0.1675 0
1.06119e+06 0.17 0
1.04742e+06 0.1725 0
998020 0.175 0
729941 0.1775 0
455942 0.18 0
232464 0.1825 0
64805.9 0.185 0
75053 0.1875 0
161492 0.19 0
305050 0.1925 0
504304 0.195 0
724045 0.1975 0
903688 0.2 0
1.06266e+06 0.2025 0
1.214e+06 0.205 0
1.31561e+06 0.2075 0
1.26803e+06 0.21 0
1.20965e+06 0.2125 0
1.12529e+06 0.215 0
955773 0.2175 0
682800 0.22 0
493959 0.2225 0
339148 0.225 0
280642 0.2275 0
298739 0.23 0
354926 0.2325 0
384223 0.235 0
427818 0.2375 0
424084 0.24 0
411027 0.2425 0
338934 0.245 0
240223 0.2475 0
173259 0.25 0
120644 0.2525 0
160286 0.255 0
246389 0.2575 0
337485 0.26 0
357720 0.2625 0
401375 0.265 0
340127 0.2675 0
287141 0.27 0
169604 0.2725 0
85560.9 0.275 0
25072.5 0.2775 0
3182.96 0.28 0
17208.4 0.2825 0
47107.1 0.285 0
82271.9 0.2875 0
104400 0.29 0
82426.1 0.2925 0
56882.7 0.295 0
30960.5 0.2975 0
15363 0.3 0
10022.3 0.3025 0
21081.4 0.305 0
44188 0.3075 0
63032 0.31 0
97342.1 0.3125 0
136358 0.315 0
1.17895e+07 0.0825 1
7.33655e+06 0.085 1
4.26165e+06 0.0875 1
4.37664e+06 0.09 1
7.32406e+06 0.0925 1
1.10353e+07 0.095 1
1.31578e+07 0.0975 1
1.24596e+07 0.1 1
9.37766e+06 0.1025 1
5.51723e+06 0.105 1
2.56697e+06 0.1075 1
1.36406e+06 0.11 1
1.62887e+06 0.1125 1
2.3921e+06 0.115 1
2.73179e+06 0.1175 1
2.30485e+06 0.12 1
1.41414e+06 0.1225 1
650301 0.125 1
484447 0.1275 1
943771 0.13 1
1.63178e+06 0.1325 1
2.0404e+06 0.135 1
2.01462e+06 0.1375 1
1.54837e+06 0.14 1
924776 0.1425 1
396867 0.145 1
184871 0.1475 1
198620 0.15 1
292282 0.1525 1
337535 0.155 1
327707 0.1575 1
248195 0.16 1
190176 0.1625 1
159745 0.165 1
249641 0.1675 1
490569 0.17 1
712845 0.1725 1
924955 0.175 1
1.14122e+06 0.1775 1
1.38553e+06 0.18 1
1.48955e+06 0.1825 1
1.42396e+06 0.185 1
1.35181e+06 0.1875 1
1.16543e+06 0.19 1
857185 0.1925 1
617823 0.195 1
352373 0.1975 1
232018 0.2 1
238228 0.2025 1
266484 0.205 1
352492 0.2075 1
478815 0.21 1
532242 0.2125 1
502552 0.215 1
486225 0.2175 1
483586 0.22 1
499510 0.2225 1
593479 0.225 1
722377 0.2275 1
886342 0.23 1
933029 0.2325 1
951660 0.235 1
839583 0.2375 1
679031 0.24 1
453199 0.2425 1
260391 0.245 1
134794 0.2475 1
146396 0.25 1
302407 0.2525 1
498890 0.255 1
708962 0.2575 1
891756 0.26 1
952601 0.2625 1
912010 0.265 1
834436 0.2675 1
653315 0.27 1
486421 0.2725 1
340465 0.275 1
249340 0.2775 1
172287 0.28 1
106615 0.2825 1
78608.1 0.285 1
78292.9 0.2875 1
111882 0.29 1
169329 0.2925 1
254874 0.295 1
319659 0.2975 1
350691 0.3 1
342465 0.3025 1
339680 0.305 1
278429 0.3075 1
242809 0.31 1
237751 0.3125 1
255349 0.315 1
1.99753e+07 0.08 2
1.92298e+07 0.0825 2
2.15553e+07 0.085 2
2.33895e+07 0.0875 2
2.23846e+07 0.09 2
1.88352e+07 0.0925 2
1.37514e+07 0.095 2
8.17917e+06 0.0975 2
3.94963e+06 0.1 2
1.78024e+06 0.1025 2
1.20943e+06 0.105 2
1.33161e+06 0.1075 2
1.38117e+06 0.11 2
1.03415e+06 0.1125 2
546407 0.115 2
236390 0.1175 2
318299 0.12 2
825919 0.1225 2
1.49241e+06 0.125 2
1.99036e+06 0.1275 2
2.10024e+06 0.13 2
1.83886e+06 0.1325 2
1.37639e+06 0.135 2
1.06217e+06 0.1375 2
1.12901e+06 0.14 2
1.60343e+06 0.1425 2
2.21273e+06 0.145 2
2.95619e+06 0.1475 2
3.37836e+06 0.15 2
3.47788e+06 0.1525 2
3.3115e+06 0.155 2
2.84472e+06 0.1575 2
2.13772e+06 0.16 2
1.43827e+06 0.1625 2
945137 0.165 2
575530 0.1675 2
530231 0.17 2
524354 0.1725 2
592292 0.175 2
739976 0.1775 2
867635 0.18 2
820939 0.1825 2
644999 0.185 2
421137 0.1875 2
245245 0.19 2
212190 0.1925 2
327676 0.195 2
669284 0.1975 2
1.08742e+06 0.2 2
1.61102e+06 0.2025 2
2.02019e+06 0.205 2
2.20104e+06 0.2075 2
2.13951e+06 0.21 2
1.82543e+06 0.2125 2
1.40869e+06 0.215 2
1.10017e+06 0.2175 2
697716 0.22 2
484897 0.2225 2
383463 0.225 2
378412 0.2275 2
457547 0.23 2
604607 0.2325 2
723356 0.235 2
846032 0.2375 2
966529 0.24 2
1.05516e+06 0.2425 2
1.11363e+06 0.245 2
1.13899e+06 0.2475 2
1.02998e+06 0.25 2
833652 0.2525 2
666560 0.255 2
491359 0.2575 2
337331 0.26 2
299100 0.2625 2
281809 0.265 2
357544 0.2675 2
465511 0.27 2
594669 0.2725 2
647933 0.275 2
661257 0.2775 2
618940 0.28 2
596278 0.2825 2
594144 0.285 2
612396 0.2875 2
631953 0.29 2
591533 0.2925 2
535401 0.295 2
455840 0.2975 2
387375 0.3 2
379840 0.3025 2
398807 0.305 2
434016 0.3075 2
455054 0.31 2
467021 0.3125 2
433972 0.315 2
2.1259e+07 0.075 3
2.81128e+07 0.0775 3
3.33097e+07 0.08 3
3.75745e+07 0.0825 3
4.04527e+07 0.085 3
4.08233e+07 0.0875 3
3.91874e+07 0.09 3
3.45909e+07 0.0925 3
2.92662e+07 0.095 3
2.25371e+07 0.0975 3
1.65195e+07 0.1 3
1.21103e+07 0.1025 3
9.36825e+06 0.105 3
8.03292e+06 0.1075 3
7.5554e+06 0.11 3
7.82114e+06 0.1125 3
8.32478e+06 0.115 3
8.24436e+06 0.1175 3
7.84145e+06 0.12 3
7.32426e+06 0.1225 3
6.28486e+06 0.125 3
5.1772e+06 0.1275 3
4.46565e+06 0.13 3
3.50514e+06 0.1325 3
2.83766e+06 0.135 3
2.28602e+06 0.1375 3
1.83236e+06 0.14 3
1.49826e+06 0.1425 3
1.28116e+06 0.145 3
1.14358e+06 0.1475 3
1.00252e+06 0.15 3
753132 0.1525 3
487258 0.155 3
248828 0.1575 3
150533 0.16 3
280775 0.1625 3
682368 0.165 3
1.34894e+06 0.1675 3
2.03235e+06 0.17 3
2.65384e+06 0.1725 3
2.97578e+06 0.175 3
3.05129e+06 0.1775 3
2.6785e+06 0.18 3
2.02925e+06 0.1825 3
1.30552e+06 0.185 3
767010 0.1875 3
479301 0.19 3
446446 0.1925 3
558696 0.195 3
721125 0.1975 3
822341 0.2 3
754274 0.2025 3
651035 0.205 3
515692 0.2075 3
376420 0.21 3
373469 0.2125 3
427834 0.215 3
594754 0.2175 3
747287 0.22 3
966629 0.2225 3
1.13583e+06 0.225 3
1.29603e+06 0.2275 3
1.34096e+06 0.23 3
1.35042e+06 0.2325 3
1.19263e+06 0.235 3
989216 0.2375 3
740967 0.24 3
539142 0.2425 3
389132 0.245 3
371357 0.2475 3
481674 0.25 3
686793 0.2525 3
900585 0.255 3
1.12599e+06 0.2575 3
1.26704e+06 0.26 3
1.30754e+06 0.2625 3
1.24699e+06 0.265 3
1.12051e+06 0.2675 3
974398 0.27 3
854126 0.2725 3
821888 0.275 3
804566 0.2775 3
796656 0.28 3
756354 0.2825 3
728591 0.285 3
698560 0.2875 3
639075 0.29 3
579439 0.2925 3
587920 0.295 3
572679 0.2975 3
569567 0.3 3
518695 0.3025 3
441500 0.305 3
310402 0.3075 3
213833 0.31 3
153749 0.3125 3
163539 0.315 3
238673 0.0675 4
333654 0.07 4
408524 0.0725 4
658758 0.075 4
716877 0.0775 4
996762 0.08 4
1.53146e+06 0.0825 4
2.06673e+06 0.085 4
2.80268e+06 0.0875 4
4.00545e+06 0.09 4
5.00818e+06 0.0925 4
6.10599e+06 0.095 4
7.20938e+06 0.0975 4
8.07838e+06 0.1 4
9.04497e+06 0.1025 4
9.53087e+06 0.105 4
1.00144e+07 0.1075 4
1.0022e+07 0.11 4
9.86328e+06 0.1125 4
9.78216e+06 0.115 4
9.4552e+06 0.1175 4
8.95017e+06 0.12 4
7.8601e+06 0.1225 4
6.71357e+06 0.125 4
5.2947e+06 0.1275 4
3.68276e+06 0.13 4
2.69069e+06 0.1325 4
2.07745e+06 0.135 4
1.8151e+06 0.1375 4
1.98874e+06 0.14 4
2.40737e+06 0.1425 4
2.81373e+06 0.145 4
2.95633e+06 0.1475 4
2.84513e+06 0.15 4
2.3029e+06 0.1525 4
1.80885e+06 0.155 4
1.46467e+06 0.1575 4
1.31555e+06 0.16 4
1.24683e+06 0.1625 4
1.30579e+06 0.165 4
1.38133e+06 0.1675 4
1.39393e+06 0.17 4
1.4149e+06 0.1725 4
1.57157e+06 0.175 4
1.81598e+06 0.1775 4
2.03346e+06 0.18 4
2.38225e+06 0.1825 4
2.64356e+06 0.185 4
2.85079e+06 0.1875 4
2.95439e+06 0.19 4
2.86432e+06 0.1925 4
2.61615e+06 0.195 4
2.26304e+06 0.1975 4
1.7989e+06 0.2 4
1.36096e+06 0.2025 4
965349 0.205 4
644952 0.2075 4
480297 0.21 4
454032 0.2125 4
569776 0.215 4
766455 0.2175 4
920619 0.22 4
1.01746e+06 0.2225 4
970989 0.225 4
933296 0.2275 4
863209 0.23 4
779829 0.2325 4
739279 0.235 4
703752 0.2375 4
686773 0.24 4
651233 0.2425 4
565746 0.245 4
456938 0.2475 4
366652 0.25 4
326874 0.2525 4
297010 0.255 4
358004 0.2575 4
428009 0.26 4
499093 0.2625 4
541601 0.265 4
568085 0.2675 4
601193 0.27 4
646809 0.2725 4
685055 0.275 4
740090 0.2775 4
780057 0.28 4
795699 0.2825 4
861455 0.285 4
898915 0.2875 4
906009 0.29 4
854171 0.2925 4
766006 0.295 4
656958 0.2975 4
566032 0.3 4
489267 0.3025 4
425248 0.305 4
383225 0.3075 4
327906 0.31 4
272257 0.3125 4
3.04388e+06 0.055 5
3.64269e+06 0.0575 5
4.04201e+06 0.06 5
4.35719e+06 0.0625 5
4.4448e+06 0.065 5
4.39529e+06 0.0675 5
4.17432e+06 0.07 5
3.66816e+06 0.0725 5
2.99304e+06 0.075 5
2.23e+06 0.0775 5
1.72467e+06 0.08 5
1.50022e+06 0.0825 5
1.70398e+06 0.085 5
2.10966e+06 0.0875 5
2.63912e+06 0.09 5
3.02511e+06 0.0925 5
3.25069e+06 0.095 5
3.21205e+06 0.0975 5
2.96438e+06 0.1 5
2.63094e+06 0.1025 5
2.31875e+06 0.105 5
2.09489e+06 0.1075 5
2.00236e+06 0.11 5
1.92958e+06 0.1125 5
1.90069e+06 0.115 5
1.92542e+06 0.1175 5
1.7886e+06 0.12 5
1.52258e+06 0.1225 5
1.47677e+06 0.125 5
1.77525e+06 0.1275 5
1.96135e+06 0.13 5
2.3092e+06 0.1325 5
2.40736e+06 0.135 5
2.36067e+06 0.1375 5
2.25686e+06 0.14 5
2.19733e+06 0.1425 5
2.02315e+06 0.145 5
1.91579e+06 0.1475 5
1.79254e+06 0.15 5
1.62611e+06 0.1525 5
1.3418e+06 0.155 5
1.00691e+06 0.1575 5
822795 0.16 5
650532 0.1625 5
609120 0.165 5
720345 0.1675 5
865736 0.17 5
1.04257e+06 0.1725 5
1.13015e+06 0.175 5
1.10334e+06 0.1775 5
1.00727e+06 0.18 5
866497 0.1825 5
812893 0.185 5
687603 0.1875 5
606923 0.19 5
577276 0.1925 5
472323 0.195 5
398811 0.1975 5
301131 0.2 5
293866 0.2025 5
281868 0.205 5
307767 0.2075 5
395014 0.21 5
504484 0.2125 5
702785 0.215 5
963462 0.2175 5
1.23914e+06 0.22 5
1.52443e+06 0.2225 5
1.69275e+06 0.225 5
1.66062e+06 0.2275 5
1.45255e+06 0.23 5
1.11542e+06 0.2325 5
733842 0.235 5
388687 0.2375 5
171145 0.24 5
114335 0.2425 5
165338 0.245 5
287990 0.2475 5
379581 0.25 5
443469 0.2525 5
472236 0.255 5
451695 0.2575 5
422355 0.26 5
390768 0.2625 5
375561 0.265 5
322519 0.2675 5
276230 0.27 5
208668 0.2725 5
168307 0.275 5
158573 0.2775 5
224068 0.28 5
319046 0.2825 5
437811 0.285 5
524605 0.2875 5
573967 0.29 5
548673 0.2925 5
483043 0.295 5
411093 0.2975 5
314851 0.3 5
262797 0.3025 5
283930 0.305 5
303902 0.3075 5
288047 0.31 5
7.93863e+06 0.035 6
7.90487e+06 0.0375 6
7.65996e+06 0.04 6
7.10501e+06 0.0425 6
6.14315e+06 0.045 6
4.78088e+06 0.0475 6
3.18811e+06 0.05 6
1.66956e+06 0.0525 6
551603 0.055 6
40470.9 0.0575 6
128263 0.06 6
599496 0.0625 6
1.13548e+06 0.065 6
1.46055e+06 0.0675 6
1.45352e+06 0.07 6
1.17138e+06 0.0725 6
783357 0.075 6
462281 0.0775 6
297166 0.08 6
270475 0.0825 6
300580 0.085 6
312352 0.0875 6
288153 0.09 6
270522 0.0925 6
321546 0.095 6
470093 0.0975 6
682082 0.1 6
871504 0.1025 6
944211 0.105 6
848725 0.1075 6
607173 0.11 6
312443 0.1125 6
95130.7 0.115 6
78284.4 0.1175 6
325614 0.12 6
840870 0.1225 6
1.50991e+06 0.125 6
2.18113e+06 0.1275 6
2.68404e+06 0.13 6
2.9182e+06 0.1325 6
2.77232e+06 0.135 6
2.30693e+06 0.1375 6
1.67896e+06 0.14 6
1.02638e+06 0.1425 6
565790 0.145 6
392734 0.1475 6
426297 0.15 6
683221 0.1525 6
1.0212e+06 0.155 6
1.2543e+06 0.1575 6
1.29348e+06 0.16 6
1.21506e+06 0.1625 6
1.03565e+06 0.165 6
842229 0.1675 6
831026 0.17 6
821460 0.1725 6
831825 0.175 6
930002 0.1775 6
1.0274e+06 0.18 6
900306 0.1825 6
712944 0.185 6
503888 0.1875 6
268266 0.19 6
124434 0.1925 6
107757 0.195 6
265004 0.1975 6
547178 0.2 6
772215 0.2025 6
932830 0.205 6
848171 0.2075 6
681690 0.21 6
437654 0.2125 6
207713 0.215 6
70152.1 0.2175 6
71080.9 0.22 6
249384 0.2225 6
505498 0.225 6
765690 0.2275 6
924846 0.23 6
1.02216e+06 0.2325 6
1.00244e+06 0.235 6
876259 0.2375 6
745272 0.24 6
632183 0.2425 6
646114 0.245 6
723991 0.2475 6
908996 0.25 6
1.06782e+06 0.2525 6
1.18912e+06 0.255 6
1.23563e+06 0.2575 6
1.1966e+06 0.26 6
1.01417e+06 0.2625 6
788523 0.265 6
578330 0.2675 6
399963 0.27 6
289675 0.2725 6
221459 0.275 6
184629 0.2775 6
209185 0.28 6
226085 0.2825 6
243743 0.285 6
256606 0.2875 6
260977 0.29 6
277898 0.2925 6
261649 0.295 6
220330 0.2975 6
186197 0.3 6
133332 0.3025 6
87150.8 0.305 6
67374.2 0.3075 6
2.09172e+06 0.0125 7
1.64775e+06 0.015 7
1.42415e+06 0.0175 7
1.88187e+06 0.02 7
3.15703e+06 0.0225 7
4.95551e+06 0.025 7
6.68539e+06 0.0275 7
7.75245e+06 0.03 7
7.85166e+06 0.0325 7
7.09469e+06 0.035 7
5.91191e+06 0.0375 7
4.79748e+06 0.04 7
4.05134e+06 0.0425 7
3.66401e+06 0.045 7
3.39715e+06 0.0475 7
2.99463e+06 0.05 7
2.38484e+06 0.0525 7
1.74822e+06 0.055 7
1.41155e+06 0.0575 7
1.63763e+06 0.06 7
2.44074e+06 0.0625 7
3.53997e+06 0.065 7
4.47944e+06 0.0675 7
4.84711e+06 0.07 7
4.47088e+06 0.0725 7
3.48874e+06 0.075 7
2.26413e+06 0.0775 7
1.20216e+06 0.08 7
569114 0.0825 7
404018 0.085 7
552103 0.0875 7
782744 0.09 7
917278 0.0925 7
900312 0.095 7
790183 0.0975 7
691583 0.1 7
679169 0.1025 7
755524 0.105 7
859127 0.1075 7
907770 0.11 7
846977 0.1125 7
676703 0.115 7
446507 0.1175 7
227398 0.12 7
78189.5 0.1225 7
22873.6 0.125 7
47202 0.1275 7
119712 0.13 7
187638 0.1325 7
220933 0.135 7
212050 0.1375 7
191599 0.14 7
160618 0.1425 7
217436 0.145 7
204404 0.1475 7
160241 0.15 7
217302 0.1525 7
271680 0.155 7
217764 0.1575 7
219264 0.16 7
203811 0.1625 7
172800 0.165 7
198551 0.1675 7
270801 0.17 7
352975 0.1725 7
483596 0.175 7
597967 0.1775 7
675792 0.18 7
632861 0.1825 7
522480 0.185 7
361498 0.1875 7
226647 0.19 7
163380 0.1925 7
287460 0.195 7
567911 0.1975 7
965112 0.2 7
1.30422e+06 0.2025 7
1.65461e+06 0.205 7
1.77106e+06 0.2075 7
1.81623e+06 0.21 7
1.62549e+06 0.2125 7
1.49169e+06 0.215 7
1.22607e+06 0.2175 7
1.1718e+06 0.22 7
1.06862e+06 0.2225 7
1.05262e+06 0.225 7
978788 0.2275 7
779179 0.23 7
613216 0.2325 7
470650 0.235 7
400521 0.2375 7
422897 0.24 7
421045 0.2425 7
554719 0.245 7
665124 0.2475 7
792219 0.25 7
826680 0.2525 7
781061 0.255 7
763708 0.2575 7
628202 0.26 7
568044 0.2625 7
373343 0.265 7
211073 0.2675 7
98399.2 0.27 7
45868 0.2725 7
70059.1 0.275 7
175094 0.2775 7
323263 0.28 7
528745 0.2825 7
663472 0.285 7
738998 0.2875 7
817687 0.29 7
768796 0.2925 7
694557 0.295 7
597220 0.2975 7
502455 0.3 7
465971 0.3025 7
454012 0.305 7
0 0.01 8
0 0.0125 8
0 0.015 8
3344.97 0.0175 8
37696.8 0.02 8
114783 0.0225 8
200355 0.025 8
401352 0.0275 8
677822 0.03 8
946130 0.0325 8
1.21502e+06 0.035 8
1.44486e+06 0.0375 8
1.46977e+06 0.04 8
1.23352e+06 0.0425 8
964815 0.045 8
543959 0.0475 8
202452 0.05 8
20673.3 0.0525 8
41604.7 0.055 8
212363 0.0575 8
415136 0.06 8
527088 0.0625 8
481962 0.065 8
305958 0.0675 8
105822 0.07 8
13156.6 0.0725 8
113059 0.075 8
395026 0.0775 8
753176 0.08 8
1.03668e+06 0.0825 8
1.12405e+06 0.085 8
982166 0.0875 8
679372 0.09 8
347699 0.0925 8
116268 0.095 8
52170.8 0.0975 8
138420 0.1 8
296210 0.1025 8
434286 0.105 8
503524 0.1075 8
488484 0.11 8
442723 0.1125 8
435296 0.115 8
432051 0.1175 8
446931 0.12 8
493606 0.1225 8
413205 0.125 8
337884 0.1275 8
284737 0.13 8
242020 0.1325 8
202445 0.135 8
144082 0.1375 8
271495 0.14 8
283246 0.1425 8
293280 0.145 8
323694 0.1475 8
338323 0.15 8
310048 0.1525 8
308460 0.155 8
294820 0.1575 8
253159 0.16 8
182382 0.1625 8
141175 0.165 8
65451.4 0.1675 8
70764.5 0.17 8
184292 0.1725 8
461911 0.175 8
719411 0.1775 8
1.02793e+06 0.18 8
1.23071e+06 0.1825 8
1.36291e+06 0.185 8
1.25632e+06 0.1875 8
1.07105e+06 0.19 8
795881 0.1925 8
502202 0.195 8
360073 0.1975 8
311499 0.2 8
422673 0.2025 8
598941 0.205 8
783709 0.2075 8
1.08199e+06 0.21 8
1.26585e+06 0.2125 8
1.40357e+06 0.215 8
1.40453e+06 0.2175 8
1.48925e+06 0.22 8
1.38002e+06 0.2225 8
1.26797e+06 0.225 8
1.029e+06 0.2275 8
729440 0.23 8
519120 0.2325 8
346958 0.235 8
372579 0.2375 8
565139 0.24 8
796441 0.2425 8
1.04398e+06 0.245 8
1.29927e+06 0.2475 8
1.39693e+06 0.25 8
1.35492e+06 0.2525 8
1.18489e+06 0.255 8
958249 0.2575 8
765721 0.26 8
622054 0.2625 8
485734 0.265 8
377114 0.2675 8
331329 0.27 8
401047 0.2725 8
490730 0.275 8
585188 0.2775 8
676591 0.28 8
747365 0.2825 8
735021 0.285 8
665986 0.2875 8
589152 0.29 8
463051 0.2925 8
386367 0.295 8
303155 0.2975 8
0 0.01 9
0 0.0125 9
0 0.015 9
0 0.0175 9
0 0.02 9
0 0.0225 9
0 0.025 9
0 0.0275 9
0 0.03 9
0 0.0325 9
0 0.035 9
3035.55 0.0375 9
2719.33 0.04 9
4609.9 0.0425 9
10356.4 0.045 9
36154.1 0.0475 9
40677.3 0.05 9
83522.8 0.0525 9
125020 0.055 9
204814 0.0575 9
238599 0.06 9
330290 0.0625 9
424597 0.065 9
588931 0.0675 9
642373 0.07 9
494642 0.0725 9
291282 0.075 9
168535 0.0775 9
76818 0.08 9
18898.7 0.0825 9
20865.8 0.085 9
87289.7 0.0875 9
185035 0.09 9
360962 0.0925 9
504116 0.095 9
672941 0.0975 9
558297 0.1 9
532622 0.1025 9
624423 0.105 9
651658 0.1075 9
631173 0.11 9
864680 0.1125 9
1.0411e+06 0.115 9
1.35559e+06 0.1175 9
1.68852e+06 0.12 9
2.03963e+06 0.1225 9
2.4067e+06 0.125 9
2.58492e+06 0.1275 9
2.68516e+06 0.13 9
2.66289e+06 0.1325 9
2.31354e+06 0.135 9
1.76147e+06 0.1375 9
1.2105e+06 0.14 9
717197 0.1425 9
394067 0.145 9
289168 0.1475 9
432383 0.15 9
663487 0.1525 9
935339 0.155 9
1.18036e+06 0.1575 9
1.36507e+06 0.16 9
1.35801e+06 0.1625 9
1.23923e+06 0.165 9
1.02581e+06 0.1675 9
797206 0.17 9
706267 0.1725 9
689024 0.175 9
743795 0.1775 9
946738 0.18 9
1.10855e+06 0.1825 9
1.16867e+06 0.185 9
1.12987e+06 0.1875 9
976223 0.19 9
676284 0.1925 9
476046 0.195 9
357101 0.1975 9
361229 0.2 9
505464 0.2025 9
743418 0.205 9
1.01591e+06 0.2075 9
1.32663e+06 0.21 9
1.68701e+06 0.2125 9
1.91812e+06 0.215 9
2.13774e+06 0.2175 9
2.12304e+06 0.22 9
2.06138e+06 0.2225 9
1.88727e+06 0.225 9
1.59805e+06 0.2275 9
1.29659e+06 0.23 9
1.01606e+06 0.2325 9
709823 0.235 9
492919 0.2375 9
328321 0.24 9
202773 0.2425 9
117274 0.245 9
63294.7 0.2475 9
30184.6 0.25 9
37912.5 0.2525 9
85428.5 0.255 9
180016 0.2575 9
288955 0.26 9
456869 0.2625 9
669324 0.265 9
860287 0.2675 9
1.08936e+06 0.27 9
1.25713e+06 0.2725 9
1.33522e+06 0.275 9
1.33914e+06 0.2775 9
1.29948e+06 0.28 9
1.14159e+06 0.2825 9
927984 0.285 9
676794 0.2875 9
493507 0.29 9
381374 0.2925 9
0 0.01 10
0 0.0125 10
0 0.015 10
0 0.0175 10
0 0.02 10
0 0.0225 10
0 0.025 10
0 0.0275 10
0 0.03 10
0 0.0325 10
0 0.035 10
0 0.0375 10
0 0.04 10
0 0.0425 10
0 0.045 10
0 0.0475 10
0 0.05 10
0 0.0525 10
0 0.055 10
0 0.0575 10
8119.3 0.06 10
14149.5 0.0625 10
24533.4 0.065 10
23481.9 0.0675 10
79226.2 0.07 10
204574 0.0725 10
165052 0.075 10
282620 0.0775 10
419562 0.08 10
427839 0.0825 10
614946 0.085 10
674912 0.0875 10
884586 0.09 10
955824 0.0925 10
1.08284e+06 0.095 10
1.09138e+06 0.0975 10
1.19273e+06 0.1 10
1.12359e+06 0.1025 10
1.03885e+06 0.105 10
950661 0.1075 10
897006 0.11 10
729457 0.1125 10
560104 0.115 10
434072 0.1175 10
351628 0.12 10
259680 0.1225 10
267160 0.125 10
321579 0.1275 10
422622 0.13 10
445057 0.1325 10
405105 0.135 10
405142 0.1375 10
381138 0.14 10
310276 0.1425 10
282165 0.145 10
395606 0.1475 10
692189 0.15 10
1.1492e+06 0.1525 10
1.72966e+06 0.155 10
2.31294e+06 0.1575 10
3.03581e+06 0.16 10
3.61377e+06 0.1625 10
4.0067e+06 0.165 10
4.22165e+06 0.1675 10
4.20468e+06 0.17 10
4.06756e+06 0.1725 10
3.81895e+06 0.175 10
3.44728e+06 0.1775 10
2.93658e+06 0.18 10
2.37784e+06 0.1825 10
1.74469e+06 0.185 10
1.14137e+06 0.1875 10
628740 0.19 10
257712 0.1925 10
112757 0.195 10
125361 0.1975 10
226260 0.2 10
374305 0.2025 10
499713 0.205 10
548802 0.2075 10
534148 0.21 10
469597 0.2125 10
398248 0.215 10
335510 0.2175 10
313037 0.22 10
326788 0.2225 10
349189 0.225 10
378157 0.2275 10
398978 0.23 10
397086 0.2325 10
412942 0.235 10
413125 0.2375 10
431712 0.24 10
435476 0.2425 10
482170 0.245 10
571693 0.2475 10
650628 0.25 10
758703 0.2525 10
824746 0.255 10
922440 0.2575 10
935872 0.26 10
852628 0.2625 10
742018 0.265 10
586937 0.2675 10
451924 0.27 10
329444 0.2725 10
213251 0.275 10
141528 0.2775 10
99541.6 0.28 10
113881 0.2825 10
207970 0.285 10
341331 0.2875 10
0 0.01 11
0 0.0125 11
0 0.015 11
0 0.0175 11
0 0.02 11
0 0.0225 11
0 0.025 11
0 0.0275 11
0 0.03 11
0 0.0325 11
0 0.035 11
0 0.0375 11
0 0.04 11
321.409 0.0425 11
3277.28 0.045 11
24482.1 0.0475 11
82869.7 0.05 11
130898 0.0525 11
174122 0.055 11
256890 0.0575 11
417380 0.06 11
525122 0.0625 11
651746 0.065 11
865622 0.0675 11
933056 0.07 11
960155 0.0725 11
877540 0.075 11
770320 0.0775 11
684217 0.08 11
478153 0.0825 11
497767 0.085 11
449137 0.0875 11
515971 0.09 11
458508 0.0925 11
502555 0.095 11
469135 0.0975 11
469377 0.1 11
414112 0.1025 11
461527 0.105 11
548220 0.1075 11
505544 0.11 11
465181 0.1125 11
505040 0.115 11
576974 0.1175 11
719533 0.12 11
964881 0.1225 11
1.38292e+06 0.125 11
1.83545e+06 0.1275 11
2.37619e+06 0.13 11
2.77114e+06 0.1325 11
3.01133e+06 0.135 11
2.98118e+06 0.1375 11
2.70209e+06 0.14 11
2.31437e+06 0.1425 11
1.97619e+06 0.145 11
1.73789e+06 0.1475 11
1.67253e+06 0.15 11
1.77002e+06 0.1525 11
1.91378e+06 0.155 11
2.0249e+06 0.1575 11
2.01162e+06 0.16 11
1.89899e+06 0.1625 11
1.64322e+06 0.165 11
1.31071e+06 0.1675 11
972421 0.17 11
672105 0.1725 11
432831 0.175 11
272714 0.1775 11
136049 0.18 11
66116 0.1825 11
43381.1 0.185 11
70596.6 0.1875 11
145038 0.19 11
253057 0.1925 11
408849 0.195 11
582044 0.1975 11
761982 0.2 11
927239 0.2025 11
1.08506e+06 0.205 11
1.22231e+06 0.2075 11
1.3011e+06 0.21 11
1.33072e+06 0.2125 11
1.34112e+06 0.215 11
1.26935e+06 0.2175 11
1.15597e+06 0.22 11
977090 0.2225 11
771857 0.225 11
642754 0.2275 11
518259 0.23 11
483722 0.2325 11
440735 0.235 11
404738 0.2375 11
323102 0.24 11
306201 0.2425 11
312789 0.245 11
285292 0.2475 11
293260 0.25 11
284121 0.2525 11
271719 0.255 11
244081 0.2575 11
244878 0.26 11
249858 0.2625 11
278972 0.265 11
307117 0.2675 11
327538 0.27 11
333890 0.2725 11
268559 0.275 11
220818 0.2775 11
159108 0.28 11
113768 0.2825 11
0 0.01 12
0 0.0125 12
0 0.015 12
0 0.0175 12
0 0.02 12
1584.02 0.0225 12
32768 0.025 12
36342.7 0.0275 12
77980.7 0.03 12
115977 0.0325 12
246562 0.035 12
321880 0.0375 12
403961 0.04 12
351195 0.0425 12
267528 0.045 12
180881 0.0475 12
110164 0.05 12
119369 0.0525 12
203276 0.055 12
374650 0.0575 12
582673 0.06 12
733820 0.0625 12
823351 0.065 12
749376 0.0675 12
640912 0.07 12
443878 0.0725 12
264100 0.075 12
159844 0.0775 12
157644 0.08 12
246972 0.0825 12
394889 0.085 12
567355 0.0875 12
742819 0.09 12
910166 0.0925 12
1.05505e+06 0.095 12
1.14812e+06 0.0975 12
1.14876e+06 0.1 12
1.03384e+06 0.1025 12
815629 0.105 12
574670 0.1075 12
460860 0.11 12
622081 0.1125 12
1.05766e+06 0.115 12
1.82197e+06 0.1175 12
2.84568e+06 0.12 12
3.79693e+06 0.1225 12
4.58806e+06 0.125 12
4.76393e+06 0.1275 12
4.56675e+06 0.13 12
4.11966e+06 0.1325 12
3.4743e+06 0.135 12
2.75794e+06 0.1375 12
2.07026e+06 0.14 12
1.56237e+06 0.1425 12
1.25186e+06 0.145 12
1.08306e+06 0.1475 12
880374 0.15 12
689003 0.1525 12
537520 0.155 12
501590 0.1575 12
438267 0.16 12
474757 0.1625 12
478157 0.165 12
461346 0.1675 12
437304 0.17 12
337510 0.1725 12
306467 0.175 12
304594 0.1775 12
355199 0.18 12
448129 0.1825 12
553297 0.185 12
652747 0.1875 12
721016 0.19 12
735365 0.1925 12
822569 0.195 12
896987 0.1975 12
920924 0.2 12
966153 0.2025 12
1.14167e+06 0.205 12
1.1994e+06 0.2075 12
1.25821e+06 0.21 12
1.14411e+06 0.2125 12
1.09043e+06 0.215 12
969180 0.2175 12
811017 0.22 12
666369 0.2225 12
537321 0.225 12
390240 0.2275 12
311630 0.23 12
297513 0.2325 12
372285 0.235 12
461656 0.2375 12
577519 0.24 12
612436 0.2425 12
646468 0.245 12
589238 0.2475 12
480464 0.25 12
357689 0.2525 12
240609 0.255 12
144305 0.2575 12
88593.6 0.26 12
73930.7 0.2625 12
94589.5 0.265 12
135734 0.2675 12
157479 0.27 12
154703 0.2725 12
167513 0.275 12
60320.1 0.01 13
93438 0.0125 13
103827 0.015 13
79587.7 0.0175 13
33695.6 0.02 13
2571 0.0225 13
25672.3 0.025 13
117802 0.0275 13
253300 0.03 13
375310 0.0325 13
426944 0.035 13
385380 0.0375 13
276292 0.04 13
158017 0.0425 13
85019.6 0.045 13
74888.7 0.0475 13
101434 0.05 13
118947 0.0525 13
100665 0.055 13
63450.9 0.0575 13
58997.5 0.06 13
134978 0.0625 13
292080 0.065 13
468893 0.0675 13
570575 0.07 13
528264 0.0725 13
353102 0.075 13
147469 0.0775 13
59468.8 0.08 13
201458 0.0825 13
578153 0.085 13
1.0683e+06 0.0875 13
1.47542e+06 0.09 13
1.6239e+06 0.0925 13
1.44946e+06 0.095 13
1.0347e+06 0.0975 13
569696 0.1 13
258631 0.1025 13
221999 0.105 13
444780 0.1075 13
794411 0.11 13
1.09436e+06 0.1125 13
1.21126e+06 0.115 13
1.11044e+06 0.1175 13
855905 0.12 13
563446 0.1225 13
338502 0.125 13
221033 0.1275 13
194630 0.13 13
221303 0.1325 13
312632 0.135 13
357248 0.1375 13
339937 0.14 13
425673 0.1425 13
569941 0.145 13
745590 0.1475 13
975230 0.15 13
965783 0.1525 13
1.0215e+06 0.155 13
1.02033e+06 0.1575 13
1.02693e+06 0.16 13
978247 0.1625 13
960854 0.165 13
857021 0.1675 13
734680 0.17 13
605630 0.1725 13
496726 0.175 13
454683 0.1775 13
552645 0.18 13
701097 0.1825 13
731303 0.185 13
888347 0.1875 13
1.07322e+06 0.19 13
1.02908e+06 0.1925 13
927586 0.195 13
779166 0.1975 13
546048 0.2 13
357891 0.2025 13
255021 0.205 13
199312 0.2075 13
219600 0.21 13
270990 0.2125 13
403242 0.215 13
556732 0.2175 13
693011 0.22 13
800841 0.2225 13
839458 0.225 13
844151 0.2275 13
757818 0.23 13
581674 0.2325 13
512645 0.235 13
438553 0.2375 13
421058 0.24 13
473218 0.2425 13
558317 0.245 13
655333 0.2475 13
747783 0.25 13
807570 0.2525 13
777886 0.255 13
755941 0.2575 13
683810 0.26 13
627053 0.2625 13
563952 0.265 13
503310 0.2675 13
274084 0.02 14
474491 0.0225 14
721911 0.025 14
956308 0.0275 14
1.09342e+06 0.03 14
1.06163e+06 0.0325 14
845033 0.035 14
507739 0.0375 14
179925 0.04 14
6419.96 0.0425 14
81710.4 0.045 14
406908 0.0475 14
894967 0.05 14
1.4235e+06 0.0525 14
1.9052e+06 0.055 14
2.33282e+06 0.0575 14
2.76821e+06 0.06 14
3.27892e+06 0.0625 14
3.8598e+06 0.065 14
4.39153e+06 0.0675 14
4.67102e+06 0.07 14
4.50761e+06 0.0725 14
3.83832e+06 0.075 14
2.79754e+06 0.0775 14
1.69544e+06 0.08 14
905218 0.0825 14
708324 0.085 14
1.17107e+06 0.0875 14
2.1127e+06 0.09 14
3.18001e+06 0.0925 14
3.9919e+06 0.095 14
4.28551e+06 0.0975 14
3.99988e+06 0.1 14
3.26788e+06 0.1025 14
2.33305e+06 0.105 14
1.43999e+06 0.1075 14
750498 0.11 14
314978 0.1125 14
96396.2 0.115 14
19604.8 0.1175 14
14890.8 0.12 14
37968.5 0.1225 14
70018.9 0.125 14
100281 0.1275 14
143252 0.13 14
184960 0.1325 14
221169 0.135 14
321715 0.1375 14
486547 0.14 14
696125 0.1425 14
946526 0.145 14
1.09548e+06 0.1475 14
1.09496e+06 0.15 14
968356 0.1525 14
740676 0.155 14
547012 0.1575 14
490161 0.16 14
536228 0.1625 14
668278 0.165 14
1.00389e+06 0.1675 14
1.27463e+06 0.17 14
1.39302e+06 0.1725 14
1.4346e+06 0.175 14
1.26099e+06 0.1775 14
990242 0.18 14
812092 0.1825 14
734325 0.185 14
661036 0.1875 14
617263 0.19 14
645291 0.1925 14
658904 0.195 14
586874 0.1975 14
562449 0.2 14
570278 0.2025 14
562660 0.205 14
586900 0.2075 14
577966 0.21 14
566801 0.2125 14
574725 0.215 14
554530 0.2175 14
522035 0.22 14
563204 0.2225 14
489189 0.225 14
428827 0.2275 14
332873 0.23 14
258438 0.2325 14
208660 0.235 14
211704 0.2375 14
236405 0.24 14
296052 0.2425 14
373841 0.245 14
415166 0.2475 14
393280 0.25 14
372063 0.2525 14
324864 0.255 14
274875 0.2575 14
0 0.0125 15
0 0.015 15
0 0.0175 15
0 0.02 15
315.795 0.0225 15
19760.4 0.025 15
72155.7 0.0275 15
181589 0.03 15
250634 0.0325 15
335569 0.035 15
586683 0.0375 15
720553 0.04 15
812200 0.0425 15
772318 0.045 15
837603 0.0475 15
984788 0.05 15
1.3082e+06 0.0525 15
1.77691e+06 0.055 15
2.55036e+06 0.0575 15
3.24093e+06 0.06 15
4.28437e+06 0.0625 15
5.26321e+06 0.065 15
6.07737e+06 0.0675 15
6.62204e+06 0.07 15
6.78939e+06 0.0725 15
6.65432e+06 0.075 15
6.29113e+06 0.0775 15
5.7845e+06 0.08 15
5.19328e+06 0.0825 15
4.53686e+06 0.085 15
3.80878e+06 0.0875 15
3.00815e+06 0.09 15
2.169e+06 0.0925 15
1.36884e+06 0.095 15
709053 0.0975 15
275815 0.1 15
104286 0.1025 15
159324 0.105 15
359106 0.1075 15
549816 0.11 15
667606 0.1125 15
625534 0.115 15
539519 0.1175 15
422455 0.12 15
286725 0.1225 15
150902 0.125 15
118755 0.1275 15
103304 0.13 15
153326 0.1325 15
213041 0.135 15
288691 0.1375 15
331154 0.14 15
373389 0.1425 15
388631 0.145 15
316532 0.1475 15
257123 0.15 15
243755 0.1525 15
363462 0.155 15
531067 0.1575 15
831198 0.16 15
1.14161e+06 0.1625 15
1.35277e+06 0.165 15
1.40157e+06 0.1675 15
1.26309e+06 0.17 15
982427 0.1725 15
687230 0.175 15
385220 0.1775 15
237566 0.18 15
256033 0.1825 15
387926 0.185 15
591825 0.1875 15
808246 0.19 15
964779 0.1925 15
1.10135e+06 0.195 15
1.10345e+06 0.1975 15
999565 0.2 15
943370 0.2025 15
674578 0.205 15
483835 0.2075 15
346048 0.21 15
264651 0.2125 15
226541 0.215 15
241395 0.2175 15
290311 0.22 15
349461 0.2225 15
401439 0.225 15
477380 0.2275 15
523462 0.23 15
567906 0.2325 15
600172 0.235 15
692803 0.2375 15
767390 0.24 15
788277 0.2425 15
772621 0.245 15
692432 0.2475 15
0 0.0025 16
0 0.005 16
0 0.0075 16
0 0.01 16
0 0.0125 16
0 0.015 16
0 0.0175 16
0 0.02 16
0 0.0225 16
0 0.025 16
0 0.0275 16
0 0.03 16
0 0.0325 16
0 0.035 16
0 0.0375 16
0 0.04 16
235.72 0.0425 16
891.247 0.045 16
717.228 0.0475 16
35573.2 0.05 16
105311 0.0525 16
284990 0.055 16
504416 0.0575 16
877196 0.06 16
1.22616e+06 0.0625 16
1.64587e+06 0.065 16
2.04179e+06 0.0675 16
2.2368e+06 0.07 16
2.81501e+06 0.0725 16
3.1848e+06 0.075 16
3.26529e+06 0.0775 16
3.13606e+06 0.08 16
2.9926e+06 0.0825 16
2.99781e+06 0.085 16
2.92881e+06 0.0875 16
2.94588e+06 0.09 16
3.01555e+06 0.0925 16
3.186e+06 0.095 16
3.2918e+06 0.0975 16
3.38917e+06 0.1 16
3.39049e+06 0.1025 16
3.17563e+06 0.105 16
2.90033e+06 0.1075 16
2.40239e+06 0.11 16
1.89011e+06 0.1125 16
1.32813e+06 0.115 16
891077 0.1175 16
570676 0.12 16
364204 0.1225 16
215121 0.125 16
192749 0.1275 16
238457 0.13 16
340359 0.1325 16
457482 0.135 16
575400 0.1375 16
698094 0.14 16
791884 0.1425 16
839433 0.145 16
833347 0.1475 16
863232 0.15 16
885013 0.1525 16
773714 0.155 16
710040 0.1575 16
597747 0.16 16
504290 0.1625 16
430470 0.165 16
437660 0.1675 16
489068 0.17 16
579211 0.1725 16
666384 0.175 16
717253 0.1775 16
756898 0.18 16
708645 0.1825 16
630055 0.185 16
535402 0.1875 16
474266 0.19 16
403904 0.1925 16
352727 0.195 16
294346 0.1975 16
228613 0.2 16
181976 0.2025 16
155514 0.205 16
192128 0.2075 16
255150 0.21 16
355321 0.2125 16
465431 0.215 16
524527 0.2175 16
551603 0.22 16
512380 0.2225 16
398555 0.225 16
340781 0.2275 16
259701 0.23 16
219299 0.2325 16
246808 0.235 16
273271 0.2375 16
0 0.0025 17
0 0.005 17
0 0.0075 17
0 0.01 17
0 0.0125 17
0 0.015 17
0 0.0175 17
0 0.02 17
0 0.0225 17
0 0.025 17
0 0.0275 17
0 0.03 17
0 0.0325 17
0 0.035 17
0 0.0375 17
0 0.04 17
0 0.0425 17
0 0.045 17
0 0.0475 17
0 0.05 17
0 0.0525 17
0 0.055 17
0 0.0575 17
4569.49 0.06 17
39578.3 0.0625 17
41067.9 0.065 17
59988.1 0.0675 17
87150.9 0.07 17
137259 0.0725 17
211845 0.075 17
237967 0.0775 17
445323 0.08 17
663281 0.0825 17
834798 0.085 17
1.14202e+06 0.0875 17
1.58601e+06 0.09 17
1.8461e+06 0.0925 17
2.29084e+06 0.095 17
2.70657e+06 0.0975 17
2.86607e+06 0.1 17
3.0972e+06 0.1025 17
2.86022e+06 0.105 17
2.93558e+06 0.1075 17
2.74831e+06 0.11 17
2.2829e+06 0.1125 17
1.87428e+06 0.115 17
1.59315e+06 0.1175 17
1.30662e+06 0.12 17
1.14805e+06 0.1225 17
1.03015e+06 0.125 17
873878 0.1275 17
680196 0.13 17
562984 0.1325 17
444448 0.135 17
373079 0.1375 17
366299 0.14 17
360076 0.1425 17
396847 0.145 17
430389 0.1475 17
400352 0.15 17
283508 0.1525 17
182559 0.155 17
138287 0.1575 17
191873 0.16 17
286300 0.1625 17
419580 0.165 17
532338 0.1675 17
567944 0.17 17
535789 0.1725 17
430314 0.175 17
360171 0.1775 17
253511 0.18 17
167084 0.1825 17
110054 0.185 17
56959.4 0.1875 17
27230.2 0.19 17
15500.5 0.1925 17
27421.9 0.195 17
68779.2 0.1975 17
136553 0.2 17
209899 0.2025 17
261803 0.205 17
284106 0.2075 17
270738 0.21 17
227191 0.2125 17
171223 0.215 17
127444 0.2175 17
119763 0.22 17
140397 0.2225 17
193018 0.225 17
0 0.0025 18
0 0.005 18
0 0.0075 18
0 0.01 18
0 0.0125 18
0 0.015 18
0 0.0175 18
0 0.02 18
0 0.0225 18
0 0.025 18
0 0.0275 18
0 0.03 18
0 0.0325 18
0 0.035 18
1679.24 0.0375 18
27344.8 0.04 18
25277.9 0.0425 18
47759.4 0.045 18
76657.7 0.0475 18
92491.1 0.05 18
165892 0.0525 18
193776 0.055 18
240478 0.0575 18
213059 0.06 18
156058 0.0625 18
89083.6 0.065 18
17730.4 0.0675 18
9671.65 0.07 18
30867.5 0.0725 18
77381.4 0.075 18
133872 0.0775 18
168711 0.08 18
195403 0.0825 18
203059 0.085 18
162544 0.0875 18
117940 0.09 18
102225 0.0925 18
108475 0.095 18
161325 0.0975 18
242423 0.1 18
409599 0.1025 18
656551 0.105 18
990463 0.1075 18
1.34488e+06 0.11 18
1.64525e+06 0.1125 18
1.95344e+06 0.115 18
2.13065e+06 0.1175 18
2.21126e+06 0.12 18
2.09629e+06 0.1225 18
1.96459e+06 0.125 18
1.84665e+06 0.1275 18
1.79277e+06 0.13 18
1.65591e+06 0.1325 18
1.67302e+06 0.135 18
1.47988e+06 0.1375 18
1.20286e+06 0.14 18
1.0504e+06 0.1425 18
819526 0.145 18
671359 0.1475 18
585935 0.15 18
683018 0.1525 18
842061 0.155 18
942632 0.1575 18
942655 0.16 18
845762 0.1625 18
661497 0.165 18
456522 0.1675 18
283219 0.17 18
176085 0.1725 18
140995 0.175 18
144455 0.1775 18
168096 0.18 18
211295 0.1825 18
256918 0.185 18
307197 0.1875 18
349925 0.19 18
369995 0.1925 18
368290 0.195 18
351150 0.1975 18
339238 0.2 18
327477 0.2025 18
321010 0.205 18
294064 0.2075 18
264490 0.21 18
212797 0.2125 18
0 0.0025 19
0 0.005 19
0 0.0075 19
0 0.01 19
0 0.0125 19
0 0.015 19
4170.72 0.0175 19
5692.94 0.02 19
21191.3 0.0225 19
48329.7 0.025 19
39865.7 0.0275 19
69953.8 0.03 19
85988.1 0.0325 19
106323 0.035 19
109110 0.0375 19
85538.2 0.04 19
72148.8 0.0425 19
65087.3 0.045 19
100705 0.0475 19
137928 0.05 19
189067 0.0525 19
223749 0.055 19
256827 0.0575 19
283966 0.06 19
312733 0.0625 19
346000 0.065 19
376306 0.0675 19
387689 0.07 19
364885 0.0725 19
304537 0.075 19
221136 0.0775 19
143481 0.08 19
103319 0.0825 19
122526 0.085 19
205434 0.0875 19
338891 0.09 19
497740 0.0925 19
651292 0.095 19
768369 0.0975 19
822138 0.1 19
797304 0.1025 19
699331 0.105 19
560491 0.1075 19
434086 0.11 19
375634 0.1125 19
414729 0.115 19
532193 0.1175 19
668914 0.12 19
763813 0.1225 19
694683 0.125 19
540423 0.1275 19
328527 0.13 19
198022 0.1325 19
217520 0.135 19
412776 0.1375 19
698885 0.14 19
1.07256e+06 0.1425 19
1.33235e+06 0.145 19
1.43563e+06 0.1475 19
1.38431e+06 0.15 19
1.17709e+06 0.1525 19
917886 0.155 19
687956 0.1575 19
523764 0.16 19
424219 0.1625 19
317923 0.165 19
279177 0.1675 19
216303 0.17 19
159682 0.1725 19
96467 0.175 19
81084.9 0.1775 19
56171 0.18 19
45864.6 0.1825 19
58321.4 0.185 19
90824.6 0.1875 19
142060 0.19 19
208996 0.1925 19
272661 0.195 19
281295 0.1975 19
5268.9 0.0025 20
21842.4 0.005 20
51546.1 0.0075 20
95851.7 0.01 20
153802 0.0125 20
220176 0.015 20
285255 0.0175 20
337116 0.02 20
365916 0.0225 20
368059 0.025 20
347719 0.0275 20
314628 0.03 20
279398 0.0325 20
249305 0.035 20
226924 0.0375 20
211709 0.04 20
202278 0.0425 20
196890 0.045 20
191756 0.0475 20
179613 0.05 20
151866 0.0525 20
105184 0.055 20
49197.2 0.0575 20
9170.7 0.06 20
19057.3 0.0625 20
105945 0.065 20
273215 0.0675 20
492187 0.07 20
708403 0.0725 20
860842 0.075 20
905106 0.0775 20
829620 0.08 20
658089 0.0825 20
438937 0.085 20
228237 0.0875 20
73601.4 0.09 20
3392.21 0.0925 20
21760.8 0.095 20
108604 0.0975 20
224706 0.1 20
323362 0.1025 20
367827 0.105 20
349052 0.1075 20
294082 0.11 20
256901 0.1125 20
291822 0.115 20
420926 0.1175 20
613849 0.12 20
794494 0.1225 20
875269 0.125 20
802979 0.1275 20
590711 0.13 20
318005 0.1325 20
97895.3 0.135 20
15905.1 0.1375 20
101891 0.14 20
307590 0.1425 20
550357 0.145 20
723922 0.1475 20
758196 0.15 20
686043 0.1525 20
547139 0.155 20
360378 0.1575 20
235383 0.16 20
150756 0.1625 20
123019 0.165 20
124936 0.1675 20
159129 0.17 20
243713 0.1725 20
269020 0.175 20
318733 0.1775 20
0 0.0025 21
0 0.005 21
1367.53 0.0075 21
5837.07 0.01 21
14251.9 0.0125 21
39008.5 0.015 21
67740.5 0.0175 21
107290 0.02 21
143399 0.0225 21
163497 0.025 21
157593 0.0275 21
124694 0.03 21
75527 0.0325 21
29471.4 0.035 21
6042.8 0.0375 21
14682 0.04 21
48494.3 0.0425 21
86541.9 0.045 21
105242 0.0475 21
94149.5 0.05 21
67850.3 0.0525 21
66214.4 0.055 21
140393 0.0575 21
329324 0.06 21
637339 0.0625 21
1.02419e+06 0.065 21
1.4136e+06 0.0675 21
1.71763e+06 0.07 21
1.86649e+06 0.0725 21
1.831e+06 0.075 21
1.62889e+06 0.0775 21
1.31422e+06 0.08 21
956836 0.0825 21
621760 0.085 21
355753 0.0875 21
182963 0.09 21
106631 0.0925 21
112806 0.095 21
174235 0.0975 21
255535 0.1 21
321413 0.1025 21
347264 0.105 21
327967 0.1075 21
279353 0.11 21
229685 0.1125 21
204254 0.115 21
212130 0.1175 21
237649 0.12 21
256886 0.1225 21
243493 0.125 21
195814 0.1275 21
136384 0.13 21
103572 0.1325 21
103457 0.135 21
171805 0.1375 21
276109 0.14 21
363315 0.1425 21
442044 0.145 21
468744 0.1475 21
412252 0.15 21
327698 0.1525 21
272804 0.155 21
235382 0.1575 21
205863 0.16 21
0 0.0025 22
0 0.005 22
0 0.0075 22
0 0.01 22
0 0.0125 22
0 0.015 22
0 0.0175 22
0 0.02 22
0 0.0225 22
0 0.025 22
456.06 0.0275 22
2068 0.03 22
14822.3 0.0325 22
38615.7 0.035 22
74102.3 0.0375 22
98891.9 0.04 22
195084 0.0425 22
231898 0.045 22
260219 0.0475 22
288551 0.05 22
298215 0.0525 22
223697 0.055 22
126810 0.0575 22
63486 0.06 22
40517.1 0.0625 22
77597.2 0.065 22
178716 0.0675 22
391166 0.07 22
590861 0.0725 22
788694 0.075 22
904501 0.0775 22
959033 0.08 22
851300 0.0825 22
680179 0.085 22
452802 0.0875 22
247643 0.09 22
86803.8 0.0925 22
9252.87 0.095 22
7294.66 0.0975 22
58025.9 0.1 22
124213 0.1025 22
182595 0.105 22
215779 0.1075 22
230286 0.11 22
208701 0.1125 22
185817 0.115 22
152468 0.1175 22
126986 0.12 22
98478.8 0.1225 22
95912.6 0.125 22
128252 0.1275 22
173259 0.13 22
238145 0.1325 22
333713 0.135 22
358372 0.1375 22
0 0.0025 23
0 0.005 23
0 0.0075 23
0 0.01 23
0 0.0125 23
0 0.015 23
0 0.0175 23
0 0.02 23
0 0.0225 23
0 0.025 23
0 0.0275 23
0 0.03 23
0 0.0325 23
0 0.035 23
0 0.0375 23
0 0.04 23
0 0.0425 23
0 0.045 23
0 0.0475 23
1093.28 0.05 23
6486.32 0.0525 23
4503.17 0.055 23
29957 0.0575 23
65198.2 0.06 23
124959 0.0625 23
161931 0.065 23
206796 0.0675 23
244672 0.07 23
286625 0.0725 23
342644 0.075 23
393385 0.0775 23
372079 0.08 23
284429 0.0825 23
230521 0.085 23
168387 0.0875 23
120298 0.09 23
75629 0.0925 23
60134.2 0.095 23
82350.7 0.0975 23
152711 0.1 23
193151 0.1025 23
