2.46952e+07 0.085 0
1.49019e+07 0.0875 0
5.48913e+06 0.09 0
478271 0.0925 0
670128 0.095 0
3.83574e+06 0.0975 0
6.65498e+06 0.1 0
6.93148e+06 0.1025 0
4.69381e+06 0.105 0
1.71845e+06 0.1075 0
61115.9 0.11 0
684637 0.1125 0
3.00995e+06 0.115 0
5.49439e+06 0.1175 0
6.69327e+06 0.12 0
6.07298e+06 0.1225 0
4.1416e+06 0.125 0
1.96194e+06 0.1275 0
464570 0.13 0
33.4598 0.1325 0
326673 0.135 0
907292 0.1375 0
1.28992e+06 0.14 0
1.31983e+06 0.1425 0
1.09741e+06 0.145 0
769846 0.1475 0
468381 0.15 0
300712 0.1525 0
310925 0.155 0
379052 0.1575 0
493016 0.16 0
709483 0.1625 0
904335 0.165 0
1.09522e+06 0.1675 0
1.25069e+06 0.17 0
1.23447e+06 0.1725 0
1.17624e+06 0.175 0
860290 0.1775 0
537361 0.18 0
273976 0.1825 0
76378.6 0.185 0
88455.5 0.1875 0
190330 0.19 0
359523 0.1925 0
594359 0.195 0
853340 0.1975 0
1.06506e+06 0.2 0
1.25242e+06 0.2025 0
1.43079e+06 0.205 0
1.55055e+06 0.2075 0
1.49447e+06 0.21 0
1.42566e+06 0.2125 0
1.32623e+06 0.215 0
1.12645e+06 0.2175 0
804731 0.22 0
582167 0.2225 0
399711 0.225 0
330757 0.2275 0
352086 0.23 0
418307 0.2325 0
452835 0.235 0
504215 0.2375 0
499814 0.24 0
484426 0.2425 0
399459 0.245 0
283121 0.2475 0
204198 0.25 0
142187 0.2525 0
188909 0.255 0
290387 0.2575 0
397751 0.26 0
421599 0.2625 0
473050 0.265 0
400865 0.2675 0
338417 0.27 0
199891 0.2725 0
100840 0.275 0
29549.8 0.2775 0
3751.35 0.28 0
20281.4 0.2825 0
55519.2 0.285 0
96963.5 0.2875 0
123043 0.29 0
97145.3 0.2925 0
67040.5 0.295 0
36489.3 0.2975 0
18106.5 0.3 0
11812 0.3025 0
24845.9 0.305 0
52078.9 0.3075 0
74287.9 0.31 0
114725 0.3125 0
160708 0.315 0
3.11618e+06 0.0825 1
2.13743e+06 0.085 1
2.30208e+06 0.0875 1
3.79396e+06 0.09 1
6.94348e+06 0.0925 1
1.05453e+07 0.095 1
1.48104e+07 0.0975 1
1.87566e+07 0.1 1
2.07311e+07 0.1025 1
2.06883e+07 0.105 1
1.87839e+07 0.1075 1
1.58363e+07 0.11 1
1.20965e+07 0.1125 1
9.01096e+06 0.115 1
6.42351e+06 0.1175 1
4.53109e+06 0.12 1
3.28965e+06 0.1225 1
2.69229e+06 0.125 1
2.23746e+06 0.1275 1
1.62777e+06 0.13 1
1.11628e+06 0.1325 1
732625 0.135 1
582526 0.1375 1
486647 0.14 1
586483 0.1425 1
816274 0.145 1
1.07945e+06 0.1475 1
1.20443e+06 0.15 1
1.19326e+06 0.1525 1
1.11699e+06 0.155 1
1.00339e+06 0.1575 1
908689 0.16 1
807445 0.1625 1
663121 0.165 1
531174 0.1675 1
421902 0.17 1
331045 0.1725 1
280470 0.175 1
307934 0.1775 1
469046 0.18 1
659436 0.1825 1
926909 0.185 1
1.08181e+06 0.1875 1
1.16554e+06 0.19 1
1.12734e+06 0.1925 1
1.02057e+06 0.195 1
917442 0.1975 1
865975 0.2 1
852718 0.2025 1
927161 0.205 1
975552 0.2075 1
1.04096e+06 0.21 1
1.0594e+06 0.2125 1
1.07245e+06 0.215 1
1.12129e+06 0.2175 1
1.17464e+06 0.22 1
1.23009e+06 0.2225 1
1.29032e+06 0.225 1
1.26555e+06 0.2275 1
1.06235e+06 0.23 1
854815 0.2325 1
689971 0.235 1
589011 0.2375 1
596339 0.24 1
686110 0.2425 1
780615 0.245 1
904892 0.2475 1
917558 0.25 1
859354 0.2525 1
764665 0.255 1
678609 0.2575 1
635141 0.26 1
623927 0.2625 1
705462 0.265 1
882067 0.2675 1
1.06025e+06 0.27 1
1.18591e+06 0.2725 1
1.24398e+06 0.275 1
1.22887e+06 0.2775 1
1.13751e+06 0.28 1
1.01136e+06 0.2825 1
819916 0.285 1
711474 0.2875 1
683915 0.29 1
645871 0.2925 1
651003 0.295 1
667148 0.2975 1
672073 0.3 1
643682 0.3025 1
592696 0.305 1
520279 0.3075 1
459651 0.31 1
389141 0.3125 1
329912 0.315 1
5.27954e+06 0.08 2
6.33913e+06 0.0825 2
7.54265e+06 0.085 2
8.6992e+06 0.0875 2
9.54638e+06 0.09 2
9.91009e+06 0.0925 2
9.84173e+06 0.095 2
9.62705e+06 0.0975 2
9.63534e+06 0.1 2
1.0086e+07 0.1025 2
1.08789e+07 0.105 2
1.16208e+07 0.1075 2
1.18033e+07 0.11 2
1.11664e+07 0.1125 2
9.8062e+06 0.115 2
8.3602e+06 0.1175 2
7.27319e+06 0.12 2
7.02173e+06 0.1225 2
7.73918e+06 0.125 2
8.37253e+06 0.1275 2
8.7914e+06 0.13 2
8.46428e+06 0.1325 2
7.4273e+06 0.135 2
5.7279e+06 0.1375 2
3.90583e+06 0.14 2
2.31201e+06 0.1425 2
1.35309e+06 0.145 2
891094 0.1475 2
692547 0.15 2
401929 0.1525 2
220079 0.155 2
147551 0.1575 2
275742 0.16 2
610746 0.1625 2
1.11107e+06 0.165 2
1.43275e+06 0.1675 2
1.52447e+06 0.17 2
1.53661e+06 0.1725 2
1.43553e+06 0.175 2
1.03095e+06 0.1775 2
857724 0.18 2
647377 0.1825 2
533497 0.185 2
675895 0.1875 2
764595 0.19 2
890945 0.1925 2
1.12984e+06 0.195 2
1.36135e+06 0.1975 2
1.44757e+06 0.2 2
1.4488e+06 0.2025 2
1.44493e+06 0.205 2
1.43266e+06 0.2075 2
1.25439e+06 0.21 2
1.0393e+06 0.2125 2
872497 0.215 2
673559 0.2175 2
544699 0.22 2
446441 0.2225 2
376630 0.225 2
383343 0.2275 2
396369 0.23 2
421551 0.2325 2
451243 0.235 2
457762 0.2375 2
517558 0.24 2
587508 0.2425 2
665897 0.245 2
752262 0.2475 2
753836 0.25 2
708004 0.2525 2
682403 0.255 2
584358 0.2575 2
522947 0.26 2
443875 0.2625 2
395665 0.265 2
367766 0.2675 2
358049 0.27 2
372762 0.2725 2
388021 0.275 2
437293 0.2775 2
548687 0.28 2
732593 0.2825 2
920406 0.285 2
1.12713e+06 0.2875 2
1.29844e+06 0.29 2
1.45419e+06 0.2925 2
1.60581e+06 0.295 2
1.70762e+06 0.2975 2
1.61872e+06 0.3 2
1.46005e+06 0.3025 2
1.2558e+06 0.305 2
959787 0.3075 2
712130 0.31 2
488745 0.3125 2
346561 0.315 2
3.58026e+06 0.075 3
5.69153e+06 0.0775 3
9.91639e+06 0.08 3
1.50472e+07 0.0825 3
1.93254e+07 0.085 3
2.12541e+07 0.0875 3
2.02946e+07 0.09 3
1.7084e+07 0.0925 3
1.30701e+07 0.095 3
9.77534e+06 0.0975 3
8.09419e+06 0.1 3
7.98353e+06 0.1025 3
8.66185e+06 0.105 3
9.1695e+06 0.1075 3
8.93253e+06 0.11 3
8.02542e+06 0.1125 3
6.84662e+06 0.115 3
6.03982e+06 0.1175 3
6.05805e+06 0.12 3
6.51406e+06 0.1225 3
7.17913e+06 0.125 3
7.10946e+06 0.1275 3
6.47597e+06 0.13 3
5.4513e+06 0.1325 3
3.98725e+06 0.135 3
2.92322e+06 0.1375 3
1.96444e+06 0.14 3
1.61732e+06 0.1425 3
1.50799e+06 0.145 3
1.33318e+06 0.1475 3
1.18449e+06 0.15 3
772418 0.1525 3
450200 0.155 3
205238 0.1575 3
136101 0.16 3
242645 0.1625 3
461470 0.165 3
846189 0.1675 3
1.13517e+06 0.17 3
1.27483e+06 0.1725 3
1.38533e+06 0.175 3
1.4992e+06 0.1775 3
1.39221e+06 0.18 3
1.19301e+06 0.1825 3
1.06099e+06 0.185 3
881119 0.1875 3
700182 0.19 3
812829 0.1925 3
937871 0.195 3
1.09213e+06 0.1975 3
1.41759e+06 0.2 3
1.67264e+06 0.2025 3
1.88852e+06 0.205 3
2.07577e+06 0.2075 3
2.04733e+06 0.21 3
1.78817e+06 0.2125 3
1.62645e+06 0.215 3
1.3136e+06 0.2175 3
1.02397e+06 0.22 3
829462 0.2225 3
651612 0.225 3
589228 0.2275 3
575391 0.23 3
534510 0.2325 3
496801 0.235 3
448690 0.2375 3
352144 0.24 3
297538 0.2425 3
206433 0.245 3
194328 0.2475 3
206373 0.25 3
222943 0.2525 3
247471 0.255 3
247065 0.2575 3
244287 0.26 3
248797 0.2625 3
258575 0.265 3
333748 0.2675 3
398892 0.27 3
483789 0.2725 3
500758 0.275 3
528049 0.2775 3
515489 0.28 3
546298 0.2825 3
500697 0.285 3
501995 0.2875 3
547590 0.29 3
629814 0.2925 3
748319 0.295 3
857637 0.2975 3
1.00405e+06 0.3 3
1.11553e+06 0.3025 3
1.2049e+06 0.305 3
1.27176e+06 0.3075 3
1.28495e+06 0.31 3
1.24441e+06 0.3125 3
1.16275e+06 0.315 3
1.08563e+06 0.0675 4
1.13189e+06 0.07 4
1.5005e+06 0.0725 4
1.77449e+06 0.075 4
1.94579e+06 0.0775 4
2.13661e+06 0.08 4
2.20609e+06 0.0825 4
2.45589e+06 0.085 4
2.49657e+06 0.0875 4
2.44221e+06 0.09 4
2.26617e+06 0.0925 4
2.11476e+06 0.095 4
2.16505e+06 0.0975 4
2.48812e+06 0.1 4
2.84589e+06 0.1025 4
4.32366e+06 0.105 4
6.30285e+06 0.1075 4
8.47592e+06 0.11 4
1.02348e+07 0.1125 4
1.18556e+07 0.115 4
1.18226e+07 0.1175 4
1.09924e+07 0.12 4
9.49033e+06 0.1225 4
7.90963e+06 0.125 4
6.22761e+06 0.1275 4
4.4665e+06 0.13 4
3.53047e+06 0.1325 4
2.68651e+06 0.135 4
2.01299e+06 0.1375 4
1.48343e+06 0.14 4
1.20514e+06 0.1425 4
1.07113e+06 0.145 4
947817 0.1475 4
1.13484e+06 0.15 4
1.61347e+06 0.1525 4
2.0266e+06 0.155 4
2.24759e+06 0.1575 4
2.298e+06 0.16 4
2.08044e+06 0.1625 4
1.75207e+06 0.165 4
1.59651e+06 0.1675 4
1.79441e+06 0.17 4
2.26416e+06 0.1725 4
2.91664e+06 0.175 4
3.64621e+06 0.1775 4
4.25617e+06 0.18 4
4.54249e+06 0.1825 4
4.49358e+06 0.185 4
4.27922e+06 0.1875 4
3.78451e+06 0.19 4
3.07465e+06 0.1925 4
2.42335e+06 0.195 4
1.84025e+06 0.1975 4
1.29397e+06 0.2 4
946066 0.2025 4
802994 0.205 4
707948 0.2075 4
718216 0.21 4
805405 0.2125 4
845754 0.215 4
880500 0.2175 4
907206 0.22 4
914007 0.2225 4
898791 0.225 4
844943 0.2275 4
789003 0.23 4
751766 0.2325 4
663404 0.235 4
614283 0.2375 4
562137 0.24 4
559348 0.2425 4
611439 0.245 4
630727 0.2475 4
620295 0.25 4
652043 0.2525 4
639544 0.255 4
681321 0.2575 4
786199 0.26 4
859568 0.2625 4
940838 0.265 4
961990 0.2675 4
950165 0.27 4
940802 0.2725 4
930245 0.275 4
947169 0.2775 4
960437 0.28 4
904806 0.2825 4
822572 0.285 4
673363 0.2875 4
501452 0.29 4
429948 0.2925 4
425512 0.295 4
483814 0.2975 4
571594 0.3 4
641720 0.3025 4
662881 0.305 4
657762 0.3075 4
630240 0.31 4
600337 0.3125 4
1.60679e+06 0.055 5
947395 0.0575 5
484228 0.06 5
434937 0.0625 5
781262 0.065 5
1.30177e+06 0.0675 5
1.70949e+06 0.07 5
1.80883e+06 0.0725 5
1.58482e+06 0.075 5
1.18463e+06 0.0775 5
816140 0.08 5
630859 0.0825 5
657652 0.085 5
814970 0.0875 5
979843 0.09 5
1.06309e+06 0.0925 5
1.0461e+06 0.095 5
966736 0.0975 5
876403 0.1 5
804154 0.1025 5
750758 0.105 5
708677 0.1075 5
683841 0.11 5
696630 0.1125 5
759738 0.115 5
852824 0.1175 5
919610 0.12 5
897016 0.1225 5
759575 0.125 5
546905 0.1275 5
357455 0.13 5
267989 0.1325 5
291401 0.135 5
392879 0.1375 5
562010 0.14 5
565892 0.1425 5
609199 0.145 5
494671 0.1475 5
555775 0.15 5
683386 0.1525 5
1.01119e+06 0.155 5
1.3905e+06 0.1575 5
1.55965e+06 0.16 5
1.49038e+06 0.1625 5
1.39895e+06 0.165 5
1.47284e+06 0.1675 5
1.6872e+06 0.17 5
1.71497e+06 0.1725 5
2.02956e+06 0.175 5
1.87739e+06 0.1775 5
1.67839e+06 0.18 5
1.17252e+06 0.1825 5
627217 0.185 5
220973 0.1875 5
215884 0.19 5
471828 0.1925 5
1.00983e+06 0.195 5
1.44842e+06 0.1975 5
1.79433e+06 0.2 5
1.84479e+06 0.2025 5
1.87719e+06 0.205 5
1.81563e+06 0.2075 5
1.7943e+06 0.21 5
1.85297e+06 0.2125 5
1.91435e+06 0.215 5
1.73902e+06 0.2175 5
1.52996e+06 0.22 5
1.1897e+06 0.2225 5
874732 0.225 5
534716 0.2275 5
330569 0.23 5
191039 0.2325 5
137352 0.235 5
150803 0.2375 5
194212 0.24 5
255118 0.2425 5
358539 0.245 5
511995 0.2475 5
661420 0.25 5
811842 0.2525 5
906462 0.255 5
980931 0.2575 5
1.08581e+06 0.26 5
1.24053e+06 0.2625 5
1.21466e+06 0.265 5
1.19394e+06 0.2675 5
1.19459e+06 0.27 5
1.2599e+06 0.2725 5
1.32045e+06 0.275 5
1.36904e+06 0.2775 5
1.40005e+06 0.28 5
1.41634e+06 0.2825 5
1.31823e+06 0.285 5
1.11835e+06 0.2875 5
983094 0.29 5
908171 0.2925 5
935199 0.295 5
1.03015e+06 0.2975 5
1.12243e+06 0.3 5
1.13509e+06 0.3025 5
1.03218e+06 0.305 5
827133 0.3075 5
598567 0.31 5
0 0.035 6
0 0.0375 6
0 0.04 6
0 0.0425 6
0 0.045 6
0 0.0475 6
0 0.05 6
0 0.0525 6
2564.33 0.055 6
5392.73 0.0575 6
8021.86 0.06 6
5657.08 0.0625 6
91964.9 0.065 6
271494 0.0675 6
339135 0.07 6
532414 0.0725 6
702384 0.075 6
835765 0.0775 6
1.09031e+06 0.08 6
1.21038e+06 0.0825 6
1.3129e+06 0.085 6
1.45101e+06 0.0875 6
1.511e+06 0.09 6
1.58985e+06 0.0925 6
1.62375e+06 0.095 6
1.3697e+06 0.0975 6
1.07831e+06 0.1 6
916338 0.1025 6
911908 0.105 6
841356 0.1075 6
931054 0.11 6
1.15709e+06 0.1125 6
1.16815e+06 0.115 6
1.1603e+06 0.1175 6
1.24468e+06 0.12 6
1.14844e+06 0.1225 6
1.02265e+06 0.125 6
807389 0.1275 6
562020 0.13 6
345910 0.1325 6
268385 0.135 6
281789 0.1375 6
370627 0.14 6
486280 0.1425 6
671747 0.145 6
821780 0.1475 6
957049 0.15 6
1.21239e+06 0.1525 6
1.43853e+06 0.155 6
1.65342e+06 0.1575 6
1.98715e+06 0.16 6
2.36364e+06 0.1625 6
2.60092e+06 0.165 6
2.72991e+06 0.1675 6
2.49803e+06 0.17 6
2.04595e+06 0.1725 6
1.50483e+06 0.175 6
898309 0.1775 6
395953 0.18 6
82956.6 0.1825 6
23646.5 0.185 6
180479 0.1875 6
475159 0.19 6
892608 0.1925 6
1.24758e+06 0.195 6
1.52202e+06 0.1975 6
1.69001e+06 0.2 6
1.63646e+06 0.2025 6
1.59394e+06 0.205 6
1.43061e+06 0.2075 6
1.25766e+06 0.21 6
1.09364e+06 0.2125 6
913705 0.215 6
738236 0.2175 6
649552 0.22 6
637274 0.2225 6
677634 0.225 6
692792 0.2275 6
714939 0.23 6
754997 0.2325 6
783982 0.235 6
670506 0.2375 6
600126 0.24 6
538933 0.2425 6
419019 0.245 6
339283 0.2475 6
322021 0.25 6
362403 0.2525 6
534934 0.255 6
817705 0.2575 6
1.15126e+06 0.26 6
1.43412e+06 0.2625 6
1.67546e+06 0.265 6
1.85341e+06 0.2675 6
1.93037e+06 0.27 6
1.93997e+06 0.2725 6
1.89582e+06 0.275 6
1.80663e+06 0.2775 6
1.72416e+06 0.28 6
1.62862e+06 0.2825 6
1.48021e+06 0.285 6
1.36112e+06 0.2875 6
1.27677e+06 0.29 6
1.19062e+06 0.2925 6
1.13962e+06 0.295 6
1.07085e+06 0.2975 6
1.01343e+06 0.3 6
877815 0.3025 6
716309 0.305 6
540093 0.3075 6
12991.6 0.0125 7
50424 0.015 7
103342 0.0175 7
313208 0.02 7
474815 0.0225 7
720939 0.025 7
883053 0.0275 7
989083 0.03 7
913125 0.0325 7
741540 0.035 7
496488 0.0375 7
263718 0.04 7
173587 0.0425 7
259195 0.045 7
464149 0.0475 7
669070 0.05 7
754574 0.0525 7
666228 0.055 7
443942 0.0575 7
198271 0.06 7
47628.1 0.0625 7
53754.5 0.065 7
193046 0.0675 7
378162 0.07 7
512922 0.0725 7
544283 0.075 7
480428 0.0775 7
369177 0.08 7
258089 0.0825 7
167825 0.085 7
96980.4 0.0875 7
50141.4 0.09 7
61398.7 0.0925 7
187894 0.095 7
471177 0.0975 7
891322 0.1 7
1.34933e+06 0.1025 7
1.69799e+06 0.105 7
1.80935e+06 0.1075 7
1.64043e+06 0.11 7
1.25881e+06 0.1125 7
799019 0.115 7
420033 0.1175 7
191315 0.12 7
138788 0.1225 7
109164 0.125 7
87243.4 0.1275 7
103744 0.13 7
73882.6 0.1325 7
113367 0.135 7
134849 0.1375 7
175079 0.14 7
192198 0.1425 7
198838 0.145 7
285960 0.1475 7
483482 0.15 7
813107 0.1525 7
1.19024e+06 0.155 7
1.55188e+06 0.1575 7
1.73345e+06 0.16 7
1.60711e+06 0.1625 7
1.26039e+06 0.165 7
881662 0.1675 7
426720 0.17 7
212245 0.1725 7
235701 0.175 7
379299 0.1775 7
591066 0.18 7
782168 0.1825 7
1.11657e+06 0.185 7
1.40361e+06 0.1875 7
1.63675e+06 0.19 7
2.04653e+06 0.1925 7
2.35273e+06 0.195 7
2.89023e+06 0.1975 7
3.01408e+06 0.2 7
2.79559e+06 0.2025 7
2.50521e+06 0.205 7
2.1032e+06 0.2075 7
1.70124e+06 0.21 7
1.43613e+06 0.2125 7
1.13858e+06 0.215 7
904441 0.2175 7
614692 0.22 7
454207 0.2225 7
387787 0.225 7
402861 0.2275 7
466466 0.23 7
574516 0.2325 7
708607 0.235 7
783577 0.2375 7
878820 0.24 7
1.00493e+06 0.2425 7
1.13484e+06 0.245 7
1.19342e+06 0.2475 7
1.19182e+06 0.25 7
1.05696e+06 0.2525 7
931032 0.255 7
822215 0.2575 7
802556 0.26 7
849293 0.2625 7
974790 0.265 7
1.08938e+06 0.2675 7
1.10199e+06 0.27 7
1.03927e+06 0.2725 7
890721 0.275 7
739195 0.2775 7
591765 0.28 7
552431 0.2825 7
571217 0.285 7
647516 0.2875 7
718359 0.29 7
779122 0.2925 7
738285 0.295 7
656755 0.2975 7
537177 0.3 7
402659 0.3025 7
325186 0.305 7
0 0.01 8
0 0.0125 8
0 0.015 8
0 0.0175 8
0 0.02 8
0 0.0225 8
0 0.025 8
120.835 0.0275 8
14378.7 0.03 8
32248.4 0.0325 8
2359.43 0.035 8
14121.1 0.0375 8
41072.7 0.04 8
56058.2 0.0425 8
55095.8 0.045 8
103275 0.0475 8
126144 0.05 8
147271 0.0525 8
140027 0.055 8
197547 0.0575 8
250416 0.06 8
289038 0.0625 8
289935 0.065 8
291807 0.0675 8
191208 0.07 8
163496 0.0725 8
90072.7 0.075 8
18534.2 0.0775 8
13271.2 0.08 8
82110.8 0.0825 8
207577 0.085 8
371504 0.0875 8
534191 0.09 8
618132 0.0925 8
622785 0.095 8
558314 0.0975 8
431573 0.1 8
315048 0.1025 8
255433 0.105 8
268709 0.1075 8
289057 0.11 8
205818 0.1125 8
183651 0.115 8
210066 0.1175 8
312999 0.12 8
354944 0.1225 8
424617 0.125 8
544714 0.1275 8
606641 0.13 8
587135 0.1325 8
477730 0.135 8
330109 0.1375 8
216023 0.14 8
170375 0.1425 8
233730 0.145 8
357460 0.1475 8
533365 0.15 8
595210 0.1525 8
612582 0.155 8
557042 0.1575 8
406023 0.16 8
344398 0.1625 8
325084 0.165 8
384357 0.1675 8
581217 0.17 8
717469 0.1725 8
810443 0.175 8
805850 0.1775 8
652064 0.18 8
539319 0.1825 8
412268 0.185 8
544693 0.1875 8
867333 0.19 8
1.25094e+06 0.1925 8
1.67791e+06 0.195 8
2.16371e+06 0.1975 8
2.32217e+06 0.2 8
2.37037e+06 0.2025 8
2.08593e+06 0.205 8
1.50364e+06 0.2075 8
1.0318e+06 0.21 8
622582 0.2125 8
494683 0.215 8
743348 0.2175 8
1.1244e+06 0.22 8
1.49876e+06 0.2225 8
1.84196e+06 0.225 8
2.04578e+06 0.2275 8
2.00285e+06 0.23 8
1.86604e+06 0.2325 8
1.69497e+06 0.235 8
1.65536e+06 0.2375 8
1.54925e+06 0.24 8
1.48131e+06 0.2425 8
1.44761e+06 0.245 8
1.34773e+06 0.2475 8
1.23966e+06 0.25 8
1.16713e+06 0.2525 8
1.12432e+06 0.255 8
1.14017e+06 0.2575 8
1.15677e+06 0.26 8
1.24946e+06 0.2625 8
1.29556e+06 0.265 8
1.20391e+06 0.2675 8
1.12553e+06 0.27 8
993276 0.2725 8
828936 0.275 8
719881 0.2775 8
630249 0.28 8
570178 0.2825 8
505506 0.285 8
469279 0.2875 8
455195 0.29 8
437484 0.2925 8
427581 0.295 8
444486 0.2975 8
0 0.01 9
0 0.0125 9
0 0.015 9
0 0.0175 9
0 0.02 9
0 0.0225 9
0 0.025 9
0 0.0275 9
0 0.03 9
0 0.0325 9
0 0.035 9
7038.96 0.0375 9
4426.13 0.04 9
43791.8 0.0425 9
168410 0.045 9
243106 0.0475 9
190442 0.05 9
359435 0.0525 9
492287 0.055 9
706342 0.0575 9
857682 0.06 9
787760 0.0625 9
686246 0.065 9
440624 0.0675 9
279054 0.07 9
157275 0.0725 9
74567.8 0.075 9
37403.5 0.0775 9
123084 0.08 9
361701 0.0825 9
548307 0.085 9
684195 0.0875 9
749056 0.09 9
619322 0.0925 9
351410 0.095 9
187340 0.0975 9
246457 0.1 9
414283 0.1025 9
996243 0.105 9
1.70807e+06 0.1075 9
2.36372e+06 0.11 9
2.84018e+06 0.1125 9
3.01264e+06 0.115 9
2.99057e+06 0.1175 9
2.58307e+06 0.12 9
2.22273e+06 0.1225 9
1.82142e+06 0.125 9
1.4649e+06 0.1275 9
1.19912e+06 0.13 9
816799 0.1325 9
587207 0.135 9
341306 0.1375 9
189982 0.14 9
113570 0.1425 9
185970 0.145 9
395549 0.1475 9
601467 0.15 9
901954 0.1525 9
1.13445e+06 0.155 9
1.39495e+06 0.1575 9
1.84391e+06 0.16 9
2.23574e+06 0.1625 9
2.67591e+06 0.165 9
2.98022e+06 0.1675 9
3.06341e+06 0.17 9
3.14843e+06 0.1725 9
2.8672e+06 0.175 9
2.52993e+06 0.1775 9
2.09929e+06 0.18 9
1.84436e+06 0.1825 9
1.76112e+06 0.185 9
1.98611e+06 0.1875 9
2.45613e+06 0.19 9
2.96462e+06 0.1925 9
3.27689e+06 0.195 9
3.19632e+06 0.1975 9
2.71264e+06 0.2 9
1.9418e+06 0.2025 9
1.19395e+06 0.205 9
685287 0.2075 9
600133 0.21 9
1.01706e+06 0.2125 9
1.67515e+06 0.215 9
2.30129e+06 0.2175 9
2.68224e+06 0.22 9
2.80592e+06 0.2225 9
2.64303e+06 0.225 9
2.396e+06 0.2275 9
2.07208e+06 0.23 9
2.02998e+06 0.2325 9
1.87292e+06 0.235 9
1.93818e+06 0.2375 9
1.7877e+06 0.24 9
1.61453e+06 0.2425 9
1.42281e+06 0.245 9
1.22244e+06 0.2475 9
1.09954e+06 0.25 9
1.09444e+06 0.2525 9
999841 0.255 9
895676 0.2575 9
755591 0.26 9
595261 0.2625 9
452609 0.265 9
428706 0.2675 9
548358 0.27 9
747379 0.2725 9
1.05103e+06 0.275 9
1.26079e+06 0.2775 9
1.40055e+06 0.28 9
1.40311e+06 0.2825 9
1.28116e+06 0.285 9
1.05123e+06 0.2875 9
818315 0.29 9
607770 0.2925 9
197798 0.01 10
357387 0.0125 10
511151 0.015 10
612124 0.0175 10
646036 0.02 10
644904 0.0225 10
668406 0.025 10
762587 0.0275 10
922525 0.03 10
1.08536e+06 0.0325 10
1.16175e+06 0.035 10
1.08904e+06 0.0375 10
874251 0.04 10
599809 0.0425 10
386643 0.045 10
334593 0.0475 10
473141 0.05 10
748728 0.0525 10
1.05334e+06 0.055 10
1.2763e+06 0.0575 10
1.35079e+06 0.06 10
1.27304e+06 0.0625 10
1.09018e+06 0.065 10
869383 0.0675 10
667942 0.07 10
517697 0.0725 10
425693 0.075 10
383351 0.0775 10
375104 0.08 10
382735 0.0825 10
387745 0.085 10
375815 0.0875 10
343722 0.09 10
304071 0.0925 10
281903 0.095 10
301845 0.0975 10
371784 0.1 10
473438 0.1025 10
567435 0.105 10
611678 0.1075 10
582794 0.11 10
487757 0.1125 10
358806 0.115 10
235587 0.1175 10
146526 0.12 10
103038 0.1225 10
97846.4 0.125 10
127695 0.1275 10
206470 0.13 10
350446 0.1325 10
519924 0.135 10
659898 0.1375 10
802409 0.14 10
792022 0.1425 10
836938 0.145 10
900349 0.1475 10
925125 0.15 10
1.21485e+06 0.1525 10
1.64424e+06 0.155 10
2.14387e+06 0.1575 10
2.40538e+06 0.16 10
2.51985e+06 0.1625 10
2.38638e+06 0.165 10
2.05515e+06 0.1675 10
2.02766e+06 0.17 10
2.06841e+06 0.1725 10
2.58357e+06 0.175 10
3.33729e+06 0.1775 10
4.04212e+06 0.18 10
4.557e+06 0.1825 10
4.8756e+06 0.185 10
4.73998e+06 0.1875 10
4.46178e+06 0.19 10
3.83463e+06 0.1925 10
3.33356e+06 0.195 10
2.89983e+06 0.1975 10
2.61132e+06 0.2 10
2.88344e+06 0.2025 10
2.87277e+06 0.205 10
2.77175e+06 0.2075 10
2.6276e+06 0.21 10
2.25804e+06 0.2125 10
1.72579e+06 0.215 10
1.2168e+06 0.2175 10
762912 0.22 10
611307 0.2225 10
615835 0.225 10
832735 0.2275 10
1.07477e+06 0.23 10
1.24056e+06 0.2325 10
1.22628e+06 0.235 10
1.07109e+06 0.2375 10
871283 0.24 10
683203 0.2425 10
533811 0.245 10
429240 0.2475 10
351989 0.25 10
273822 0.2525 10
220899 0.255 10
209345 0.2575 10
292150 0.26 10
447435 0.2625 10
601783 0.265 10
710960 0.2675 10
747145 0.27 10
641137 0.2725 10
494754 0.275 10
403025 0.2775 10
344398 0.28 10
333347 0.2825 10
393032 0.285 10
418159 0.2875 10
0 0.01 11
0 0.0125 11
0 0.015 11
0 0.0175 11
0 0.02 11
0 0.0225 11
0 0.025 11
0 0.0275 11
0 0.03 11
0 0.0325 11
0 0.035 11
0 0.0375 11
0 0.04 11
0 0.0425 11
0 0.045 11
0 0.0475 11
0 0.05 11
0 0.0525 11
0 0.055 11
0 0.0575 11
12065.7 0.06 11
33716.6 0.0625 11
56440.1 0.065 11
72924.2 0.0675 11
126197 0.07 11
195519 0.0725 11
248770 0.075 11
351269 0.0775 11
430871 0.08 11
573664 0.0825 11
827986 0.085 11
931418 0.0875 11
984418 0.09 11
1.09824e+06 0.0925 11
1.29663e+06 0.095 11
1.3516e+06 0.0975 11
1.34853e+06 0.1 11
1.09053e+06 0.1025 11
971590 0.105 11
701565 0.1075 11
592298 0.11 11
570097 0.1125 11
665464 0.115 11
922672 0.1175 11
1.29647e+06 0.12 11
1.54393e+06 0.1225 11
1.58937e+06 0.125 11
1.63339e+06 0.1275 11
1.49865e+06 0.13 11
1.26114e+06 0.1325 11
1.04721e+06 0.135 11
998509 0.1375 11
1.10575e+06 0.14 11
1.37936e+06 0.1425 11
1.86049e+06 0.145 11
2.24404e+06 0.1475 11
2.57631e+06 0.15 11
2.73133e+06 0.1525 11
2.86987e+06 0.155 11
2.85099e+06 0.1575 11
2.84267e+06 0.16 11
2.80292e+06 0.1625 11
2.84898e+06 0.165 11
2.78704e+06 0.1675 11
2.63118e+06 0.17 11
2.35851e+06 0.1725 11
2.025e+06 0.175 11
1.70148e+06 0.1775 11
1.35912e+06 0.18 11
1.08515e+06 0.1825 11
865737 0.185 11
741634 0.1875 11
592253 0.19 11
435655 0.1925 11
330281 0.195 11
265138 0.1975 11
272848 0.2 11
327796 0.2025 11
386747 0.205 11
413639 0.2075 11
410881 0.21 11
388786 0.2125 11
396487 0.215 11
436549 0.2175 11
539962 0.22 11
686574 0.2225 11
777977 0.225 11
816885 0.2275 11
793473 0.23 11
672194 0.2325 11
531515 0.235 11
392990 0.2375 11
318891 0.24 11
275555 0.2425 11
274955 0.245 11
305784 0.2475 11
338706 0.25 11
383979 0.2525 11
368381 0.255 11
383092 0.2575 11
459523 0.26 11
487182 0.2625 11
502285 0.265 11
470088 0.2675 11
428218 0.27 11
395500 0.2725 11
330411 0.275 11
285772 0.2775 11
261901 0.28 11
257776 0.2825 11
24535.6 0.01 12
106397 0.0125 12
245219 0.015 12
398222 0.0175 12
579338 0.02 12
742951 0.0225 12
844270 0.025 12
884847 0.0275 12
906668 0.03 12
967451 0.0325 12
1.09985e+06 0.035 12
1.28083e+06 0.0375 12
1.43429e+06 0.04 12
1.46997e+06 0.0425 12
1.33744e+06 0.045 12
1.06131e+06 0.0475 12
733872 0.05 12
466935 0.0525 12
331286 0.055 12
320819 0.0575 12
363519 0.06 12
372057 0.0625 12
301898 0.065 12
180603 0.0675 12
90871.9 0.07 12
119259 0.0725 12
303211 0.075 12
608288 0.0775 12
946786 0.08 12
1.22295e+06 0.0825 12
1.37559e+06 0.085 12
1.39455e+06 0.0875 12
1.30728e+06 0.09 12
1.15168e+06 0.0925 12
956940 0.095 12
744066 0.0975 12
539857 0.1 12
386690 0.1025 12
334122 0.105 12
413849 0.1075 12
615276 0.11 12
882394 0.1125 12
1.14021e+06 0.115 12
1.33998e+06 0.1175 12
1.4947e+06 0.12 12
1.65466e+06 0.1225 12
1.92742e+06 0.125 12
2.35798e+06 0.1275 12
2.94492e+06 0.13 12
3.44609e+06 0.1325 12
3.72988e+06 0.135 12
3.77875e+06 0.1375 12
3.53673e+06 0.14 12
3.07961e+06 0.1425 12
2.51945e+06 0.145 12
2.04933e+06 0.1475 12
1.90631e+06 0.15 12
1.9076e+06 0.1525 12
2.15084e+06 0.155 12
2.42791e+06 0.1575 12
2.47091e+06 0.16 12
2.1032e+06 0.1625 12
1.66121e+06 0.165 12
1.13324e+06 0.1675 12
654837 0.17 12
364281 0.1725 12
215310 0.175 12
298465 0.1775 12
455306 0.18 12
609640 0.1825 12
780191 0.185 12
754164 0.1875 12
817222 0.19 12
844793 0.1925 12
860448 0.195 12
1.01673e+06 0.1975 12
1.10034e+06 0.2 12
1.09272e+06 0.2025 12
899454 0.205 12
644930 0.2075 12
375170 0.21 12
186373 0.2125 12
153766 0.215 12
272941 0.2175 12
579926 0.22 12
949170 0.2225 12
1.44467e+06 0.225 12
1.7374e+06 0.2275 12
1.89559e+06 0.23 12
1.8478e+06 0.2325 12
1.60163e+06 0.235 12
1.31578e+06 0.2375 12
967715 0.24 12
644475 0.2425 12
394615 0.245 12
240361 0.2475 12
183676 0.25 12
194514 0.2525 12
197968 0.255 12
238831 0.2575 12
221051 0.26 12
186451 0.2625 12
121622 0.265 12
90079.1 0.2675 12
81210.7 0.27 12
87732.5 0.2725 12
88357.1 0.275 12
0 0.01 13
0 0.0125 13
0 0.015 13
0 0.0175 13
0 0.02 13
0 0.0225 13
0 0.025 13
0 0.0275 13
0 0.03 13
4356.35 0.0325 13
50675.9 0.035 13
138913 0.0375 13
158437 0.04 13
362479 0.0425 13
644093 0.045 13
828237 0.0475 13
949913 0.05 13
1.00078e+06 0.0525 13
883667 0.055 13
899084 0.0575 13
780772 0.06 13
662583 0.0625 13
581724 0.065 13
504099 0.0675 13
479476 0.07 13
652390 0.0725 13
781299 0.075 13
850096 0.0775 13
946067 0.08 13
919106 0.0825 13
875746 0.085 13
928940 0.0875 13
1.07407e+06 0.09 13
1.19884e+06 0.0925 13
1.27873e+06 0.095 13
1.37604e+06 0.0975 13
1.39518e+06 0.1 13
1.39847e+06 0.1025 13
1.23233e+06 0.105 13
1.00385e+06 0.1075 13
887778 0.11 13
825947 0.1125 13
804263 0.115 13
782209 0.1175 13
763559 0.12 13
862224 0.1225 13
978245 0.125 13
1.16292e+06 0.1275 13
1.30459e+06 0.13 13
1.41254e+06 0.1325 13
1.39178e+06 0.135 13
1.33101e+06 0.1375 13
1.20961e+06 0.14 13
1.20673e+06 0.1425 13
1.45145e+06 0.145 13
1.66225e+06 0.1475 13
1.94439e+06 0.15 13
2.21391e+06 0.1525 13
2.36286e+06 0.155 13
2.41041e+06 0.1575 13
2.5485e+06 0.16 13
2.65971e+06 0.1625 13
2.76582e+06 0.165 13
3.01162e+06 0.1675 13
3.29255e+06 0.17 13
3.26743e+06 0.1725 13
2.99177e+06 0.175 13
2.62e+06 0.1775 13
2.24795e+06 0.18 13
1.95111e+06 0.1825 13
1.8295e+06 0.185 13
1.86728e+06 0.1875 13
1.92242e+06 0.19 13
1.94033e+06 0.1925 13
1.7985e+06 0.195 13
1.46866e+06 0.1975 13
1.07969e+06 0.2 13
645495 0.2025 13
412421 0.205 13
312804 0.2075 13
346737 0.21 13
409991 0.2125 13
468369 0.215 13
515310 0.2175 13
491087 0.22 13
521147 0.2225 13
597804 0.225 13
658267 0.2275 13
732686 0.23 13
704667 0.2325 13
692599 0.235 13
666679 0.2375 13
656680 0.24 13
654819 0.2425 13
683183 0.245 13
694937 0.2475 13
691180 0.25 13
625300 0.2525 13
567911 0.255 13
500653 0.2575 13
421853 0.26 13
365109 0.2625 13
324800 0.265 13
269908 0.2675 13
0 0.02 14
0 0.0225 14
0 0.025 14
0 0.0275 14
0 0.03 14
28.3959 0.0325 14
5895.37 0.035 14
62799.3 0.0375 14
101743 0.04 14
241135 0.0425 14
391508 0.045 14
651514 0.0475 14
850866 0.05 14
1.15822e+06 0.0525 14
1.43123e+06 0.055 14
1.5617e+06 0.0575 14
1.77133e+06 0.06 14
1.77196e+06 0.0625 14
1.83791e+06 0.065 14
1.7261e+06 0.0675 14
1.59298e+06 0.07 14
1.57227e+06 0.0725 14
1.51579e+06 0.075 14
1.37065e+06 0.0775 14
1.21154e+06 0.08 14
1.10632e+06 0.0825 14
974623 0.085 14
723646 0.0875 14
517041 0.09 14
386771 0.0925 14
267441 0.095 14
234799 0.0975 14
318841 0.1 14
479844 0.1025 14
567041 0.105 14
644205 0.1075 14
792466 0.11 14
1.12172e+06 0.1125 14
1.33211e+06 0.115 14
1.64641e+06 0.1175 14
1.81521e+06 0.12 14
1.74531e+06 0.1225 14
1.5005e+06 0.125 14
1.34231e+06 0.1275 14
1.05998e+06 0.13 14
898941 0.1325 14
950751 0.135 14
1.18687e+06 0.1375 14
1.57769e+06 0.14 14
1.92795e+06 0.1425 14
2.42068e+06 0.145 14
2.60313e+06 0.1475 14
2.68091e+06 0.15 14
2.37724e+06 0.1525 14
1.86486e+06 0.155 14
1.32453e+06 0.1575 14
985357 0.16 14
820671 0.1625 14
902160 0.165 14
1.12866e+06 0.1675 14
1.40578e+06 0.17 14
1.5023e+06 0.1725 14
1.41368e+06 0.175 14
1.29063e+06 0.1775 14
1.02929e+06 0.18 14
730882 0.1825 14
554541 0.185 14
452576 0.1875 14
406851 0.19 14
431879 0.1925 14
430216 0.195 14
397412 0.1975 14
321108 0.2 14
270862 0.2025 14
250859 0.205 14
327856 0.2075 14
465944 0.21 14
619789 0.2125 14
709816 0.215 14
688962 0.2175 14
578278 0.22 14
446228 0.2225 14
365092 0.225 14
401727 0.2275 14
453975 0.23 14
580700 0.2325 14
638530 0.235 14
605893 0.2375 14
483579 0.24 14
317404 0.2425 14
174449 0.245 14
113140 0.2475 14
191659 0.25 14
324852 0.2525 14
444347 0.255 14
523197 0.2575 14
196841 0.0125 15
505481 0.015 15
1.10969e+06 0.0175 15
2.00104e+06 0.02 15
3.24827e+06 0.0225 15
4.78267e+06 0.025 15
6.47638e+06 0.0275 15
8.13931e+06 0.03 15
9.54282e+06 0.0325 15
1.04544e+07 0.035 15
1.06823e+07 0.0375 15
1.01252e+07 0.04 15
8.81728e+06 0.0425 15
6.94917e+06 0.045 15
4.84941e+06 0.0475 15
2.9177e+06 0.05 15
1.5227e+06 0.0525 15
895329 0.055 15
1.05746e+06 0.0575 15
1.81694e+06 0.06 15
2.83493e+06 0.0625 15
3.74133e+06 0.065 15
4.25372e+06 0.0675 15
4.25423e+06 0.07 15
3.79875e+06 0.0725 15
3.06343e+06 0.075 15
2.25899e+06 0.0775 15
1.55264e+06 0.08 15
1.02697e+06 0.0825 15
683209 0.085 15
474433 0.0875 15
344888 0.09 15
255596 0.0925 15
189892 0.095 15
145311 0.0975 15
123494 0.1 15
126102 0.1025 15
156833 0.105 15
223812 0.1075 15
336782 0.11 15
498592 0.1125 15
696139 0.115 15
898387 0.1175 15
1.06374e+06 0.12 15
1.15826e+06 0.1225 15
1.15794e+06 0.125 15
1.05637e+06 0.1275 15
907452 0.13 15
679245 0.1325 15
520354 0.135 15
450425 0.1375 15
505054 0.14 15
634973 0.1425 15
712533 0.145 15
912445 0.1475 15
1.06725e+06 0.15 15
1.13996e+06 0.1525 15
1.17057e+06 0.155 15
1.13571e+06 0.1575 15
947880 0.16 15
869281 0.1625 15
764821 0.165 15
684406 0.1675 15
587688 0.17 15
601025 0.1725 15
575428 0.175 15
690692 0.1775 15
596310 0.18 15
679842 0.1825 15
660296 0.185 15
716744 0.1875 15
820450 0.19 15
906612 0.1925 15
920997 0.195 15
815527 0.1975 15
696285 0.2 15
573245 0.2025 15
424933 0.205 15
418965 0.2075 15
536412 0.21 15
723719 0.2125 15
926619 0.215 15
1.08553e+06 0.2175 15
1.10367e+06 0.22 15
987356 0.2225 15
801278 0.225 15
557036 0.2275 15
405151 0.23 15
264737 0.2325 15
199175 0.235 15
200733 0.2375 15
187103 0.24 15
187188 0.2425 15
184803 0.245 15
196813 0.2475 15
0 0.0025 16
0 0.005 16
0 0.0075 16
0 0.01 16
0 0.0125 16
0 0.015 16
0 0.0175 16
0 0.02 16
0 0.0225 16
0 0.025 16
0 0.0275 16
0 0.03 16
0 0.0325 16
0 0.035 16
0 0.0375 16
0 0.04 16
0 0.0425 16
0 0.045 16
0 0.0475 16
0 0.05 16
0 0.0525 16
0 0.055 16
0 0.0575 16
4423.55 0.06 16
49486.1 0.0625 16
54021.9 0.065 16
95327.5 0.0675 16
104340 0.07 16
136467 0.0725 16
235008 0.075 16
334921 0.0775 16
561035 0.08 16
832282 0.0825 16
999346 0.085 16
1.20121e+06 0.0875 16
1.3761e+06 0.09 16
1.55706e+06 0.0925 16
1.48572e+06 0.095 16
1.73918e+06 0.0975 16
1.72049e+06 0.1 16
1.62029e+06 0.1025 16
1.63772e+06 0.105 16
1.51151e+06 0.1075 16
1.48899e+06 0.11 16
1.52312e+06 0.1125 16
1.39436e+06 0.115 16
1.46608e+06 0.1175 16
1.63181e+06 0.12 16
1.6559e+06 0.1225 16
1.6866e+06 0.125 16
1.66988e+06 0.1275 16
1.59232e+06 0.13 16
1.47435e+06 0.1325 16
1.3735e+06 0.135 16
1.35269e+06 0.1375 16
1.36014e+06 0.14 16
1.4378e+06 0.1425 16
1.50791e+06 0.145 16
1.40435e+06 0.1475 16
1.20292e+06 0.15 16
1.00221e+06 0.1525 16
823552 0.155 16
749237 0.1575 16
815228 0.16 16
919086 0.1625 16
1.00106e+06 0.165 16
958623 0.1675 16
746694 0.17 16
450528 0.1725 16
198949 0.175 16
109931 0.1775 16
231559 0.18 16
568285 0.1825 16
975204 0.185 16
1.333e+06 0.1875 16
1.45434e+06 0.19 16
1.30498e+06 0.1925 16
999118 0.195 16
675008 0.1975 16
456118 0.2 16
380572 0.2025 16
467249 0.205 16
639887 0.2075 16
805749 0.21 16
878014 0.2125 16
808867 0.215 16
647990 0.2175 16
470757 0.22 16
305999 0.2225 16
194096 0.225 16
149994 0.2275 16
167167 0.23 16
225150 0.2325 16
310056 0.235 16
384911 0.2375 16
4873.34 0.0025 17
70833.6 0.005 17
304780 0.0075 17
762758 0.01 17
1.36454e+06 0.0125 17
1.89814e+06 0.015 17
2.12261e+06 0.0175 17
1.90883e+06 0.02 17
1.32865e+06 0.0225 17
632927 0.025 17
127975 0.0275 17
22964.6 0.03 17
336456 0.0325 17
910668 0.035 17
1.51549e+06 0.0375 17
1.97402e+06 0.04 17
2.23745e+06 0.0425 17
2.37691e+06 0.045 17
2.51275e+06 0.0475 17
2.73373e+06 0.05 17
3.0522e+06 0.0525 17
3.40882e+06 0.055 17
3.70821e+06 0.0575 17
3.85618e+06 0.06 17
3.78245e+06 0.0625 17
3.45303e+06 0.065 17
2.88446e+06 0.0675 17
2.16176e+06 0.07 17
1.44441e+06 0.0725 17
939257 0.075 17
834566 0.0775 17
1.21832e+06 0.08 17
2.02393e+06 0.0825 17
3.04043e+06 0.085 17
3.99106e+06 0.0875 17
4.64407e+06 0.09 17
4.89841e+06 0.0925 17
4.80046e+06 0.095 17
4.48826e+06 0.0975 17
4.10168e+06 0.1 17
3.71371e+06 0.1025 17
3.32021e+06 0.105 17
2.88512e+06 0.1075 17
2.40272e+06 0.11 17
1.93086e+06 0.1125 17
1.57115e+06 0.115 17
1.40992e+06 0.1175 17
1.45957e+06 0.12 17
1.64134e+06 0.1225 17
1.81386e+06 0.125 17
1.84901e+06 0.1275 17
1.6893e+06 0.13 17
1.35593e+06 0.1325 17
985474 0.135 17
652297 0.1375 17
464843 0.14 17
361938 0.1425 17
348116 0.145 17
433159 0.1475 17
497318 0.15 17
493127 0.1525 17
489609 0.155 17
435228 0.1575 17
434407 0.16 17
407909 0.1625 17
377529 0.165 17
352496 0.1675 17
338277 0.17 17
240912 0.1725 17
186205 0.175 17
159278 0.1775 17
150788 0.18 17
182905 0.1825 17
233970 0.185 17
268328 0.1875 17
268889 0.19 17
292219 0.1925 17
339542 0.195 17
365861 0.1975 17
351771 0.2 17
399798 0.2025 17
436104 0.205 17
439464 0.2075 17
448078 0.21 17
421103 0.2125 17
369619 0.215 17
327042 0.2175 17
242290 0.22 17
172816 0.2225 17
164488 0.225 17
0 0.0025 18
0 0.005 18
0 0.0075 18
0 0.01 18
0 0.0125 18
0 0.015 18
0 0.0175 18
0 0.02 18
0 0.0225 18
0 0.025 18
0 0.0275 18
0 0.03 18
0 0.0325 18
0 0.035 18
335.151 0.0375 18
26.0335 0.04 18
13572.5 0.0425 18
55359.5 0.045 18
113032 0.0475 18
185341 0.05 18
261556 0.0525 18
462097 0.055 18
689045 0.0575 18
742417 0.06 18
887205 0.0625 18
874717 0.065 18
1.03463e+06 0.0675 18
1.03551e+06 0.07 18
1.04072e+06 0.0725 18
947490 0.075 18
928473 0.0775 18
895169 0.08 18
1.02394e+06 0.0825 18
1.03375e+06 0.085 18
1.07083e+06 0.0875 18
1.07464e+06 0.09 18
1.00564e+06 0.0925 18
847573 0.095 18
737334 0.0975 18
744392 0.1 18
865558 0.1025 18
1.14355e+06 0.105 18
1.54584e+06 0.1075 18
1.92196e+06 0.11 18
2.09706e+06 0.1125 18
2.28028e+06 0.115 18
2.20707e+06 0.1175 18
1.90028e+06 0.12 18
1.5706e+06 0.1225 18
1.19695e+06 0.125 18
820855 0.1275 18
543020 0.13 18
328062 0.1325 18
239395 0.135 18
258411 0.1375 18
295280 0.14 18
355058 0.1425 18
409031 0.145 18
403397 0.1475 18
352640 0.15 18
297048 0.1525 18
191563 0.155 18
128819 0.1575 18
76775.1 0.16 18
40368.2 0.1625 18
56816.1 0.165 18
154745 0.1675 18
294502 0.17 18
449711 0.1725 18
622434 0.175 18
722958 0.1775 18
748452 0.18 18
684339 0.1825 18
541449 0.185 18
366734 0.1875 18
217148 0.19 18
117532 0.1925 18
86301.1 0.195 18
85333.7 0.1975 18
94752.9 0.2 18
98678 0.2025 18
92545.6 0.205 18
64786 0.2075 18
68598 0.21 18
77409.7 0.2125 18
0 0.0025 19
0 0.005 19
0 0.0075 19
0 0.01 19
0 0.0125 19
0 0.015 19
0 0.0175 19
0 0.02 19
0 0.0225 19
0 0.025 19
8209.84 0.0275 19
5999.32 0.03 19
14136.3 0.0325 19
51975.5 0.035 19
76090.3 0.0375 19
131610 0.04 19
131013 0.0425 19
110196 0.045 19
169615 0.0475 19
146809 0.05 19
104316 0.0525 19
92514 0.055 19
37889 0.0575 19
23706.7 0.06 19
7822.74 0.0625 19
10218.1 0.065 19
16222.6 0.0675 19
29376.8 0.07 19
55841.2 0.0725 19
149933 0.075 19
301244 0.0775 19
481286 0.08 19
697432 0.0825 19
898843 0.085 19
1.00461e+06 0.0875 19
992034 0.09 19
867242 0.0925 19
696430 0.095 19
505872 0.0975 19
342503 0.1 19
235969 0.1025 19
202722 0.105 19
234532 0.1075 19
338518 0.11 19
420953 0.1125 19
518527 0.115 19
544073 0.1175 19
556581 0.12 19
457712 0.1225 19
329262 0.125 19
320497 0.1275 19
442941 0.13 19
613260 0.1325 19
855683 0.135 19
1.00322e+06 0.1375 19
1.05753e+06 0.14 19
925111 0.1425 19
711642 0.145 19
500318 0.1475 19
385986 0.15 19
377420 0.1525 19
416861 0.155 19
467686 0.1575 19
507566 0.16 19
450231 0.1625 19
351215 0.165 19
245803 0.1675 19
192945 0.17 19
203882 0.1725 19
290533 0.175 19
349823 0.1775 19
380313 0.18 19
387291 0.1825 19
354267 0.185 19
336875 0.1875 19
291328 0.19 19
265332 0.1925 19
218051 0.195 19
200464 0.1975 19
0 0.0025 20
0 0.005 20
0 0.0075 20
0 0.01 20
34.6286 0.0125 20
2664.68 0.015 20
2071.37 0.0175 20
9884.22 0.02 20
35712.1 0.0225 20
62814.3 0.025 20
100877 0.0275 20
164787 0.03 20
259964 0.0325 20
331797 0.035 20
360430 0.0375 20
367889 0.04 20
342842 0.0425 20
292563 0.045 20
230957 0.0475 20
173738 0.05 20
133824 0.0525 20
119710 0.055 20
137612 0.0575 20
195259 0.06 20
303284 0.0625 20
470958 0.065 20
696727 0.0675 20
958526 0.07 20
1.21111e+06 0.0725 20
1.39536e+06 0.075 20
1.45824e+06 0.0775 20
1.37504e+06 0.08 20
1.16247e+06 0.0825 20
874442 0.085 20
581310 0.0875 20
342126 0.09 20
184050 0.0925 20
98918.8 0.095 20
57407 0.0975 20
31296.3 0.1 20
10378.2 0.1025 20
4715.84 0.105 20
32598 0.1075 20
103320 0.11 20
207062 0.1125 20
315966 0.115 20
398376 0.1175 20
431283 0.12 20
416987 0.1225 20
369955 0.125 20
312031 0.1275 20
246772 0.13 20
199510 0.1325 20
168844 0.135 20
148645 0.1375 20
148701 0.14 20
172329 0.1425 20
203722 0.145 20
300464 0.1475 20
384237 0.15 20
439524 0.1525 20
499326 0.155 20
557982 0.1575 20
589679 0.16 20
607573 0.1625 20
542083 0.165 20
441636 0.1675 20
331245 0.17 20
197101 0.1725 20
103446 0.175 20
126468 0.1775 20
0 0.0025 21
0 0.005 21
0 0.0075 21
0 0.01 21
0 0.0125 21
0 0.015 21
0 0.0175 21
0 0.02 21
0 0.0225 21
0 0.025 21
0 0.0275 21
0 0.03 21
0 0.0325 21
0 0.035 21
0 0.0375 21
0 0.04 21
0 0.0425 21
0 0.045 21
0 0.0475 21
0 0.05 21
0 0.0525 21
7471.51 0.055 21
18251.7 0.0575 21
23109.2 0.06 21
23103.3 0.0625 21
46255 0.065 21
57572.6 0.0675 21
60691 0.07 21
95577.8 0.0725 21
107417 0.075 21
105992 0.0775 21
107977 0.08 21
151174 0.0825 21
146880 0.085 21
115696 0.0875 21
104400 0.09 21
142913 0.0925 21
150529 0.095 21
156202 0.0975 21
174929 0.1 21
189288 0.1025 21
209938 0.105 21
200388 0.1075 21
189249 0.11 21
171245 0.1125 21
138129 0.115 21
106398 0.1175 21
73687.9 0.12 21
61547.4 0.1225 21
60262.7 0.125 21
95230.4 0.1275 21
152737 0.13 21
213403 0.1325 21
280423 0.135 21
301437 0.1375 21
328220 0.14 21
326301 0.1425 21
312389 0.145 21
334983 0.1475 21
364910 0.15 21
393681 0.1525 21
408930 0.155 21
384483 0.1575 21
319268 0.16 21
40508.7 0.0025 22
158896 0.005 22
344705 0.0075 22
577829 0.01 22
827020 0.0125 22
1.05183e+06 0.015 22
1.20961e+06 0.0175 22
1.26685e+06 0.02 22
1.21104e+06 0.0225 22
1.05761e+06 0.025 22
847423 0.0275 22
634134 0.03 22
466103 0.0325 22
370517 0.035 22
346868 0.0375 22
372078 0.04 22
413626 0.0425 22
443340 0.045 22
445351 0.0475 22
416217 0.05 22
360199 0.0525 22
284776 0.055 22
199550 0.0575 22
117662 0.06 22
55984.4 0.0625 22
31087.5 0.065 22
51700.2 0.0675 22
112179 0.07 22
192136 0.0725 22
264030 0.075 22
305294 0.0775 22
308238 0.08 22
281973 0.0825 22
245451 0.085 22
216186 0.0875 22
201514 0.09 22
197133 0.0925 22
192582 0.095 22
179080 0.0975 22
154389 0.1 22
122330 0.1025 22
88704.6 0.105 22
57596.8 0.1075 22
30949 0.11 22
11007.3 0.1125 22
2585.07 0.115 22
12151.6 0.1175 22
43457.8 0.12 22
92600.8 0.1225 22
146548 0.125 22
187357 0.1275 22
200110 0.13 22
180365 0.1325 22
137104 0.135 22
88080.2 0.1375 22
0 0.0025 23
0 0.005 23
0 0.0075 23
0 0.01 23
0 0.0125 23
0 0.015 23
0 0.0175 23
0 0.02 23
0 0.0225 23
0 0.025 23
0 0.0275 23
0 0.03 23
0 0.0325 23
0 0.035 23
0 0.0375 23
0 0.04 23
132.164 0.0425 23
3680.34 0.045 23
4475.11 0.0475 23
9750.98 0.05 23
51867.2 0.0525 23
101900 0.055 23
148351 0.0575 23
203147 0.06 23
283593 0.0625 23
312256 0.065 23
415715 0.0675 23
487301 0.07 23
444941 0.0725 23
417140 0.075 23
363937 0.0775 23
301271 0.08 23
203670 0.0825 23
135668 0.085 23
95341 0.0875 23
108316 0.09 23
144774 0.0925 23
166467 0.095 23
188038 0.0975 23
180638 0.1 23
129624 0.1025 23
