2.18461e+07 0.085 0
1.31826e+07 0.0875 0
4.85584e+06 0.09 0
423093 0.0925 0
592815 0.095 0
3.39321e+06 0.0975 0
5.88719e+06 0.1 0
6.13179e+06 0.1025 0
4.15229e+06 0.105 0
1.52019e+06 0.1075 0
54065 0.11 0
605650 0.1125 0
2.66269e+06 0.115 0
4.8605e+06 0.1175 0
5.92106e+06 0.12 0
5.37234e+06 0.1225 0
3.66378e+06 0.125 0
1.73559e+06 0.1275 0
410972 0.13 0
29.5995 0.1325 0
288984 0.135 0
802617 0.1375 0
1.1411e+06 0.14 0
1.16756e+06 0.1425 0
970797 0.145 0
681029 0.1475 0
414344 0.15 0
266018 0.1525 0
275054 0.155 0
335320 0.1575 0
436136 0.16 0
627629 0.1625 0
800002 0.165 0
968862 0.1675 0
1.1064e+06 0.17 0
1.09205e+06 0.1725 0
1.04054e+06 0.175 0
761038 0.1775 0
475366 0.18 0
242367 0.1825 0
67566.8 0.185 0
78250.3 0.1875 0
168372 0.19 0
318045 0.1925 0
525788 0.195 0
754890 0.1975 0
942186 0.2 0
1.10793e+06 0.2025 0
1.26572e+06 0.205 0
1.37166e+06 0.2075 0
1.32205e+06 0.21 0
1.26118e+06 0.2125 0
1.17323e+06 0.215 0
996490 0.2175 0
711889 0.22 0
515002 0.2225 0
353596 0.225 0
292597 0.2275 0
311466 0.23 0
370047 0.2325 0
400591 0.235 0
446043 0.2375 0
442151 0.24 0
428538 0.2425 0
353373 0.245 0
250457 0.2475 0
180640 0.25 0
125783 0.2525 0
167115 0.255 0
256885 0.2575 0
351862 0.26 0
372959 0.2625 0
418474 0.265 0
354617 0.2675 0
299373 0.27 0
176829 0.2725 0
89205.9 0.275 0
26140.6 0.2775 0
3318.56 0.28 0
17941.5 0.2825 0
49113.9 0.285 0
85776.8 0.2875 0
108847 0.29 0
85937.6 0.2925 0
59306 0.295 0
32279.5 0.2975 0
16017.5 0.3 0
10449.3 0.3025 0
21979.5 0.305 0
46070.5 0.3075 0
65717.3 0.31 0
101489 0.3125 0
142167 0.315 0
271333 0.085 1
949695 0.0875 1
2.70353e+06 0.09 1
5.80081e+06 0.0925 1
9.00329e+06 0.095 1
1.24938e+07 0.0975 1
1.54534e+07 0.1 1
1.66811e+07 0.1025 1
1.6323e+07 0.105 1
1.468e+07 0.1075 1
1.23418e+07 0.11 1
9.57807e+06 0.1125 1
7.53667e+06 0.115 1
5.96345e+06 0.1175 1
4.87491e+06 0.12 1
4.12612e+06 0.1225 1
3.74658e+06 0.125 1
3.26203e+06 0.1275 1
2.48699e+06 0.13 1
1.88162e+06 0.1325 1
1.33705e+06 0.135 1
1.04134e+06 0.1375 1
798122 0.14 1
791771 0.1425 1
902047 0.145 1
1.05765e+06 0.1475 1
1.12756e+06 0.15 1
1.07246e+06 0.1525 1
1.05607e+06 0.155 1
1.02176e+06 0.1575 1
974711 0.16 1
897788 0.1625 1
742287 0.165 1
579456 0.1675 1
409715 0.17 1
247318 0.1725 1
137985 0.175 1
106305 0.1775 1
200867 0.18 1
356841 0.1825 1
586889 0.185 1
740441 0.1875 1
830002 0.19 1
833246 0.1925 1
790298 0.195 1
770831 0.1975 1
812396 0.2 1
912365 0.2025 1
1.08316e+06 0.205 1
1.20227e+06 0.2075 1
1.28438e+06 0.21 1
1.2561e+06 0.2125 1
1.155e+06 0.215 1
1.03432e+06 0.2175 1
899148 0.22 1
790819 0.2225 1
742319 0.225 1
709543 0.2275 1
614900 0.23 1
565669 0.2325 1
567734 0.235 1
613876 0.2375 1
702698 0.24 1
806979 0.2425 1
874093 0.245 1
925867 0.2475 1
887569 0.25 1
789642 0.2525 1
667470 0.255 1
554836 0.2575 1
506144 0.26 1
479289 0.2625 1
555431 0.265 1
741443 0.2675 1
949912 0.27 1
1.12271e+06 0.2725 1
1.22681e+06 0.275 1
1.25164e+06 0.2775 1
1.16503e+06 0.28 1
1.01862e+06 0.2825 1
793654 0.285 1
643075 0.2875 1
588971 0.29 1
547200 0.2925 1
580907 0.295 1
637147 0.2975 1
677411 0.3 1
653082 0.3025 1
579499 0.305 1
463680 0.3075 1
347270 0.31 1
237312 0.3125 1
162380 0.315 1
9.69608e+06 0.0825 2
1.30488e+07 0.085 2
1.63324e+07 0.0875 2
1.87536e+07 0.09 2
1.96916e+07 0.0925 2
1.90087e+07 0.095 2
1.7157e+07 0.0975 2
1.49902e+07 0.1 2
1.33566e+07 0.1025 2
1.26847e+07 0.105 2
1.28011e+07 0.1075 2
1.30446e+07 0.11 2
1.27134e+07 0.1125 2
1.14268e+07 0.115 2
9.4591e+06 0.1175 2
7.29549e+06 0.12 2
5.59109e+06 0.1225 2
5.03954e+06 0.125 2
4.7808e+06 0.1275 2
4.98269e+06 0.13 2
5.00967e+06 0.1325 2
4.62551e+06 0.135 2
3.57556e+06 0.1375 2
2.57288e+06 0.14 2
1.61392e+06 0.1425 2
1.1634e+06 0.145 2
979163 0.1475 2
1.02893e+06 0.15 2
829737 0.1525 2
566522 0.155 2
297447 0.1575 2
206910 0.16 2
399387 0.1625 2
760150 0.165 2
1.18364e+06 0.1675 2
1.50494e+06 0.17 2
1.67481e+06 0.1725 2
1.61959e+06 0.175 2
1.26596e+06 0.1775 2
1.03827e+06 0.18 2
679388 0.1825 2
397608 0.185 2
374882 0.1875 2
369671 0.19 2
420043 0.1925 2
542589 0.195 2
668299 0.1975 2
810608 0.2 2
882098 0.2025 2
812916 0.205 2
823336 0.2075 2
704875 0.21 2
607028 0.2125 2
553273 0.215 2
453927 0.2175 2
383404 0.22 2
326310 0.2225 2
240073 0.225 2
183343 0.2275 2
155562 0.23 2
188448 0.2325 2
274976 0.235 2
376617 0.2375 2
535745 0.24 2
686271 0.2425 2
814680 0.245 2
926855 0.2475 2
910244 0.25 2
807907 0.2525 2
694907 0.255 2
521277 0.2575 2
367572 0.26 2
219463 0.2625 2
114615 0.265 2
54285.8 0.2675 2
47635.2 0.27 2
104463 0.2725 2
218599 0.275 2
356293 0.2775 2
554875 0.28 2
731453 0.2825 2
875953 0.285 2
1.00306e+06 0.2875 2
1.08616e+06 0.29 2
1.1274e+06 0.2925 2
1.15303e+06 0.295 2
1.1986e+06 0.2975 2
1.0975e+06 0.3 2
1.00942e+06 0.3025 2
877129 0.305 2
737915 0.3075 2
638164 0.31 2
531264 0.3125 2
464396 0.315 2
3.57399e+07 0.0775 3
3.02208e+07 0.08 3
2.76231e+07 0.0825 3
2.79056e+07 0.085 3
2.94201e+07 0.0875 3
2.99348e+07 0.09 3
2.78552e+07 0.0925 3
2.30002e+07 0.095 3
1.65833e+07 0.0975 3
1.04977e+07 0.1 3
6.34961e+06 0.1025 3
4.76069e+06 0.105 3
5.24718e+06 0.1075 3
6.65179e+06 0.11 3
7.78199e+06 0.1125 3
7.84222e+06 0.115 3
6.83648e+06 0.1175 3
5.24021e+06 0.12 3
3.52442e+06 0.1225 3
2.30108e+06 0.125 3
1.37049e+06 0.1275 3
1.02717e+06 0.13 3
982481 0.1325 3
1.0824e+06 0.135 3
1.39047e+06 0.1375 3
1.61988e+06 0.14 3
1.79957e+06 0.1425 3
1.78995e+06 0.145 3
1.52715e+06 0.1475 3
1.20644e+06 0.15 3
818871 0.1525 3
630036 0.155 3
641679 0.1575 3
818324 0.16 3
1.01716e+06 0.1625 3
1.27694e+06 0.165 3
1.43215e+06 0.1675 3
1.49772e+06 0.17 3
1.46572e+06 0.1725 3
1.25281e+06 0.175 3
1.01952e+06 0.1775 3
911426 0.18 3
690229 0.1825 3
514446 0.185 3
425477 0.1875 3
467774 0.19 3
821926 0.1925 3
1.1936e+06 0.195 3
1.57649e+06 0.1975 3
2.03242e+06 0.2 3
2.23707e+06 0.2025 3
2.24291e+06 0.205 3
2.19878e+06 0.2075 3
1.97971e+06 0.21 3
1.63611e+06 0.2125 3
1.29825e+06 0.215 3
915995 0.2175 3
583051 0.22 3
405489 0.2225 3
323179 0.225 3
307069 0.2275 3
349313 0.23 3
423812 0.2325 3
496368 0.235 3
526281 0.2375 3
512423 0.24 3
475671 0.2425 3
442745 0.245 3
366381 0.2475 3
309629 0.25 3
216890 0.2525 3
167266 0.255 3
137686 0.2575 3
164904 0.26 3
215288 0.2625 3
263892 0.265 3
344558 0.2675 3
400452 0.27 3
426703 0.2725 3
427261 0.275 3
414912 0.2775 3
379739 0.28 3
374063 0.2825 3
351048 0.285 3
360062 0.2875 3
382729 0.29 3
425763 0.2925 3
460833 0.295 3
512296 0.2975 3
648587 0.3 3
773615 0.3025 3
932315 0.305 3
1.12354e+06 0.3075 3
1.24563e+06 0.31 3
1.31408e+06 0.3125 3
1.32456e+06 0.315 3
703766 0.0725 4
776050 0.075 4
655218 0.0775 4
484169 0.08 4
394428 0.0825 4
317783 0.085 4
350248 0.0875 4
273048 0.09 4
386116 0.0925 4
615305 0.095 4
815226 0.0975 4
1.02276e+06 0.1 4
1.25272e+06 0.1025 4
1.86769e+06 0.105 4
2.42872e+06 0.1075 4
2.84592e+06 0.11 4
3.14252e+06 0.1125 4
3.43019e+06 0.115 4
3.43806e+06 0.1175 4
3.22181e+06 0.12 4
3.01391e+06 0.1225 4
3.03555e+06 0.125 4
3.27394e+06 0.1275 4
3.48167e+06 0.13 4
3.78934e+06 0.1325 4
4.01043e+06 0.135 4
3.99473e+06 0.1375 4
3.59527e+06 0.14 4
2.99971e+06 0.1425 4
2.42172e+06 0.145 4
1.61746e+06 0.1475 4
1.14416e+06 0.15 4
1.042e+06 0.1525 4
1.25307e+06 0.155 4
1.64659e+06 0.1575 4
1.97139e+06 0.16 4
2.19047e+06 0.1625 4
2.19394e+06 0.165 4
2.01044e+06 0.1675 4
1.73977e+06 0.17 4
1.46622e+06 0.1725 4
1.21945e+06 0.175 4
1.10109e+06 0.1775 4
1.13585e+06 0.18 4
1.25744e+06 0.1825 4
1.43972e+06 0.185 4
1.70813e+06 0.1875 4
1.8431e+06 0.19 4
1.95796e+06 0.1925 4
1.89787e+06 0.195 4
1.72926e+06 0.1975 4
1.42164e+06 0.2 4
1.16453e+06 0.2025 4
1.02935e+06 0.205 4
868206 0.2075 4
803928 0.21 4
810559 0.2125 4
741790 0.215 4
677643 0.2175 4
645869 0.22 4
648589 0.2225 4
681223 0.225 4
721216 0.2275 4
774174 0.23 4
792555 0.2325 4
697977 0.235 4
615254 0.2375 4
443889 0.24 4
303981 0.2425 4
271387 0.245 4
306644 0.2475 4
404977 0.25 4
600297 0.2525 4
821471 0.255 4
1.05124e+06 0.2575 4
1.23759e+06 0.26 4
1.26945e+06 0.2625 4
1.18715e+06 0.265 4
941466 0.2675 4
663548 0.27 4
414726 0.2725 4
252153 0.275 4
209218 0.2775 4
275534 0.28 4
347526 0.2825 4
409674 0.285 4
423679 0.2875 4
387462 0.29 4
323182 0.2925 4
276773 0.295 4
257220 0.2975 4
273398 0.3 4
291026 0.3025 4
324478 0.305 4
398963 0.3075 4
542487 0.31 4
748297 0.3125 4
1.29758e+06 0.065 5
1.24746e+06 0.0675 5
1.05349e+06 0.07 5
866311 0.0725 5
778348 0.075 5
777507 0.0775 5
778064 0.08 5
696795 0.0825 5
516860 0.085 5
297249 0.0875 5
127394 0.09 5
63965.6 0.0925 5
95329.3 0.095 5
155749 0.0975 5
175328 0.1 5
128602 0.1025 5
48946.5 0.105 5
1921.06 0.1075 5
38805.5 0.11 5
162873 0.1125 5
329683 0.115 5
478556 0.1175 5
572335 0.12 5
618903 0.1225 5
661440 0.125 5
745337 0.1275 5
888077 0.13 5
1.04828e+06 0.1325 5
1.1511e+06 0.135 5
1.15154e+06 0.1375 5
1.13901e+06 0.14 5
978739 0.1425 5
990762 0.145 5
967792 0.1475 5
1.36417e+06 0.15 5
1.69353e+06 0.1525 5
2.05707e+06 0.155 5
2.56006e+06 0.1575 5
2.5869e+06 0.16 5
2.42369e+06 0.1625 5
2.26078e+06 0.165 5
2.04098e+06 0.1675 5
2.07375e+06 0.17 5
1.93636e+06 0.1725 5
1.86561e+06 0.175 5
1.47971e+06 0.1775 5
1.06449e+06 0.18 5
573455 0.1825 5
236746 0.185 5
133643 0.1875 5
172858 0.19 5
361485 0.1925 5
598341 0.195 5
739812 0.1975 5
712343 0.2 5
743980 0.2025 5
755921 0.205 5
927240 0.2075 5
1.1189e+06 0.21 5
1.11977e+06 0.2125 5
1.01064e+06 0.215 5
800223 0.2175 5
511344 0.22 5
314088 0.2225 5
267782 0.225 5
395793 0.2275 5
646392 0.23 5
838730 0.2325 5
929767 0.235 5
960394 0.2375 5
987759 0.24 5
1.09367e+06 0.2425 5
1.28037e+06 0.245 5
1.5006e+06 0.2475 5
1.7352e+06 0.25 5
1.7538e+06 0.2525 5
1.68991e+06 0.255 5
1.53513e+06 0.2575 5
1.39182e+06 0.26 5
1.15953e+06 0.2625 5
974160 0.265 5
904261 0.2675 5
777883 0.27 5
639257 0.2725 5
546861 0.275 5
544507 0.2775 5
609231 0.28 5
765533 0.2825 5
917845 0.285 5
1.04897e+06 0.2875 5
1.04261e+06 0.29 5
896824 0.2925 5
666068 0.295 5
413917 0.2975 5
217039 0.3 5
116381 0.3025 5
126928 0.305 5
233784 0.3075 5
379453 0.31 5
6501.45 0.055 6
34617 0.0575 6
75922.1 0.06 6
149867 0.0625 6
324912 0.065 6
546836 0.0675 6
732277 0.07 6
931925 0.0725 6
1.2007e+06 0.075 6
1.66379e+06 0.0775 6
1.83524e+06 0.08 6
2.10895e+06 0.0825 6
2.36865e+06 0.085 6
2.36274e+06 0.0875 6
2.74251e+06 0.09 6
2.95943e+06 0.0925 6
3.24434e+06 0.095 6
3.60171e+06 0.0975 6
4.00953e+06 0.1 6
4.73296e+06 0.1025 6
4.93461e+06 0.105 6
4.73278e+06 0.1075 6
4.21283e+06 0.11 6
3.76203e+06 0.1125 6
3.15184e+06 0.115 6
2.4567e+06 0.1175 6
2.06636e+06 0.12 6
1.9769e+06 0.1225 6
2.07637e+06 0.125 6
2.28991e+06 0.1275 6
2.49135e+06 0.13 6
2.54811e+06 0.1325 6
2.50074e+06 0.135 6
2.22173e+06 0.1375 6
1.82888e+06 0.14 6
1.47912e+06 0.1425 6
990984 0.145 6
865311 0.1475 6
907881 0.15 6
1.21666e+06 0.1525 6
1.59053e+06 0.155 6
1.90398e+06 0.1575 6
2.11038e+06 0.16 6
2.15753e+06 0.1625 6
1.96532e+06 0.165 6
1.71906e+06 0.1675 6
1.32475e+06 0.17 6
1.06725e+06 0.1725 6
876824 0.175 6
790755 0.1775 6
787355 0.18 6
799173 0.1825 6
839961 0.185 6
810898 0.1875 6
701855 0.19 6
610617 0.1925 6
438508 0.195 6
294608 0.1975 6
195816 0.2 6
158438 0.2025 6
217113 0.205 6
332171 0.2075 6
512737 0.21 6
699278 0.2125 6
841818 0.215 6
844508 0.2175 6
884127 0.22 6
800115 0.2225 6
794026 0.225 6
846360 0.2275 6
978086 0.23 6
1.24787e+06 0.2325 6
1.48419e+06 0.235 6
1.69131e+06 0.2375 6
1.81477e+06 0.24 6
1.84875e+06 0.2425 6
1.71383e+06 0.245 6
1.52112e+06 0.2475 6
1.3108e+06 0.25 6
1.11358e+06 0.2525 6
1.01576e+06 0.255 6
943985 0.2575 6
888943 0.26 6
822452 0.2625 6
748662 0.265 6
661831 0.2675 6
575452 0.27 6
491952 0.2725 6
433025 0.275 6
411710 0.2775 6
410140 0.28 6
445617 0.2825 6
427477 0.285 6
418635 0.2875 6
430322 0.29 6
427058 0.2925 6
390316 0.295 6
351617 0.2975 6
272835 0.3 6
208299 0.3025 6
196574 0.305 6
262338 0.3075 6
7.8733e+06 0.04 7
8.29797e+06 0.0425 7
8.50522e+06 0.045 7
8.41682e+06 0.0475 7
7.92499e+06 0.05 7
6.95939e+06 0.0525 7
5.56102e+06 0.055 7
3.91595e+06 0.0575 7
2.31874e+06 0.06 7
1.07328e+06 0.0625 7
376140 0.065 7
240897 0.0675 7
502876 0.07 7
901457 0.0725 7
1.19666e+06 0.075 7
1.26092e+06 0.0775 7
1.10452e+06 0.08 7
832035 0.0825 7
564013 0.085 7
371904 0.0875 7
258847 0.09 7
187148 0.0925 7
125454 0.095 7
81155.7 0.0975 7
98215.8 0.1 7
225423 0.1025 7
478258 0.105 7
818921 0.1075 7
1.16534e+06 0.11 7
1.42735e+06 0.1125 7
1.52093e+06 0.115 7
1.44656e+06 0.1175 7
1.20556e+06 0.12 7
874160 0.1225 7
573184 0.125 7
369829 0.1275 7
420495 0.13 7
660564 0.1325 7
1.25339e+06 0.135 7
1.97129e+06 0.1375 7
2.58288e+06 0.14 7
2.92101e+06 0.1425 7
3.02226e+06 0.145 7
2.71284e+06 0.1475 7
2.22568e+06 0.15 7
1.60638e+06 0.1525 7
1.13686e+06 0.155 7
829335 0.1575 7
789046 0.16 7
972647 0.1625 7
1.23028e+06 0.165 7
1.42767e+06 0.1675 7
1.43377e+06 0.17 7
1.34503e+06 0.1725 7
1.08879e+06 0.175 7
768577 0.1775 7
526802 0.18 7
279690 0.1825 7
198684 0.185 7
226163 0.1875 7
327376 0.19 7
448512 0.1925 7
558038 0.195 7
544295 0.1975 7
462522 0.2 7
386837 0.2025 7
299900 0.205 7
260698 0.2075 7
230873 0.21 7
323841 0.2125 7
457339 0.215 7
613982 0.2175 7
692400 0.22 7
748681 0.2225 7
738290 0.225 7
582484 0.2275 7
385301 0.23 7
265150 0.2325 7
232224 0.235 7
340987 0.2375 7
612784 0.24 7
978497 0.2425 7
1.33029e+06 0.245 7
1.62856e+06 0.2475 7
1.73683e+06 0.25 7
1.60246e+06 0.2525 7
1.36732e+06 0.255 7
1.06268e+06 0.2575 7
771166 0.26 7
471086 0.2625 7
295762 0.265 7
230802 0.2675 7
230081 0.27 7
250474 0.2725 7
268889 0.275 7
279297 0.2775 7
255303 0.28 7
252168 0.2825 7
236112 0.285 7
220918 0.2875 7
205768 0.29 7
202381 0.2925 7
181743 0.295 7
179575 0.2975 7
187304 0.3 7
230559 0.3025 7
277172 0.305 7
0 0.01 8
0 0.0125 8
0 0.015 8
0 0.0175 8
0 0.02 8
0 0.0225 8
0 0.025 8
692.191 0.0275 8
74208.7 0.03 8
259460 0.0325 8
496512 0.035 8
984090 0.0375 8
1.5218e+06 0.04 8
2.22884e+06 0.0425 8
2.89541e+06 0.045 8
3.42111e+06 0.0475 8
3.82727e+06 0.05 8
3.58283e+06 0.0525 8
3.05934e+06 0.055 8
2.15236e+06 0.0575 8
1.03203e+06 0.06 8
263825 0.0625 8
167865 0.065 8
895250 0.0675 8
2.33862e+06 0.07 8
4.31862e+06 0.0725 8
6.10438e+06 0.075 8
7.31363e+06 0.0775 8
7.43763e+06 0.08 8
6.9252e+06 0.0825 8
5.78791e+06 0.085 8
4.4421e+06 0.0875 8
3.44567e+06 0.09 8
2.86795e+06 0.0925 8
2.82807e+06 0.095 8
3.05385e+06 0.0975 8
3.23018e+06 0.1 8
3.16315e+06 0.1025 8
2.82704e+06 0.105 8
2.30661e+06 0.1075 8
1.77871e+06 0.11 8
1.34859e+06 0.1125 8
1.015e+06 0.115 8
789362 0.1175 8
677732 0.12 8
508150 0.1225 8
418982 0.125 8
417821 0.1275 8
533337 0.13 8
705908 0.1325 8
996953 0.135 8
1.16213e+06 0.1375 8
1.12679e+06 0.14 8
977610 0.1425 8
747365 0.145 8
684304 0.1475 8
641455 0.15 8
755170 0.1525 8
796469 0.155 8
790293 0.1575 8
645736 0.16 8
506706 0.1625 8
433743 0.165 8
515263 0.1675 8
726254 0.17 8
1.02222e+06 0.1725 8
1.2809e+06 0.175 8
1.33214e+06 0.1775 8
1.20955e+06 0.18 8
883274 0.1825 8
587914 0.185 8
443992 0.1875 8
432056 0.19 8
526456 0.1925 8
636975 0.195 8
724195 0.1975 8
703444 0.2 8
643702 0.2025 8
562700 0.205 8
508997 0.2075 8
405381 0.21 8
347120 0.2125 8
285080 0.215 8
263702 0.2175 8
206461 0.22 8
167807 0.2225 8
214867 0.225 8
304135 0.2275 8
414117 0.23 8
560153 0.2325 8
714108 0.235 8
704156 0.2375 8
700475 0.24 8
685019 0.2425 8
643690 0.245 8
556986 0.2475 8
531709 0.25 8
481111 0.2525 8
445652 0.255 8
446596 0.2575 8
450679 0.26 8
523388 0.2625 8
633836 0.265 8
763561 0.2675 8
938593 0.27 8
1.06063e+06 0.2725 8
1.07972e+06 0.275 8
986991 0.2775 8
798450 0.28 8
587109 0.2825 8
414594 0.285 8
344471 0.2875 8
405505 0.29 8
530743 0.2925 8
626427 0.295 8
676074 0.2975 8
0 0.01 9
0 0.0125 9
0 0.015 9
0 0.0175 9
0 0.02 9
0 0.0225 9
0 0.025 9
0 0.0275 9
0 0.03 9
0 0.0325 9
0 0.035 9
5182.01 0.0375 9
7655.74 0.04 9
93182.5 0.0425 9
179439 0.045 9
424347 0.0475 9
703694 0.05 9
1.06639e+06 0.0525 9
1.59208e+06 0.055 9
1.941e+06 0.0575 9
2.28416e+06 0.06 9
2.43906e+06 0.0625 9
2.42578e+06 0.065 9
2.2266e+06 0.0675 9
1.51434e+06 0.07 9
796432 0.0725 9
284332 0.075 9
34971.9 0.0775 9
181669 0.08 9
742901 0.0825 9
1.36844e+06 0.085 9
2.05271e+06 0.0875 9
2.50498e+06 0.09 9
2.61521e+06 0.0925 9
2.39626e+06 0.095 9
1.97992e+06 0.0975 9
1.44923e+06 0.1 9
1.13466e+06 0.1025 9
857816 0.105 9
860296 0.1075 9
859581 0.11 9
1.07442e+06 0.1125 9
1.28458e+06 0.115 9
1.54279e+06 0.1175 9
1.54958e+06 0.12 9
1.48539e+06 0.1225 9
1.15584e+06 0.125 9
930199 0.1275 9
709683 0.13 9
360176 0.1325 9
128470 0.135 9
14305.4 0.1375 9
76739.2 0.14 9
253681 0.1425 9
448539 0.145 9
687033 0.1475 9
818932 0.15 9
826707 0.1525 9
706135 0.155 9
576111 0.1575 9
554244 0.16 9
491289 0.1625 9
463660 0.165 9
356587 0.1675 9
275282 0.17 9
249255 0.1725 9
253863 0.175 9
307380 0.1775 9
364996 0.18 9
409664 0.1825 9
462135 0.185 9
526386 0.1875 9
635118 0.19 9
808966 0.1925 9
999104 0.195 9
1.13952e+06 0.1975 9
1.20901e+06 0.2 9
1.13097e+06 0.2025 9
959586 0.205 9
830644 0.2075 9
705686 0.21 9
668447 0.2125 9
655226 0.215 9
650884 0.2175 9
596247 0.22 9
483834 0.2225 9
419620 0.225 9
481903 0.2275 9
725397 0.23 9
1.10916e+06 0.2325 9
1.57591e+06 0.235 9
2.03942e+06 0.2375 9
2.39167e+06 0.24 9
2.55083e+06 0.2425 9
2.48363e+06 0.245 9
2.3249e+06 0.2475 9
2.06674e+06 0.25 9
1.75838e+06 0.2525 9
1.50298e+06 0.255 9
1.40638e+06 0.2575 9
1.46276e+06 0.26 9
1.64239e+06 0.2625 9
1.84287e+06 0.265 9
2.00971e+06 0.2675 9
2.00464e+06 0.27 9
1.78942e+06 0.2725 9
1.41959e+06 0.275 9
927327 0.2775 9
492055 0.28 9
230758 0.2825 9
169438 0.285 9
263174 0.2875 9
406752 0.29 9
501739 0.2925 9
974349 0.01 10
1.73115e+06 0.0125 10
2.38747e+06 0.015 10
2.65699e+06 0.0175 10
2.44798e+06 0.02 10
1.99073e+06 0.0225 10
1.7828e+06 0.025 10
2.35225e+06 0.0275 10
3.9523e+06 0.03 10
6.35685e+06 0.0325 10
8.88555e+06 0.035 10
1.06683e+07 0.0375 10
1.10273e+07 0.04 10
9.78565e+06 0.0425 10
7.34463e+06 0.045 10
4.49399e+06 0.0475 10
2.05581e+06 0.05 10
546207 0.0525 10
17781.2 0.055 10
140323 0.0575 10
447765 0.06 10
600166 0.0625 10
520393 0.065 10
353003 0.0675 10
300695 0.07 10
457443 0.0725 10
743896 0.075 10
974829 0.0775 10
1.00161e+06 0.08 10
828482 0.0825 10
624020 0.085 10
619607 0.0875 10
959280 0.09 10
1.5948e+06 0.0925 10
2.29116e+06 0.095 10
2.74101e+06 0.0975 10
2.72356e+06 0.1 10
2.22009e+06 0.1025 10
1.42543e+06 0.105 10
653210 0.1075 10
187596 0.11 10
157532 0.1125 10
491755 0.115 10
968750 0.1175 10
1.33002e+06 0.12 10
1.40197e+06 0.1225 10
1.16401e+06 0.125 10
740777 0.1275 10
371835 0.13 10
223316 0.1325 10
365815 0.135 10
714758 0.1375 10
1.24054e+06 0.14 10
1.52582e+06 0.1425 10
1.59473e+06 0.145 10
1.36914e+06 0.1475 10
936037 0.15 10
564155 0.1525 10
370333 0.155 10
418659 0.1575 10
767697 0.16 10
1.16934e+06 0.1625 10
1.38702e+06 0.165 10
1.44605e+06 0.1675 10
1.32272e+06 0.17 10
1.16605e+06 0.1725 10
844208 0.175 10
622360 0.1775 10
526787 0.18 10
440701 0.1825 10
343594 0.185 10
232569 0.1875 10
129262 0.19 10
106592 0.1925 10
176726 0.195 10
391818 0.1975 10
584613 0.2 10
823397 0.2025 10
1.00665e+06 0.205 10
1.18673e+06 0.2075 10
1.36687e+06 0.21 10
1.39705e+06 0.2125 10
1.34805e+06 0.215 10
1.14702e+06 0.2175 10
928598 0.22 10
745885 0.2225 10
595038 0.225 10
466277 0.2275 10
386513 0.23 10
404676 0.2325 10
452770 0.235 10
577258 0.2375 10
710292 0.24 10
866305 0.2425 10
1.02776e+06 0.245 10
1.15026e+06 0.2475 10
1.25466e+06 0.25 10
1.29069e+06 0.2525 10
1.15768e+06 0.255 10
1.03521e+06 0.2575 10
843040 0.26 10
719454 0.2625 10
651315 0.265 10
606356 0.2675 10
549353 0.27 10
507706 0.2725 10
454204 0.275 10
405450 0.2775 10
390188 0.28 10
431023 0.2825 10
531945 0.285 10
683138 0.2875 10
0 0.01 11
0 0.0125 11
0 0.015 11
0 0.0175 11
0 0.02 11
0 0.0225 11
0 0.025 11
0 0.0275 11
0 0.03 11
0 0.0325 11
0 0.035 11
0 0.0375 11
0 0.04 11
0 0.0425 11
0 0.045 11
0 0.0475 11
0 0.05 11
0 0.0525 11
0 0.055 11
0 0.0575 11
5575.33 0.06 11
5765.26 0.0625 11
33700.3 0.065 11
61013.4 0.0675 11
194403 0.07 11
547078 0.0725 11
641107 0.075 11
799285 0.0775 11
1.16103e+06 0.08 11
1.50753e+06 0.0825 11
1.81988e+06 0.085 11
2.10931e+06 0.0875 11
2.35297e+06 0.09 11
2.34665e+06 0.0925 11
2.26152e+06 0.095 11
1.97555e+06 0.0975 11
1.59328e+06 0.1 11
1.41944e+06 0.1025 11
1.13582e+06 0.105 11
995982 0.1075 11
913145 0.11 11
967280 0.1125 11
924917 0.115 11
898115 0.1175 11
891334 0.12 11
882444 0.1225 11
949962 0.125 11
1.00342e+06 0.1275 11
1.11591e+06 0.13 11
1.09216e+06 0.1325 11
1.0601e+06 0.135 11
1.11371e+06 0.1375 11
1.1314e+06 0.14 11
1.1995e+06 0.1425 11
1.25486e+06 0.145 11
1.40537e+06 0.1475 11
1.53923e+06 0.15 11
1.41604e+06 0.1525 11
1.24803e+06 0.155 11
994166 0.1575 11
690603 0.16 11
516000 0.1625 11
604272 0.165 11
1.03942e+06 0.1675 11
1.77791e+06 0.17 11
2.72276e+06 0.1725 11
3.61055e+06 0.175 11
4.26062e+06 0.1775 11
4.54767e+06 0.18 11
4.5017e+06 0.1825 11
4.05586e+06 0.185 11
3.52695e+06 0.1875 11
2.71266e+06 0.19 11
1.93413e+06 0.1925 11
1.31743e+06 0.195 11
928398 0.1975 11
833766 0.2 11
955708 0.2025 11
1.25789e+06 0.205 11
1.67509e+06 0.2075 11
2.05888e+06 0.21 11
2.2809e+06 0.2125 11
2.29909e+06 0.215 11
2.00572e+06 0.2175 11
1.57083e+06 0.22 11
1.0657e+06 0.2225 11
625554 0.225 11
315674 0.2275 11
175858 0.23 11
174893 0.2325 11
288283 0.235 11
395251 0.2375 11
490470 0.24 11
520384 0.2425 11
623530 0.245 11
799764 0.2475 11
975076 0.25 11
1.20936e+06 0.2525 11
1.37983e+06 0.255 11
1.46918e+06 0.2575 11
1.4415e+06 0.26 11
1.31532e+06 0.2625 11
1.13876e+06 0.265 11
946112 0.2675 11
782791 0.27 11
608807 0.2725 11
506787 0.275 11
417865 0.2775 11
334592 0.28 11
272858 0.2825 11
100058 0.01 12
392710 0.0125 12
922877 0.015 12
1.88001e+06 0.0175 12
3.17654e+06 0.02 12
4.60152e+06 0.0225 12
5.91945e+06 0.025 12
6.85055e+06 0.0275 12
7.19956e+06 0.03 12
6.92106e+06 0.0325 12
6.12596e+06 0.035 12
5.03411e+06 0.0375 12
3.90266e+06 0.04 12
2.96415e+06 0.0425 12
2.39135e+06 0.045 12
2.28375e+06 0.0475 12
2.65851e+06 0.05 12
3.43656e+06 0.0525 12
4.43303e+06 0.055 12
5.37478e+06 0.0575 12
5.96155e+06 0.06 12
5.9617e+06 0.0625 12
5.30506e+06 0.065 12
4.1242e+06 0.0675 12
2.71426e+06 0.07 12
1.42181e+06 0.0725 12
512839 0.075 12
83263 0.0775 12
52879.7 0.08 12
238115 0.0825 12
456730 0.085 12
604950 0.0875 12
670616 0.09 12
689164 0.0925 12
684169 0.095 12
638865 0.0975 12
517799 0.1 12
318484 0.1025 12
108857 0.105 12
14270.8 0.1075 12
152574 0.11 12
553992 0.1125 12
1.11802e+06 0.115 12
1.64164e+06 0.1175 12
1.91093e+06 0.12 12
1.8014e+06 0.1225 12
1.35096e+06 0.125 12
768149 0.1275 12
277210 0.13 12
65577.2 0.1325 12
221866 0.135 12
662258 0.1375 12
1.18539e+06 0.14 12
1.61307e+06 0.1425 12
1.77374e+06 0.145 12
1.66157e+06 0.1475 12
1.42205e+06 0.15 12
1.25716e+06 0.1525 12
1.18002e+06 0.155 12
1.15816e+06 0.1575 12
1.18316e+06 0.16 12
1.01748e+06 0.1625 12
971645 0.165 12
856684 0.1675 12
645390 0.17 12
643731 0.1725 12
731788 0.175 12
981390 0.1775 12
1.19944e+06 0.18 12
1.33886e+06 0.1825 12
1.35745e+06 0.185 12
1.19499e+06 0.1875 12
1.02188e+06 0.19 12
1.10346e+06 0.1925 12
1.57207e+06 0.195 12
2.23785e+06 0.1975 12
2.92346e+06 0.2 12
3.33535e+06 0.2025 12
3.30052e+06 0.205 12
2.96372e+06 0.2075 12
2.26986e+06 0.21 12
1.75244e+06 0.2125 12
1.56651e+06 0.215 12
1.56521e+06 0.2175 12
1.90629e+06 0.22 12
2.10308e+06 0.2225 12
2.082e+06 0.225 12
1.79034e+06 0.2275 12
1.42872e+06 0.23 12
1.08205e+06 0.2325 12
897785 0.235 12
968498 0.2375 12
1.18863e+06 0.24 12
1.39012e+06 0.2425 12
1.5414e+06 0.245 12
1.49222e+06 0.2475 12
1.32772e+06 0.25 12
1.15848e+06 0.2525 12
1.06136e+06 0.255 12
929358 0.2575 12
843342 0.26 12
779213 0.2625 12
594245 0.265 12
375544 0.2675 12
222274 0.27 12
134919 0.2725 12
137529 0.275 12
0 0.01 13
0 0.0125 13
0 0.015 13
0 0.0175 13
0 0.02 13
0 0.0225 13
0 0.025 13
0 0.0275 13
0 0.03 13
5779.09 0.0325 13
21678.4 0.035 13
19131.9 0.0375 13
78943.2 0.04 13
100012 0.0425 13
128644 0.045 13
114976 0.0475 13
90616.3 0.05 13
78514.3 0.0525 13
101809 0.055 13
56890.8 0.0575 13
70220.8 0.06 13
108018 0.0625 13
188423 0.065 13
376299 0.0675 13
607109 0.07 13
880836 0.0725 13
1.05312e+06 0.075 13
1.0573e+06 0.0775 13
1.13216e+06 0.08 13
1.09721e+06 0.0825 13
910471 0.085 13
844577 0.0875 13
811971 0.09 13
735103 0.0925 13
698428 0.095 13
614123 0.0975 13
532461 0.1 13
410872 0.1025 13
337880 0.105 13
310386 0.1075 13
354387 0.11 13
447187 0.1125 13
707493 0.115 13
890843 0.1175 13
1.08797e+06 0.12 13
1.29642e+06 0.1225 13
1.344e+06 0.125 13
1.24586e+06 0.1275 13
989060 0.13 13
652105 0.1325 13
450340 0.135 13
422219 0.1375 13
836032 0.14 13
1.47904e+06 0.1425 13
2.23914e+06 0.145 13
2.92977e+06 0.1475 13
3.47922e+06 0.15 13
3.65791e+06 0.1525 13
3.44757e+06 0.155 13
3.01173e+06 0.1575 13
2.35047e+06 0.16 13
1.85447e+06 0.1625 13
1.47764e+06 0.165 13
1.17324e+06 0.1675 13
888473 0.17 13
645468 0.1725 13
432922 0.175 13
300903 0.1775 13
257577 0.18 13
340841 0.1825 13
564739 0.185 13
814103 0.1875 13
999601 0.19 13
1.16995e+06 0.1925 13
1.23442e+06 0.195 13
1.25081e+06 0.1975 13
1.20285e+06 0.2 13
1.10479e+06 0.2025 13
1.13989e+06 0.205 13
1.07076e+06 0.2075 13
1.02474e+06 0.21 13
1.00805e+06 0.2125 13
923958 0.215 13
867165 0.2175 13
886655 0.22 13
857445 0.2225 13
867362 0.225 13
883684 0.2275 13
853702 0.23 13
847868 0.2325 13
898710 0.235 13
973642 0.2375 13
996242 0.24 13
993168 0.2425 13
871135 0.245 13
762513 0.2475 13
570579 0.25 13
370878 0.2525 13
251860 0.255 13
210074 0.2575 13
247453 0.26 13
288456 0.2625 13
340386 0.265 13
347584 0.2675 13
0 0.02 14
0 0.0225 14
0 0.025 14
0 0.0275 14
0 0.03 14
2798.53 0.0325 14
6393.03 0.035 14
57788.4 0.0375 14
89752.3 0.04 14
125712 0.0425 14
212652 0.045 14
313536 0.0475 14
490841 0.05 14
642889 0.0525 14
777041 0.055 14
735351 0.0575 14
733074 0.06 14
561822 0.0625 14
504576 0.065 14
395390 0.0675 14
362583 0.07 14
386766 0.0725 14
461207 0.075 14
603318 0.0775 14
651364 0.08 14
631186 0.0825 14
548238 0.085 14
463260 0.0875 14
338649 0.09 14
302063 0.0925 14
303666 0.095 14
401722 0.0975 14
610579 0.1 14
962077 0.1025 14
1.31747e+06 0.105 14
1.89594e+06 0.1075 14
2.6333e+06 0.11 14
3.25292e+06 0.1125 14
3.73227e+06 0.115 14
3.96237e+06 0.1175 14
3.9785e+06 0.12 14
3.60325e+06 0.1225 14
2.95778e+06 0.125 14
2.22638e+06 0.1275 14
1.7016e+06 0.13 14
1.51524e+06 0.1325 14
1.52698e+06 0.135 14
1.7262e+06 0.1375 14
2.0605e+06 0.14 14
2.272e+06 0.1425 14
2.31376e+06 0.145 14
2.11822e+06 0.1475 14
1.71499e+06 0.15 14
1.26084e+06 0.1525 14
764504 0.155 14
455929 0.1575 14
295916 0.16 14
231848 0.1625 14
255525 0.165 14
294526 0.1675 14
346342 0.17 14
408781 0.1725 14
483628 0.175 14
518843 0.1775 14
539806 0.18 14
573816 0.1825 14
581604 0.185 14
574379 0.1875 14
520059 0.19 14
476109 0.1925 14
459910 0.195 14
482262 0.1975 14
566091 0.2 14
611691 0.2025 14
571306 0.205 14
549140 0.2075 14
491941 0.21 14
441389 0.2125 14
397683 0.215 14
410220 0.2175 14
564628 0.22 14
711593 0.2225 14
749918 0.225 14
801807 0.2275 14
922877 0.23 14
891346 0.2325 14
858276 0.235 14
743901 0.2375 14
601694 0.24 14
421958 0.2425 14
284178 0.245 14
215040 0.2475 14
191492 0.25 14
227311 0.2525 14
292987 0.255 14
338915 0.2575 14
280195 0.0125 15
601790 0.015 15
1.05438e+06 0.0175 15
1.62908e+06 0.02 15
2.15415e+06 0.0225 15
2.45594e+06 0.025 15
2.41417e+06 0.0275 15
2.02072e+06 0.03 15
1.39375e+06 0.0325 15
733370 0.035 15
240032 0.0375 15
36055.7 0.04 15
126545 0.0425 15
413278 0.045 15
747746 0.0475 15
993742 0.05 15
1.07201e+06 0.0525 15
974645 0.055 15
753308 0.0575 15
493953 0.06 15
289301 0.0625 15
214807 0.065 15
310153 0.0675 15
568835 0.07 15
940054 0.0725 15
1.3451e+06 0.075 15
1.70393e+06 0.0775 15
1.9605e+06 0.08 15
2.09439e+06 0.0825 15
2.11305e+06 0.085 15
2.03178e+06 0.0875 15
1.85635e+06 0.09 15
1.58239e+06 0.0925 15
1.21316e+06 0.095 15
783511 0.0975 15
371057 0.1 15
81842.6 0.1025 15
13700.5 0.105 15
215195 0.1075 15
662050 0.11 15
1.26336e+06 0.1125 15
1.89318e+06 0.115 15
2.43123e+06 0.1175 15
2.78819e+06 0.12 15
2.92645e+06 0.1225 15
2.85297e+06 0.125 15
2.57343e+06 0.1275 15
2.17088e+06 0.13 15
1.73261e+06 0.1325 15
1.33391e+06 0.135 15
1.07914e+06 0.1375 15
1.02389e+06 0.14 15
1.15498e+06 0.1425 15
1.40822e+06 0.145 15
1.59345e+06 0.1475 15
1.7629e+06 0.15 15
1.73526e+06 0.1525 15
1.72943e+06 0.155 15
1.81097e+06 0.1575 15
1.86108e+06 0.16 15
1.93022e+06 0.1625 15
1.9068e+06 0.165 15
1.62043e+06 0.1675 15
1.13438e+06 0.17 15
618971 0.1725 15
309645 0.175 15
185560 0.1775 15
310088 0.18 15
595369 0.1825 15
902575 0.185 15
1.0289e+06 0.1875 15
1.00627e+06 0.19 15
837578 0.1925 15
659129 0.195 15
546444 0.1975 15
551207 0.2 15
720998 0.2025 15
801383 0.205 15
864174 0.2075 15
800434 0.21 15
670314 0.2125 15
529658 0.215 15
524293 0.2175 15
565091 0.22 15
635686 0.2225 15
687109 0.225 15
668734 0.2275 15
571274 0.23 15
423739 0.2325 15
322174 0.235 15
250903 0.2375 15
223391 0.24 15
237094 0.2425 15
280868 0.245 15
227980 0.2475 15
0 0.0025 16
0 0.005 16
0 0.0075 16
0 0.01 16
0 0.0125 16
0 0.015 16
0 0.0175 16
0 0.02 16
0 0.0225 16
0 0.025 16
0 0.0275 16
0 0.03 16
0 0.0325 16
0 0.035 16
0 0.0375 16
0 0.04 16
0 0.0425 16
0 0.045 16
0 0.0475 16
0 0.05 16
0 0.0525 16
0 0.055 16
0 0.0575 16
126.437 0.06 16
13581.4 0.0625 16
12000.6 0.065 16
81483.8 0.0675 16
204454 0.07 16
477044 0.0725 16
643874 0.075 16
818703 0.0775 16
1.16956e+06 0.08 16
1.3593e+06 0.0825 16
1.68633e+06 0.085 16
1.76256e+06 0.0875 16
1.76687e+06 0.09 16
1.5834e+06 0.0925 16
1.58375e+06 0.095 16
1.41665e+06 0.0975 16
1.40153e+06 0.1 16
1.5689e+06 0.1025 16
1.94742e+06 0.105 16
2.57423e+06 0.1075 16
3.09749e+06 0.11 16
3.64072e+06 0.1125 16
3.97727e+06 0.115 16
4.14978e+06 0.1175 16
3.98127e+06 0.12 16
3.80654e+06 0.1225 16
3.50294e+06 0.125 16
3.27824e+06 0.1275 16
2.94953e+06 0.13 16
2.77751e+06 0.1325 16
2.49657e+06 0.135 16
2.26413e+06 0.1375 16
1.8765e+06 0.14 16
1.47995e+06 0.1425 16
998651 0.145 16
581487 0.1475 16
381121 0.15 16
386437 0.1525 16
584030 0.155 16
846336 0.1575 16
1.12454e+06 0.16 16
1.26881e+06 0.1625 16
1.26336e+06 0.165 16
1.14566e+06 0.1675 16
974741 0.17 16
802760 0.1725 16
697929 0.175 16
671463 0.1775 16
643627 0.18 16
629043 0.1825 16
544304 0.185 16
450785 0.1875 16
386095 0.19 16
343165 0.1925 16
353985 0.195 16
413385 0.1975 16
500705 0.2 16
606648 0.2025 16
774231 0.205 16
965833 0.2075 16
1.14546e+06 0.21 16
1.2542e+06 0.2125 16
1.21607e+06 0.215 16
1.06664e+06 0.2175 16
796189 0.22 16
507153 0.2225 16
313058 0.225 16
283993 0.2275 16
425455 0.23 16
678921 0.2325 16
922377 0.235 16
1.04529e+06 0.2375 16
719.781 0.0025 17
10923.4 0.005 17
50792.6 0.0075 17
143413 0.01 17
305897 0.0125 17
544756 0.015 17
854545 0.0175 17
1.21544e+06 0.02 17
1.5873e+06 0.0225 17
1.90423e+06 0.025 17
2.07954e+06 0.0275 17
2.02983e+06 0.03 17
1.71618e+06 0.0325 17
1.18614e+06 0.035 17
590484 0.0375 17
154184 0.04 17
100862 0.0425 17
556712 0.045 17
1.47721e+06 0.0475 17
2.63665e+06 0.05 17
3.69485e+06 0.0525 17
4.31906e+06 0.055 17
4.31046e+06 0.0575 17
3.67989e+06 0.06 17
2.63944e+06 0.0625 17
1.51532e+06 0.065 17
622132 0.0675 17
153706 0.07 17
133377 0.0725 17
436048 0.075 17
861774 0.0775 17
1.22186e+06 0.08 17
1.40059e+06 0.0825 17
1.3739e+06 0.085 17
1.18919e+06 0.0875 17
925657 0.09 17
656927 0.0925 17
429931 0.095 17
261898 0.0975 17
149189 0.1 17
79342.8 0.1025 17
40300.6 0.105 17
24794.4 0.1075 17
30566.5 0.11 17
57943.8 0.1125 17
106222 0.115 17
170359 0.1175 17
239634 0.12 17
300809 0.1225 17
342278 0.125 17
352957 0.1275 17
344791 0.13 17
337284 0.1325 17
379690 0.135 17
460871 0.1375 17
461563 0.14 17
515844 0.1425 17
606754 0.145 17
633209 0.1475 17
718657 0.15 17
702698 0.1525 17
727084 0.155 17
710775 0.1575 17
714807 0.16 17
629467 0.1625 17
574713 0.165 17
554855 0.1675 17
548692 0.17 17
607588 0.1725 17
762522 0.175 17
809867 0.1775 17
987050 0.18 17
1.05071e+06 0.1825 17
1.18464e+06 0.185 17
1.07408e+06 0.1875 17
908021 0.19 17
797287 0.1925 17
648035 0.195 17
515628 0.1975 17
385389 0.2 17
354569 0.2025 17
339256 0.205 17
350409 0.2075 17
358100 0.21 17
339674 0.2125 17
284241 0.215 17
176718 0.2175 17
84636.6 0.22 17
35259.8 0.2225 17
34442.2 0.225 17
0 0.0025 18
0 0.005 18
0 0.0075 18
0 0.01 18
0 0.0125 18
0 0.015 18
0 0.0175 18
0 0.02 18
0 0.0225 18
0 0.025 18
0 0.0275 18
0 0.03 18
0 0.0325 18
0 0.035 18
1054.98 0.0375 18
2769.52 0.04 18
41407.4 0.0425 18
81081.6 0.045 18
232731 0.0475 18
312299 0.05 18
480863 0.0525 18
539610 0.055 18
595896 0.0575 18
627328 0.06 18
616351 0.0625 18
601966 0.065 18
439069 0.0675 18
342283 0.07 18
199193 0.0725 18
155768 0.075 18
150413 0.0775 18
221324 0.08 18
366016 0.0825 18
559797 0.085 18
703661 0.0875 18
925223 0.09 18
1.19741e+06 0.0925 18
1.68764e+06 0.095 18
2.25812e+06 0.0975 18
3.06273e+06 0.1 18
3.57439e+06 0.1025 18
4.03363e+06 0.105 18
4.39519e+06 0.1075 18
4.56409e+06 0.11 18
4.36479e+06 0.1125 18
4.142e+06 0.115 18
3.66319e+06 0.1175 18
3.20682e+06 0.12 18
2.81723e+06 0.1225 18
2.45639e+06 0.125 18
2.07633e+06 0.1275 18
1.72969e+06 0.13 18
1.31706e+06 0.1325 18
830508 0.135 18
386005 0.1375 18
123400 0.14 18
44585.7 0.1425 18
110093 0.145 18
274130 0.1475 18
432175 0.15 18
538426 0.1525 18
606370 0.155 18
614395 0.1575 18
609776 0.16 18
659809 0.1625 18
832030 0.165 18
1.01019e+06 0.1675 18
1.14408e+06 0.17 18
1.15546e+06 0.1725 18
1.05874e+06 0.175 18
818136 0.1775 18
515418 0.18 18
356028 0.1825 18
315808 0.185 18
412546 0.1875 18
586820 0.19 18
824234 0.1925 18
1.01226e+06 0.195 18
1.15267e+06 0.1975 18
1.15124e+06 0.2 18
1.08908e+06 0.2025 18
1.0034e+06 0.205 18
888287 0.2075 18
791417 0.21 18
728124 0.2125 18
0 0.0025 19
0 0.005 19
0 0.0075 19
0 0.01 19
0 0.0125 19
0 0.015 19
0 0.0175 19
0 0.02 19
0 0.0225 19
0 0.025 19
6830.34 0.0275 19
44221.2 0.03 19
112204 0.0325 19
128707 0.035 19
264849 0.0375 19
360639 0.04 19
636640 0.0425 19
983573 0.045 19
1.31687e+06 0.0475 19
1.45834e+06 0.05 19
1.33938e+06 0.0525 19
1.53836e+06 0.055 19
1.31115e+06 0.0575 19
1.08521e+06 0.06 19
857395 0.0625 19
658353 0.065 19
599370 0.0675 19
594573 0.07 19
706195 0.0725 19
916537 0.075 19
1.25063e+06 0.0775 19
1.69903e+06 0.08 19
2.19526e+06 0.0825 19
2.462e+06 0.085 19
2.4786e+06 0.0875 19
2.25708e+06 0.09 19
1.82287e+06 0.0925 19
1.26343e+06 0.095 19
803899 0.0975 19
581553 0.1 19
624743 0.1025 19
875110 0.105 19
1.17104e+06 0.1075 19
1.33365e+06 0.11 19
1.3279e+06 0.1125 19
1.19599e+06 0.115 19
1.0705e+06 0.1175 19
1.08148e+06 0.12 19
1.32689e+06 0.1225 19
1.79497e+06 0.125 19
2.31867e+06 0.1275 19
2.75506e+06 0.13 19
2.97526e+06 0.1325 19
2.84625e+06 0.135 19
2.49696e+06 0.1375 19
2.04233e+06 0.14 19
1.57279e+06 0.1425 19
1.1924e+06 0.145 19
904742 0.1475 19
696663 0.15 19
548435 0.1525 19
422792 0.155 19
320527 0.1575 19
288380 0.16 19
270508 0.1625 19
305306 0.165 19
352032 0.1675 19
498093 0.17 19
596133 0.1725 19
749279 0.175 19
861804 0.1775 19
939536 0.18 19
887164 0.1825 19
695170 0.185 19
524370 0.1875 19
399072 0.19 19
345262 0.1925 19
399077 0.195 19
560828 0.1975 19
0 0.0025 20
0 0.005 20
0 0.0075 20
0 0.01 20
11721.8 0.0125 20
59569.9 0.015 20
292320 0.0175 20
705065 0.02 20
1.28823e+06 0.0225 20
2.1744e+06 0.025 20
3.0608e+06 0.0275 20
3.98163e+06 0.03 20
4.67123e+06 0.0325 20
5.03058e+06 0.035 20
4.92737e+06 0.0375 20
4.47159e+06 0.04 20
3.83872e+06 0.0425 20
3.2256e+06 0.045 20
2.77213e+06 0.0475 20
2.5141e+06 0.05 20
2.38867e+06 0.0525 20
2.2846e+06 0.055 20
2.10722e+06 0.0575 20
1.82366e+06 0.06 20
1.46876e+06 0.0625 20
1.11522e+06 0.065 20
829942 0.0675 20
642033 0.07 20
536705 0.0725 20
472778 0.075 20
409394 0.0775 20
326273 0.08 20
229286 0.0825 20
142829 0.085 20
96106.5 0.0875 20
110174 0.09 20
189141 0.0925 20
316289 0.095 20
455720 0.0975 20
560857 0.1 20
589837 0.1025 20
523655 0.105 20
378572 0.1075 20
204012 0.11 20
66089.8 0.1125 20
9486.57 0.115 20
51767.1 0.1175 20
147901 0.12 20
250453 0.1225 20
320389 0.125 20
308328 0.1275 20
279935 0.13 20
324657 0.1325 20
368051 0.135 20
472429 0.1375 20
653455 0.14 20
781447 0.1425 20
822931 0.145 20
840553 0.1475 20
859464 0.15 20
909935 0.1525 20
926061 0.155 20
1.00672e+06 0.1575 20
1.06313e+06 0.16 20
1.02154e+06 0.1625 20
865268 0.165 20
650475 0.1675 20
433143 0.17 20
270552 0.1725 20
211147 0.175 20
224079 0.1775 20
0 0.0025 21
0 0.005 21
0 0.0075 21
0 0.01 21
0 0.0125 21
0 0.015 21
0 0.0175 21
0 0.02 21
0 0.0225 21
0 0.025 21
0 0.0275 21
0 0.03 21
0 0.0325 21
0 0.035 21
0 0.0375 21
0 0.04 21
0 0.0425 21
0 0.045 21
0 0.0475 21
0 0.05 21
0 0.0525 21
14624.2 0.055 21
64783.5 0.0575 21
41515.1 0.06 21
100342 0.0625 21
86357.7 0.065 21
151235 0.0675 21
162719 0.07 21
189733 0.0725 21
235768 0.075 21
223124 0.0775 21
234356 0.08 21
224801 0.0825 21
243639 0.085 21
372852 0.0875 21
515684 0.09 21
759079 0.0925 21
1.26367e+06 0.095 21
1.66652e+06 0.0975 21
1.95846e+06 0.1 21
2.42597e+06 0.1025 21
2.7361e+06 0.105 21
2.79989e+06 0.1075 21
2.90379e+06 0.11 21
2.65564e+06 0.1125 21
2.52754e+06 0.115 21
2.21148e+06 0.1175 21
1.86107e+06 0.12 21
1.33439e+06 0.1225 21
1.02041e+06 0.125 21
818537 0.1275 21
697888 0.13 21
737949 0.1325 21
805181 0.135 21
828453 0.1375 21
699022 0.14 21
511153 0.1425 21
297642 0.145 21
124029 0.1475 21
19507.8 0.15 21
31500.6 0.1525 21
130703 0.155 21
291691 0.1575 21
414646 0.16 21
233757 0.0025 22
856972 0.005 22
1.67011e+06 0.0075 22
2.43722e+06 0.01 22
2.97644e+06 0.0125 22
3.21224e+06 0.015 22
3.17147e+06 0.0175 22
2.93804e+06 0.02 22
2.60023e+06 0.0225 22
2.21977e+06 0.025 22
1.83059e+06 0.0275 22
1.45437e+06 0.03 22
1.11311e+06 0.0325 22
828509 0.035 22
613059 0.0375 22
465390 0.04 22
376829 0.0425 22
343909 0.045 22
373895 0.0475 22
475089 0.05 22
637470 0.0525 22
820451 0.055 22
962842 0.0575 22
1.01481e+06 0.06 22
973411 0.0625 22
896057 0.065 22
877523 0.0675 22
998912 0.07 22
1.277e+06 0.0725 22
1.64477e+06 0.075 22
1.97668e+06 0.0775 22
2.14598e+06 0.08 22
2.08293e+06 0.0825 22
1.8033e+06 0.085 22
1.3953e+06 0.0875 22
976070 0.09 22
643511 0.0925 22
446593 0.095 22
382773 0.0975 22
415552 0.1 22
497860 0.1025 22
589995 0.105 22
668704 0.1075 22
729531 0.11 22
784571 0.1125 22
855152 0.115 22
958637 0.1175 22
1.09274e+06 0.12 22
1.2261e+06 0.1225 22
1.30458e+06 0.125 22
1.27558e+06 0.1275 22
1.1199e+06 0.13 22
871679 0.1325 22
618441 0.135 22
460105 0.1375 22
0 0.0025 23
0 0.005 23
0 0.0075 23
0 0.01 23
0 0.0125 23
0 0.015 23
0 0.0175 23
0 0.02 23
0 0.0225 23
0 0.025 23
0 0.0275 23
0 0.03 23
0 0.0325 23
0 0.035 23
0 0.0375 23
0 0.04 23
183.179 0.0425 23
430.161 0.045 23
9374.98 0.0475 23
9744.49 0.05 23
44521 0.0525 23
31424.6 0.055 23
70508.6 0.0575 23
69301.3 0.06 23
117329 0.0625 23
148652 0.065 23
130293 0.0675 23
144731 0.07 23
142608 0.0725 23
156345 0.075 23
134151 0.0775 23
123162 0.08 23
130268 0.0825 23
97599 0.085 23
80344.2 0.0875 23
123504 0.09 23
137174 0.0925 23
192419 0.095 23
283171 0.0975 23
446623 0.1 23
673899 0.1025 23
