5.74968e+06 0.085 0
831009 0.0875 0
224328 0.09 0
2.3882e+06 0.0925 0
4.72028e+06 0.095 0
5.38561e+06 0.0975 0
4.18615e+06 0.1 0
2.17257e+06 0.1025 0
587211 0.105 0
7327.93 0.1075 0
189903 0.11 0
514039 0.1125 0
543132 0.115 0
281379 0.1175 0
31552.8 0.12 0
59296.2 0.1225 0
375955 0.125 0
748947 0.1275 0
942789 0.13 0
836429 0.1325 0
492181 0.135 0
180874 0.1375 0
111557 0.14 0
215094 0.1425 0
515019 0.145 0
737810 0.1475 0
804125 0.15 0
670322 0.1525 0
339976 0.155 0
190568 0.1575 0
116807 0.16 0
160437 0.1625 0
166165 0.165 0
235896 0.1675 0
282899 0.17 0
303732 0.1725 0
370192 0.175 0
554564 0.1775 0
763683 0.18 0
882259 0.1825 0
1.17108e+06 0.185 0
1.25681e+06 0.1875 0
1.42905e+06 0.19 0
1.63588e+06 0.1925 0
1.77528e+06 0.195 0
1.84961e+06 0.1975 0
1.88374e+06 0.2 0
1.83368e+06 0.2025 0
1.69687e+06 0.205 0
1.33239e+06 0.2075 0
1.02491e+06 0.21 0
715721 0.2125 0
575113 0.215 0
480398 0.2175 0
528313 0.22 0
687630 0.2225 0
767521 0.225 0
744311 0.2275 0
564822 0.23 0
335072 0.2325 0
120545 0.235 0
44815 0.2375 0
157584 0.24 0
415244 0.2425 0
666773 0.245 0
790354 0.2475 0
743580 0.25 0
489535 0.2525 0
288783 0.255 0
180866 0.2575 0
216785 0.26 0
351894 0.2625 0
491160 0.265 0
584130 0.2675 0
661806 0.27 0
634480 0.2725 0
606086 0.275 0
493917 0.2775 0
420776 0.28 0
307904 0.2825 0
216918 0.285 0
149231 0.2875 0
155404 0.29 0
252937 0.2925 0
433087 0.295 0
609509 0.2975 0
735429 0.3 0
786132 0.3025 0
717805 0.305 0
573583 0.3075 0
402420 0.31 0
265698 0.3125 0
190814 0.315 0
6.97578e+06 0.0825 1
7.46001e+06 0.085 1
1.0109e+07 0.0875 1
1.39217e+07 0.09 1
1.78348e+07 0.0925 1
2.1093e+07 0.095 1
2.27931e+07 0.0975 1
2.20666e+07 0.1 1
1.94497e+07 0.1025 1
1.54939e+07 0.105 1
1.20656e+07 0.1075 1
9.71571e+06 0.11 1
8.28976e+06 0.1125 1
7.97156e+06 0.115 1
8.16923e+06 0.1175 1
8.08987e+06 0.12 1
7.5563e+06 0.1225 1
6.13496e+06 0.125 1
4.50743e+06 0.1275 1
2.94044e+06 0.13 1
1.74709e+06 0.1325 1
1.0347e+06 0.135 1
757617 0.1375 1
709107 0.14 1
804700 0.1425 1
925371 0.145 1
985241 0.1475 1
1.0258e+06 0.15 1
958314 0.1525 1
784025 0.155 1
534044 0.1575 1
342663 0.16 1
279536 0.1625 1
344224 0.165 1
453683 0.1675 1
554764 0.17 1
525075 0.1725 1
414666 0.175 1
248660 0.1775 1
213373 0.18 1
336443 0.1825 1
578409 0.185 1
788665 0.1875 1
840018 0.19 1
735750 0.1925 1
598381 0.195 1
511048 0.1975 1
472055 0.2 1
539046 0.2025 1
590061 0.205 1
605079 0.2075 1
485989 0.21 1
377552 0.2125 1
370273 0.215 1
553088 0.2175 1
812737 0.22 1
1.12319e+06 0.2225 1
1.43329e+06 0.225 1
1.64522e+06 0.2275 1
1.83407e+06 0.23 1
1.93169e+06 0.2325 1
2.02544e+06 0.235 1
2.11781e+06 0.2375 1
2.11003e+06 0.24 1
1.919e+06 0.2425 1
1.53217e+06 0.245 1
1.03188e+06 0.2475 1
620485 0.25 1
378432 0.2525 1
273327 0.255 1
372372 0.2575 1
519850 0.26 1
636621 0.2625 1
657359 0.265 1
593650 0.2675 1
472882 0.27 1
384746 0.2725 1
372654 0.275 1
386647 0.2775 1
393651 0.28 1
417399 0.2825 1
392093 0.285 1
338146 0.2875 1
271814 0.29 1
215998 0.2925 1
180781 0.295 1
132924 0.2975 1
129325 0.3 1
173736 0.3025 1
218691 0.305 1
302499 0.3075 1
375707 0.31 1
395173 0.3125 1
357782 0.315 1
3.25828e+06 0.08 2
2.51917e+06 0.0825 2
1.90454e+06 0.085 2
1.62957e+06 0.0875 2
1.8101e+06 0.09 2
2.47158e+06 0.0925 2
3.53232e+06 0.095 2
4.76984e+06 0.0975 2
5.83421e+06 0.1 2
6.35868e+06 0.1025 2
6.13779e+06 0.105 2
5.26347e+06 0.1075 2
4.21728e+06 0.11 2
3.51598e+06 0.1125 2
3.56491e+06 0.115 2
4.31474e+06 0.1175 2
5.42204e+06 0.12 2
6.40429e+06 0.1225 2
6.8521e+06 0.125 2
6.42218e+06 0.1275 2
5.53969e+06 0.13 2
4.84817e+06 0.1325 2
4.21902e+06 0.135 2
3.85944e+06 0.1375 2
3.92675e+06 0.14 2
4.18008e+06 0.1425 2
4.10766e+06 0.145 2
3.8532e+06 0.1475 2
3.24536e+06 0.15 2
2.44934e+06 0.1525 2
1.91639e+06 0.155 2
1.2169e+06 0.1575 2
669862 0.16 2
318339 0.1625 2
189074 0.165 2
139920 0.1675 2
166003 0.17 2
180879 0.1725 2
196258 0.175 2
203254 0.1775 2
207612 0.18 2
275568 0.1825 2
288127 0.185 2
340849 0.1875 2
555777 0.19 2
838000 0.1925 2
1.16151e+06 0.195 2
1.43819e+06 0.1975 2
1.52402e+06 0.2 2
1.36503e+06 0.2025 2
1.04838e+06 0.205 2
807136 0.2075 2
564408 0.21 2
405117 0.2125 2
548454 0.215 2
901155 0.2175 2
1.20764e+06 0.22 2
1.48635e+06 0.2225 2
1.4995e+06 0.225 2
1.33235e+06 0.2275 2
1.07958e+06 0.23 2
797944 0.2325 2
735274 0.235 2
859744 0.2375 2
1.03529e+06 0.24 2
1.1923e+06 0.2425 2
1.24362e+06 0.245 2
1.12972e+06 0.2475 2
889929 0.25 2
560100 0.2525 2
317098 0.255 2
260190 0.2575 2
346560 0.26 2
526134 0.2625 2
689330 0.265 2
740816 0.2675 2
745384 0.27 2
668988 0.2725 2
535440 0.275 2
466701 0.2775 2
504652 0.28 2
544037 0.2825 2
615929 0.285 2
641497 0.2875 2
668894 0.29 2
588664 0.2925 2
520989 0.295 2
414029 0.2975 2
337363 0.3 2
263101 0.3025 2
209016 0.305 2
148876 0.3075 2
109098 0.31 2
84041 0.3125 2
89936.2 0.315 2
1.1916e+07 0.075 3
1.62448e+07 0.0775 3
1.99138e+07 0.08 3
2.17453e+07 0.0825 3
2.13784e+07 0.085 3
1.93991e+07 0.0875 3
1.6937e+07 0.09 3
1.50129e+07 0.0925 3
1.40437e+07 0.095 3
1.3797e+07 0.0975 3
1.36629e+07 0.1 3
1.32222e+07 0.1025 3
1.22855e+07 0.105 3
1.12042e+07 0.1075 3
1.02182e+07 0.11 3
9.61895e+06 0.1125 3
9.04474e+06 0.115 3
8.37872e+06 0.1175 3
7.52131e+06 0.12 3
6.54746e+06 0.1225 3
5.37705e+06 0.125 3
4.33847e+06 0.1275 3
3.39233e+06 0.13 3
2.63758e+06 0.1325 3
2.07112e+06 0.135 3
1.74955e+06 0.1375 3
1.70361e+06 0.14 3
1.81926e+06 0.1425 3
1.99845e+06 0.145 3
2.16312e+06 0.1475 3
2.05764e+06 0.15 3
1.77479e+06 0.1525 3
1.337e+06 0.155 3
1.08602e+06 0.1575 3
1.01615e+06 0.16 3
1.17358e+06 0.1625 3
1.1708e+06 0.165 3
1.19898e+06 0.1675 3
1.0631e+06 0.17 3
920921 0.1725 3
960109 0.175 3
1.06735e+06 0.1775 3
1.3424e+06 0.18 3
1.46189e+06 0.1825 3
1.33417e+06 0.185 3
991217 0.1875 3
658027 0.19 3
437364 0.1925 3
486017 0.195 3
607566 0.1975 3
735124 0.2 3
703059 0.2025 3
517202 0.205 3
328065 0.2075 3
277941 0.21 3
362937 0.2125 3
603592 0.215 3
787655 0.2175 3
809414 0.22 3
706619 0.2225 3
563960 0.225 3
516758 0.2275 3
607962 0.23 3
898337 0.2325 3
1.09419e+06 0.235 3
1.21067e+06 0.2375 3
1.3338e+06 0.24 3
1.25863e+06 0.2425 3
1.18077e+06 0.245 3
1.06392e+06 0.2475 3
1.08995e+06 0.25 3
1.05445e+06 0.2525 3
1.01881e+06 0.255 3
922305 0.2575 3
801190 0.26 3
753173 0.2625 3
737110 0.265 3
731519 0.2675 3
817675 0.27 3
849467 0.2725 3
832186 0.275 3
838060 0.2775 3
765767 0.28 3
803201 0.2825 3
747305 0.285 3
631464 0.2875 3
544558 0.29 3
574285 0.2925 3
566324 0.295 3
569526 0.2975 3
627009 0.3 3
679057 0.3025 3
651335 0.305 3
592652 0.3075 3
505115 0.31 3
487691 0.3125 3
510357 0.315 3
1.56614e+06 0.0675 4
1.25978e+06 0.07 4
1.04011e+06 0.0725 4
646023 0.075 4
360004 0.0775 4
269805 0.08 4
358338 0.0825 4
616211 0.085 4
950876 0.0875 4
1.33613e+06 0.09 4
1.87208e+06 0.0925 4
2.3786e+06 0.095 4
2.92977e+06 0.0975 4
3.55151e+06 0.1 4
4.71041e+06 0.1025 4
5.87933e+06 0.105 4
7.63743e+06 0.1075 4
9.27609e+06 0.11 4
1.00964e+07 0.1125 4
1.04026e+07 0.115 4
9.76515e+06 0.1175 4
9.21767e+06 0.12 4
8.09089e+06 0.1225 4
6.67619e+06 0.125 4
5.57037e+06 0.1275 4
4.26024e+06 0.13 4
3.25406e+06 0.1325 4
2.71742e+06 0.135 4
2.55899e+06 0.1375 4
2.22987e+06 0.14 4
2.15237e+06 0.1425 4
1.80698e+06 0.145 4
1.60173e+06 0.1475 4
1.39187e+06 0.15 4
1.13495e+06 0.1525 4
953334 0.155 4
836020 0.1575 4
759621 0.16 4
701921 0.1625 4
757439 0.165 4
910125 0.1675 4
1.04168e+06 0.17 4
1.11865e+06 0.1725 4
1.10698e+06 0.175 4
1.01456e+06 0.1775 4
801209 0.18 4
552758 0.1825 4
359573 0.185 4
278484 0.1875 4
217213 0.19 4
272536 0.1925 4
282117 0.195 4
307095 0.1975 4
353453 0.2 4
329178 0.2025 4
323932 0.205 4
400449 0.2075 4
458120 0.21 4
536819 0.2125 4
726206 0.215 4
958552 0.2175 4
1.2961e+06 0.22 4
1.55243e+06 0.2225 4
1.7114e+06 0.225 4
1.76148e+06 0.2275 4
1.53965e+06 0.23 4
1.20798e+06 0.2325 4
1.01558e+06 0.235 4
947143 0.2375 4
944524 0.24 4
1.08506e+06 0.2425 4
1.23116e+06 0.245 4
1.28295e+06 0.2475 4
1.11443e+06 0.25 4
837993 0.2525 4
529759 0.255 4
302827 0.2575 4
209815 0.26 4
262029 0.2625 4
418789 0.265 4
569900 0.2675 4
704071 0.27 4
736937 0.2725 4
670864 0.275 4
668106 0.2775 4
586130 0.28 4
566547 0.2825 4
518233 0.285 4
523538 0.2875 4
532327 0.29 4
597008 0.2925 4
664814 0.295 4
731135 0.2975 4
809916 0.3 4
799166 0.3025 4
740862 0.305 4
607235 0.3075 4
406475 0.31 4
223695 0.3125 4
39793.1 0.055 5
109828 0.0575 5
245353 0.06 5
449427 0.0625 5
735155 0.065 5
1.11505e+06 0.0675 5
1.56506e+06 0.07 5
2.0001e+06 0.0725 5
2.29308e+06 0.075 5
2.33518e+06 0.0775 5
2.10157e+06 0.08 5
1.67964e+06 0.0825 5
1.23805e+06 0.085 5
949035 0.0875 5
903155 0.09 5
1.06175e+06 0.0925 5
1.27588e+06 0.095 5
1.3672e+06 0.0975 5
1.23022e+06 0.1 5
897709 0.1025 5
526021 0.105 5
303842 0.1075 5
338680 0.11 5
594434 0.1125 5
922092 0.115 5
1.15669e+06 0.1175 5
1.22182e+06 0.12 5
1.15049e+06 0.1225 5
1.02086e+06 0.125 5
951252 0.1275 5
873681 0.13 5
716142 0.1325 5
618358 0.135 5
533483 0.1375 5
711467 0.14 5
873630 0.1425 5
1.25417e+06 0.145 5
1.59545e+06 0.1475 5
1.54222e+06 0.15 5
1.34579e+06 0.1525 5
1.18775e+06 0.155 5
1.04377e+06 0.1575 5
1.28437e+06 0.16 5
1.72024e+06 0.1625 5
2.03673e+06 0.165 5
1.94235e+06 0.1675 5
1.51449e+06 0.17 5
996752 0.1725 5
681539 0.175 5
750548 0.1775 5
1.17162e+06 0.18 5
1.69863e+06 0.1825 5
1.98472e+06 0.185 5
2.00864e+06 0.1875 5
1.91471e+06 0.19 5
1.78665e+06 0.1925 5
1.87974e+06 0.195 5
1.82165e+06 0.1975 5
1.86723e+06 0.2 5
1.71952e+06 0.2025 5
1.40391e+06 0.205 5
980646 0.2075 5
636413 0.21 5
513537 0.2125 5
606051 0.215 5
875110 0.2175 5
1.03969e+06 0.22 5
1.09442e+06 0.2225 5
997793 0.225 5
810813 0.2275 5
647849 0.23 5
629994 0.2325 5
669569 0.235 5
725935 0.2375 5
818440 0.24 5
802474 0.2425 5
719870 0.245 5
594134 0.2475 5
464994 0.25 5
372072 0.2525 5
331691 0.255 5
292212 0.2575 5
269959 0.26 5
298651 0.2625 5
327500 0.265 5
430777 0.2675 5
530078 0.27 5
632746 0.2725 5
730709 0.275 5
800907 0.2775 5
768664 0.28 5
740044 0.2825 5
626805 0.285 5
469191 0.2875 5
332370 0.29 5
233266 0.2925 5
207540 0.295 5
233160 0.2975 5
274251 0.3 5
258915 0.3025 5
229062 0.305 5
186248 0.3075 5
126348 0.31 5
0 0.035 6
0 0.0375 6
0 0.04 6
0 0.0425 6
0 0.045 6
0 0.0475 6
14744.9 0.05 6
38884.1 0.0525 6
91553.5 0.055 6
34252.6 0.0575 6
41760.8 0.06 6
150774 0.0625 6
171121 0.065 6
169817 0.0675 6
235881 0.07 6
230683 0.0725 6
269097 0.075 6
445861 0.0775 6
798062 0.08 6
1.05603e+06 0.0825 6
1.2877e+06 0.085 6
1.39094e+06 0.0875 6
1.48984e+06 0.09 6
1.28995e+06 0.0925 6
1.04556e+06 0.095 6
840690 0.0975 6
924293 0.1 6
606115 0.1025 6
402963 0.105 6
306422 0.1075 6
227407 0.11 6
160757 0.1125 6
207190 0.115 6
362497 0.1175 6
673826 0.12 6
991260 0.1225 6
1.20496e+06 0.125 6
1.29023e+06 0.1275 6
1.09587e+06 0.13 6
854924 0.1325 6
775395 0.135 6
937402 0.1375 6
1.31114e+06 0.14 6
1.75333e+06 0.1425 6
2.09281e+06 0.145 6
2.10679e+06 0.1475 6
2.02038e+06 0.15 6
1.77005e+06 0.1525 6
1.73141e+06 0.155 6
1.86467e+06 0.1575 6
2.09902e+06 0.16 6
2.21519e+06 0.1625 6
2.13611e+06 0.165 6
1.69347e+06 0.1675 6
1.10748e+06 0.17 6
600729 0.1725 6
328995 0.175 6
389270 0.1775 6
737950 0.18 6
1.15475e+06 0.1825 6
1.54746e+06 0.185 6
1.80404e+06 0.1875 6
1.98503e+06 0.19 6
2.06147e+06 0.1925 6
2.08484e+06 0.195 6
2.08784e+06 0.1975 6
1.93181e+06 0.2 6
1.62147e+06 0.2025 6
1.1695e+06 0.205 6
678411 0.2075 6
318229 0.21 6
275089 0.2125 6
553237 0.215 6
1.20172e+06 0.2175 6
1.88091e+06 0.22 6
2.50022e+06 0.2225 6
2.89084e+06 0.225 6
3.01029e+06 0.2275 6
2.72895e+06 0.23 6
2.36013e+06 0.2325 6
1.88969e+06 0.235 6
1.48584e+06 0.2375 6
1.15404e+06 0.24 6
830205 0.2425 6
648002 0.245 6
492444 0.2475 6
459488 0.25 6
418746 0.2525 6
467737 0.255 6
547831 0.2575 6
706027 0.26 6
811260 0.2625 6
881144 0.265 6
950642 0.2675 6
975576 0.27 6
1.0089e+06 0.2725 6
1.04068e+06 0.275 6
1.03412e+06 0.2775 6
1.01387e+06 0.28 6
931977 0.2825 6
827198 0.285 6
663032 0.2875 6
546863 0.29 6
457804 0.2925 6
473403 0.295 6
527955 0.2975 6
650869 0.3 6
764476 0.3025 6
800795 0.305 6
813668 0.3075 6
6238.77 0.0125 7
27407.4 0.015 7
75636.3 0.0175 7
159433 0.02 7
216441 0.0225 7
234349 0.025 7
221424 0.0275 7
138417 0.03 7
89802.6 0.0325 7
130768 0.035 7
323365 0.0375 7
664531 0.04 7
1.08517e+06 0.0425 7
1.47056e+06 0.045 7
1.71504e+06 0.0475 7
1.77346e+06 0.05 7
1.67792e+06 0.0525 7
1.51223e+06 0.055 7
1.36383e+06 0.0575 7
1.28545e+06 0.06 7
1.28671e+06 0.0625 7
1.35119e+06 0.065 7
1.45697e+06 0.0675 7
1.58189e+06 0.07 7
1.69431e+06 0.0725 7
1.74668e+06 0.075 7
1.68787e+06 0.0775 7
1.49218e+06 0.08 7
1.18366e+06 0.0825 7
833529 0.085 7
526815 0.0875 7
319234 0.09 7
214113 0.0925 7
174674 0.095 7
159692 0.0975 7
152975 0.1 7
164961 0.1025 7
217058 0.105 7
283405 0.1075 7
329274 0.11 7
415431 0.1125 7
342419 0.115 7
294294 0.1175 7
467650 0.12 7
809563 0.1225 7
1.29286e+06 0.125 7
1.81729e+06 0.1275 7
1.96232e+06 0.13 7
1.98094e+06 0.1325 7
1.63765e+06 0.135 7
1.14765e+06 0.1375 7
657577 0.14 7
275486 0.1425 7
209461 0.145 7
349017 0.1475 7
498130 0.15 7
702195 0.1525 7
748849 0.155 7
765891 0.1575 7
601200 0.16 7
383817 0.1625 7
270343 0.165 7
217410 0.1675 7
190591 0.17 7
250464 0.1725 7
237371 0.175 7
296607 0.1775 7
345176 0.18 7
331548 0.1825 7
327762 0.185 7
404120 0.1875 7
638647 0.19 7
962861 0.1925 7
1.36442e+06 0.195 7
1.78856e+06 0.1975 7
2.16691e+06 0.2 7
2.50683e+06 0.2025 7
2.55365e+06 0.205 7
2.35847e+06 0.2075 7
1.93807e+06 0.21 7
1.49238e+06 0.2125 7
1.07161e+06 0.215 7
848087 0.2175 7
884606 0.22 7
1.0049e+06 0.2225 7
1.24451e+06 0.225 7
1.47025e+06 0.2275 7
1.71136e+06 0.23 7
1.75762e+06 0.2325 7
1.72725e+06 0.235 7
1.48657e+06 0.2375 7
1.15646e+06 0.24 7
971514 0.2425 7
897888 0.245 7
953060 0.2475 7
1.07742e+06 0.25 7
1.14332e+06 0.2525 7
1.14992e+06 0.255 7
1.09725e+06 0.2575 7
1.02208e+06 0.26 7
953574 0.2625 7
862394 0.265 7
838846 0.2675 7
842277 0.27 7
872242 0.2725 7
877378 0.275 7
849091 0.2775 7
764702 0.28 7
674046 0.2825 7
579224 0.285 7
523582 0.2875 7
506153 0.29 7
482662 0.2925 7
476274 0.295 7
445521 0.2975 7
403555 0.3 7
340244 0.3025 7
261652 0.305 7
0 0.01 8
0 0.0125 8
0 0.015 8
0 0.0175 8
0 0.02 8
0 0.0225 8
5920.04 0.025 8
44112.2 0.0275 8
90590.8 0.03 8
206939 0.0325 8
317794 0.035 8
510196 0.0375 8
599460 0.04 8
670290 0.0425 8
678593 0.045 8
577584 0.0475 8
459972 0.05 8
271448 0.0525 8
67715.4 0.055 8
96960.3 0.0575 8
210771 0.06 8
405514 0.0625 8
681105 0.065 8
747857 0.0675 8
823877 0.07 8
864339 0.0725 8
889213 0.075 8
895395 0.0775 8
848290 0.08 8
711130 0.0825 8
510962 0.085 8
311744 0.0875 8
226534 0.09 8
275089 0.0925 8
399764 0.095 8
604837 0.0975 8
717207 0.1 8
660768 0.1025 8
595419 0.105 8
515417 0.1075 8
427436 0.11 8
442488 0.1125 8
437953 0.115 8
595290 0.1175 8
598492 0.12 8
571334 0.1225 8
698172 0.125 8
930875 0.1275 8
981496 0.13 8
1.01445e+06 0.1325 8
1.09098e+06 0.135 8
1.14419e+06 0.1375 8
1.18571e+06 0.14 8
1.17943e+06 0.1425 8
1.11454e+06 0.145 8
1.04992e+06 0.1475 8
1.01306e+06 0.15 8
966962 0.1525 8
974615 0.155 8
1.0472e+06 0.1575 8
1.11285e+06 0.16 8
1.23792e+06 0.1625 8
1.11173e+06 0.165 8
891578 0.1675 8
609036 0.17 8
446476 0.1725 8
408849 0.175 8
480472 0.1775 8
704464 0.18 8
917484 0.1825 8
1.07421e+06 0.185 8
1.0112e+06 0.1875 8
871288 0.19 8
700734 0.1925 8
449108 0.195 8
237933 0.1975 8
173143 0.2 8
277382 0.2025 8
480355 0.205 8
697879 0.2075 8
943951 0.21 8
1.15845e+06 0.2125 8
1.39925e+06 0.215 8
1.57458e+06 0.2175 8
1.88469e+06 0.22 8
2.15141e+06 0.2225 8
2.34779e+06 0.225 8
2.5002e+06 0.2275 8
2.57467e+06 0.23 8
2.38045e+06 0.2325 8
2.09159e+06 0.235 8
1.63041e+06 0.2375 8
1.32709e+06 0.24 8
1.06832e+06 0.2425 8
837502 0.245 8
745004 0.2475 8
711099 0.25 8
719248 0.2525 8
730587 0.255 8
648128 0.2575 8
608943 0.26 8
533308 0.2625 8
479565 0.265 8
476493 0.2675 8
507669 0.27 8
576140 0.2725 8
630248 0.275 8
756603 0.2775 8
867889 0.28 8
925468 0.2825 8
891782 0.285 8
787968 0.2875 8
664419 0.29 8
577492 0.2925 8
540976 0.295 8
573837 0.2975 8
0 0.01 9
0 0.0125 9
0 0.015 9
0 0.0175 9
0 0.02 9
0 0.0225 9
0 0.025 9
0 0.0275 9
0 0.03 9
0 0.0325 9
609.379 0.035 9
921.814 0.0375 9
4406.82 0.04 9
29355.6 0.0425 9
31943.3 0.045 9
44140 0.0475 9
53746.7 0.05 9
64160.1 0.0525 9
239160 0.055 9
275922 0.0575 9
345551 0.06 9
455627 0.0625 9
286000 0.065 9
408770 0.0675 9
524426 0.07 9
611479 0.0725 9
601368 0.075 9
589058 0.0775 9
689350 0.08 9
887579 0.0825 9
998866 0.085 9
1.12185e+06 0.0875 9
1.21991e+06 0.09 9
1.06242e+06 0.0925 9
969273 0.095 9
1.05112e+06 0.0975 9
1.00972e+06 0.1 9
1.16334e+06 0.1025 9
990783 0.105 9
1.07159e+06 0.1075 9
1.13948e+06 0.11 9
1.28788e+06 0.1125 9
1.46105e+06 0.115 9
1.54215e+06 0.1175 9
1.5136e+06 0.12 9
1.60474e+06 0.1225 9
1.40853e+06 0.125 9
1.28972e+06 0.1275 9
1.05442e+06 0.13 9
692259 0.1325 9
443574 0.135 9
386943 0.1375 9
554237 0.14 9
918411 0.1425 9
1.40274e+06 0.145 9
1.89554e+06 0.1475 9
2.43865e+06 0.15 9
2.66382e+06 0.1525 9
2.76968e+06 0.155 9
2.60506e+06 0.1575 9
2.5436e+06 0.16 9
2.33749e+06 0.1625 9
2.33369e+06 0.165 9
2.40927e+06 0.1675 9
2.51577e+06 0.17 9
2.58987e+06 0.1725 9
2.60499e+06 0.175 9
2.39511e+06 0.1775 9
2.16976e+06 0.18 9
1.90286e+06 0.1825 9
1.65964e+06 0.185 9
1.61242e+06 0.1875 9
1.53557e+06 0.19 9
1.52346e+06 0.1925 9
1.43677e+06 0.195 9
1.30191e+06 0.1975 9
1.16162e+06 0.2 9
1.05707e+06 0.2025 9
910513 0.205 9
850033 0.2075 9
779713 0.21 9
693472 0.2125 9
640016 0.215 9
527988 0.2175 9
452556 0.22 9
367924 0.2225 9
318384 0.225 9
371701 0.2275 9
534299 0.23 9
747383 0.2325 9
958395 0.235 9
1.10559e+06 0.2375 9
1.16454e+06 0.24 9
1.03783e+06 0.2425 9
888737 0.245 9
702564 0.2475 9
558433 0.25 9
497591 0.2525 9
480791 0.255 9
559999 0.2575 9
677617 0.26 9
865132 0.2625 9
1.01998e+06 0.265 9
1.18654e+06 0.2675 9
1.33671e+06 0.27 9
1.45789e+06 0.2725 9
1.45659e+06 0.275 9
1.52646e+06 0.2775 9
1.50178e+06 0.28 9
1.45075e+06 0.2825 9
1.39154e+06 0.285 9
1.30995e+06 0.2875 9
1.1446e+06 0.29 9
927018 0.2925 9
1.4362e+06 0.01 10
2.75686e+06 0.0125 10
4.25725e+06 0.015 10
5.56392e+06 0.0175 10
6.3478e+06 0.02 10
6.45822e+06 0.0225 10
5.9572e+06 0.025 10
5.05395e+06 0.0275 10
3.99584e+06 0.03 10
2.98222e+06 0.0325 10
2.13464e+06 0.035 10
1.51175e+06 0.0375 10
1.13421e+06 0.04 10
992719 0.0425 10
1.03918e+06 0.045 10
1.18074e+06 0.0475 10
1.29606e+06 0.05 10
1.27612e+06 0.0525 10
1.07172e+06 0.055 10
721580 0.0575 10
342235 0.06 10
79237.2 0.0625 10
39277.2 0.065 10
235132 0.0675 10
572855 0.07 10
892123 0.0725 10
1.04296e+06 0.075 10
959646 0.0775 10
690482 0.08 10
365611 0.0825 10
121673 0.085 10
29074.4 0.0875 10
65238.2 0.09 10
145987 0.0925 10
188606 0.095 10
161689 0.0975 10
91192.2 0.1 10
26830 0.1025 10
576.311 0.105 10
9202.91 0.1075 10
28919.1 0.11 10
39351.7 0.1125 10
43724.5 0.115 10
49284.9 0.1175 10
58725.8 0.12 10
83891.8 0.1225 10
105577 0.125 10
165719 0.1275 10
270242 0.13 10
468643 0.1325 10
739417 0.135 10
945064 0.1375 10
1.23673e+06 0.14 10
1.15919e+06 0.1425 10
1.22157e+06 0.145 10
1.38668e+06 0.1475 10
1.77191e+06 0.15 10
2.32303e+06 0.1525 10
2.95342e+06 0.155 10
3.69775e+06 0.1575 10
3.98311e+06 0.16 10
4.28011e+06 0.1625 10
4.45845e+06 0.165 10
4.88196e+06 0.1675 10
5.3523e+06 0.17 10
5.75402e+06 0.1725 10
5.7175e+06 0.175 10
5.30506e+06 0.1775 10
4.54094e+06 0.18 10
3.52885e+06 0.1825 10
2.83174e+06 0.185 10
2.7553e+06 0.1875 10
3.21565e+06 0.19 10
4.41144e+06 0.1925 10
5.2999e+06 0.195 10
5.62528e+06 0.1975 10
5.19803e+06 0.2 10
4.05901e+06 0.2025 10
2.8156e+06 0.205 10
1.66639e+06 0.2075 10
1.01102e+06 0.21 10
1.01087e+06 0.2125 10
1.45284e+06 0.215 10
1.87758e+06 0.2175 10
2.09343e+06 0.22 10
1.93342e+06 0.2225 10
1.59005e+06 0.225 10
1.17863e+06 0.2275 10
897474 0.23 10
840245 0.2325 10
975042 0.235 10
1.16188e+06 0.2375 10
1.2952e+06 0.24 10
1.34856e+06 0.2425 10
1.34125e+06 0.245 10
1.12593e+06 0.2475 10
933447 0.25 10
856665 0.2525 10
823744 0.255 10
831527 0.2575 10
839773 0.26 10
806051 0.2625 10
773704 0.265 10
726173 0.2675 10
674102 0.27 10
628433 0.2725 10
590673 0.275 10
571164 0.2775 10
556784 0.28 10
547892 0.2825 10
540431 0.285 10
520388 0.2875 10
0 0.01 11
0 0.0125 11
0 0.015 11
0 0.0175 11
0 0.02 11
0 0.0225 11
0 0.025 11
0 0.0275 11
0 0.03 11
0 0.0325 11
0 0.035 11
0 0.0375 11
0 0.04 11
0 0.0425 11
0 0.045 11
0 0.0475 11
0 0.05 11
0 0.0525 11
8029.88 0.055 11
20234.9 0.0575 11
4096.52 0.06 11
34734 0.0625 11
162565 0.065 11
361261 0.0675 11
542193 0.07 11
544822 0.0725 11
628313 0.075 11
611587 0.0775 11
727794 0.08 11
787456 0.0825 11
770905 0.085 11
639000 0.0875 11
519627 0.09 11
313517 0.0925 11
227530 0.095 11
131791 0.0975 11
165934 0.1 11
242648 0.1025 11
207704 0.105 11
274508 0.1075 11
407597 0.11 11
609547 0.1125 11
966818 0.115 11
1.2941e+06 0.1175 11
1.62494e+06 0.12 11
1.88271e+06 0.1225 11
1.94145e+06 0.125 11
1.95536e+06 0.1275 11
1.82326e+06 0.13 11
2.06019e+06 0.1325 11
2.59905e+06 0.135 11
3.35471e+06 0.1375 11
4.15601e+06 0.14 11
5.19276e+06 0.1425 11
5.66905e+06 0.145 11
5.64023e+06 0.1475 11
5.27763e+06 0.15 11
4.64486e+06 0.1525 11
3.95901e+06 0.155 11
3.48046e+06 0.1575 11
3.2574e+06 0.16 11
3.07573e+06 0.1625 11
3.01068e+06 0.165 11
2.78283e+06 0.1675 11
2.49177e+06 0.17 11
2.13145e+06 0.1725 11
1.84893e+06 0.175 11
1.67549e+06 0.1775 11
1.56913e+06 0.18 11
1.41379e+06 0.1825 11
1.2031e+06 0.185 11
952770 0.1875 11
825115 0.19 11
879234 0.1925 11
1.14009e+06 0.195 11
1.47149e+06 0.1975 11
1.6993e+06 0.2 11
1.66352e+06 0.2025 11
1.36489e+06 0.205 11
917495 0.2075 11
547674 0.21 11
358202 0.2125 11
365487 0.215 11
524373 0.2175 11
668821 0.22 11
664235 0.2225 11
577791 0.225 11
397619 0.2275 11
333392 0.23 11
395566 0.2325 11
514213 0.235 11
649171 0.2375 11
692634 0.24 11
678133 0.2425 11
636097 0.245 11
619323 0.2475 11
670279 0.25 11
719934 0.2525 11
828968 0.255 11
867010 0.2575 11
832996 0.26 11
736156 0.2625 11
600338 0.265 11
457778 0.2675 11
385254 0.27 11
382143 0.2725 11
476470 0.275 11
643167 0.2775 11
847660 0.28 11
1.00783e+06 0.2825 11
34373.5 0.01 12
112441 0.0125 12
218909 0.015 12
375520 0.0175 12
553398 0.02 12
685151 0.0225 12
717493 0.025 12
635215 0.0275 12
479483 0.03 12
337207 0.0325 12
303205 0.035 12
433600 0.0375 12
715404 0.04 12
1.06893e+06 0.0425 12
1.38142e+06 0.045 12
1.55354e+06 0.0475 12
1.53544e+06 0.05 12
1.3376e+06 0.0525 12
1.01769e+06 0.055 12
655946 0.0575 12
332789 0.06 12
113835 0.0625 12
39214.2 0.065 12
112970 0.0675 12
295561 0.07 12
510014 0.0725 12
670317 0.075 12
726513 0.0775 12
702993 0.08 12
699981 0.0825 12
843377 0.085 12
1.20054e+06 0.0875 12
1.70973e+06 0.09 12
2.17565e+06 0.0925 12
2.35267e+06 0.095 12
2.08439e+06 0.0975 12
1.42391e+06 0.1 12
656182 0.1025 12
189634 0.105 12
359651 0.1075 12
1.25076e+06 0.11 12
2.58808e+06 0.1125 12
3.90332e+06 0.115 12
4.68483e+06 0.1175 12
4.68919e+06 0.12 12
4.02007e+06 0.1225 12
2.8575e+06 0.125 12
1.83415e+06 0.1275 12
1.29938e+06 0.13 12
1.44253e+06 0.1325 12
1.95711e+06 0.135 12
2.44094e+06 0.1375 12
3.132e+06 0.14 12
3.60146e+06 0.1425 12
3.74909e+06 0.145 12
3.9769e+06 0.1475 12
3.99246e+06 0.15 12
3.80239e+06 0.1525 12
3.25232e+06 0.155 12
2.6085e+06 0.1575 12
1.63703e+06 0.16 12
962402 0.1625 12
576152 0.165 12
614495 0.1675 12
1.03344e+06 0.17 12
1.60347e+06 0.1725 12
1.92881e+06 0.175 12
2.08648e+06 0.1775 12
1.93895e+06 0.18 12
1.71755e+06 0.1825 12
1.42167e+06 0.185 12
1.22504e+06 0.1875 12
1.00347e+06 0.19 12
796159 0.1925 12
528610 0.195 12
301210 0.1975 12
164651 0.2 12
185028 0.2025 12
446239 0.205 12
842917 0.2075 12
1.19418e+06 0.21 12
1.39752e+06 0.2125 12
1.36599e+06 0.215 12
1.21925e+06 0.2175 12
1.09035e+06 0.22 12
881912 0.2225 12
921490 0.225 12
946263 0.2275 12
1.00418e+06 0.23 12
1.08233e+06 0.2325 12
1.0794e+06 0.235 12
966050 0.2375 12
823408 0.24 12
703361 0.2425 12
579717 0.245 12
484996 0.2475 12
471212 0.25 12
502560 0.2525 12
533724 0.255 12
603632 0.2575 12
607790 0.26 12
624238 0.2625 12
573251 0.265 12
513640 0.2675 12
484408 0.27 12
471805 0.2725 12
473567 0.275 12
0 0.01 13
0 0.0125 13
0 0.015 13
0 0.0175 13
0 0.02 13
0 0.0225 13
0 0.025 13
0 0.0275 13
837.121 0.03 13
2118.92 0.0325 13
6946.32 0.035 13
16912.6 0.0375 13
39607.7 0.04 13
66218 0.0425 13
154372 0.045 13
353379 0.0475 13
558591 0.05 13
819310 0.0525 13
965947 0.055 13
839068 0.0575 13
703714 0.06 13
624832 0.0625 13
369619 0.065 13
236622 0.0675 13
151852 0.07 13
221131 0.0725 13
488826 0.075 13
824363 0.0775 13
1.40022e+06 0.08 13
2.03664e+06 0.0825 13
2.72589e+06 0.085 13
3.39068e+06 0.0875 13
3.93449e+06 0.09 13
4.5349e+06 0.0925 13
4.93465e+06 0.095 13
5.05638e+06 0.0975 13
4.87099e+06 0.1 13
4.60696e+06 0.1025 13
4.27906e+06 0.105 13
3.79873e+06 0.1075 13
3.30925e+06 0.11 13
2.8315e+06 0.1125 13
2.4229e+06 0.115 13
2.08934e+06 0.1175 13
1.92212e+06 0.12 13
1.83903e+06 0.1225 13
2.01688e+06 0.125 13
2.2842e+06 0.1275 13
2.36014e+06 0.13 13
2.37959e+06 0.1325 13
2.2763e+06 0.135 13
1.88636e+06 0.1375 13
1.36517e+06 0.14 13
995750 0.1425 13
950908 0.145 13
1.33725e+06 0.1475 13
1.85469e+06 0.15 13
2.71275e+06 0.1525 13
3.24693e+06 0.155 13
3.78623e+06 0.1575 13
3.68522e+06 0.16 13
3.32105e+06 0.1625 13
2.93454e+06 0.165 13
2.70749e+06 0.1675 13
2.73623e+06 0.17 13
2.84957e+06 0.1725 13
3.11e+06 0.175 13
3.19586e+06 0.1775 13
2.96388e+06 0.18 13
2.6311e+06 0.1825 13
2.04682e+06 0.185 13
1.6675e+06 0.1875 13
1.38968e+06 0.19 13
1.27068e+06 0.1925 13
1.18464e+06 0.195 13
1.10581e+06 0.1975 13
895637 0.2 13
703898 0.2025 13
571921 0.205 13
645651 0.2075 13
823918 0.21 13
1.05899e+06 0.2125 13
1.18621e+06 0.215 13
1.22062e+06 0.2175 13
1.16271e+06 0.22 13
1.05187e+06 0.2225 13
906859 0.225 13
881337 0.2275 13
849359 0.23 13
880953 0.2325 13
880603 0.235 13
794890 0.2375 13
641126 0.24 13
463675 0.2425 13
316227 0.245 13
228629 0.2475 13
165242 0.25 13
150815 0.2525 13
117486 0.255 13
94192.1 0.2575 13
69891.4 0.26 13
68783 0.2625 13
87410 0.265 13
146916 0.2675 13
0 0.02 14
0 0.0225 14
0 0.025 14
0 0.0275 14
1777.09 0.03 14
47462.3 0.0325 14
480151 0.035 14
679810 0.0375 14
1.43673e+06 0.04 14
2.32068e+06 0.0425 14
3.41508e+06 0.045 14
4.88081e+06 0.0475 14
5.54288e+06 0.05 14
6.29958e+06 0.0525 14
6.33219e+06 0.055 14
5.78842e+06 0.0575 14
5.80165e+06 0.06 14
6.21543e+06 0.0625 14
7.70316e+06 0.065 14
9.25104e+06 0.0675 14
1.10577e+07 0.07 14
1.21076e+07 0.0725 14
1.24086e+07 0.075 14
1.13089e+07 0.0775 14
8.98376e+06 0.08 14
6.18763e+06 0.0825 14
3.74568e+06 0.085 14
2.2e+06 0.0875 14
1.66775e+06 0.09 14
1.81493e+06 0.0925 14
2.04639e+06 0.095 14
2.21481e+06 0.0975 14
2.16939e+06 0.1 14
2.06077e+06 0.1025 14
1.69758e+06 0.105 14
1.72673e+06 0.1075 14
1.72942e+06 0.11 14
1.62624e+06 0.1125 14
1.17187e+06 0.115 14
936701 0.1175 14
856900 0.12 14
1.00443e+06 0.1225 14
1.58296e+06 0.125 14
2.38188e+06 0.1275 14
3.1068e+06 0.13 14
3.41347e+06 0.1325 14
3.21183e+06 0.135 14
2.53509e+06 0.1375 14
1.86878e+06 0.14 14
1.38646e+06 0.1425 14
1.03679e+06 0.145 14
989555 0.1475 14
997785 0.15 14
1.15796e+06 0.1525 14
1.16714e+06 0.155 14
1.14107e+06 0.1575 14
1.16938e+06 0.16 14
1.09503e+06 0.1625 14
1.07477e+06 0.165 14
895953 0.1675 14
635412 0.17 14
421854 0.1725 14
231439 0.175 14
205259 0.1775 14
259223 0.18 14
406642 0.1825 14
624079 0.185 14
736550 0.1875 14
743743 0.19 14
606615 0.1925 14
442340 0.195 14
294333 0.1975 14
224260 0.2 14
225451 0.2025 14
284189 0.205 14
366713 0.2075 14
413752 0.21 14
431199 0.2125 14
448751 0.215 14
555640 0.2175 14
684182 0.22 14
833898 0.2225 14
913914 0.225 14
872409 0.2275 14
752970 0.23 14
565834 0.2325 14
356155 0.235 14
227224 0.2375 14
196045 0.24 14
233270 0.2425 14
275304 0.245 14
263474 0.2475 14
229984 0.25 14
186890 0.2525 14
205594 0.255 14
264776 0.2575 14
1.40244e+06 0.0125 15
3.15064e+06 0.015 15
5.61524e+06 0.0175 15
8.19118e+06 0.02 15
1.01377e+07 0.0225 15
1.087e+07 0.025 15
1.03891e+07 0.0275 15
9.36153e+06 0.03 15
8.76354e+06 0.0325 15
9.2726e+06 0.035 15
1.07916e+07 0.0375 15
1.24465e+07 0.04 15
1.31057e+07 0.0425 15
1.21217e+07 0.045 15
9.81947e+06 0.0475 15
7.39585e+06 0.05 15
6.25793e+06 0.0525 15
7.19055e+06 0.055 15
9.85965e+06 0.0575 15
1.29556e+07 0.06 15
1.48884e+07 0.0625 15
1.46203e+07 0.065 15
1.21574e+07 0.0675 15
8.45325e+06 0.07 15
4.83619e+06 0.0725 15
2.32755e+06 0.075 15
1.23468e+06 0.0775 15
1.18703e+06 0.08 15
1.5068e+06 0.0825 15
1.63824e+06 0.085 15
1.38663e+06 0.0875 15
886381 0.09 15
396315 0.0925 15
96542.1 0.095 15
9629.27 0.0975 15
52918.2 0.1 15
140100 0.1025 15
241756 0.105 15
373175 0.1075 15
540221 0.11 15
711819 0.1125 15
818345 0.115 15
852395 0.1175 15
776735 0.12 15
753765 0.1225 15
755238 0.125 15
733491 0.1275 15
838546 0.13 15
898768 0.1325 15
877793 0.135 15
771978 0.1375 15
633009 0.14 15
536935 0.1425 15
444402 0.145 15
440037 0.1475 15
468464 0.15 15
574923 0.1525 15
536994 0.155 15
618379 0.1575 15
614656 0.16 15
657786 0.1625 15
680240 0.165 15
683354 0.1675 15
708094 0.17 15
503736 0.1725 15
365692 0.175 15
231011 0.1775 15
222023 0.18 15
355306 0.1825 15
427762 0.185 15
539703 0.1875 15
580662 0.19 15
570494 0.1925 15
445514 0.195 15
340033 0.1975 15
295034 0.2 15
326679 0.2025 15
438808 0.205 15
544410 0.2075 15
623041 0.21 15
636403 0.2125 15
564273 0.215 15
432940 0.2175 15
319152 0.22 15
263683 0.2225 15
287182 0.225 15
374095 0.2275 15
433929 0.23 15
458511 0.2325 15
391832 0.235 15
268981 0.2375 15
148549 0.24 15
74640.2 0.2425 15
36985.7 0.245 15
69092.1 0.2475 15
0 0.0025 16
0 0.005 16
0 0.0075 16
0 0.01 16
0 0.0125 16
0 0.015 16
0 0.0175 16
0 0.02 16
0 0.0225 16
0 0.025 16
0 0.0275 16
0 0.03 16
0 0.0325 16
0 0.035 16
0 0.0375 16
0 0.04 16
0 0.0425 16
0 0.045 16
0 0.0475 16
0 0.05 16
0 0.0525 16
2424.6 0.055 16
15564.6 0.0575 16
15885.1 0.06 16
35362.5 0.0625 16
113673 0.065 16
191922 0.0675 16
507674 0.07 16
717690 0.0725 16
756915 0.075 16
1.00649e+06 0.0775 16
1.14808e+06 0.08 16
1.19902e+06 0.0825 16
1.25657e+06 0.085 16
1.06174e+06 0.0875 16
827522 0.09 16
473522 0.0925 16
201076 0.095 16
86330.3 0.0975 16
58264.1 0.1 16
257700 0.1025 16
604826 0.105 16
963250 0.1075 16
1.29151e+06 0.11 16
1.51455e+06 0.1125 16
1.55671e+06 0.115 16
1.54995e+06 0.1175 16
1.48689e+06 0.12 16
1.62027e+06 0.1225 16
1.67776e+06 0.125 16
1.87842e+06 0.1275 16
2.06481e+06 0.13 16
2.22523e+06 0.1325 16
2.1962e+06 0.135 16
2.17883e+06 0.1375 16
1.99963e+06 0.14 16
1.73039e+06 0.1425 16
1.37898e+06 0.145 16
1.06654e+06 0.1475 16
763892 0.15 16
566692 0.1525 16
432920 0.155 16
403873 0.1575 16
464523 0.16 16
621039 0.1625 16
727005 0.165 16
822216 0.1675 16
841292 0.17 16
821912 0.1725 16
809823 0.175 16
866662 0.1775 16
999473 0.18 16
1.20844e+06 0.1825 16
1.44132e+06 0.185 16
1.61791e+06 0.1875 16
1.73886e+06 0.19 16
1.72982e+06 0.1925 16
1.65411e+06 0.195 16
1.52838e+06 0.1975 16
1.37041e+06 0.2 16
1.19945e+06 0.2025 16
977892 0.205 16
704995 0.2075 16
463486 0.21 16
306049 0.2125 16
256864 0.215 16
342984 0.2175 16
510863 0.22 16
658679 0.2225 16
753655 0.225 16
768222 0.2275 16
629210 0.23 16
447745 0.2325 16
238703 0.235 16
91073.6 0.2375 16
773.519 0.0025 17
10443.8 0.005 17
39165.6 0.0075 17
77785.7 0.01 17
93827 0.0125 17
61684.5 0.015 17
12007 0.0175 17
60299 0.02 17
378785 0.0225 17
1.11042e+06 0.025 17
2.2673e+06 0.0275 17
3.67636e+06 0.03 17
5.01556e+06 0.0325 17
5.93307e+06 0.035 17
6.1922e+06 0.0375 17
5.76737e+06 0.04 17
4.84302e+06 0.0425 17
3.72117e+06 0.045 17
2.69048e+06 0.0475 17
1.92421e+06 0.05 17
1.44952e+06 0.0525 17
1.18713e+06 0.055 17
1.02482e+06 0.0575 17
880197 0.06 17
726648 0.0625 17
583877 0.065 17
492369 0.0675 17
491001 0.07 17
604533 0.0725 17
836214 0.075 17
1.15956e+06 0.0775 17
1.51156e+06 0.08 17
1.79756e+06 0.0825 17
1.91702e+06 0.085 17
1.80612e+06 0.0875 17
1.47825e+06 0.09 17
1.03639e+06 0.0925 17
641866 0.095 17
446863 0.0975 17
521585 0.1 17
815185 0.1025 17
1.17544e+06 0.105 17
1.4215e+06 0.1075 17
1.43406e+06 0.11 17
1.21232e+06 0.1125 17
873983 0.115 17
581271 0.1175 17
458676 0.12 17
538388 0.1225 17
702151 0.125 17
786680 0.1275 17
793625 0.13 17
738790 0.1325 17
540459 0.135 17
461295 0.1375 17
596134 0.14 17
773759 0.1425 17
888946 0.145 17
878449 0.1475 17
682446 0.15 17
433664 0.1525 17
232692 0.155 17
125538 0.1575 17
157460 0.16 17
285771 0.1625 17
503810 0.165 17
575495 0.1675 17
540192 0.17 17
496644 0.1725 17
389629 0.175 17
277137 0.1775 17
194576 0.18 17
128982 0.1825 17
82095.7 0.185 17
120067 0.1875 17
231763 0.19 17
436273 0.1925 17
598844 0.195 17
695764 0.1975 17
621015 0.2 17
475600 0.2025 17
340817 0.205 17
267935 0.2075 17
337520 0.21 17
516118 0.2125 17
695816 0.215 17
759869 0.2175 17
671758 0.22 17
482013 0.2225 17
272132 0.225 17
0 0.0025 18
0 0.005 18
0 0.0075 18
0 0.01 18
0 0.0125 18
0 0.015 18
0 0.0175 18
0 0.02 18
0 0.0225 18
0 0.025 18
0 0.0275 18
0 0.03 18
0 0.0325 18
121.23 0.035 18
303.065 0.0375 18
59560.6 0.04 18
251658 0.0425 18
544210 0.045 18
909370 0.0475 18
1.33017e+06 0.05 18
2.02856e+06 0.0525 18
2.43568e+06 0.055 18
2.75157e+06 0.0575 18
2.88652e+06 0.06 18
2.77707e+06 0.0625 18
2.29526e+06 0.065 18
1.8202e+06 0.0675 18
1.61331e+06 0.07 18
1.72204e+06 0.0725 18
2.26446e+06 0.075 18
3.4525e+06 0.0775 18
4.88259e+06 0.08 18
6.27392e+06 0.0825 18
7.41348e+06 0.085 18
7.66405e+06 0.0875 18
7.52334e+06 0.09 18
6.58244e+06 0.0925 18
5.31393e+06 0.095 18
4.10372e+06 0.0975 18
3.23423e+06 0.1 18
2.71059e+06 0.1025 18
2.4258e+06 0.105 18
2.36073e+06 0.1075 18
2.20161e+06 0.11 18
1.91696e+06 0.1125 18
1.54649e+06 0.115 18
1.12197e+06 0.1175 18
757617 0.12 18
488826 0.1225 18
285993 0.125 18
204802 0.1275 18
192099 0.13 18
178520 0.1325 18
221719 0.135 18
313679 0.1375 18
422698 0.14 18
500798 0.1425 18
477448 0.145 18
369585 0.1475 18
216866 0.15 18
86875.2 0.1525 18
23990.4 0.155 18
74772.2 0.1575 18
227422 0.16 18
419905 0.1625 18
573066 0.165 18
638854 0.1675 18
601809 0.17 18
481436 0.1725 18
334984 0.175 18
211015 0.1775 18
138496 0.18 18
121171 0.1825 18
149255 0.185 18
180886 0.1875 18
238417 0.19 18
303073 0.1925 18
360286 0.195 18
386202 0.1975 18
409812 0.2 18
405936 0.2025 18
360472 0.205 18
310311 0.2075 18
277157 0.21 18
277544 0.2125 18
0 0.0025 19
0 0.005 19
0 0.0075 19
0 0.01 19
0 0.0125 19
0 0.015 19
0 0.0175 19
0 0.02 19
0 0.0225 19
915.727 0.025 19
3266.39 0.0275 19
24233.1 0.03 19
90900.3 0.0325 19
167485 0.035 19
207720 0.0375 19
364603 0.04 19
405978 0.0425 19
494697 0.045 19
423528 0.0475 19
399675 0.05 19
313888 0.0525 19
181256 0.055 19
128473 0.0575 19
187393 0.06 19
354936 0.0625 19
609967 0.065 19
907383 0.0675 19
1.21429e+06 0.07 19
1.46021e+06 0.0725 19
1.64367e+06 0.075 19
1.66899e+06 0.0775 19
1.56881e+06 0.08 19
1.3845e+06 0.0825 19
1.15385e+06 0.085 19
917344 0.0875 19
689800 0.09 19
492816 0.0925 19
327499 0.095 19
220880 0.0975 19
173279 0.1 19
198096 0.1025 19
340696 0.105 19
593838 0.1075 19
689514 0.11 19
836333 0.1125 19
1.03526e+06 0.115 19
1.32015e+06 0.1175 19
1.42442e+06 0.12 19
1.42181e+06 0.1225 19
1.4033e+06 0.125 19
1.3109e+06 0.1275 19
1.23144e+06 0.13 19
1.10969e+06 0.1325 19
1.00874e+06 0.135 19
901965 0.1375 19
703869 0.14 19
566084 0.1425 19
551275 0.145 19
505760 0.1475 19
471916 0.15 19
482996 0.1525 19
519717 0.155 19
559034 0.1575 19
603182 0.16 19
654720 0.1625 19
627618 0.165 19
607788 0.1675 19
523115 0.17 19
435118 0.1725 19
369765 0.175 19
415676 0.1775 19
500617 0.18 19
602716 0.1825 19
726465 0.185 19
741933 0.1875 19
702999 0.19 19
591312 0.1925 19
451867 0.195 19
331150 0.1975 19
0 0.0025 20
0 0.005 20
0 0.0075 20
178.265 0.01 20
2231.21 0.0125 20
5033.05 0.015 20
31561.5 0.0175 20
60911.5 0.02 20
170256 0.0225 20
273578 0.025 20
453147 0.0275 20
670587 0.03 20
937602 0.0325 20
1.18552e+06 0.035 20
1.39072e+06 0.0375 20
1.47854e+06 0.04 20
1.41089e+06 0.0425 20
1.19243e+06 0.045 20
879123 0.0475 20
564933 0.05 20
348538 0.0525 20
293641 0.055 20
401933 0.0575 20
612897 0.06 20
831147 0.0625 20
967619 0.065 20
974248 0.0675 20
856599 0.07 20
661977 0.0725 20
453301 0.075 20
284133 0.0775 20
185602 0.08 20
166224 0.0825 20
218023 0.085 20
321545 0.0875 20
447528 0.09 20
558861 0.0925 20
617818 0.095 20
599247 0.0975 20
503918 0.1 20
363599 0.1025 20
229558 0.105 20
152880 0.1075 20
164859 0.11 20
261541 0.1125 20
385906 0.115 20
499868 0.1175 20
577936 0.12 20
608015 0.1225 20
561216 0.125 20
475559 0.1275 20
358137 0.13 20
320496 0.1325 20
305542 0.135 20
263352 0.1375 20
218020 0.14 20
180770 0.1425 20
198749 0.145 20
210265 0.1475 20
213292 0.15 20
194133 0.1525 20
163825 0.155 20
110505 0.1575 20
104547 0.16 20
112373 0.1625 20
196417 0.165 20
287670 0.1675 20
368735 0.17 20
407748 0.1725 20
371322 0.175 20
319734 0.1775 20
0 0.0025 21
0 0.005 21
0 0.0075 21
0 0.01 21
0 0.0125 21
0 0.015 21
0 0.0175 21
0 0.02 21
0 0.0225 21
0 0.025 21
0 0.0275 21
0 0.03 21
0 0.0325 21
0 0.035 21
0 0.0375 21
0 0.04 21
0 0.0425 21
0 0.045 21
0 0.0475 21
807.608 0.05 21
8685.02 0.0525 21
41935.2 0.055 21
82280.1 0.0575 21
103377 0.06 21
145753 0.0625 21
210182 0.065 21
225475 0.0675 21
249589 0.07 21
332074 0.0725 21
333355 0.075 21
259805 0.0775 21
222584 0.08 21
187153 0.0825 21
99661.5 0.085 21
54796.6 0.0875 21
51687.6 0.09 21
53226.8 0.0925 21
55950.7 0.095 21
46700.2 0.0975 21
47223.4 0.1 21
53945.5 0.1025 21
123064 0.105 21
203623 0.1075 21
306218 0.11 21
420182 0.1125 21
496147 0.115 21
513809 0.1175 21
438577 0.12 21
376777 0.1225 21
323347 0.125 21
279812 0.1275 21
269527 0.13 21
297630 0.1325 21
334441 0.135 21
307790 0.1375 21
306544 0.14 21
263023 0.1425 21
214415 0.145 21
216090 0.1475 21
278366 0.15 21
384763 0.1525 21
530153 0.155 21
658185 0.1575 21
708694 0.16 21
25660.7 0.0025 22
84494.9 0.005 22
135936 0.0075 22
148087 0.01 22
122536 0.0125 22
94370.1 0.015 22
107652 0.0175 22
184479 0.02 22
309445 0.0225 22
438957 0.025 22
526871 0.0275 22
547975 0.03 22
505275 0.0325 22
420588 0.035 22
319056 0.0375 22
219234 0.04 22
132429 0.0425 22
66470.3 0.045 22
27161.7 0.0475 22
15701.4 0.05 22
26369.8 0.0525 22
49417.6 0.055 22
78718.5 0.0575 22
117713 0.06 22
176764 0.0625 22
261625 0.065 22
361076 0.0675 22
444647 0.07 22
475306 0.0725 22
431034 0.075 22
321450 0.0775 22
187444 0.08 22
82272.1 0.0825 22
44753 0.085 22
80452.2 0.0875 22
161624 0.09 22
244770 0.0925 22
294174 0.095 22
297373 0.0975 22
265139 0.1 22
218978 0.1025 22
176226 0.105 22
142329 0.1075 22
113246 0.11 22
83531.1 0.1125 22
52997.2 0.115 22
26134 0.1175 22
9476.94 0.12 22
6003.68 0.1225 22
19560.4 0.125 22
47559.3 0.1275 22
83470.8 0.13 22
121752 0.1325 22
179546 0.135 22
243502 0.1375 22
0 0.0025 23
0 0.005 23
0 0.0075 23
0 0.01 23
0 0.0125 23
0 0.015 23
0 0.0175 23
0 0.02 23
0 0.0225 23
0 0.025 23
0 0.0275 23
0 0.03 23
0 0.0325 23
0 0.035 23
0 0.0375 23
249.627 0.04 23
277.113 0.0425 23
1458.95 0.045 23
18007.8 0.0475 23
30915.1 0.05 23
48540.9 0.0525 23
102501 0.055 23
147241 0.0575 23
205890 0.06 23
215025 0.0625 23
242209 0.065 23
219060 0.0675 23
204768 0.07 23
206143 0.0725 23
208526 0.075 23
217125 0.0775 23
247232 0.08 23
321160 0.0825 23
445385 0.085 23
568408 0.0875 23
786447 0.09 23
855031 0.0925 23
921110 0.095 23
843140 0.0975 23
659504 0.1 23
469479 0.1025 23
