2.30214e+07 0.085 0
1.38918e+07 0.0875 0
5.11709e+06 0.09 0
445855 0.0925 0
624708 0.095 0
3.57576e+06 0.0975 0
6.20392e+06 0.1 0
6.46168e+06 0.1025 0
4.37568e+06 0.105 0
1.60198e+06 0.1075 0
56973.6 0.11 0
638234 0.1125 0
2.80594e+06 0.115 0
5.12199e+06 0.1175 0
6.23961e+06 0.12 0
5.66137e+06 0.1225 0
3.86089e+06 0.125 0
1.82896e+06 0.1275 0
433082 0.13 0
31.1919 0.1325 0
304531 0.135 0
845797 0.1375 0
1.20249e+06 0.14 0
1.23038e+06 0.1425 0
1.02303e+06 0.145 0
717668 0.1475 0
436635 0.15 0
280330 0.1525 0
289851 0.155 0
353360 0.1575 0
459600 0.16 0
661395 0.1625 0
843041 0.165 0
1.02099e+06 0.1675 0
1.16592e+06 0.17 0
1.1508e+06 0.1725 0
1.09652e+06 0.175 0
801981 0.1775 0
500940 0.18 0
255406 0.1825 0
71201.8 0.185 0
82460.1 0.1875 0
177430 0.19 0
335156 0.1925 0
554075 0.195 0
795502 0.1975 0
992875 0.2 0
1.16753e+06 0.2025 0
1.33381e+06 0.205 0
1.44546e+06 0.2075 0
1.39318e+06 0.21 0
1.32903e+06 0.2125 0
1.23634e+06 0.215 0
1.0501e+06 0.2175 0
750188 0.22 0
542709 0.2225 0
372620 0.225 0
308339 0.2275 0
328222 0.23 0
389955 0.2325 0
422143 0.235 0
470040 0.2375 0
465938 0.24 0
451593 0.2425 0
372385 0.245 0
263931 0.2475 0
190358 0.25 0
132550 0.2525 0
176105 0.255 0
270705 0.2575 0
370792 0.26 0
393024 0.2625 0
440988 0.265 0
373695 0.2675 0
315479 0.27 0
186343 0.2725 0
94005.1 0.275 0
27547 0.2775 0
3497.09 0.28 0
18906.8 0.2825 0
51756.2 0.285 0
90391.5 0.2875 0
114703 0.29 0
90561 0.2925 0
62496.6 0.295 0
34016.1 0.2975 0
16879.2 0.3 0
11011.4 0.3025 0
23161.9 0.305 0
48549 0.3075 0
69252.8 0.31 0
106949 0.3125 0
149816 0.315 0
111210 0.085 1
975848 0.0875 1
2.88359e+06 0.09 1
6.13914e+06 0.0925 1
9.38139e+06 0.095 1
1.28264e+07 0.0975 1
1.56277e+07 0.1 1
1.66814e+07 0.1025 1
1.61954e+07 0.105 1
1.45238e+07 0.1075 1
1.2242e+07 0.11 1
9.62614e+06 0.1125 1
7.80407e+06 0.115 1
6.46136e+06 0.1175 1
5.55605e+06 0.12 1
4.89993e+06 0.1225 1
4.54559e+06 0.125 1
3.98366e+06 0.1275 1
3.06976e+06 0.13 1
2.3744e+06 0.1325 1
1.71863e+06 0.135 1
1.33229e+06 0.1375 1
1.01729e+06 0.14 1
970398 0.1425 1
1.03904e+06 0.145 1
1.15723e+06 0.1475 1
1.20706e+06 0.15 1
1.13253e+06 0.1525 1
1.1267e+06 0.155 1
1.11183e+06 0.1575 1
1.07179e+06 0.16 1
997683 0.1625 1
829964 0.165 1
650178 0.1675 1
454085 0.17 1
261948 0.1725 1
131835 0.175 1
79907.5 0.1775 1
146895 0.18 1
293822 0.1825 1
520897 0.185 1
682862 0.1875 1
787718 0.19 1
817977 0.1925 1
812283 0.195 1
839295 0.1975 1
930735 0.2 1
1.07746e+06 0.2025 1
1.287e+06 0.205 1
1.42126e+06 0.2075 1
1.49348e+06 0.21 1
1.42696e+06 0.2125 1
1.26625e+06 0.215 1
1.07571e+06 0.2175 1
873916 0.22 1
716764 0.2225 1
645215 0.225 1
621657 0.2275 1
559977 0.23 1
559001 0.2325 1
608857 0.235 1
695004 0.2375 1
803968 0.24 1
908248 0.2425 1
962835 0.245 1
990730 0.2475 1
933545 0.25 1
819458 0.2525 1
682683 0.255 1
557809 0.2575 1
506618 0.26 1
472087 0.2625 1
551330 0.265 1
753104 0.2675 1
986159 0.27 1
1.18801e+06 0.2725 1
1.31795e+06 0.275 1
1.36359e+06 0.2775 1
1.27799e+06 0.28 1
1.1188e+06 0.2825 1
869555 0.285 1
694086 0.2875 1
625154 0.29 1
574193 0.2925 1
615335 0.295 1
685730 0.2975 1
739801 0.3 1
716597 0.3025 1
633717 0.305 1
498297 0.3075 1
357493 0.31 1
225845 0.3125 1
136453 0.315 1
1.31897e+07 0.0825 2
1.64517e+07 0.085 2
1.99455e+07 0.0875 2
2.27642e+07 0.09 2
2.40499e+07 0.0925 2
2.34155e+07 0.095 2
2.11745e+07 0.0975 2
1.82252e+07 0.1 2
1.56238e+07 0.1025 2
1.40708e+07 0.105 2
1.35995e+07 0.1075 2
1.36002e+07 0.11 2
1.32608e+07 0.1125 2
1.20088e+07 0.115 2
9.93594e+06 0.1175 2
7.47094e+06 0.12 2
5.29843e+06 0.1225 2
4.32072e+06 0.125 2
3.72839e+06 0.1275 2
3.84101e+06 0.13 2
3.99393e+06 0.1325 2
3.85941e+06 0.135 2
3.05787e+06 0.1375 2
2.35996e+06 0.14 2
1.6431e+06 0.1425 2
1.37802e+06 0.145 2
1.27732e+06 0.1475 2
1.40087e+06 0.15 2
1.20744e+06 0.1525 2
873091 0.155 2
489290 0.1575 2
268381 0.16 2
370615 0.1625 2
668361 0.165 2
1.1348e+06 0.1675 2
1.56717e+06 0.17 2
1.82224e+06 0.1725 2
1.80148e+06 0.175 2
1.50894e+06 0.1775 2
1.26995e+06 0.18 2
873048 0.1825 2
512188 0.185 2
413661 0.1875 2
354452 0.19 2
354583 0.1925 2
432239 0.195 2
525665 0.1975 2
656693 0.2 2
743093 0.2025 2
673690 0.205 2
687477 0.2075 2
595309 0.21 2
530345 0.2125 2
502900 0.215 2
437318 0.2175 2
377171 0.22 2
336823 0.2225 2
263387 0.225 2
195373 0.2275 2
154909 0.23 2
187809 0.2325 2
284796 0.235 2
404236 0.2375 2
590202 0.24 2
765874 0.2425 2
915765 0.245 2
1.03509e+06 0.2475 2
1.01187e+06 0.25 2
882684 0.2525 2
735015 0.255 2
531499 0.2575 2
352712 0.26 2
203488 0.2625 2
105906 0.265 2
58255.8 0.2675 2
67896.3 0.27 2
137451 0.2725 2
268689 0.275 2
406891 0.2775 2
599382 0.28 2
740319 0.2825 2
848123 0.285 2
945933 0.2875 2
1.01483e+06 0.29 2
1.04699e+06 0.2925 2
1.07004e+06 0.295 2
1.14282e+06 0.2975 2
1.07472e+06 0.3 2
1.02831e+06 0.3025 2
929888 0.305 2
834023 0.3075 2
761345 0.31 2
661518 0.3125 2
583848 0.315 2
4.38296e+07 0.08 3
3.27621e+07 0.0825 3
2.65072e+07 0.085 3
2.44462e+07 0.0875 3
2.42531e+07 0.09 3
2.33779e+07 0.0925 3
2.03707e+07 0.095 3
1.54118e+07 0.0975 3
9.91274e+06 0.1 3
5.55279e+06 0.1025 3
3.34946e+06 0.105 3
3.2392e+06 0.1075 3
4.30978e+06 0.11 3
5.38913e+06 0.1125 3
5.59975e+06 0.115 3
4.85074e+06 0.1175 3
3.52972e+06 0.12 3
2.18165e+06 0.1225 3
1.414e+06 0.125 3
1.07541e+06 0.1275 3
1.28803e+06 0.13 3
1.61721e+06 0.1325 3
1.92158e+06 0.135 3
2.14093e+06 0.1375 3
2.19533e+06 0.14 3
2.05427e+06 0.1425 3
1.78924e+06 0.145 3
1.42095e+06 0.1475 3
1.09382e+06 0.15 3
848067 0.1525 3
818065 0.155 3
995550 0.1575 3
1.25584e+06 0.16 3
1.45584e+06 0.1625 3
1.67106e+06 0.165 3
1.70681e+06 0.1675 3
1.67621e+06 0.17 3
1.6124e+06 0.1725 3
1.3762e+06 0.175 3
1.09959e+06 0.1775 3
1.00729e+06 0.18 3
782374 0.1825 3
592224 0.185 3
490737 0.1875 3
518044 0.19 3
854222 0.1925 3
1.19885e+06 0.195 3
1.53441e+06 0.1975 3
1.93584e+06 0.2 3
2.09197e+06 0.2025 3
2.0209e+06 0.205 3
1.9407e+06 0.2075 3
1.73363e+06 0.21 3
1.48532e+06 0.2125 3
1.2297e+06 0.215 3
972980 0.2175 3
750229 0.22 3
658129 0.2225 3
618838 0.225 3
606919 0.2275 3
586654 0.23 3
603096 0.2325 3
619977 0.235 3
601138 0.2375 3
584003 0.24 3
562769 0.2425 3
560692 0.245 3
496311 0.2475 3
437537 0.25 3
320543 0.2525 3
245452 0.255 3
202237 0.2575 3
219894 0.26 3
253229 0.2625 3
292291 0.265 3
371309 0.2675 3
420143 0.27 3
444113 0.2725 3
457954 0.275 3
433976 0.2775 3
381436 0.28 3
324522 0.2825 3
269005 0.285 3
236975 0.2875 3
223308 0.29 3
259556 0.2925 3
330886 0.295 3
459316 0.2975 3
692038 0.3 3
913154 0.3025 3
1.15526e+06 0.305 3
1.37107e+06 0.3075 3
1.47142e+06 0.31 3
1.47372e+06 0.3125 3
1.41727e+06 0.315 3
496790 0.075 4
433969 0.0775 4
323479 0.08 4
231155 0.0825 4
170050 0.085 4
173482 0.0875 4
97994.1 0.09 4
209070 0.0925 4
395497 0.095 4
584982 0.0975 4
790037 0.1 4
1.13512e+06 0.1025 4
1.62954e+06 0.105 4
2.10524e+06 0.1075 4
2.2771e+06 0.11 4
2.40885e+06 0.1125 4
2.4306e+06 0.115 4
2.4629e+06 0.1175 4
2.21668e+06 0.12 4
2.13239e+06 0.1225 4
2.09786e+06 0.125 4
2.27377e+06 0.1275 4
2.57841e+06 0.13 4
2.84477e+06 0.1325 4
3.09442e+06 0.135 4
3.21674e+06 0.1375 4
3.05359e+06 0.14 4
2.60424e+06 0.1425 4
2.18477e+06 0.145 4
1.47648e+06 0.1475 4
992750 0.15 4
785631 0.1525 4
904641 0.155 4
1.27411e+06 0.1575 4
1.67126e+06 0.16 4
2.06719e+06 0.1625 4
2.26043e+06 0.165 4
2.23476e+06 0.1675 4
2.10841e+06 0.17 4
1.83207e+06 0.1725 4
1.41636e+06 0.175 4
1.0224e+06 0.1775 4
728649 0.18 4
538319 0.1825 4
486345 0.185 4
597915 0.1875 4
727244 0.19 4
935505 0.1925 4
1.05235e+06 0.195 4
1.09029e+06 0.1975 4
1.01267e+06 0.2 4
941961 0.2025 4
972370 0.205 4
950346 0.2075 4
987762 0.21 4
1.06493e+06 0.2125 4
1.03268e+06 0.215 4
1.0021e+06 0.2175 4
972322 0.22 4
964783 0.2225 4
969501 0.225 4
966389 0.2275 4
952131 0.23 4
906809 0.2325 4
723814 0.235 4
593062 0.2375 4
400955 0.24 4
278318 0.2425 4
286192 0.245 4
352730 0.2475 4
444168 0.25 4
573036 0.2525 4
674390 0.255 4
776328 0.2575 4
844938 0.26 4
815027 0.2625 4
755408 0.265 4
618537 0.2675 4
514984 0.27 4
458749 0.2725 4
458599 0.275 4
511247 0.2775 4
591736 0.28 4
606042 0.2825 4
546274 0.285 4
440956 0.2875 4
318041 0.29 4
217536 0.2925 4
222487 0.295 4
320896 0.2975 4
484159 0.3 4
625352 0.3025 4
706182 0.305 4
714550 0.3075 4
707333 0.31 4
716664 0.3125 4
1.26137e+06 0.07 5
472796 0.0725 5
110929 0.075 5
65343.4 0.0775 5
122666 0.08 5
127332 0.0825 5
64795.2 0.085 5
25943.2 0.0875 5
97729.5 0.09 5
271931 0.0925 5
442079 0.095 5
487947 0.0975 5
380445 0.1 5
224810 0.1025 5
205194 0.105 5
465075 0.1075 5
1.00419e+06 0.11 5
1.66227e+06 0.1125 5
2.20181e+06 0.115 5
2.43739e+06 0.1175 5
2.33135e+06 0.12 5
2.00064e+06 0.1225 5
1.63785e+06 0.125 5
1.40115e+06 0.1275 5
1.34344e+06 0.13 5
1.39669e+06 0.1325 5
1.44061e+06 0.135 5
1.40222e+06 0.1375 5
1.37811e+06 0.14 5
1.22693e+06 0.1425 5
1.25374e+06 0.145 5
1.19855e+06 0.1475 5
1.52609e+06 0.15 5
1.70331e+06 0.1525 5
1.83536e+06 0.155 5
2.21917e+06 0.1575 5
2.19515e+06 0.16 5
2.16596e+06 0.1625 5
2.16879e+06 0.165 5
2.0435e+06 0.1675 5
2.21636e+06 0.17 5
2.16433e+06 0.1725 5
2.05195e+06 0.175 5
1.74766e+06 0.1775 5
1.23892e+06 0.18 5
731200 0.1825 5
368265 0.185 5
225683 0.1875 5
221459 0.19 5
339239 0.1925 5
512868 0.195 5
684909 0.1975 5
688864 0.2 5
762174 0.2025 5
865524 0.205 5
929399 0.2075 5
897302 0.21 5
750960 0.2125 5
548154 0.215 5
292058 0.2175 5
117565 0.22 5
133325 0.2225 5
321482 0.225 5
635204 0.2275 5
963225 0.23 5
1.12737e+06 0.2325 5
1.13626e+06 0.235 5
1.03093e+06 0.2375 5
969546 0.24 5
1.06728e+06 0.2425 5
1.29748e+06 0.245 5
1.65902e+06 0.2475 5
2.02571e+06 0.25 5
2.16491e+06 0.2525 5
2.16041e+06 0.255 5
1.95476e+06 0.2575 5
1.69761e+06 0.26 5
1.33512e+06 0.2625 5
1.00871e+06 0.265 5
875534 0.2675 5
724425 0.27 5
578483 0.2725 5
481562 0.275 5
425969 0.2775 5
398180 0.28 5
427991 0.2825 5
479270 0.285 5
584549 0.2875 5
628535 0.29 5
581525 0.2925 5
483815 0.295 5
362304 0.2975 5
245181 0.3 5
167301 0.3025 5
155734 0.305 5
221348 0.3075 5
331199 0.31 5
137878 0.06 6
357931 0.0625 6
727108 0.065 6
1.07536e+06 0.0675 6
1.31039e+06 0.07 6
1.6437e+06 0.0725 6
1.69754e+06 0.075 6
1.66004e+06 0.0775 6
1.38951e+06 0.08 6
1.27954e+06 0.0825 6
1.03981e+06 0.085 6
719118 0.0875 6
715372 0.09 6
903911 0.0925 6
1.43309e+06 0.095 6
2.15522e+06 0.0975 6
3.20671e+06 0.1 6
4.14166e+06 0.1025 6
4.70436e+06 0.105 6
4.77839e+06 0.1075 6
4.15354e+06 0.11 6
3.30096e+06 0.1125 6
2.1415e+06 0.115 6
1.25298e+06 0.1175 6
830474 0.12 6
1.30906e+06 0.1225 6
2.51459e+06 0.125 6
4.20839e+06 0.1275 6
5.91348e+06 0.13 6
7.05089e+06 0.1325 6
7.61764e+06 0.135 6
7.41307e+06 0.1375 6
6.35198e+06 0.14 6
4.82734e+06 0.1425 6
3.07627e+06 0.145 6
1.81801e+06 0.1475 6
992840 0.15 6
788516 0.1525 6
962170 0.155 6
1.28006e+06 0.1575 6
1.61797e+06 0.16 6
1.86483e+06 0.1625 6
1.85391e+06 0.165 6
1.64713e+06 0.1675 6
1.25664e+06 0.17 6
963097 0.1725 6
712871 0.175 6
508636 0.1775 6
411999 0.18 6
348325 0.1825 6
311796 0.185 6
238603 0.1875 6
145205 0.19 6
90817.7 0.1925 6
88593.6 0.195 6
170615 0.1975 6
332656 0.2 6
503087 0.2025 6
715128 0.205 6
856513 0.2075 6
951176 0.21 6
949580 0.2125 6
853921 0.215 6
632755 0.2175 6
489072 0.22 6
388888 0.2225 6
454283 0.225 6
665267 0.2275 6
981530 0.23 6
1.42705e+06 0.2325 6
1.76513e+06 0.235 6
1.99902e+06 0.2375 6
2.0657e+06 0.24 6
2.01548e+06 0.2425 6
1.74029e+06 0.245 6
1.43423e+06 0.2475 6
1.11218e+06 0.25 6
808208 0.2525 6
637163 0.255 6
485150 0.2575 6
406054 0.26 6
384426 0.2625 6
413128 0.265 6
470254 0.2675 6
514349 0.27 6
547504 0.2725 6
570111 0.275 6
582342 0.2775 6
556745 0.28 6
567998 0.2825 6
534308 0.285 6
529478 0.2875 6
559504 0.29 6
600301 0.2925 6
568469 0.295 6
504736 0.2975 6
385318 0.3 6
276020 0.3025 6
209058 0.305 6
227158 0.3075 6
3.64175e+06 0.05 7
2.87647e+06 0.0525 7
2.44949e+06 0.055 7
2.42077e+06 0.0575 7
2.77094e+06 0.06 7
3.3887e+06 0.0625 7
4.07913e+06 0.065 7
4.6052e+06 0.0675 7
4.75875e+06 0.07 7
4.43653e+06 0.0725 7
3.68611e+06 0.075 7
2.69476e+06 0.0775 7
1.71997e+06 0.08 7
990177 0.0825 7
620812 0.085 7
584048 0.0875 7
743506 0.09 7
932331 0.0925 7
1.03299e+06 0.095 7
1.01998e+06 0.0975 7
949508 0.1 7
909063 0.1025 7
958810 0.105 7
1.09646e+06 0.1075 7
1.26062e+06 0.11 7
1.37252e+06 0.1125 7
1.35271e+06 0.115 7
1.22123e+06 0.1175 7
983052 0.12 7
721000 0.1225 7
580170 0.125 7
553679 0.1275 7
737574 0.13 7
1.01636e+06 0.1325 7
1.5078e+06 0.135 7
1.99692e+06 0.1375 7
2.30133e+06 0.14 7
2.35062e+06 0.1425 7
2.30823e+06 0.145 7
1.95814e+06 0.1475 7
1.52537e+06 0.15 7
1.01367e+06 0.1525 7
617573 0.155 7
365136 0.1575 7
346224 0.16 7
561156 0.1625 7
889844 0.165 7
1.21735e+06 0.1675 7
1.37034e+06 0.17 7
1.41968e+06 0.1725 7
1.37415e+06 0.175 7
1.12677e+06 0.1775 7
785181 0.18 7
478255 0.1825 7
370232 0.185 7
340199 0.1875 7
413722 0.19 7
580304 0.1925 7
761300 0.195 7
1.0804e+06 0.1975 7
1.24662e+06 0.2 7
1.36104e+06 0.2025 7
1.33387e+06 0.205 7
1.21954e+06 0.2075 7
996762 0.21 7
860610 0.2125 7
628267 0.215 7
453359 0.2175 7
347568 0.22 7
323460 0.2225 7
314008 0.225 7
361806 0.2275 7
397775 0.23 7
428224 0.2325 7
488465 0.235 7
546817 0.2375 7
677015 0.24 7
848464 0.2425 7
965665 0.245 7
1.05568e+06 0.2475 7
1.00594e+06 0.25 7
853735 0.2525 7
628761 0.255 7
444316 0.2575 7
357168 0.26 7
342103 0.2625 7
435925 0.265 7
579933 0.2675 7
708579 0.27 7
774665 0.2725 7
748504 0.275 7
661093 0.2775 7
539927 0.28 7
447034 0.2825 7
360611 0.285 7
297943 0.2875 7
251255 0.29 7
241394 0.2925 7
229757 0.295 7
248081 0.2975 7
308621 0.3 7
420342 0.3025 7
526701 0.305 7
63355 0.03 8
160998 0.0325 8
345069 0.035 8
591069 0.0375 8
992122 0.04 8
1.25833e+06 0.0425 8
1.48027e+06 0.045 8
2.06618e+06 0.0475 8
2.00361e+06 0.05 8
1.84194e+06 0.0525 8
1.5345e+06 0.055 8
1.1494e+06 0.0575 8
1.02274e+06 0.06 8
1.2149e+06 0.0625 8
2.03459e+06 0.065 8
3.25648e+06 0.0675 8
4.92631e+06 0.07 8
6.24623e+06 0.0725 8
7.14992e+06 0.075 8
7.48939e+06 0.0775 8
7.01854e+06 0.08 8
5.68811e+06 0.0825 8
4.10522e+06 0.085 8
2.54726e+06 0.0875 8
1.40236e+06 0.09 8
773066 0.0925 8
551935 0.095 8
564809 0.0975 8
578556 0.1 8
492505 0.1025 8
342157 0.105 8
198405 0.1075 8
183171 0.11 8
335240 0.1125 8
477755 0.115 8
573869 0.1175 8
691937 0.12 8
673558 0.1225 8
718851 0.125 8
821471 0.1275 8
979768 0.13 8
1.16784e+06 0.1325 8
1.44117e+06 0.135 8
1.47834e+06 0.1375 8
1.30275e+06 0.14 8
945470 0.1425 8
541953 0.145 8
377373 0.1475 8
328903 0.15 8
504256 0.1525 8
691524 0.155 8
862605 0.1575 8
906426 0.16 8
903970 0.1625 8
846148 0.165 8
858430 0.1675 8
827879 0.17 8
858831 0.1725 8
899407 0.175 8
805159 0.1775 8
732884 0.18 8
505119 0.1825 8
509610 0.185 8
578451 0.1875 8
691073 0.19 8
762581 0.1925 8
864247 0.195 8
961639 0.1975 8
959226 0.2 8
1.16792e+06 0.2025 8
1.41169e+06 0.205 8
1.63826e+06 0.2075 8
1.81233e+06 0.21 8
1.61905e+06 0.2125 8
1.27038e+06 0.215 8
844226 0.2175 8
410834 0.22 8
122851 0.2225 8
64730.4 0.225 8
188855 0.2275 8
432336 0.23 8
703344 0.2325 8
944164 0.235 8
1.02258e+06 0.2375 8
1.1025e+06 0.24 8
1.03713e+06 0.2425 8
986212 0.245 8
940638 0.2475 8
816109 0.25 8
675170 0.2525 8
515362 0.255 8
361295 0.2575 8
248876 0.26 8
193623 0.2625 8
185117 0.265 8
227255 0.2675 8
284892 0.27 8
321500 0.2725 8
314160 0.275 8
264865 0.2775 8
206846 0.28 8
187442 0.2825 8
289866 0.285 8
536879 0.2875 8
924225 0.29 8
1.36429e+06 0.2925 8
1.6703e+06 0.295 8
1.79799e+06 0.2975 8
0 0.01 9
0 0.0125 9
0 0.015 9
0 0.0175 9
0 0.02 9
0 0.0225 9
0 0.025 9
0 0.0275 9
0 0.03 9
0 0.0325 9
0 0.035 9
4371.53 0.0375 9
9229.28 0.04 9
57610.2 0.0425 9
83728.1 0.045 9
265443 0.0475 9
484437 0.05 9
684810 0.0525 9
890402 0.055 9
1.11342e+06 0.0575 9
1.58994e+06 0.06 9
1.64958e+06 0.0625 9
1.57134e+06 0.065 9
1.41915e+06 0.0675 9
1.11236e+06 0.07 9
747056 0.0725 9
424741 0.075 9
168760 0.0775 9
15998.8 0.08 9
56238.5 0.0825 9
212867 0.085 9
427594 0.0875 9
676285 0.09 9
876395 0.0925 9
858517 0.095 9
856718 0.0975 9
732418 0.1 9
820709 0.1025 9
786971 0.105 9
972703 0.1075 9
936362 0.11 9
1.00684e+06 0.1125 9
998824 0.115 9
1.04994e+06 0.1175 9
1.00143e+06 0.12 9
956040 0.1225 9
1.01381e+06 0.125 9
901061 0.1275 9
933608 0.13 9
849106 0.1325 9
780785 0.135 9
799131 0.1375 9
839349 0.14 9
898010 0.1425 9
865849 0.145 9
1.02216e+06 0.1475 9
1.21929e+06 0.15 9
1.34198e+06 0.1525 9
1.34553e+06 0.155 9
1.30486e+06 0.1575 9
1.28081e+06 0.16 9
1.14337e+06 0.1625 9
1.02618e+06 0.165 9
923386 0.1675 9
947605 0.17 9
1.15765e+06 0.1725 9
1.39531e+06 0.175 9
1.51753e+06 0.1775 9
1.49216e+06 0.18 9
1.25791e+06 0.1825 9
874171 0.185 9
478565 0.1875 9
190583 0.19 9
79062.5 0.1925 9
89825.3 0.195 9
177511 0.1975 9
279576 0.2 9
383332 0.2025 9
447179 0.205 9
617943 0.2075 9
756509 0.21 9
914516 0.2125 9
906394 0.215 9
748758 0.2175 9
469615 0.22 9
157788 0.2225 9
61795.8 0.225 9
304262 0.2275 9
888272 0.23 9
1.59445e+06 0.2325 9
2.26194e+06 0.235 9
2.59464e+06 0.2375 9
2.55954e+06 0.24 9
2.18698e+06 0.2425 9
1.66526e+06 0.245 9
1.28639e+06 0.2475 9
1.08724e+06 0.25 9
1.13583e+06 0.2525 9
1.3578e+06 0.255 9
1.56216e+06 0.2575 9
1.61264e+06 0.26 9
1.49695e+06 0.2625 9
1.29486e+06 0.265 9
956873 0.2675 9
605322 0.27 9
334501 0.2725 9
179820 0.275 9
131050 0.2775 9
181455 0.28 9
289243 0.2825 9
424933 0.285 9
536508 0.2875 9
597944 0.29 9
614911 0.2925 9
2.59394e+06 0.01 10
4.9781e+06 0.0125 10
7.63573e+06 0.015 10
9.79688e+06 0.0175 10
1.07637e+07 0.02 10
1.02348e+07 0.0225 10
8.43777e+06 0.025 10
6.00215e+06 0.0275 10
3.65186e+06 0.03 10
1.89245e+06 0.0325 10
859351 0.035 10
388123 0.0375 10
232957 0.04 10
277083 0.0425 10
597411 0.045 10
1.34976e+06 0.0475 10
2.5634e+06 0.05 10
3.99679e+06 0.0525 10
5.17016e+06 0.055 10
5.57893e+06 0.0575 10
4.97266e+06 0.06 10
3.53386e+06 0.0625 10
1.83996e+06 0.065 10
612467 0.0675 10
379122 0.07 10
1.22489e+06 0.0725 10
2.75973e+06 0.075 10
4.31354e+06 0.0775 10
5.25033e+06 0.08 10
5.23978e+06 0.0825 10
4.35975e+06 0.085 10
3.00145e+06 0.0875 10
1.65055e+06 0.09 10
668356 0.0925 10
176058 0.095 10
74699.2 0.0975 10
158904 0.1 10
244918 0.1025 10
245839 0.105 10
172170 0.1075 10
81637.2 0.11 10
22866.2 0.1125 10
7291.82 0.115 10
16420.1 0.1175 10
27703.4 0.12 10
37978.3 0.1225 10
63679.9 0.125 10
113685 0.1275 10
220233 0.13 10
351611 0.1325 10
465106 0.135 10
499830 0.1375 10
560501 0.14 10
461366 0.1425 10
347392 0.145 10
231872 0.1475 10
175261 0.15 10
195485 0.1525 10
229007 0.155 10
279426 0.1575 10
423390 0.16 10
508475 0.1625 10
519367 0.165 10
484455 0.1675 10
488524 0.17 10
618880 0.1725 10
642150 0.175 10
723159 0.1775 10
768082 0.18 10
734906 0.1825 10
624283 0.185 10
493120 0.1875 10
382978 0.19 10
349540 0.1925 10
424082 0.195 10
718599 0.1975 10
914445 0.2 10
1.16662e+06 0.2025 10
1.45251e+06 0.205 10
1.56615e+06 0.2075 10
1.64858e+06 0.21 10
1.57535e+06 0.2125 10
1.40804e+06 0.215 10
1.18047e+06 0.2175 10
921755 0.22 10
766268 0.2225 10
669847 0.225 10
614433 0.2275 10
561112 0.23 10
640954 0.2325 10
721324 0.235 10
831344 0.2375 10
934138 0.24 10
961967 0.2425 10
1.01007e+06 0.245 10
983416 0.2475 10
879410 0.25 10
849693 0.2525 10
814803 0.255 10
697988 0.2575 10
557864 0.26 10
491166 0.2625 10
469340 0.265 10
453483 0.2675 10
398588 0.27 10
349893 0.2725 10
270904 0.275 10
221999 0.2775 10
202163 0.28 10
254469 0.2825 10
402720 0.285 10
610012 0.2875 10
0 0.01 11
0 0.0125 11
0 0.015 11
0 0.0175 11
0 0.02 11
0 0.0225 11
0 0.025 11
0 0.0275 11
0 0.03 11
0 0.0325 11
0 0.035 11
0 0.0375 11
0 0.04 11
0 0.0425 11
0 0.045 11
0 0.0475 11
0 0.05 11
0 0.0525 11
0 0.055 11
0 0.0575 11
3399.18 0.06 11
1812.24 0.0625 11
38890.6 0.065 11
112000 0.0675 11
312480 0.07 11
871054 0.0725 11
1.3451e+06 0.075 11
1.65184e+06 0.0775 11
2.24838e+06 0.08 11
3.02913e+06 0.0825 11
3.7309e+06 0.085 11
4.01366e+06 0.0875 11
4.59044e+06 0.09 11
4.69458e+06 0.0925 11
4.48535e+06 0.095 11
4.07405e+06 0.0975 11
3.42813e+06 0.1 11
2.55494e+06 0.1025 11
1.78536e+06 0.105 11
1.10862e+06 0.1075 11
631420 0.11 11
398139 0.1125 11
473323 0.115 11
836758 0.1175 11
1.39765e+06 0.12 11
1.73801e+06 0.1225 11
2.08984e+06 0.125 11
2.30717e+06 0.1275 11
2.46277e+06 0.13 11
2.4199e+06 0.1325 11
2.34321e+06 0.135 11
2.25995e+06 0.1375 11
2.25395e+06 0.14 11
2.15162e+06 0.1425 11
1.92636e+06 0.145 11
1.63922e+06 0.1475 11
1.39614e+06 0.15 11
1.33822e+06 0.1525 11
1.36783e+06 0.155 11
1.50043e+06 0.1575 11
1.93226e+06 0.16 11
2.53746e+06 0.1625 11
3.06864e+06 0.165 11
3.48852e+06 0.1675 11
3.69431e+06 0.17 11
3.56436e+06 0.1725 11
3.16131e+06 0.175 11
2.49321e+06 0.1775 11
1.79099e+06 0.18 11
1.31439e+06 0.1825 11
951418 0.185 11
912666 0.1875 11
929908 0.19 11
1.03062e+06 0.1925 11
1.02497e+06 0.195 11
888710 0.1975 11
732602 0.2 11
564157 0.2025 11
535957 0.205 11
727967 0.2075 11
1.13836e+06 0.21 11
1.65169e+06 0.2125 11
2.1024e+06 0.215 11
2.37703e+06 0.2175 11
2.35849e+06 0.22 11
2.06636e+06 0.2225 11
1.63952e+06 0.225 11
1.17981e+06 0.2275 11
828720 0.23 11
665390 0.2325 11
745372 0.235 11
939054 0.2375 11
1.21512e+06 0.24 11
1.45488e+06 0.2425 11
1.70883e+06 0.245 11
1.94176e+06 0.2475 11
2.06537e+06 0.25 11
2.16738e+06 0.2525 11
2.16432e+06 0.255 11
2.0312e+06 0.2575 11
1.853e+06 0.26 11
1.64909e+06 0.2625 11
1.38153e+06 0.265 11
1.11568e+06 0.2675 11
888845 0.27 11
696926 0.2725 11
608917 0.275 11
612075 0.2775 11
687735 0.28 11
753820 0.2825 11
77921.1 0.01 12
179514 0.0125 12
388752 0.015 12
619298 0.0175 12
798076 0.02 12
857072 0.0225 12
753867 0.025 12
605624 0.0275 12
672214 0.03 12
1.26135e+06 0.0325 12
2.56734e+06 0.035 12
4.52414e+06 0.0375 12
6.76224e+06 0.04 12
8.71319e+06 0.0425 12
9.82621e+06 0.045 12
9.79519e+06 0.0475 12
8.68163e+06 0.05 12
6.87151e+06 0.0525 12
4.89246e+06 0.055 12
3.19113e+06 0.0575 12
1.98479e+06 0.06 12
1.25095e+06 0.0625 12
834539 0.065 12
588515 0.0675 12
456829 0.07 12
459695 0.0725 12
612429 0.075 12
852944 0.0775 12
1.0411e+06 0.08 12
1.03643e+06 0.0825 12
800146 0.085 12
445319 0.0875 12
191349 0.09 12
242924 0.0925 12
665937 0.095 12
1.33779e+06 0.0975 12
2.00379e+06 0.1 12
2.40578e+06 0.1025 12
2.4066e+06 0.105 12
2.04118e+06 0.1075 12
1.47434e+06 0.11 12
902242 0.1125 12
462173 0.115 12
198848 0.1175 12
89747 0.12 12
96158.9 0.1225 12
183551 0.125 12
367072 0.1275 12
578880 0.13 12
755208 0.1325 12
866946 0.135 12
910940 0.1375 12
866935 0.14 12
877747 0.1425 12
925400 0.145 12
1.19785e+06 0.1475 12
1.43311e+06 0.15 12
1.72124e+06 0.1525 12
2.07219e+06 0.155 12
2.18924e+06 0.1575 12
2.2509e+06 0.16 12
2.05636e+06 0.1625 12
2.26445e+06 0.165 12
2.25501e+06 0.1675 12
2.09787e+06 0.17 12
1.9295e+06 0.1725 12
1.50589e+06 0.175 12
1.0359e+06 0.1775 12
647316 0.18 12
519579 0.1825 12
769120 0.185 12
1.26655e+06 0.1875 12
1.96058e+06 0.19 12
2.49804e+06 0.1925 12
2.71804e+06 0.195 12
2.7147e+06 0.1975 12
2.47919e+06 0.2 12
2.12556e+06 0.2025 12
1.88987e+06 0.205 12
1.99572e+06 0.2075 12
2.229e+06 0.21 12
2.74552e+06 0.2125 12
3.35844e+06 0.215 12
3.65598e+06 0.2175 12
3.64869e+06 0.22 12
3.33488e+06 0.2225 12
2.77679e+06 0.225 12
2.14223e+06 0.2275 12
1.70962e+06 0.23 12
1.38125e+06 0.2325 12
1.31331e+06 0.235 12
1.44181e+06 0.2375 12
1.64317e+06 0.24 12
1.70469e+06 0.2425 12
1.66412e+06 0.245 12
1.50134e+06 0.2475 12
1.34165e+06 0.25 12
1.2085e+06 0.2525 12
1.05802e+06 0.255 12
917848 0.2575 12
763965 0.26 12
599693 0.2625 12
465414 0.265 12
416812 0.2675 12
480067 0.27 12
603532 0.2725 12
744443 0.275 12
0 0.01 13
0 0.0125 13
0 0.015 13
0 0.0175 13
0 0.02 13
0 0.0225 13
0 0.025 13
0 0.0275 13
0 0.03 13
5367.01 0.0325 13
5005.78 0.035 13
17478.9 0.0375 13
53902.4 0.04 13
92099.1 0.0425 13
193870 0.045 13
252880 0.0475 13
317424 0.05 13
513336 0.0525 13
664274 0.055 13
622048 0.0575 13
635386 0.06 13
677698 0.0625 13
659202 0.065 13
380096 0.0675 13
134581 0.07 13
15893.2 0.0725 13
82506.5 0.075 13
334887 0.0775 13
759064 0.08 13
1.22157e+06 0.0825 13
1.64973e+06 0.085 13
1.6935e+06 0.0875 13
1.74621e+06 0.09 13
1.62045e+06 0.0925 13
1.47102e+06 0.095 13
1.76837e+06 0.0975 13
2.36764e+06 0.1 13
3.16315e+06 0.1025 13
4.13735e+06 0.105 13
4.9129e+06 0.1075 13
5.14759e+06 0.11 13
4.94162e+06 0.1125 13
4.31739e+06 0.115 13
3.18562e+06 0.1175 13
2.24654e+06 0.12 13
1.42194e+06 0.1225 13
1.00048e+06 0.125 13
858253 0.1275 13
815499 0.13 13
942690 0.1325 13
831191 0.135 13
721381 0.1375 13
566645 0.14 13
501137 0.1425 13
573170 0.145 13
710367 0.1475 13
858341 0.15 13
995562 0.1525 13
1.14637e+06 0.155 13
1.17925e+06 0.1575 13
1.20115e+06 0.16 13
1.16119e+06 0.1625 13
1.17944e+06 0.165 13
1.0336e+06 0.1675 13
818314 0.17 13
564946 0.1725 13
266773 0.175 13
135668 0.1775 13
76130 0.18 13
125056 0.1825 13
288654 0.185 13
449531 0.1875 13
561019 0.19 13
675818 0.1925 13
722981 0.195 13
759293 0.1975 13
789369 0.2 13
821494 0.2025 13
969491 0.205 13
1.02378e+06 0.2075 13
1.0657e+06 0.21 13
1.06719e+06 0.2125 13
952868 0.215 13
837732 0.2175 13
723257 0.22 13
628749 0.2225 13
613292 0.225 13
602242 0.2275 13
598648 0.23 13
626185 0.2325 13
624292 0.235 13
601640 0.2375 13
557625 0.24 13
501195 0.2425 13
461828 0.245 13
512850 0.2475 13
556049 0.25 13
621372 0.2525 13
666407 0.255 13
739737 0.2575 13
811147 0.26 13
807788 0.2625 13
776433 0.265 13
713245 0.2675 13
0 0.02 14
0 0.0225 14
0 0.025 14
0 0.0275 14
0 0.03 14
4836.46 0.0325 14
9108.13 0.035 14
34158 0.0375 14
68452.1 0.04 14
47177.6 0.0425 14
145052 0.045 14
189524 0.0475 14
191544 0.05 14
159925 0.0525 14
52003.9 0.055 14
40857.3 0.0575 14
2252.66 0.06 14
8563.94 0.0625 14
70524.5 0.065 14
118131 0.0675 14
233025 0.07 14
374716 0.0725 14
493687 0.075 14
477128 0.0775 14
437488 0.08 14
335995 0.0825 14
225900 0.085 14
114240 0.0875 14
108978 0.09 14
202030 0.0925 14
376239 0.095 14
588493 0.0975 14
823636 0.1 14
1.0745e+06 0.1025 14
1.19301e+06 0.105 14
1.29372e+06 0.1075 14
1.51331e+06 0.11 14
1.63266e+06 0.1125 14
1.67885e+06 0.115 14
1.56732e+06 0.1175 14
1.66014e+06 0.12 14
1.70072e+06 0.1225 14
1.59436e+06 0.125 14
1.70098e+06 0.1275 14
1.62013e+06 0.13 14
1.64939e+06 0.1325 14
1.44326e+06 0.135 14
1.2899e+06 0.1375 14
1.43642e+06 0.14 14
1.66928e+06 0.1425 14
2.04935e+06 0.145 14
2.46797e+06 0.1475 14
2.78692e+06 0.15 14
2.93608e+06 0.1525 14
2.87997e+06 0.155 14
2.68761e+06 0.1575 14
2.26349e+06 0.16 14
1.88038e+06 0.1625 14
1.62555e+06 0.165 14
1.37248e+06 0.1675 14
1.3022e+06 0.17 14
1.35589e+06 0.1725 14
1.46838e+06 0.175 14
1.58416e+06 0.1775 14
1.68277e+06 0.18 14
1.70949e+06 0.1825 14
1.59145e+06 0.185 14
1.37093e+06 0.1875 14
1.09779e+06 0.19 14
758171 0.1925 14
453528 0.195 14
262853 0.1975 14
267558 0.2 14
380924 0.2025 14
461051 0.205 14
609940 0.2075 14
674902 0.21 14
679137 0.2125 14
639574 0.215 14
649852 0.2175 14
669536 0.22 14
786549 0.2225 14
906989 0.225 14
994474 0.2275 14
939850 0.23 14
910693 0.2325 14
853248 0.235 14
761702 0.2375 14
683047 0.24 14
606466 0.2425 14
550340 0.245 14
506172 0.2475 14
445370 0.25 14
432308 0.2525 14
388325 0.255 14
368980 0.2575 14
438006 0.0125 15
1.06428e+06 0.015 15
2.07631e+06 0.0175 15
3.37769e+06 0.02 15
4.66737e+06 0.0225 15
5.66737e+06 0.025 15
6.12379e+06 0.0275 15
5.95837e+06 0.03 15
5.30749e+06 0.0325 15
4.457e+06 0.035 15
3.70436e+06 0.0375 15
3.22071e+06 0.04 15
2.98581e+06 0.0425 15
2.828e+06 0.045 15
2.5435e+06 0.0475 15
2.02775e+06 0.05 15
1.34846e+06 0.0525 15
724390 0.055 15
425091 0.0575 15
644946 0.06 15
1.41283e+06 0.0625 15
2.57529e+06 0.065 15
3.85306e+06 0.0675 15
4.93866e+06 0.07 15
5.5913e+06 0.0725 15
5.69501e+06 0.075 15
5.26837e+06 0.0775 15
4.43487e+06 0.08 15
3.37456e+06 0.0825 15
2.27643e+06 0.085 15
1.30326e+06 0.0875 15
570669 0.09 15
137394 0.0925 15
2868.1 0.095 15
111602 0.0975 15
366127 0.1 15
649898 0.1025 15
857390 0.105 15
923149 0.1075 15
838610 0.11 15
648255 0.1125 15
425299 0.115 15
239393 0.1175 15
120792 0.12 15
71051.5 0.1225 15
70645.7 0.125 15
124972 0.1275 15
189705 0.13 15
313312 0.1325 15
468691 0.135 15
682259 0.1375 15
913617 0.14 15
1.00152e+06 0.1425 15
930946 0.145 15
751196 0.1475 15
496579 0.15 15
384063 0.1525 15
591186 0.155 15
1.04396e+06 0.1575 15
1.65212e+06 0.16 15
2.15748e+06 0.1625 15
2.37505e+06 0.165 15
2.30444e+06 0.1675 15
2.00967e+06 0.17 15
1.63602e+06 0.1725 15
1.32228e+06 0.175 15
1.25431e+06 0.1775 15
1.31435e+06 0.18 15
1.36562e+06 0.1825 15
1.20693e+06 0.185 15
968019 0.1875 15
847742 0.19 15
996568 0.1925 15
1.60951e+06 0.195 15
2.34318e+06 0.1975 15
3.07809e+06 0.2 15
3.60724e+06 0.2025 15
3.60047e+06 0.205 15
3.01053e+06 0.2075 15
2.3024e+06 0.21 15
1.54384e+06 0.2125 15
1.05149e+06 0.215 15
908411 0.2175 15
949640 0.22 15
960495 0.2225 15
872567 0.225 15
600617 0.2275 15
318259 0.23 15
163578 0.2325 15
246537 0.235 15
497956 0.2375 15
784537 0.24 15
969176 0.2425 15
974901 0.245 15
810471 0.2475 15
0 0.0025 16
0 0.005 16
0 0.0075 16
0 0.01 16
0 0.0125 16
0 0.015 16
0 0.0175 16
0 0.02 16
0 0.0225 16
0 0.025 16
0 0.0275 16
0 0.03 16
0 0.0325 16
0 0.035 16
0 0.0375 16
0 0.04 16
0 0.0425 16
0 0.045 16
0 0.0475 16
0 0.05 16
0 0.0525 16
0 0.055 16
0 0.0575 16
309.065 0.06 16
6943.78 0.0625 16
20964.4 0.065 16
48722.7 0.0675 16
193347 0.07 16
360299 0.0725 16
393104 0.075 16
477207 0.0775 16
729338 0.08 16
814072 0.0825 16
873379 0.085 16
841470 0.0875 16
1.00246e+06 0.09 16
1.02225e+06 0.0925 16
956096 0.095 16
1.06774e+06 0.0975 16
1.21629e+06 0.1 16
1.56293e+06 0.1025 16
2.31429e+06 0.105 16
2.77614e+06 0.1075 16
3.24536e+06 0.11 16
3.59537e+06 0.1125 16
3.67209e+06 0.115 16
3.35936e+06 0.1175 16
2.68722e+06 0.12 16
1.81769e+06 0.1225 16
1.19606e+06 0.125 16
673293 0.1275 16
381807 0.13 16
362296 0.1325 16
644213 0.135 16
973475 0.1375 16
1.22753e+06 0.14 16
1.48095e+06 0.1425 16
1.68159e+06 0.145 16
1.82971e+06 0.1475 16
2.10162e+06 0.15 16
2.39366e+06 0.1525 16
2.57577e+06 0.155 16
2.67192e+06 0.1575 16
2.58344e+06 0.16 16
2.34564e+06 0.1625 16
2.0942e+06 0.165 16
1.68212e+06 0.1675 16
1.25539e+06 0.17 16
899092 0.1725 16
626515 0.175 16
369284 0.1775 16
223347 0.18 16
168409 0.1825 16
217802 0.185 16
387088 0.1875 16
668612 0.19 16
971033 0.1925 16
1.21127e+06 0.195 16
1.33373e+06 0.1975 16
1.2354e+06 0.2 16
959610 0.2025 16
647390 0.205 16
347171 0.2075 16
157843 0.21 16
102279 0.2125 16
157650 0.215 16
229997 0.2175 16
274385 0.22 16
276918 0.2225 16
252633 0.225 16
218316 0.2275 16
182551 0.23 16
185094 0.2325 16
215640 0.235 16
235937 0.2375 16
541.54 0.0025 17
7619.54 0.005 17
30926.9 0.0075 17
70602.8 0.01 17
109775 0.0125 17
122711 0.015 17
95048.2 0.0175 17
41071.3 0.02 17
2515.52 0.0225 17
25423.4 0.025 17
128214 0.0275 17
282895 0.03 17
424819 0.0325 17
487821 0.035 17
443506 0.0375 17
318876 0.04 17
179708 0.0425 17
89792.2 0.045 17
72955.3 0.0475 17
103502 0.05 17
131481 0.0525 17
124680 0.055 17
96630.6 0.0575 17
98653.9 0.06 17
179148 0.0625 17
338026 0.065 17
510867 0.0675 17
599853 0.07 17
537097 0.0725 17
341102 0.075 17
126288 0.0775 17
51552.3 0.08 17
231684 0.0825 17
661677 0.085 17
1.20106e+06 0.0875 17
1.63326e+06 0.09 17
1.772e+06 0.0925 17
1.55814e+06 0.095 17
1.09354e+06 0.0975 17
592635 0.1 17
277067 0.1025 17
269395 0.105 17
540717 0.1075 17
936137 0.11 17
1.25967e+06 0.1125 17
1.37041e+06 0.115 17
1.24034e+06 0.1175 17
949160 0.12 17
628391 0.1225 17
391648 0.125 17
275863 0.1275 17
255114 0.13 17
283223 0.1325 17
373443 0.135 17
407051 0.1375 17
377387 0.14 17
467482 0.1425 17
628831 0.145 17
830238 0.1475 17
1.09161e+06 0.15 17
1.08594e+06 0.1525 17
1.14627e+06 0.155 17
1.14019e+06 0.1575 17
1.1416e+06 0.16 17
1.08537e+06 0.1625 17
1.06583e+06 0.165 17
950951 0.1675 17
815031 0.17 17
668306 0.1725 17
541840 0.175 17
489575 0.1775 17
591085 0.18 17
752510 0.1825 17
786858 0.185 17
968002 0.1875 17
1.17297e+06 0.19 17
1.13357e+06 0.1925 17
1.02094e+06 0.195 17
855859 0.1975 17
600030 0.2 17
388527 0.2025 17
274087 0.205 17
210667 0.2075 17
230939 0.21 17
286559 0.2125 17
434992 0.215 17
607175 0.2175 17
763630 0.22 17
887169 0.2225 17
935967 0.225 17
0 0.0025 18
0 0.005 18
0 0.0075 18
0 0.01 18
0 0.0125 18
0 0.015 18
0 0.0175 18
0 0.02 18
0 0.0225 18
0 0.025 18
0 0.0275 18
0 0.03 18
0 0.0325 18
0 0.035 18
2848.27 0.0375 18
15448.7 0.04 18
83964.4 0.0425 18
136650 0.045 18
126102 0.0475 18
196005 0.05 18
307573 0.0525 18
418037 0.055 18
513663 0.0575 18
527339 0.06 18
431376 0.0625 18
306555 0.065 18
148671 0.0675 18
47176.1 0.07 18
2335.61 0.0725 18
61050.8 0.075 18
197837 0.0775 18
351458 0.08 18
444589 0.0825 18
458870 0.085 18
424003 0.0875 18
383461 0.09 18
282898 0.0925 18
206532 0.095 18
151705 0.0975 18
104532 0.1 18
52994.7 0.1025 18
24145.4 0.105 18
76829.9 0.1075 18
353336 0.11 18
828517 0.1125 18
1.69692e+06 0.115 18
2.66881e+06 0.1175 18
3.54164e+06 0.12 18
4.13747e+06 0.1225 18
4.31409e+06 0.125 18
4.12542e+06 0.1275 18
3.57687e+06 0.13 18
3.02385e+06 0.1325 18
2.62096e+06 0.135 18
2.31386e+06 0.1375 18
2.2028e+06 0.14 18
2.13533e+06 0.1425 18
2.0869e+06 0.145 18
1.95984e+06 0.1475 18
1.74846e+06 0.15 18
1.5735e+06 0.1525 18
1.53539e+06 0.155 18
1.64099e+06 0.1575 18
1.80072e+06 0.16 18
1.99799e+06 0.1625 18
1.92846e+06 0.165 18
1.66342e+06 0.1675 18
1.25408e+06 0.17 18
868420 0.1725 18
610160 0.175 18
625561 0.1775 18
912534 0.18 18
1.20797e+06 0.1825 18
1.46178e+06 0.185 18
1.57966e+06 0.1875 18
1.42983e+06 0.19 18
1.22461e+06 0.1925 18
870117 0.195 18
577903 0.1975 18
375154 0.2 18
223050 0.2025 18
184413 0.205 18
128737 0.2075 18
100937 0.21 18
105724 0.2125 18
0 0.0025 19
0 0.005 19
0 0.0075 19
0 0.01 19
0 0.0125 19
0 0.015 19
0 0.0175 19
0 0.02 19
0 0.0225 19
0 0.025 19
4759.91 0.0275 19
16656.4 0.03 19
111260 0.0325 19
203530 0.035 19
313470 0.0375 19
573763 0.04 19
777199 0.0425 19
968464 0.045 19
1.21464e+06 0.0475 19
1.5022e+06 0.05 19
1.48393e+06 0.0525 19
1.8185e+06 0.055 19
1.80073e+06 0.0575 19
1.80757e+06 0.06 19
1.90613e+06 0.0625 19
1.97806e+06 0.065 19
2.11056e+06 0.0675 19
2.11699e+06 0.07 19
2.10776e+06 0.0725 19
1.88159e+06 0.075 19
1.55254e+06 0.0775 19
1.1832e+06 0.08 19
780263 0.0825 19
512403 0.085 19
358771 0.0875 19
282884 0.09 19
239351 0.0925 19
197361 0.095 19
132919 0.0975 19
69249.8 0.1 19
63855.7 0.1025 19
217964 0.105 19
464420 0.1075 19
736728 0.11 19
894170 0.1125 19
1.02044e+06 0.115 19
1.06617e+06 0.1175 19
1.16724e+06 0.12 19
1.0063e+06 0.1225 19
928414 0.125 19
870799 0.1275 19
729168 0.13 19
607388 0.1325 19
627725 0.135 19
641745 0.1375 19
730142 0.14 19
1.04967e+06 0.1425 19
1.40403e+06 0.145 19
1.82625e+06 0.1475 19
2.30324e+06 0.15 19
2.73702e+06 0.1525 19
3.02872e+06 0.155 19
3.11051e+06 0.1575 19
3.02975e+06 0.16 19
2.56762e+06 0.1625 19
1.87498e+06 0.165 19
1.22282e+06 0.1675 19
700494 0.17 19
297554 0.1725 19
109616 0.175 19
85838.9 0.1775 19
175618 0.18 19
327814 0.1825 19
442197 0.185 19
587068 0.1875 19
711475 0.19 19
806983 0.1925 19
965774 0.195 19
1.06282e+06 0.1975 19
0 0.0025 20
0 0.005 20
0 0.0075 20
0 0.01 20
6336.59 0.0125 20
39071.7 0.015 20
127515 0.0175 20
359862 0.02 20
783755 0.0225 20
1.39612e+06 0.025 20
2.35479e+06 0.0275 20
3.45869e+06 0.03 20
4.93677e+06 0.0325 20
6.50863e+06 0.035 20
7.99985e+06 0.0375 20
9.30592e+06 0.04 20
1.02619e+07 0.0425 20
1.07291e+07 0.045 20
1.06123e+07 0.0475 20
9.8842e+06 0.05 20
8.60472e+06 0.0525 20
6.92695e+06 0.055 20
5.07958e+06 0.0575 20
3.32382e+06 0.06 20
1.89344e+06 0.0625 20
936763 0.065 20
482072 0.0675 20
440605 0.07 20
646360 0.0725 20
916679 0.075 20
1.10943e+06 0.0775 20
1.15581e+06 0.08 20
1.06034e+06 0.0825 20
874787 0.085 20
662761 0.0875 20
472185 0.09 20
324868 0.0925 20
221700 0.095 20
154589 0.0975 20
115761 0.1 20
100068 0.1025 20
102306 0.105 20
114745 0.1075 20
128707 0.11 20
142482 0.1125 20
156462 0.115 20
197189 0.1175 20
273658 0.12 20
393576 0.1225 20
538237 0.125 20
670804 0.1275 20
847010 0.13 20
1.02201e+06 0.1325 20
1.15329e+06 0.135 20
1.11355e+06 0.1375 20
1.08524e+06 0.14 20
956395 0.1425 20
853193 0.145 20
730914 0.1475 20
603108 0.15 20
488134 0.1525 20
448436 0.155 20
455456 0.1575 20
448060 0.16 20
440254 0.1625 20
425971 0.165 20
434668 0.1675 20
462576 0.17 20
481342 0.1725 20
544597 0.175 20
627502 0.1775 20
0 0.0025 21
0 0.005 21
0 0.0075 21
0 0.01 21
0 0.0125 21
0 0.015 21
0 0.0175 21
0 0.02 21
0 0.0225 21
0 0.025 21
0 0.0275 21
0 0.03 21
0 0.0325 21
0 0.035 21
0 0.0375 21
0 0.04 21
0 0.0425 21
0 0.045 21
0 0.0475 21
0 0.05 21
0 0.0525 21
14406.8 0.055 21
54616 0.0575 21
82766.7 0.06 21
113096 0.0625 21
76277 0.065 21
51911.2 0.0675 21
142772 0.07 21
168438 0.0725 21
154566 0.075 21
128897 0.0775 21
161735 0.08 21
177144 0.0825 21
325897 0.085 21
542337 0.0875 21
852970 0.09 21
1.12845e+06 0.0925 21
1.43403e+06 0.095 21
1.60805e+06 0.0975 21
1.76775e+06 0.1 21
1.4672e+06 0.1025 21
1.3381e+06 0.105 21
1.09747e+06 0.1075 21
829004 0.11 21
758467 0.1125 21
845052 0.115 21
963747 0.1175 21
1.16807e+06 0.12 21
1.40756e+06 0.1225 21
1.41208e+06 0.125 21
1.34386e+06 0.1275 21
1.27871e+06 0.13 21
1.09483e+06 0.1325 21
906529 0.135 21
848514 0.1375 21
880680 0.14 21
937874 0.1425 21
1.05621e+06 0.145 21
1.12839e+06 0.1475 21
1.25098e+06 0.15 21
1.31944e+06 0.1525 21
1.38353e+06 0.155 21
1.39e+06 0.1575 21
1.25741e+06 0.16 21
217259 0.0025 22
736601 0.005 22
1.24205e+06 0.0075 22
1.42795e+06 0.01 22
1.1867e+06 0.0125 22
677617 0.015 22
238850 0.0175 22
199526 0.02 22
704310 0.0225 22
1.64706e+06 0.025 22
2.73858e+06 0.0275 22
3.65491e+06 0.03 22
4.17612e+06 0.0325 22
4.2473e+06 0.035 22
3.95185e+06 0.0375 22
3.43822e+06 0.04 22
2.85454e+06 0.0425 22
2.31916e+06 0.045 22
1.91818e+06 0.0475 22
1.70282e+06 0.05 22
1.67338e+06 0.0525 22
1.76511e+06 0.055 22
1.8659e+06 0.0575 22
1.87877e+06 0.06 22
1.8033e+06 0.0625 22
1.77975e+06 0.065 22
2.04694e+06 0.0675 22
2.81343e+06 0.07 22
4.10299e+06 0.0725 22
5.66781e+06 0.075 22
7.03887e+06 0.0775 22
7.71021e+06 0.08 22
7.37362e+06 0.0825 22
6.08216e+06 0.085 22
4.25085e+06 0.0875 22
2.48637e+06 0.09 22
1.32785e+06 0.0925 22
1.02633e+06 0.095 22
1.46692e+06 0.0975 22
2.26034e+06 0.1 22
2.94476e+06 0.1025 22
3.19074e+06 0.105 22
2.91401e+06 0.1075 22
2.25932e+06 0.11 22
1.48714e+06 0.1125 22
835710 0.115 22
428154 0.1175 22
256723 0.12 22
230671 0.1225 22
246470 0.125 22
239651 0.1275 22
199478 0.13 22
143120 0.1325 22
108375 0.135 22
94006 0.1375 22
0 0.0025 23
0 0.005 23
0 0.0075 23
0 0.01 23
0 0.0125 23
0 0.015 23
0 0.0175 23
0 0.02 23
0 0.0225 23
0 0.025 23
0 0.0275 23
0 0.03 23
0 0.0325 23
0 0.035 23
0 0.0375 23
0 0.04 23
224.644 0.0425 23
22.6511 0.045 23
25695.8 0.0475 23
24753.1 0.05 23
92570.3 0.0525 23
163516 0.055 23
278985 0.0575 23
417554 0.06 23
721171 0.0625 23
1.05218e+06 0.065 23
1.52232e+06 0.0675 23
1.73369e+06 0.07 23
1.94893e+06 0.0725 23
2.05003e+06 0.075 23
2.16551e+06 0.0775 23
2.08152e+06 0.08 23
1.90576e+06 0.0825 23
1.60263e+06 0.085 23
1.35475e+06 0.0875 23
1.05741e+06 0.09 23
939444 0.0925 23
955457 0.095 23
1.00876e+06 0.0975 23
1.15737e+06 0.1 23
1.30552e+06 0.1025 23
