4.55851e+07 0.085 0
2.75075e+07 0.0875 0
1.01324e+07 0.09 0
882845 0.0925 0
1.237e+06 0.095 0
7.08042e+06 0.0975 0
1.22845e+07 0.1 0
1.27949e+07 0.1025 0
8.66435e+06 0.105 0
3.17211e+06 0.1075 0
112814 0.11 0
1.26378e+06 0.1125 0
5.55609e+06 0.115 0
1.01422e+07 0.1175 0
1.23552e+07 0.12 0
1.12102e+07 0.1225 0
7.64502e+06 0.125 0
3.62156e+06 0.1275 0
857554 0.13 0
61.7637 0.1325 0
603008 0.135 0
1.67478e+06 0.1375 0
2.38107e+06 0.14 0
2.43629e+06 0.1425 0
2.02571e+06 0.145 0
1.42107e+06 0.1475 0
864589 0.15 0
555087 0.1525 0
573940 0.155 0
699695 0.1575 0
910062 0.16 0
1.30964e+06 0.1625 0
1.66932e+06 0.165 0
2.02167e+06 0.1675 0
2.30867e+06 0.17 0
2.27871e+06 0.1725 0
2.17123e+06 0.175 0
1.58802e+06 0.1775 0
991920 0.18 0
505735 0.1825 0
140988 0.185 0
163281 0.1875 0
351333 0.19 0
663648 0.1925 0
1.09713e+06 0.195 0
1.57519e+06 0.1975 0
1.96601e+06 0.2 0
2.31185e+06 0.2025 0
2.64111e+06 0.205 0
2.86217e+06 0.2075 0
2.75866e+06 0.21 0
2.63164e+06 0.2125 0
2.44811e+06 0.215 0
2.07932e+06 0.2175 0
1.48546e+06 0.22 0
1.07463e+06 0.2225 0
737831 0.225 0
610547 0.2275 0
649919 0.23 0
772156 0.2325 0
835893 0.235 0
930735 0.2375 0
922612 0.24 0
894207 0.2425 0
737365 0.245 0
522615 0.2475 0
376932 0.25 0
262465 0.2525 0
348709 0.255 0
536029 0.2575 0
734212 0.26 0
778234 0.2625 0
873208 0.265 0
739960 0.2675 0
624686 0.27 0
368980 0.2725 0
186141 0.275 0
54546.2 0.2775 0
6924.66 0.28 0
37437.7 0.2825 0
102483 0.285 0
178986 0.2875 0
227126 0.29 0
179321 0.2925 0
123751 0.295 0
67355.8 0.2975 0
33422.9 0.3 0
21803.9 0.3025 0
45863.3 0.305 0
96132.8 0.3075 0
137129 0.31 0
211772 0.3125 0
296652 0.315 0
5.01002e+06 0.0825 1
5.32132e+06 0.085 1
5.84651e+06 0.0875 1
6.20234e+06 0.09 1
5.99648e+06 0.0925 1
5.15879e+06 0.095 1
4.40993e+06 0.0975 1
3.88219e+06 0.1 1
3.89378e+06 0.1025 1
4.26185e+06 0.105 1
5.32924e+06 0.1075 1
6.66358e+06 0.11 1
8.30201e+06 0.1125 1
9.24476e+06 0.115 1
9.8198e+06 0.1175 1
9.13386e+06 0.12 1
8.73536e+06 0.1225 1
7.03923e+06 0.125 1
5.59852e+06 0.1275 1
4.08134e+06 0.13 1
3.37876e+06 0.1325 1
3.21479e+06 0.135 1
3.22147e+06 0.1375 1
3.52056e+06 0.14 1
3.45419e+06 0.1425 1
3.30541e+06 0.145 1
2.67862e+06 0.1475 1
1.92155e+06 0.15 1
1.16943e+06 0.1525 1
957294 0.155 1
1.01287e+06 0.1575 1
1.66537e+06 0.16 1
2.57028e+06 0.1625 1
3.75054e+06 0.165 1
4.71548e+06 0.1675 1
5.28218e+06 0.17 1
5.56786e+06 0.1725 1
5.13481e+06 0.175 1
4.40337e+06 0.1775 1
3.3509e+06 0.18 1
2.37855e+06 0.1825 1
1.4866e+06 0.185 1
833513 0.1875 1
394173 0.19 1
223538 0.1925 1
314130 0.195 1
655032 0.1975 1
1.16702e+06 0.2 1
1.69979e+06 0.2025 1
2.16642e+06 0.205 1
2.47633e+06 0.2075 1
2.53985e+06 0.21 1
2.35627e+06 0.2125 1
1.96291e+06 0.215 1
1.45249e+06 0.2175 1
1.02867e+06 0.22 1
683844 0.2225 1
509909 0.225 1
499459 0.2275 1
635451 0.23 1
865681 0.2325 1
1.07896e+06 0.235 1
1.32958e+06 0.2375 1
1.52656e+06 0.24 1
1.40281e+06 0.2425 1
1.25236e+06 0.245 1
1.15142e+06 0.2475 1
1.01118e+06 0.25 1
975354 0.2525 1
936192 0.255 1
1.01716e+06 0.2575 1
1.02019e+06 0.26 1
1.11548e+06 0.2625 1
1.10806e+06 0.265 1
1.21882e+06 0.2675 1
1.33719e+06 0.27 1
1.37579e+06 0.2725 1
1.39963e+06 0.275 1
1.46612e+06 0.2775 1
1.44023e+06 0.28 1
1.31763e+06 0.2825 1
1.08868e+06 0.285 1
870427 0.2875 1
677408 0.29 1
536919 0.2925 1
511190 0.295 1
605501 0.2975 1
776478 0.3 1
966982 0.3025 1
1.06601e+06 0.305 1
1.03975e+06 0.3075 1
910123 0.31 1
718797 0.3125 1
537607 0.315 1
3.46919e+07 0.08 2
3.46747e+07 0.0825 2
3.59307e+07 0.085 2
3.52443e+07 0.0875 2
3.18999e+07 0.09 2
2.72766e+07 0.0925 2
2.32666e+07 0.095 2
2.07749e+07 0.0975 2
1.92632e+07 0.1 2
1.74409e+07 0.1025 2
1.44116e+07 0.105 2
1.03826e+07 0.1075 2
6.48199e+06 0.11 2
3.91471e+06 0.1125 2
3.13087e+06 0.115 2
3.58934e+06 0.1175 2
4.21943e+06 0.12 2
4.18546e+06 0.1225 2
3.39438e+06 0.125 2
2.42864e+06 0.1275 2
2.01433e+06 0.13 2
2.45587e+06 0.1325 2
3.41934e+06 0.135 2
4.20479e+06 0.1375 2
4.30665e+06 0.14 2
3.56305e+06 0.1425 2
2.41859e+06 0.145 2
1.38319e+06 0.1475 2
1.42138e+06 0.15 2
2.41682e+06 0.1525 2
3.46797e+06 0.155 2
4.59446e+06 0.1575 2
5.471e+06 0.16 2
6.03864e+06 0.1625 2
5.60153e+06 0.165 2
5.63182e+06 0.1675 2
5.15176e+06 0.17 2
4.43844e+06 0.1725 2
3.90357e+06 0.175 2
2.81753e+06 0.1775 2
2.42082e+06 0.18 2
1.68579e+06 0.1825 2
1.14296e+06 0.185 2
780106 0.1875 2
640852 0.19 2
846594 0.1925 2
1.11627e+06 0.195 2
1.46258e+06 0.1975 2
2.21622e+06 0.2 2
2.58637e+06 0.2025 2
2.8509e+06 0.205 2
2.93347e+06 0.2075 2
2.88229e+06 0.21 2
3.02984e+06 0.2125 2
2.71855e+06 0.215 2
2.21884e+06 0.2175 2
1.73748e+06 0.22 2
1.18162e+06 0.2225 2
928224 0.225 2
665702 0.2275 2
518164 0.23 2
608506 0.2325 2
969350 0.235 2
1.52298e+06 0.2375 2
1.95542e+06 0.24 2
2.34828e+06 0.2425 2
2.5493e+06 0.245 2
2.48147e+06 0.2475 2
2.14722e+06 0.25 2
1.80039e+06 0.2525 2
1.2627e+06 0.255 2
822110 0.2575 2
468514 0.26 2
412126 0.2625 2
461441 0.265 2
675738 0.2675 2
878534 0.27 2
973787 0.2725 2
1.0037e+06 0.275 2
922729 0.2775 2
780811 0.28 2
611982 0.2825 2
413465 0.285 2
315767 0.2875 2
245328 0.29 2
306214 0.2925 2
470441 0.295 2
693765 0.2975 2
922995 0.3 2
1.09542e+06 0.3025 2
1.11263e+06 0.305 2
1.01593e+06 0.3075 2
833010 0.31 2
628845 0.3125 2
454222 0.315 2
1.44439e+06 0.075 3
1.7048e+06 0.0775 3
2.47974e+06 0.08 3
4.0403e+06 0.0825 3
5.11933e+06 0.085 3
6.80031e+06 0.0875 3
9.88422e+06 0.09 3
1.31596e+07 0.0925 3
1.70403e+07 0.095 3
2.03605e+07 0.0975 3
2.37512e+07 0.1 3
2.56954e+07 0.1025 3
2.61823e+07 0.105 3
2.54738e+07 0.1075 3
2.46663e+07 0.11 3
2.15859e+07 0.1125 3
1.87193e+07 0.115 3
1.56164e+07 0.1175 3
1.30597e+07 0.12 3
1.03958e+07 0.1225 3
8.71401e+06 0.125 3
6.82113e+06 0.1275 3
5.15336e+06 0.13 3
3.57762e+06 0.1325 3
2.35114e+06 0.135 3
1.50548e+06 0.1375 3
1.18237e+06 0.14 3
1.42252e+06 0.1425 3
2.55189e+06 0.145 3
4.08553e+06 0.1475 3
5.56824e+06 0.15 3
6.38383e+06 0.1525 3
6.32599e+06 0.155 3
5.38082e+06 0.1575 3
4.1651e+06 0.16 3
3.13001e+06 0.1625 3
2.64489e+06 0.165 3
2.94446e+06 0.1675 3
3.8546e+06 0.17 3
4.80655e+06 0.1725 3
5.56873e+06 0.175 3
6.05333e+06 0.1775 3
5.40825e+06 0.18 3
4.16116e+06 0.1825 3
2.82104e+06 0.185 3
1.82383e+06 0.1875 3
1.22984e+06 0.19 3
1.10545e+06 0.1925 3
1.28372e+06 0.195 3
1.49098e+06 0.1975 3
1.60888e+06 0.2 3
1.60006e+06 0.2025 3
1.5275e+06 0.205 3
1.48344e+06 0.2075 3
1.58114e+06 0.21 3
1.76406e+06 0.2125 3
2.04435e+06 0.215 3
2.16326e+06 0.2175 3
2.07513e+06 0.22 3
1.95117e+06 0.2225 3
1.70431e+06 0.225 3
1.43203e+06 0.2275 3
1.18553e+06 0.23 3
1.05064e+06 0.2325 3
1.00472e+06 0.235 3
933909 0.2375 3
974604 0.24 3
919824 0.2425 3
1.01105e+06 0.245 3
1.16887e+06 0.2475 3
1.25805e+06 0.25 3
1.3361e+06 0.2525 3
1.31868e+06 0.255 3
1.27396e+06 0.2575 3
1.18816e+06 0.26 3
1.13348e+06 0.2625 3
1.14521e+06 0.265 3
1.20201e+06 0.2675 3
1.24124e+06 0.27 3
1.2784e+06 0.2725 3
1.29168e+06 0.275 3
1.23883e+06 0.2775 3
1.17849e+06 0.28 3
1.01355e+06 0.2825 3
867192 0.285 3
696487 0.2875 3
591484 0.29 3
574460 0.2925 3
556176 0.295 3
560581 0.2975 3
626855 0.3 3
752295 0.3025 3
979823 0.305 3
1.28983e+06 0.3075 3
1.61544e+06 0.31 3
1.84076e+06 0.3125 3
1.89539e+06 0.315 3
3.85583e+06 0.0675 4
4.58638e+06 0.07 4
4.2732e+06 0.0725 4
3.106e+06 0.075 4
1.66168e+06 0.0775 4
540031 0.08 4
39936.6 0.0825 4
61448.9 0.085 4
262411 0.0875 4
335972 0.09 4
212240 0.0925 4
58782.8 0.095 4
104026 0.0975 4
428915 0.1 4
884520 0.1025 4
1.19433e+06 0.105 4
1.1641e+06 0.1075 4
845448 0.11 4
532391 0.1125 4
586489 0.115 4
1.20327e+06 0.1175 4
2.27191e+06 0.12 4
3.41992e+06 0.1225 4
4.22009e+06 0.125 4
4.38702e+06 0.1275 4
3.9692e+06 0.13 4
3.2933e+06 0.1325 4
2.79172e+06 0.135 4
2.79983e+06 0.1375 4
2.99209e+06 0.14 4
3.61017e+06 0.1425 4
4.14424e+06 0.145 4
4.3274e+06 0.1475 4
4.28317e+06 0.15 4
4.22896e+06 0.1525 4
3.92226e+06 0.155 4
3.9363e+06 0.1575 4
4.08761e+06 0.16 4
4.22435e+06 0.1625 4
4.41301e+06 0.165 4
4.16571e+06 0.1675 4
3.41163e+06 0.17 4
2.78523e+06 0.1725 4
2.02584e+06 0.175 4
1.79887e+06 0.1775 4
1.43256e+06 0.18 4
1.62334e+06 0.1825 4
1.85062e+06 0.185 4
1.66173e+06 0.1875 4
1.54087e+06 0.19 4
1.43088e+06 0.1925 4
1.55651e+06 0.195 4
1.62006e+06 0.1975 4
1.79401e+06 0.2 4
1.57039e+06 0.2025 4
1.4492e+06 0.205 4
1.01129e+06 0.2075 4
701547 0.21 4
625365 0.2125 4
756104 0.215 4
1.01254e+06 0.2175 4
1.22776e+06 0.22 4
1.23509e+06 0.2225 4
994093 0.225 4
649233 0.2275 4
593789 0.23 4
816539 0.2325 4
1.50276e+06 0.235 4
2.45435e+06 0.2375 4
3.29117e+06 0.24 4
3.76282e+06 0.2425 4
3.94855e+06 0.245 4
3.66867e+06 0.2475 4
3.2397e+06 0.25 4
2.99171e+06 0.2525 4
2.87106e+06 0.255 4
3.03899e+06 0.2575 4
3.05037e+06 0.26 4
2.86797e+06 0.2625 4
2.49581e+06 0.265 4
2.04216e+06 0.2675 4
1.60965e+06 0.27 4
1.23485e+06 0.2725 4
1.00591e+06 0.275 4
1.00091e+06 0.2775 4
994690 0.28 4
961794 0.2825 4
894139 0.285 4
793047 0.2875 4
645147 0.29 4
479710 0.2925 4
369353 0.295 4
397342 0.2975 4
465134 0.3 4
591442 0.3025 4
723157 0.305 4
805788 0.3075 4
838490 0.31 4
824568 0.3125 4
51078 0.055 5
24993.3 0.0575 5
23289.3 0.06 5
60603.6 0.0625 5
111617 0.065 5
124638 0.0675 5
195199 0.07 5
248638 0.0725 5
667723 0.075 5
947296 0.0775 5
1.39112e+06 0.08 5
2.05903e+06 0.0825 5
2.68013e+06 0.085 5
3.81998e+06 0.0875 5
5.53125e+06 0.09 5
7.43111e+06 0.0925 5
8.60362e+06 0.095 5
9.58989e+06 0.0975 5
1.05069e+07 0.1 5
1.03359e+07 0.1025 5
1.01148e+07 0.105 5
8.89821e+06 0.1075 5
7.53011e+06 0.11 5
6.63358e+06 0.1125 5
5.09979e+06 0.115 5
3.40926e+06 0.1175 5
2.23467e+06 0.12 5
1.5422e+06 0.1225 5
1.34394e+06 0.125 5
1.83875e+06 0.1275 5
2.93776e+06 0.13 5
4.43545e+06 0.1325 5
5.69025e+06 0.135 5
7.24151e+06 0.1375 5
7.52068e+06 0.14 5
6.74165e+06 0.1425 5
5.47284e+06 0.145 5
3.88869e+06 0.1475 5
2.31929e+06 0.15 5
1.4412e+06 0.1525 5
1.3266e+06 0.155 5
2.00259e+06 0.1575 5
3.36494e+06 0.16 5
4.812e+06 0.1625 5
6.32935e+06 0.165 5
7.46642e+06 0.1675 5
7.88572e+06 0.17 5
7.5512e+06 0.1725 5
6.92262e+06 0.175 5
5.80425e+06 0.1775 5
4.67933e+06 0.18 5
3.7168e+06 0.1825 5
3.03358e+06 0.185 5
2.94549e+06 0.1875 5
3.1029e+06 0.19 5
3.49572e+06 0.1925 5
3.82664e+06 0.195 5
3.95266e+06 0.1975 5
3.85854e+06 0.2 5
3.5626e+06 0.2025 5
3.10045e+06 0.205 5
2.63339e+06 0.2075 5
2.33019e+06 0.21 5
2.14139e+06 0.2125 5
2.07391e+06 0.215 5
1.92556e+06 0.2175 5
1.72475e+06 0.22 5
1.4642e+06 0.2225 5
1.2434e+06 0.225 5
998194 0.2275 5
823605 0.23 5
820237 0.2325 5
985877 0.235 5
1.27004e+06 0.2375 5
1.5128e+06 0.24 5
1.66253e+06 0.2425 5
1.70577e+06 0.245 5
1.5605e+06 0.2475 5
1.3799e+06 0.25 5
1.11382e+06 0.2525 5
1.03228e+06 0.255 5
888207 0.2575 5
769333 0.26 5
733417 0.2625 5
726851 0.265 5
641241 0.2675 5
640597 0.27 5
578423 0.2725 5
635436 0.275 5
743175 0.2775 5
855906 0.28 5
1.01533e+06 0.2825 5
1.11902e+06 0.285 5
1.16873e+06 0.2875 5
1.15238e+06 0.29 5
1.04114e+06 0.2925 5
904126 0.295 5
797123 0.2975 5
732049 0.3 5
738654 0.3025 5
755500 0.305 5
861664 0.3075 5
930326 0.31 5
1.33455e+06 0.035 6
2.29784e+06 0.0375 6
4.9284e+06 0.04 6
8.60503e+06 0.0425 6
1.2176e+07 0.045 6
1.44194e+07 0.0475 6
1.45557e+07 0.05 6
1.25672e+07 0.0525 6
9.17448e+06 0.055 6
5.49168e+06 0.0575 6
2.53983e+06 0.06 6
858349 0.0625 6
385552 0.065 6
629669 0.0675 6
1.00326e+06 0.07 6
1.12809e+06 0.0725 6
961268 0.075 6
711863 0.0775 6
635799 0.08 6
849241 0.0825 6
1.26597e+06 0.085 6
1.67379e+06 0.0875 6
1.87986e+06 0.09 6
1.82505e+06 0.0925 6
1.60208e+06 0.095 6
1.38184e+06 0.0975 6
1.30677e+06 0.1 6
1.41954e+06 0.1025 6
1.65966e+06 0.105 6
1.91244e+06 0.1075 6
2.0672e+06 0.11 6
2.05109e+06 0.1125 6
1.83497e+06 0.115 6
1.44057e+06 0.1175 6
943392 0.12 6
417999 0.1225 6
111559 0.125 6
290930 0.1275 6
802199 0.13 6
1.82447e+06 0.1325 6
2.74821e+06 0.135 6
3.21864e+06 0.1375 6
3.05567e+06 0.14 6
2.38321e+06 0.1425 6
1.55062e+06 0.145 6
1.10905e+06 0.1475 6
1.53988e+06 0.15 6
2.91184e+06 0.1525 6
4.82105e+06 0.155 6
6.41755e+06 0.1575 6
7.20958e+06 0.16 6
6.76318e+06 0.1625 6
5.24189e+06 0.165 6
3.28333e+06 0.1675 6
1.4886e+06 0.17 6
579862 0.1725 6
720326 0.175 6
1.42283e+06 0.1775 6
2.48882e+06 0.18 6
3.03241e+06 0.1825 6
2.90161e+06 0.185 6
2.67467e+06 0.1875 6
2.06523e+06 0.19 6
1.8212e+06 0.1925 6
1.70264e+06 0.195 6
1.86775e+06 0.1975 6
2.09916e+06 0.2 6
2.03518e+06 0.2025 6
1.94801e+06 0.205 6
1.66846e+06 0.2075 6
1.60643e+06 0.21 6
1.83282e+06 0.2125 6
2.23543e+06 0.215 6
2.62796e+06 0.2175 6
2.77398e+06 0.22 6
2.95952e+06 0.2225 6
2.87467e+06 0.225 6
2.46707e+06 0.2275 6
1.9548e+06 0.23 6
1.54791e+06 0.2325 6
1.28821e+06 0.235 6
1.20035e+06 0.2375 6
1.18624e+06 0.24 6
1.24588e+06 0.2425 6
1.52472e+06 0.245 6
1.75646e+06 0.2475 6
1.96417e+06 0.25 6
2.01883e+06 0.2525 6
2.01015e+06 0.255 6
1.85206e+06 0.2575 6
1.54381e+06 0.26 6
1.34672e+06 0.2625 6
995253 0.265 6
745772 0.2675 6
673008 0.27 6
688294 0.2725 6
768288 0.275 6
766255 0.2775 6
742557 0.28 6
605592 0.2825 6
422334 0.285 6
334701 0.2875 6
423879 0.29 6
676007 0.2925 6
1.02256e+06 0.295 6
1.29678e+06 0.2975 6
1.48713e+06 0.3 6
1.48873e+06 0.3025 6
1.35561e+06 0.305 6
1.21189e+06 0.3075 6
0 0.0125 7
0 0.015 7
0 0.0175 7
0 0.02 7
0 0.0225 7
0 0.025 7
0 0.0275 7
0 0.03 7
0 0.0325 7
0 0.035 7
0 0.0375 7
0 0.04 7
690.259 0.0425 7
9927.65 0.045 7
73817.2 0.0475 7
90938.7 0.05 7
475104 0.0525 7
809378 0.055 7
1.44434e+06 0.0575 7
1.98846e+06 0.06 7
2.7122e+06 0.0625 7
3.32902e+06 0.065 7
3.6117e+06 0.0675 7
4.0531e+06 0.07 7
3.53823e+06 0.0725 7
3.03902e+06 0.075 7
2.22611e+06 0.0775 7
1.17964e+06 0.08 7
397994 0.0825 7
61458.9 0.085 7
148712 0.0875 7
713791 0.09 7
1.51406e+06 0.0925 7
2.87298e+06 0.095 7
3.52378e+06 0.0975 7
4.20973e+06 0.1 7
4.31194e+06 0.1025 7
4.1808e+06 0.105 7
4.0108e+06 0.1075 7
3.9116e+06 0.11 7
3.68148e+06 0.1125 7
3.30526e+06 0.115 7
2.93118e+06 0.1175 7
2.64516e+06 0.12 7
2.32722e+06 0.1225 7
1.72263e+06 0.125 7
1.24741e+06 0.1275 7
959589 0.13 7
887858 0.1325 7
778962 0.135 7
877214 0.1375 7
936769 0.14 7
1.2083e+06 0.1425 7
1.2504e+06 0.145 7
1.34226e+06 0.1475 7
1.55188e+06 0.15 7
1.74912e+06 0.1525 7
1.77504e+06 0.155 7
1.54138e+06 0.1575 7
1.30314e+06 0.16 7
1.01343e+06 0.1625 7
752660 0.165 7
491751 0.1675 7
301894 0.17 7
249566 0.1725 7
434851 0.175 7
889709 0.1775 7
1.54191e+06 0.18 7
2.26838e+06 0.1825 7
2.85402e+06 0.185 7
3.11953e+06 0.1875 7
3.03253e+06 0.19 7
2.62677e+06 0.1925 7
2.18089e+06 0.195 7
1.869e+06 0.1975 7
1.67675e+06 0.2 7
1.53917e+06 0.2025 7
1.46589e+06 0.205 7
1.29908e+06 0.2075 7
942074 0.21 7
756974 0.2125 7
807483 0.215 7
1.13123e+06 0.2175 7
1.78257e+06 0.22 7
2.48278e+06 0.2225 7
2.97273e+06 0.225 7
2.942e+06 0.2275 7
2.39878e+06 0.23 7
1.64702e+06 0.2325 7
1.15062e+06 0.235 7
1.05789e+06 0.2375 7
1.43856e+06 0.24 7
2.2905e+06 0.2425 7
3.2312e+06 0.245 7
4.09288e+06 0.2475 7
4.69383e+06 0.25 7
4.887e+06 0.2525 7
4.92543e+06 0.255 7
4.58312e+06 0.2575 7
4.00524e+06 0.26 7
3.39791e+06 0.2625 7
2.74168e+06 0.265 7
2.22191e+06 0.2675 7
1.85454e+06 0.27 7
1.76253e+06 0.2725 7
1.71441e+06 0.275 7
1.72065e+06 0.2775 7
1.69896e+06 0.28 7
1.61127e+06 0.2825 7
1.4115e+06 0.285 7
1.20845e+06 0.2875 7
1.05026e+06 0.29 7
973581 0.2925 7
949660 0.295 7
969035 0.2975 7
936837 0.3 7
950588 0.3025 7
950252 0.305 7
0 0.01 8
36810.9 0.0125 8
235488 0.015 8
574137 0.0175 8
1.35747e+06 0.02 8
2.42441e+06 0.0225 8
4.051e+06 0.025 8
5.58092e+06 0.0275 8
7.42094e+06 0.03 8
8.03099e+06 0.0325 8
7.71457e+06 0.035 8
6.23869e+06 0.0375 8
4.28118e+06 0.04 8
2.29738e+06 0.0425 8
860903 0.045 8
271545 0.0475 8
431693 0.05 8
922774 0.0525 8
1.24899e+06 0.055 8
1.1202e+06 0.0575 8
617229 0.06 8
142789 0.0625 8
179689 0.065 8
989680 0.0675 8
2.42489e+06 0.07 8
3.965e+06 0.0725 8
4.96766e+06 0.075 8
4.99859e+06 0.0775 8
4.0611e+06 0.08 8
2.59931e+06 0.0825 8
1.27461e+06 0.085 8
637930 0.0875 8
872696 0.09 8
1.7374e+06 0.0925 8
2.72283e+06 0.095 8
3.32442e+06 0.0975 8
3.27891e+06 0.1 8
2.64931e+06 0.1025 8
1.73674e+06 0.105 8
891642 0.1075 8
339613 0.11 8
125018 0.1125 8
111320 0.115 8
135870 0.1175 8
164285 0.12 8
211314 0.1225 8
236125 0.125 8
538508 0.1275 8
675688 0.13 8
865747 0.1325 8
1.0256e+06 0.135 8
1.1215e+06 0.1375 8
1.01303e+06 0.14 8
769588 0.1425 8
490593 0.145 8
620440 0.1475 8
604934 0.15 8
659113 0.1525 8
871426 0.155 8
1.08648e+06 0.1575 8
1.19239e+06 0.16 8
1.23886e+06 0.1625 8
1.27261e+06 0.165 8
1.20738e+06 0.1675 8
1.22602e+06 0.17 8
1.25572e+06 0.1725 8
1.21126e+06 0.175 8
1.26563e+06 0.1775 8
1.36943e+06 0.18 8
1.52452e+06 0.1825 8
1.71843e+06 0.185 8
2.08012e+06 0.1875 8
2.21564e+06 0.19 8
2.65467e+06 0.1925 8
2.7245e+06 0.195 8
2.43696e+06 0.1975 8
2.07798e+06 0.2 8
1.5239e+06 0.2025 8
1.08153e+06 0.205 8
811515 0.2075 8
739030 0.21 8
934698 0.2125 8
1.12169e+06 0.215 8
1.50263e+06 0.2175 8
2.0065e+06 0.22 8
2.26357e+06 0.2225 8
2.47769e+06 0.225 8
2.41255e+06 0.2275 8
2.49808e+06 0.23 8
2.48996e+06 0.2325 8
2.28903e+06 0.235 8
2.0648e+06 0.2375 8
2.00179e+06 0.24 8
1.83051e+06 0.2425 8
1.55675e+06 0.245 8
1.31108e+06 0.2475 8
1.18503e+06 0.25 8
1.23105e+06 0.2525 8
1.23204e+06 0.255 8
1.16077e+06 0.2575 8
1.17059e+06 0.26 8
1.24356e+06 0.2625 8
1.36052e+06 0.265 8
1.39565e+06 0.2675 8
1.44683e+06 0.27 8
1.41055e+06 0.2725 8
1.27546e+06 0.275 8
1.13772e+06 0.2775 8
952189 0.28 8
887534 0.2825 8
1.02334e+06 0.285 8
1.22569e+06 0.2875 8
1.39029e+06 0.29 8
1.55715e+06 0.2925 8
1.63244e+06 0.295 8
1.58915e+06 0.2975 8
0 0.01 9
0 0.0125 9
0 0.015 9
0 0.0175 9
0 0.02 9
0 0.0225 9
0 0.025 9
0 0.0275 9
0 0.03 9
0 0.0325 9
0 0.035 9
12993.3 0.0375 9
8170.23 0.04 9
80835.6 0.0425 9
310870 0.045 9
448752 0.0475 9
351538 0.05 9
663485 0.0525 9
908718 0.055 9
1.30384e+06 0.0575 9
1.5832e+06 0.06 9
1.45413e+06 0.0625 9
1.26675e+06 0.065 9
813351 0.0675 9
515108 0.07 9
290315 0.0725 9
137645 0.075 9
69043.5 0.0775 9
227202 0.08 9
667667 0.0825 9
1.01213e+06 0.085 9
1.26296e+06 0.0875 9
1.38269e+06 0.09 9
1.14321e+06 0.0925 9
648670 0.095 9
345812 0.0975 9
454937 0.1 9
764729 0.1025 9
1.83897e+06 0.105 9
3.15295e+06 0.1075 9
4.36321e+06 0.11 9
5.24272e+06 0.1125 9
5.56106e+06 0.115 9
5.52032e+06 0.1175 9
4.76812e+06 0.12 9
4.10295e+06 0.1225 9
3.36217e+06 0.125 9
2.70407e+06 0.1275 9
2.21347e+06 0.13 9
1.50774e+06 0.1325 9
1.08393e+06 0.135 9
630019 0.1375 9
350689 0.14 9
209640 0.1425 9
343284 0.145 9
730147 0.1475 9
1.11025e+06 0.15 9
1.66492e+06 0.1525 9
2.09408e+06 0.155 9
2.57496e+06 0.1575 9
3.4037e+06 0.16 9
4.12697e+06 0.1625 9
4.93949e+06 0.165 9
5.50122e+06 0.1675 9
5.65478e+06 0.17 9
5.81172e+06 0.1725 9
5.29259e+06 0.175 9
4.67001e+06 0.1775 9
3.8751e+06 0.18 9
3.40453e+06 0.1825 9
3.25087e+06 0.185 9
3.66618e+06 0.1875 9
4.5338e+06 0.19 9
5.47242e+06 0.1925 9
6.04884e+06 0.195 9
5.90012e+06 0.1975 9
5.00729e+06 0.2 9
3.58439e+06 0.2025 9
2.20393e+06 0.205 9
1.26498e+06 0.2075 9
1.10779e+06 0.21 9
1.87739e+06 0.2125 9
3.09217e+06 0.215 9
4.24797e+06 0.2175 9
4.95117e+06 0.22 9
5.17947e+06 0.2225 9
4.8788e+06 0.225 9
4.42279e+06 0.2275 9
3.82487e+06 0.23 9
3.74716e+06 0.2325 9
3.45723e+06 0.235 9
3.57771e+06 0.2375 9
3.29993e+06 0.24 9
2.98028e+06 0.2425 9
2.62639e+06 0.245 9
2.25651e+06 0.2475 9
2.02965e+06 0.25 9
2.02023e+06 0.2525 9
1.84562e+06 0.255 9
1.65334e+06 0.2575 9
1.39475e+06 0.26 9
1.0988e+06 0.2625 9
835475 0.265 9
791352 0.2675 9
1.01222e+06 0.27 9
1.37959e+06 0.2725 9
1.94011e+06 0.275 9
2.3273e+06 0.2775 9
2.58529e+06 0.28 9
2.59001e+06 0.2825 9
2.3649e+06 0.285 9
1.94047e+06 0.2875 9
1.51054e+06 0.29 9
1.12189e+06 0.2925 9
0 0.01 10
0 0.0125 10
0 0.015 10
10207 0.0175 10
7005.95 0.02 10
620.105 0.0225 10
36300.8 0.025 10
41295.2 0.0275 10
181709 0.03 10
180616 0.0325 10
439589 0.035 10
719342 0.0375 10
1.02517e+06 0.04 10
1.36172e+06 0.0425 10
1.57102e+06 0.045 10
1.70023e+06 0.0475 10
1.77451e+06 0.05 10
1.71572e+06 0.0525 10
1.74496e+06 0.055 10
1.7531e+06 0.0575 10
1.81432e+06 0.06 10
1.93162e+06 0.0625 10
2.07041e+06 0.065 10
2.17663e+06 0.0675 10
2.20707e+06 0.07 10
2.15388e+06 0.0725 10
2.04712e+06 0.075 10
1.93226e+06 0.0775 10
1.8362e+06 0.08 10
1.74478e+06 0.0825 10
1.6092e+06 0.085 10
1.38043e+06 0.0875 10
1.05064e+06 0.09 10
672982 0.0925 10
342591 0.095 10
146070 0.0975 10
109623 0.1 10
180318 0.1025 10
256720 0.105 10
260072 0.1075 10
172212 0.11 10
107877 0.1125 10
241526 0.115 10
564578 0.1175 10
1.09444e+06 0.12 10
1.86154e+06 0.1225 10
2.52033e+06 0.125 10
3.11124e+06 0.1275 10
3.00312e+06 0.13 10
2.85851e+06 0.1325 10
2.67985e+06 0.135 10
2.54624e+06 0.1375 10
2.39544e+06 0.14 10
2.67203e+06 0.1425 10
2.74378e+06 0.145 10
2.84119e+06 0.1475 10
2.89382e+06 0.15 10
2.93572e+06 0.1525 10
3.06335e+06 0.155 10
3.32104e+06 0.1575 10
4.08779e+06 0.16 10
4.48772e+06 0.1625 10
5.16646e+06 0.165 10
5.21037e+06 0.1675 10
4.94391e+06 0.17 10
4.21389e+06 0.1725 10
3.35625e+06 0.175 10
2.82719e+06 0.1775 10
2.55366e+06 0.18 10
2.38861e+06 0.1825 10
2.37202e+06 0.185 10
2.35754e+06 0.1875 10
2.18348e+06 0.19 10
1.88427e+06 0.1925 10
1.46742e+06 0.195 10
1.05045e+06 0.1975 10
1.10779e+06 0.2 10
1.22886e+06 0.2025 10
1.55103e+06 0.205 10
1.79301e+06 0.2075 10
2.02225e+06 0.21 10
2.0379e+06 0.2125 10
1.88357e+06 0.215 10
1.56062e+06 0.2175 10
1.32932e+06 0.22 10
1.03887e+06 0.2225 10
971363 0.225 10
981996 0.2275 10
971718 0.23 10
1.10101e+06 0.2325 10
1.1988e+06 0.235 10
1.16943e+06 0.2375 10
1.24418e+06 0.24 10
1.19517e+06 0.2425 10
1.26517e+06 0.245 10
1.45946e+06 0.2475 10
1.63398e+06 0.25 10
1.76933e+06 0.2525 10
1.75714e+06 0.255 10
1.62132e+06 0.2575 10
1.30787e+06 0.26 10
952388 0.2625 10
706037 0.265 10
577419 0.2675 10
606740 0.27 10
806765 0.2725 10
994272 0.275 10
1.17315e+06 0.2775 10
1.24323e+06 0.28 10
1.21826e+06 0.2825 10
1.15341e+06 0.285 10
1.06664e+06 0.2875 10
0 0.01 11
0 0.0125 11
0 0.015 11
0 0.0175 11
0 0.02 11
0 0.0225 11
0 0.025 11
0 0.0275 11
0 0.03 11
8314.44 0.0325 11
15763 0.035 11
103634 0.0375 11
195044 0.04 11
154625 0.0425 11
401409 0.045 11
524097 0.0475 11
616063 0.05 11
641650 0.0525 11
419984 0.055 11
360842 0.0575 11
307880 0.06 11
135731 0.0625 11
220114 0.065 11
295009 0.0675 11
550609 0.07 11
852772 0.0725 11
1.08722e+06 0.075 11
1.08194e+06 0.0775 11
958883 0.08 11
525526 0.0825 11
196492 0.085 11
9698.88 0.0875 11
82848.3 0.09 11
473968 0.0925 11
1.07334e+06 0.095 11
1.7394e+06 0.0975 11
2.37309e+06 0.1 11
2.93295e+06 0.1025 11
3.08105e+06 0.105 11
3.18773e+06 0.1075 11
3.49296e+06 0.11 11
3.57447e+06 0.1125 11
3.5985e+06 0.115 11
3.47718e+06 0.1175 11
3.72539e+06 0.12 11
3.82292e+06 0.1225 11
3.63673e+06 0.125 11
3.74907e+06 0.1275 11
3.76346e+06 0.13 11
4.09286e+06 0.1325 11
4.0656e+06 0.135 11
4.08544e+06 0.1375 11
4.36124e+06 0.14 11
4.63046e+06 0.1425 11
4.90792e+06 0.145 11
5.15484e+06 0.1475 11
5.28035e+06 0.15 11
5.28869e+06 0.1525 11
5.03716e+06 0.155 11
4.73272e+06 0.1575 11
4.07974e+06 0.16 11
3.39235e+06 0.1625 11
2.72968e+06 0.165 11
2.06853e+06 0.1675 11
1.69736e+06 0.17 11
1.61554e+06 0.1725 11
1.75537e+06 0.175 11
2.0015e+06 0.1775 11
2.24903e+06 0.18 11
2.38735e+06 0.1825 11
2.23759e+06 0.185 11
1.99242e+06 0.1875 11
1.76224e+06 0.19 11
1.44371e+06 0.1925 11
1.18176e+06 0.195 11
1.04112e+06 0.1975 11
1.14265e+06 0.2 11
1.19839e+06 0.2025 11
1.07167e+06 0.205 11
1.05132e+06 0.2075 11
958045 0.21 11
957288 0.2125 11
1.08207e+06 0.215 11
1.38244e+06 0.2175 11
1.78287e+06 0.22 11
2.17092e+06 0.2225 11
2.34823e+06 0.225 11
2.25896e+06 0.2275 11
1.9388e+06 0.23 11
1.51075e+06 0.2325 11
1.13156e+06 0.235 11
748310 0.2375 11
522610 0.24 11
377052 0.2425 11
357008 0.245 11
402234 0.2475 11
477656 0.25 11
615167 0.2525 11
677272 0.255 11
720193 0.2575 11
724774 0.26 11
653689 0.2625 11
539497 0.265 11
401463 0.2675 11
322667 0.27 11
302716 0.2725 11
322886 0.275 11
413004 0.2775 11
483150 0.28 11
550124 0.2825 11
0 0.01 12
0 0.0125 12
0 0.015 12
0 0.0175 12
0 0.02 12
18067 0.0225 12
98852.1 0.025 12
389579 0.0275 12
945176 0.03 12
1.4791e+06 0.0325 12
2.57201e+06 0.035 12
3.56054e+06 0.0375 12
4.99778e+06 0.04 12
5.7025e+06 0.0425 12
5.92754e+06 0.045 12
5.85783e+06 0.0475 12
5.79823e+06 0.05 12
5.33553e+06 0.0525 12
5.21779e+06 0.055 12
5.0466e+06 0.0575 12
5.33331e+06 0.06 12
5.66801e+06 0.0625 12
6.35134e+06 0.065 12
6.54536e+06 0.0675 12
6.52882e+06 0.07 12
5.9309e+06 0.0725 12
4.93664e+06 0.075 12
3.75314e+06 0.0775 12
2.59879e+06 0.08 12
1.63634e+06 0.0825 12
942679 0.085 12
518495 0.0875 12
319020 0.09 12
284443 0.0925 12
358134 0.095 12
493215 0.0975 12
653945 0.1 12
816550 0.1025 12
969918 0.105 12
1.10875e+06 0.1075 12
1.25043e+06 0.11 12
1.32271e+06 0.1125 12
1.29857e+06 0.115 12
1.14035e+06 0.1175 12
861062 0.12 12
598991 0.1225 12
312139 0.125 12
173645 0.1275 12
144482 0.13 12
222963 0.1325 12
340948 0.135 12
605825 0.1375 12
765402 0.14 12
946488 0.1425 12
1.23643e+06 0.145 12
1.63126e+06 0.1475 12
1.765e+06 0.15 12
1.84166e+06 0.1525 12
1.82727e+06 0.155 12
1.6343e+06 0.1575 12
1.47269e+06 0.16 12
1.62152e+06 0.1625 12
1.85003e+06 0.165 12
2.28959e+06 0.1675 12
2.81787e+06 0.17 12
3.25648e+06 0.1725 12
3.8504e+06 0.175 12
4.59796e+06 0.1775 12
5.47408e+06 0.18 12
6.29429e+06 0.1825 12
6.86292e+06 0.185 12
7.15619e+06 0.1875 12
6.99461e+06 0.19 12
5.91168e+06 0.1925 12
4.52878e+06 0.195 12
3.19144e+06 0.1975 12
2.21026e+06 0.2 12
1.99333e+06 0.2025 12
2.10886e+06 0.205 12
2.5415e+06 0.2075 12
2.84224e+06 0.21 12
2.72302e+06 0.2125 12
2.26007e+06 0.215 12
1.86978e+06 0.2175 12
1.85449e+06 0.22 12
2.40269e+06 0.2225 12
3.28081e+06 0.225 12
4.14539e+06 0.2275 12
4.55587e+06 0.23 12
4.33778e+06 0.2325 12
3.5198e+06 0.235 12
2.32018e+06 0.2375 12
1.52493e+06 0.24 12
1.20483e+06 0.2425 12
1.31459e+06 0.245 12
1.6546e+06 0.2475 12
1.8988e+06 0.25 12
1.81897e+06 0.2525 12
1.40461e+06 0.255 12
867498 0.2575 12
428151 0.26 12
220842 0.2625 12
243721 0.265 12
356947 0.2675 12
450168 0.27 12
432637 0.2725 12
304446 0.275 12
0 0.01 13
0 0.0125 13
0 0.015 13
0 0.0175 13
0 0.02 13
0 0.0225 13
0 0.025 13
3750.45 0.0275 13
453.678 0.03 13
24555.3 0.0325 13
86141.1 0.035 13
91869.1 0.0375 13
188974 0.04 13
253106 0.0425 13
288154 0.045 13
415647 0.0475 13
345955 0.05 13
440601 0.0525 13
327330 0.055 13
302692 0.0575 13
236305 0.06 13
141529 0.0625 13
85444.9 0.065 13
39578.8 0.0675 13
78528.1 0.07 13
148797 0.0725 13
254139 0.075 13
412753 0.0775 13
645466 0.08 13
886475 0.0825 13
1.31243e+06 0.085 13
1.80695e+06 0.0875 13
2.33701e+06 0.09 13
2.79219e+06 0.0925 13
3.20328e+06 0.095 13
3.43254e+06 0.0975 13
3.41677e+06 0.1 13
3.18551e+06 0.1025 13
2.94088e+06 0.105 13
2.57175e+06 0.1075 13
1.98634e+06 0.11 13
1.39118e+06 0.1125 13
1.35482e+06 0.115 13
1.3144e+06 0.1175 13
1.3415e+06 0.12 13
1.50821e+06 0.1225 13
1.62245e+06 0.125 13
1.82096e+06 0.1275 13
1.92555e+06 0.13 13
2.20282e+06 0.1325 13
2.06769e+06 0.135 13
2.18306e+06 0.1375 13
2.37088e+06 0.14 13
2.63281e+06 0.1425 13
3.06932e+06 0.145 13
3.3974e+06 0.1475 13
3.5473e+06 0.15 13
3.6002e+06 0.1525 13
3.23099e+06 0.155 13
2.77729e+06 0.1575 13
2.16711e+06 0.16 13
1.563e+06 0.1625 13
1.02247e+06 0.165 13
639877 0.1675 13
479338 0.17 13
453760 0.1725 13
538695 0.175 13
669868 0.1775 13
713125 0.18 13
729425 0.1825 13
658224 0.185 13
591712 0.1875 13
697307 0.19 13
914769 0.1925 13
1.35105e+06 0.195 13
1.88201e+06 0.1975 13
2.03658e+06 0.2 13
2.15898e+06 0.2025 13
2.05928e+06 0.205 13
1.87107e+06 0.2075 13
1.50266e+06 0.21 13
1.24727e+06 0.2125 13
1.09251e+06 0.215 13
1.10564e+06 0.2175 13
1.29233e+06 0.22 13
1.20715e+06 0.2225 13
1.10698e+06 0.225 13
912035 0.2275 13
728374 0.23 13
533053 0.2325 13
391656 0.235 13
305428 0.2375 13
322005 0.24 13
358394 0.2425 13
364755 0.245 13
401465 0.2475 13
422958 0.25 13
412230 0.2525 13
409052 0.255 13
363696 0.2575 13
340582 0.26 13
331532 0.2625 13
277209 0.265 13
274421 0.2675 13
0 0.02 14
0 0.0225 14
0 0.025 14
2575.59 0.0275 14
35667.4 0.03 14
156483 0.0325 14
117753 0.035 14
185752 0.0375 14
386359 0.04 14
670555 0.0425 14
713014 0.045 14
845466 0.0475 14
864751 0.05 14
875929 0.0525 14
540182 0.055 14
366787 0.0575 14
193533 0.06 14
199051 0.0625 14
318225 0.065 14
476561 0.0675 14
767530 0.07 14
817271 0.0725 14
1.03731e+06 0.075 14
1.45993e+06 0.0775 14
2.089e+06 0.08 14
2.91608e+06 0.0825 14
3.76285e+06 0.085 14
4.4697e+06 0.0875 14
4.95113e+06 0.09 14
5.39057e+06 0.0925 14
5.69494e+06 0.095 14
6.08643e+06 0.0975 14
6.64884e+06 0.1 14
7.32476e+06 0.1025 14
7.708e+06 0.105 14
7.63667e+06 0.1075 14
6.79034e+06 0.11 14
5.27163e+06 0.1125 14
3.38339e+06 0.115 14
1.70418e+06 0.1175 14
832284 0.12 14
1.09422e+06 0.1225 14
2.24909e+06 0.125 14
3.93361e+06 0.1275 14
5.58783e+06 0.13 14
6.4628e+06 0.1325 14
6.26862e+06 0.135 14
5.18888e+06 0.1375 14
3.71753e+06 0.14 14
2.40289e+06 0.1425 14
1.36407e+06 0.145 14
895785 0.1475 14
983727 0.15 14
1.12673e+06 0.1525 14
1.23093e+06 0.155 14
1.23055e+06 0.1575 14
1.2202e+06 0.16 14
1.11359e+06 0.1625 14
1.15845e+06 0.165 14
1.22325e+06 0.1675 14
1.23868e+06 0.17 14
1.21152e+06 0.1725 14
1.04258e+06 0.175 14
741932 0.1775 14
455854 0.18 14
272261 0.1825 14
404860 0.185 14
652352 0.1875 14
957497 0.19 14
1.19454e+06 0.1925 14
1.16482e+06 0.195 14
1.04001e+06 0.1975 14
926478 0.2 14
722979 0.2025 14
588764 0.205 14
700908 0.2075 14
910022 0.21 14
1.24489e+06 0.2125 14
1.51091e+06 0.215 14
1.74268e+06 0.2175 14
1.78377e+06 0.22 14
1.65015e+06 0.2225 14
1.46784e+06 0.225 14
1.31179e+06 0.2275 14
1.20656e+06 0.23 14
1.15226e+06 0.2325 14
1.04281e+06 0.235 14
942002 0.2375 14
782643 0.24 14
656187 0.2425 14
518346 0.245 14
412245 0.2475 14
311233 0.25 14
261726 0.2525 14
266524 0.255 14
327131 0.2575 14
0 0.0125 15
0 0.015 15
0 0.0175 15
0 0.02 15
12787.1 0.0225 15
136697 0.025 15
267487 0.0275 15
398818 0.03 15
765843 0.0325 15
928178 0.035 15
1.06012e+06 0.0375 15
1.24176e+06 0.04 15
1.23278e+06 0.0425 15
1.23621e+06 0.045 15
1.19719e+06 0.0475 15
1.27688e+06 0.05 15
1.82328e+06 0.0525 15
2.73596e+06 0.055 15
3.78952e+06 0.0575 15
5.20485e+06 0.06 15
6.37773e+06 0.0625 15
7.00359e+06 0.065 15
7.0351e+06 0.0675 15
5.96152e+06 0.07 15
4.75759e+06 0.0725 15
3.38654e+06 0.075 15
2.30344e+06 0.0775 15
1.63205e+06 0.08 15
1.30294e+06 0.0825 15
1.13685e+06 0.085 15
971246 0.0875 15
756789 0.09 15
572158 0.0925 15
555720 0.095 15
800867 0.0975 15
1.28015e+06 0.1 15
1.85077e+06 0.1025 15
2.30621e+06 0.105 15
2.50295e+06 0.1075 15
2.45909e+06 0.11 15
2.21068e+06 0.1125 15
2.01799e+06 0.115 15
1.66103e+06 0.1175 15
1.32682e+06 0.12 15
1.30032e+06 0.1225 15
1.23428e+06 0.125 15
1.6103e+06 0.1275 15
1.50066e+06 0.13 15
1.88757e+06 0.1325 15
2.32432e+06 0.135 15
2.67651e+06 0.1375 15
3.01298e+06 0.14 15
3.40498e+06 0.1425 15
3.57453e+06 0.145 15
3.51827e+06 0.1475 15
3.42926e+06 0.15 15
3.20045e+06 0.1525 15
2.79698e+06 0.155 15
2.55456e+06 0.1575 15
2.4217e+06 0.16 15
2.3207e+06 0.1625 15
2.18951e+06 0.165 15
2.50163e+06 0.1675 15
2.43624e+06 0.17 15
2.4188e+06 0.1725 15
2.17158e+06 0.175 15
2.01926e+06 0.1775 15
1.86247e+06 0.18 15
1.52509e+06 0.1825 15
1.17553e+06 0.185 15
816115 0.1875 15
513569 0.19 15
320758 0.1925 15
284620 0.195 15
454713 0.1975 15
780680 0.2 15
1.17097e+06 0.2025 15
1.70096e+06 0.205 15
1.90281e+06 0.2075 15
1.95637e+06 0.21 15
1.75561e+06 0.2125 15
1.46244e+06 0.215 15
1.05761e+06 0.2175 15
679426 0.22 15
408855 0.2225 15
347957 0.225 15
441316 0.2275 15
685201 0.23 15
965284 0.2325 15
1.24426e+06 0.235 15
1.31995e+06 0.2375 15
1.29746e+06 0.24 15
1.18403e+06 0.2425 15
1.0412e+06 0.245 15
865266 0.2475 15
0 0.0025 16
0 0.005 16
0 0.0075 16
0 0.01 16
0 0.0125 16
0 0.015 16
0 0.0175 16
0 0.02 16
0 0.0225 16
0 0.025 16
0 0.0275 16
0 0.03 16
301.555 0.0325 16
8968.15 0.035 16
40411 0.0375 16
184701 0.04 16
382757 0.0425 16
862806 0.045 16
1.5119e+06 0.0475 16
2.36603e+06 0.05 16
3.2531e+06 0.0525 16
4.86301e+06 0.055 16
6.42427e+06 0.0575 16
7.64479e+06 0.06 16
9.14918e+06 0.0625 16
1.01726e+07 0.065 16
1.10108e+07 0.0675 16
1.10186e+07 0.07 16
1.09037e+07 0.0725 16
1.07159e+07 0.075 16
1.04683e+07 0.0775 16
1.01733e+07 0.08 16
9.74353e+06 0.0825 16
8.74058e+06 0.085 16
7.43309e+06 0.0875 16
6.17668e+06 0.09 16
4.86168e+06 0.0925 16
3.68426e+06 0.095 16
2.64051e+06 0.0975 16
1.79101e+06 0.1 16
1.16859e+06 0.1025 16
921231 0.105 16
952344 0.1075 16
1.09644e+06 0.11 16
1.22529e+06 0.1125 16
1.31951e+06 0.115 16
1.44242e+06 0.1175 16
1.45799e+06 0.12 16
1.44298e+06 0.1225 16
1.3387e+06 0.125 16
1.26797e+06 0.1275 16
1.1451e+06 0.13 16
1.07847e+06 0.1325 16
1.00611e+06 0.135 16
963608 0.1375 16
941475 0.14 16
960676 0.1425 16
998164 0.145 16
953800 0.1475 16
928216 0.15 16
778580 0.1525 16
632470 0.155 16
496783 0.1575 16
334532 0.16 16
258857 0.1625 16
155010 0.165 16
125648 0.1675 16
164199 0.17 16
240307 0.1725 16
262380 0.175 16
338326 0.1775 16
350621 0.18 16
315167 0.1825 16
303207 0.185 16
254694 0.1875 16
267247 0.19 16
431409 0.1925 16
654344 0.195 16
844835 0.1975 16
994839 0.2 16
1.09059e+06 0.2025 16
1.02645e+06 0.205 16
947274 0.2075 16
803516 0.21 16
651512 0.2125 16
871952 0.215 16
1.03749e+06 0.2175 16
1.30727e+06 0.22 16
1.54467e+06 0.2225 16
1.5949e+06 0.225 16
1.37714e+06 0.2275 16
1.0413e+06 0.23 16
624046 0.2325 16
406451 0.235 16
379121 0.2375 16
0 0.0025 17
0 0.005 17
0 0.0075 17
0 0.01 17
0 0.0125 17
0 0.015 17
21713.6 0.0175 17
67903 0.02 17
215661 0.0225 17
503166 0.025 17
709757 0.0275 17
803488 0.03 17
903431 0.0325 17
1.00213e+06 0.035 17
899621 0.0375 17
724256 0.04 17
560215 0.0425 17
490547 0.045 17
733935 0.0475 17
1.24212e+06 0.05 17
1.93095e+06 0.0525 17
2.52879e+06 0.055 17
2.88459e+06 0.0575 17
2.87951e+06 0.06 17
2.55965e+06 0.0625 17
2.08357e+06 0.065 17
1.63332e+06 0.0675 17
1.32287e+06 0.07 17
1.15557e+06 0.0725 17
1.04974e+06 0.075 17
908843 0.0775 17
688109 0.08 17
417934 0.0825 17
177177 0.085 17
42868.8 0.0875 17
53382.2 0.09 17
205076 0.0925 17
473233 0.095 17
830538 0.0975 17
1.24373e+06 0.1 17
1.6542e+06 0.1025 17
1.96927e+06 0.105 17
2.09057e+06 0.1075 17
1.96234e+06 0.11 17
1.65099e+06 0.1125 17
1.30913e+06 0.115 17
1.18542e+06 0.1175 17
1.39501e+06 0.12 17
2.03275e+06 0.1225 17
2.84425e+06 0.125 17
3.6315e+06 0.1275 17
4.12596e+06 0.13 17
4.12458e+06 0.1325 17
4.01338e+06 0.135 17
3.91245e+06 0.1375 17
3.9652e+06 0.14 17
4.15555e+06 0.1425 17
4.42399e+06 0.145 17
4.4284e+06 0.1475 17
4.02249e+06 0.15 17
3.35705e+06 0.1525 17
2.53001e+06 0.155 17
1.71209e+06 0.1575 17
1.18726e+06 0.16 17
1.0775e+06 0.1625 17
1.23096e+06 0.165 17
1.45972e+06 0.1675 17
1.6561e+06 0.17 17
1.6543e+06 0.1725 17
1.45635e+06 0.175 17
1.17524e+06 0.1775 17
839467 0.18 17
627522 0.1825 17
481931 0.185 17
505441 0.1875 17
556901 0.19 17
603757 0.1925 17
767018 0.195 17
779058 0.1975 17
728958 0.2 17
572508 0.2025 17
462640 0.205 17
391602 0.2075 17
394746 0.21 17
605226 0.2125 17
953191 0.215 17
1.37074e+06 0.2175 17
1.64603e+06 0.22 17
1.66754e+06 0.2225 17
1.62515e+06 0.225 17
0 0.0025 18
0 0.005 18
0 0.0075 18
0 0.01 18
0 0.0125 18
0 0.015 18
0 0.0175 18
0 0.02 18
0 0.0225 18
0 0.025 18
0 0.0275 18
0 0.03 18
0 0.0325 18
0 0.035 18
618.659 0.0375 18
48.0555 0.04 18
25053.7 0.0425 18
102189 0.045 18
208646 0.0475 18
342122 0.05 18
482808 0.0525 18
852990 0.055 18
1.27191e+06 0.0575 18
1.37043e+06 0.06 18
1.6377e+06 0.0625 18
1.61465e+06 0.065 18
1.90983e+06 0.0675 18
1.91146e+06 0.07 18
1.92107e+06 0.0725 18
1.74898e+06 0.075 18
1.71388e+06 0.0775 18
1.6524e+06 0.08 18
1.89009e+06 0.0825 18
1.90821e+06 0.085 18
1.97666e+06 0.0875 18
1.98368e+06 0.09 18
1.85632e+06 0.0925 18
1.56454e+06 0.095 18
1.36105e+06 0.0975 18
1.37408e+06 0.1 18
1.59774e+06 0.1025 18
2.1109e+06 0.105 18
2.85349e+06 0.1075 18
3.54776e+06 0.11 18
3.87098e+06 0.1125 18
4.20919e+06 0.115 18
4.07405e+06 0.1175 18
3.50774e+06 0.12 18
2.89918e+06 0.1225 18
2.20945e+06 0.125 18
1.51522e+06 0.1275 18
1.00236e+06 0.13 18
605572 0.1325 18
441902 0.135 18
477003 0.1375 18
545061 0.14 18
655404 0.1425 18
755035 0.145 18
744634 0.1475 18
650941 0.15 18
548323 0.1525 18
353609 0.155 18
237788 0.1575 18
141720 0.16 18
74516 0.1625 18
104877 0.165 18
285645 0.1675 18
543624 0.17 18
830126 0.1725 18
1.14896e+06 0.175 18
1.33452e+06 0.1775 18
1.38157e+06 0.18 18
1.26323e+06 0.1825 18
999465 0.185 18
676957 0.1875 18
400836 0.19 18
216953 0.1925 18
159304 0.195 18
157518 0.1975 18
174905 0.2 18
182151 0.2025 18
170831 0.205 18
119589 0.2075 18
126626 0.21 18
142891 0.2125 18
0 0.0025 19
0 0.005 19
0 0.0075 19
0 0.01 19
7248.11 0.0125 19
17549.4 0.015 19
40492.6 0.0175 19
49076.9 0.02 19
101860 0.0225 19
137178 0.025 19
134173 0.0275 19
109846 0.03 19
83711.2 0.0325 19
76454.4 0.035 19
121026 0.0375 19
218709 0.04 19
349368 0.0425 19
471904 0.045 19
541526 0.0475 19
532072 0.05 19
448609 0.0525 19
322623 0.055 19
193681 0.0575 19
90599.2 0.06 19
24970.4 0.0625 19
408.294 0.065 19
28859.5 0.0675 19
139823 0.07 19
373426 0.0725 19
760131 0.075 19
1.29939e+06 0.0775 19
1.94988e+06 0.08 19
2.63539e+06 0.0825 19
3.26053e+06 0.085 19
3.7272e+06 0.0875 19
3.94789e+06 0.09 19
3.86009e+06 0.0925 19
3.44678e+06 0.095 19
2.76015e+06 0.0975 19
1.93269e+06 0.1 19
1.15678e+06 0.1025 19
626178 0.105 19
457800 0.1075 19
632920 0.11 19
996890 0.1125 19
1.32794e+06 0.115 19
1.44119e+06 0.1175 19
1.29642e+06 0.12 19
1.00461e+06 0.1225 19
765375 0.125 19
795953 0.1275 19
1.10979e+06 0.13 19
1.60172e+06 0.1325 19
2.12241e+06 0.135 19
2.31645e+06 0.1375 19
2.32625e+06 0.14 19
1.98569e+06 0.1425 19
1.53628e+06 0.145 19
1.13673e+06 0.1475 19
997829 0.15 19
1.02622e+06 0.1525 19
1.20222e+06 0.155 19
1.45311e+06 0.1575 19
1.54721e+06 0.16 19
1.51901e+06 0.1625 19
1.51316e+06 0.165 19
1.3782e+06 0.1675 19
1.20773e+06 0.17 19
954207 0.1725 19
729829 0.175 19
557345 0.1775 19
448141 0.18 19
364430 0.1825 19
407046 0.185 19
414086 0.1875 19
399110 0.19 19
453598 0.1925 19
416455 0.195 19
412716 0.1975 19
0 0.0025 20
0 0.005 20
0 0.0075 20
0 0.01 20
0 0.0125 20
0 0.015 20
0 0.0175 20
0 0.02 20
0 0.0225 20
0 0.025 20
0 0.0275 20
0 0.03 20
0 0.0325 20
0 0.035 20
0 0.0375 20
0 0.04 20
345.507 0.0425 20
3135.2 0.045 20
124.336 0.0475 20
1996.23 0.05 20
41586.9 0.0525 20
51489.4 0.055 20
121089 0.0575 20
131715 0.06 20
175354 0.0625 20
229145 0.065 20
277843 0.0675 20
497681 0.07 20
572376 0.0725 20
706832 0.075 20
770272 0.0775 20
788160 0.08 20
693967 0.0825 20
574491 0.085 20
448294 0.0875 20
301054 0.09 20
185669 0.0925 20
142105 0.095 20
92936.5 0.0975 20
113491 0.1 20
102251 0.1025 20
158281 0.105 20
212735 0.1075 20
309454 0.11 20
476535 0.1125 20
703087 0.115 20
857667 0.1175 20
978250 0.12 20
1.0787e+06 0.1225 20
1.1401e+06 0.125 20
1.21629e+06 0.1275 20
1.35991e+06 0.13 20
1.59677e+06 0.1325 20
1.93331e+06 0.135 20
2.23243e+06 0.1375 20
2.49242e+06 0.14 20
2.47499e+06 0.1425 20
2.38249e+06 0.145 20
1.96069e+06 0.1475 20
1.41195e+06 0.15 20
913440 0.1525 20
523053 0.155 20
394994 0.1575 20
511816 0.16 20
813445 0.1625 20
1.24631e+06 0.165 20
1.58197e+06 0.1675 20
1.75852e+06 0.17 20
1.73528e+06 0.1725 20
1.56798e+06 0.175 20
1.26248e+06 0.1775 20
0 0.0025 21
0 0.005 21
1538.67 0.0075 21
9477.25 0.01 21
17661.8 0.0125 21
49738.8 0.015 21
96295.5 0.0175 21
147295 0.02 21
215104 0.0225 21
300016 0.025 21
411485 0.0275 21
557473 0.03 21
734284 0.0325 21
919625 0.035 21
1.07551e+06 0.0375 21
1.16192e+06 0.04 21
1.15476e+06 0.0425 21
1.05776e+06 0.045 21
901109 0.0475 21
727745 0.05 21
575823 0.0525 21
467475 0.055 21
408660 0.0575 21
396700 0.06 21
427256 0.0625 21
494660 0.065 21
586457 0.0675 21
679079 0.07 21
741489 0.0725 21
747311 0.075 21
688365 0.0775 21
579939 0.08 21
453069 0.0825 21
338188 0.085 21
250863 0.0875 21
188920 0.09 21
141948 0.0925 21
105080 0.095 21
86051.6 0.0975 21
100024 0.1 21
156295 0.1025 21
247513 0.105 21
350196 0.1075 21
436749 0.11 21
490324 0.1125 21
511685 0.115 21
513367 0.1175 21
507840 0.12 21
491077 0.1225 21
454624 0.125 21
382586 0.1275 21
280165 0.13 21
167271 0.1325 21
78878.5 0.135 21
28484 0.1375 21
64688.7 0.14 21
103362 0.1425 21
135506 0.145 21
184478 0.1475 21
214973 0.15 21
245089 0.1525 21
292814 0.155 21
331659 0.1575 21
338283 0.16 21
0 0.0025 22
0 0.005 22
0 0.0075 22
0 0.01 22
0 0.0125 22
0 0.015 22
0 0.0175 22
0 0.02 22
0 0.0225 22
0 0.025 22
0 0.0275 22
0 0.03 22
0 0.0325 22
0 0.035 22
0 0.0375 22
0 0.04 22
0 0.0425 22
0 0.045 22
0 0.0475 22
2561.39 0.05 22
15002.4 0.0525 22
28452.1 0.055 22
46447.3 0.0575 22
119116 0.06 22
164523 0.0625 22
151839 0.065 22
323402 0.0675 22
467108 0.07 22
503616 0.0725 22
562601 0.075 22
591477 0.0775 22
606434 0.08 22
705683 0.0825 22
688607 0.085 22
487448 0.0875 22
362240 0.09 22
218169 0.0925 22
82614.9 0.095 22
47636.1 0.0975 22
81236.3 0.1 22
173736 0.1025 22
370687 0.105 22
539911 0.1075 22
773529 0.11 22
973868 0.1125 22
1.11258e+06 0.115 22
1.14938e+06 0.1175 22
1.18876e+06 0.12 22
1.10165e+06 0.1225 22
872005 0.125 22
761864 0.1275 22
551362 0.13 22
402742 0.1325 22
275773 0.135 22
191901 0.1375 22
59.87 0.0025 23
901.851 0.005 23
4134.76 0.0075 23
11419.9 0.01 23
23676.5 0.0125 23
41106.9 0.015 23
64550.5 0.0175 23
98132.4 0.02 23
152334 0.0225 23
245619 0.025 23
402129 0.0275 23
643541 0.03 23
975614 0.0325 23
1.3738e+06 0.035 23
1.77577e+06 0.0375 23
2.08892e+06 0.04 23
2.21605e+06 0.0425 23
2.09312e+06 0.045 23
1.72392e+06 0.0475 23
1.19289e+06 0.05 23
644305 0.0525 23
230983 0.055 23
52830.4 0.0575 23
114403 0.06 23
324584 0.0625 23
541798 0.065 23
644240 0.0675 23
589702 0.07 23
433140 0.0725 23
291698 0.075 23
275336 0.0775 23
420820 0.08 23
666123 0.0825 23
880748 0.085 23
936779 0.0875 23
782421 0.09 23
477453 0.0925 23
169920 0.095 23
24669 0.0975 23
140163 0.1 23
496377 0.1025 23
