4.90549e+07 0.085 0
2.96013e+07 0.0875 0
1.09037e+07 0.09 0
950044 0.0925 0
1.33115e+06 0.095 0
7.61936e+06 0.0975 0
1.32195e+07 0.1 0
1.37688e+07 0.1025 0
9.32386e+06 0.105 0
3.41356e+06 0.1075 0
121402 0.11 0
1.35997e+06 0.1125 0
5.979e+06 0.115 0
1.09141e+07 0.1175 0
1.32956e+07 0.12 0
1.20666e+07 0.1225 0
8.23899e+06 0.125 0
3.92923e+06 0.1275 0
957168 0.13 0
107753 0.1325 0
821179 0.135 0
2.01968e+06 0.1375 0
2.98559e+06 0.14 0
3.5366e+06 0.1425 0
3.4135e+06 0.145 0
3.12503e+06 0.1475 0
3.03531e+06 0.15 0
2.27284e+06 0.1525 0
2.37333e+06 0.155 0
2.6568e+06 0.1575 0
3.00337e+06 0.16 0
3.00955e+06 0.1625 0
3.04969e+06 0.165 0
3.43665e+06 0.1675 0
3.23996e+06 0.17 0
3.1442e+06 0.1725 0
2.42897e+06 0.175 0
1.58811e+06 0.1775 0
746802 0.18 0
307346 0.1825 0
142577 0.185 0
479843 0.1875 0
909845 0.19 0
1.55176e+06 0.1925 0
2.06079e+06 0.195 0
2.51311e+06 0.1975 0
2.74036e+06 0.2 0
2.70202e+06 0.2025 0
2.65266e+06 0.205 0
2.63462e+06 0.2075 0
2.6588e+06 0.21 0
3.0229e+06 0.2125 0
3.21733e+06 0.215 0
3.66437e+06 0.2175 0
3.70636e+06 0.22 0
3.82471e+06 0.2225 0
3.54382e+06 0.225 0
2.9562e+06 0.2275 0
2.28538e+06 0.23 0
1.50631e+06 0.2325 0
1.16303e+06 0.235 0
1.0005e+06 0.2375 0
1.01411e+06 0.24 0
1.20412e+06 0.2425 0
1.55787e+06 0.245 0
1.77175e+06 0.2475 0
1.62028e+06 0.25 0
1.17583e+06 0.2525 0
614022 0.255 0
278149 0.2575 0
36445.8 0.26 0
57860.8 0.2625 0
329304 0.265 0
705543 0.2675 0
995723 0.27 0
1.15474e+06 0.2725 0
1.01573e+06 0.275 0
810666 0.2775 0
525501 0.28 0
268608 0.2825 0
263643 0.285 0
589043 0.2875 0
1.12152e+06 0.29 0
1.71424e+06 0.2925 0
2.20375e+06 0.295 0
2.61267e+06 0.2975 0
2.76245e+06 0.3 0
2.74293e+06 0.3025 0
2.53651e+06 0.305 0
2.39448e+06 0.3075 0
2.10827e+06 0.31 0
2.02622e+06 0.3125 0
1.77531e+06 0.315 0
5.69351e+06 0.0825 1
5.52368e+06 0.085 1
5.92403e+06 0.0875 1
6.52821e+06 0.09 1
6.41794e+06 0.0925 1
5.85061e+06 0.095 1
5.10211e+06 0.0975 1
4.32246e+06 0.1 1
4.1948e+06 0.1025 1
3.93324e+06 0.105 1
4.12632e+06 0.1075 1
5.10597e+06 0.11 1
6.54564e+06 0.1125 1
7.77233e+06 0.115 1
8.81404e+06 0.1175 1
9.04877e+06 0.12 1
9.26201e+06 0.1225 1
7.91533e+06 0.125 1
6.77523e+06 0.1275 1
5.61299e+06 0.13 1
4.80062e+06 0.1325 1
4.52167e+06 0.135 1
4.37536e+06 0.1375 1
5.12375e+06 0.14 1
6.28671e+06 0.1425 1
7.76919e+06 0.145 1
9.31202e+06 0.1475 1
1.0407e+07 0.15 1
1.11871e+07 0.1525 1
1.0644e+07 0.155 1
9.11686e+06 0.1575 1
6.73148e+06 0.16 1
4.33956e+06 0.1625 1
2.14181e+06 0.165 1
721401 0.1675 1
237269 0.17 1
587889 0.1725 1
1.45252e+06 0.175 1
2.4773e+06 0.1775 1
3.36139e+06 0.18 1
3.90624e+06 0.1825 1
4.06164e+06 0.185 1
3.87898e+06 0.1875 1
3.42036e+06 0.19 1
2.83585e+06 0.1925 1
2.23534e+06 0.195 1
1.74189e+06 0.1975 1
1.31589e+06 0.2 1
1.09766e+06 0.2025 1
946885 0.205 1
808359 0.2075 1
658521 0.21 1
614537 0.2125 1
466862 0.215 1
306782 0.2175 1
308289 0.22 1
375719 0.2225 1
492428 0.225 1
582066 0.2275 1
677032 0.23 1
672675 0.2325 1
710420 0.235 1
669159 0.2375 1
699109 0.24 1
697544 0.2425 1
676365 0.245 1
628542 0.2475 1
633886 0.25 1
581774 0.2525 1
531130 0.255 1
561171 0.2575 1
559808 0.26 1
547736 0.2625 1
577049 0.265 1
575261 0.2675 1
570651 0.27 1
742961 0.2725 1
973629 0.275 1
1.26523e+06 0.2775 1
1.56484e+06 0.28 1
1.75901e+06 0.2825 1
1.82202e+06 0.285 1
1.84876e+06 0.2875 1
1.65384e+06 0.29 1
1.4166e+06 0.2925 1
1.17826e+06 0.295 1
1.06523e+06 0.2975 1
955922 0.3 1
988720 0.3025 1
1.09167e+06 0.305 1
1.14446e+06 0.3075 1
1.17359e+06 0.31 1
1.06469e+06 0.3125 1
925500 0.315 1
5.40836e+07 0.08 2
7.12896e+07 0.0825 2
8.26841e+07 0.085 2
8.31614e+07 0.0875 2
7.2761e+07 0.09 2
5.57939e+07 0.0925 2
3.81267e+07 0.095 2
2.43173e+07 0.0975 2
1.60642e+07 0.1 2
1.24362e+07 0.1025 2
1.12831e+07 0.105 2
1.07353e+07 0.1075 2
9.95097e+06 0.11 2
8.95709e+06 0.1125 2
8.01691e+06 0.115 2
7.24974e+06 0.1175 2
6.28107e+06 0.12 2
4.826e+06 0.1225 2
3.21316e+06 0.125 2
1.77781e+06 0.1275 2
1.06793e+06 0.13 2
1.2415e+06 0.1325 2
2.06504e+06 0.135 2
2.82357e+06 0.1375 2
3.25433e+06 0.14 2
3.0957e+06 0.1425 2
2.71303e+06 0.145 2
2.48981e+06 0.1475 2
2.53733e+06 0.15 2
2.92945e+06 0.1525 2
3.3354e+06 0.155 2
3.34614e+06 0.1575 2
3.61944e+06 0.16 2
3.7281e+06 0.1625 2
3.37191e+06 0.165 2
3.59603e+06 0.1675 2
3.85779e+06 0.17 2
3.86328e+06 0.1725 2
4.23518e+06 0.175 2
4.00251e+06 0.1775 2
3.92376e+06 0.18 2
3.49335e+06 0.1825 2
2.70516e+06 0.185 2
2.17482e+06 0.1875 2
1.52692e+06 0.19 2
1.2805e+06 0.1925 2
1.19387e+06 0.195 2
1.38796e+06 0.1975 2
2.13829e+06 0.2 2
2.81104e+06 0.2025 2
3.24723e+06 0.205 2
3.52864e+06 0.2075 2
3.65472e+06 0.21 2
3.25638e+06 0.2125 2
2.69022e+06 0.215 2
2.06197e+06 0.2175 2
1.32598e+06 0.22 2
776334 0.2225 2
338988 0.225 2
237336 0.2275 2
257645 0.23 2
471441 0.2325 2
801770 0.235 2
1.16658e+06 0.2375 2
1.49471e+06 0.24 2
1.5373e+06 0.2425 2
1.61721e+06 0.245 2
1.54133e+06 0.2475 2
1.31766e+06 0.25 2
1.11536e+06 0.2525 2
936787 0.255 2
668359 0.2575 2
518299 0.26 2
469767 0.2625 2
472114 0.265 2
576356 0.2675 2
617933 0.27 2
698044 0.2725 2
709070 0.275 2
703668 0.2775 2
625339 0.28 2
516665 0.2825 2
399844 0.285 2
388499 0.2875 2
508762 0.29 2
740861 0.2925 2
1.12002e+06 0.295 2
1.45419e+06 0.2975 2
1.74943e+06 0.3 2
1.92032e+06 0.3025 2
1.83151e+06 0.305 2
1.79079e+06 0.3075 2
1.72615e+06 0.31 2
1.66975e+06 0.3125 2
1.63186e+06 0.315 2
359343 0.0725 3
178104 0.075 3
123349 0.0775 3
321931 0.08 3
800216 0.0825 3
1.61327e+06 0.085 3
2.52706e+06 0.0875 3
3.18026e+06 0.09 3
4.05608e+06 0.0925 3
4.75106e+06 0.095 3
5.13737e+06 0.0975 3
5.21306e+06 0.1 3
5.37973e+06 0.1025 3
6.26472e+06 0.105 3
7.12491e+06 0.1075 3
7.77094e+06 0.11 3
8.47066e+06 0.1125 3
9.40529e+06 0.115 3
1.00462e+07 0.1175 3
1.01785e+07 0.12 3
1.01243e+07 0.1225 3
9.90227e+06 0.125 3
9.36165e+06 0.1275 3
8.16547e+06 0.13 3
6.93008e+06 0.1325 3
5.73895e+06 0.135 3
4.64341e+06 0.1375 3
3.67758e+06 0.14 3
3.13733e+06 0.1425 3
2.97306e+06 0.145 3
2.31719e+06 0.1475 3
1.82005e+06 0.15 3
1.38802e+06 0.1525 3
1.08124e+06 0.155 3
1.00272e+06 0.1575 3
995288 0.16 3
1.29498e+06 0.1625 3
1.6746e+06 0.165 3
2.07683e+06 0.1675 3
2.51071e+06 0.17 3
2.8735e+06 0.1725 3
3.1292e+06 0.175 3
3.45292e+06 0.1775 3
4.04809e+06 0.18 3
4.59148e+06 0.1825 3
4.99747e+06 0.185 3
5.47185e+06 0.1875 3
5.30452e+06 0.19 3
5.05272e+06 0.1925 3
4.29293e+06 0.195 3
3.59109e+06 0.1975 3
2.88956e+06 0.2 3
2.55228e+06 0.2025 3
2.66699e+06 0.205 3
2.40077e+06 0.2075 3
2.35973e+06 0.21 3
2.18585e+06 0.2125 3
2.15259e+06 0.215 3
1.97176e+06 0.2175 3
1.95825e+06 0.22 3
1.9042e+06 0.2225 3
2.09231e+06 0.225 3
2.31916e+06 0.2275 3
2.58046e+06 0.23 3
2.83518e+06 0.2325 3
2.81868e+06 0.235 3
2.50596e+06 0.2375 3
2.05098e+06 0.24 3
1.44954e+06 0.2425 3
932704 0.245 3
637710 0.2475 3
362919 0.25 3
354622 0.2525 3
362605 0.255 3
521893 0.2575 3
681256 0.26 3
822041 0.2625 3
851804 0.265 3
746680 0.2675 3
631699 0.27 3
637669 0.2725 3
797203 0.275 3
1.26045e+06 0.2775 3
1.92678e+06 0.28 3
2.56657e+06 0.2825 3
2.91828e+06 0.285 3
2.80888e+06 0.2875 3
2.3505e+06 0.29 3
1.77834e+06 0.2925 3
1.14128e+06 0.295 3
740238 0.2975 3
732940 0.3 3
962141 0.3025 3
1.27003e+06 0.305 3
1.40932e+06 0.3075 3
1.40542e+06 0.31 3
1.2241e+06 0.3125 3
1.05009e+06 0.315 3
2.96016e+06 0.0625 4
1.17975e+06 0.065 4
471347 0.0675 4
906825 0.07 4
2.11179e+06 0.0725 4
3.66871e+06 0.075 4
4.81915e+06 0.0775 4
5.07051e+06 0.08 4
4.33922e+06 0.0825 4
2.98842e+06 0.085 4
1.65447e+06 0.0875 4
933859 0.09 4
1.0968e+06 0.0925 4
1.90171e+06 0.095 4
2.83615e+06 0.0975 4
3.36631e+06 0.1 4
3.16965e+06 0.1025 4
2.29143e+06 0.105 4
1.47024e+06 0.1075 4
910070 0.11 4
1.18034e+06 0.1125 4
1.9708e+06 0.115 4
3.40302e+06 0.1175 4
4.14361e+06 0.12 4
4.46408e+06 0.1225 4
4.10695e+06 0.125 4
3.82984e+06 0.1275 4
3.85188e+06 0.13 4
4.39269e+06 0.1325 4
5.23915e+06 0.135 4
6.25548e+06 0.1375 4
6.45408e+06 0.14 4
6.00822e+06 0.1425 4
5.0406e+06 0.145 4
3.62323e+06 0.1475 4
2.35467e+06 0.15 4
1.57317e+06 0.1525 4
1.38646e+06 0.155 4
1.69743e+06 0.1575 4
2.4033e+06 0.16 4
2.86153e+06 0.1625 4
3.17474e+06 0.165 4
3.36509e+06 0.1675 4
3.30737e+06 0.17 4
3.3973e+06 0.1725 4
3.33632e+06 0.175 4
3.45078e+06 0.1775 4
3.38863e+06 0.18 4
3.3651e+06 0.1825 4
3.06659e+06 0.185 4
2.53134e+06 0.1875 4
2.17177e+06 0.19 4
1.86339e+06 0.1925 4
1.83547e+06 0.195 4
2.22262e+06 0.1975 4
2.20124e+06 0.2 4
1.79222e+06 0.2025 4
1.41544e+06 0.205 4
1.13316e+06 0.2075 4
952460 0.21 4
933776 0.2125 4
1.12769e+06 0.215 4
1.32109e+06 0.2175 4
1.75718e+06 0.22 4
1.92038e+06 0.2225 4
1.86254e+06 0.225 4
1.82627e+06 0.2275 4
1.80955e+06 0.23 4
1.79765e+06 0.2325 4
1.89246e+06 0.235 4
2.12979e+06 0.2375 4
2.24642e+06 0.24 4
2.32468e+06 0.2425 4
2.32139e+06 0.245 4
2.3419e+06 0.2475 4
2.34466e+06 0.25 4
2.41985e+06 0.2525 4
2.75119e+06 0.255 4
2.92314e+06 0.2575 4
2.99706e+06 0.26 4
3.18153e+06 0.2625 4
3.06498e+06 0.265 4
2.98306e+06 0.2675 4
2.82843e+06 0.27 4
2.57097e+06 0.2725 4
2.26607e+06 0.275 4
1.9798e+06 0.2775 4
1.535e+06 0.28 4
1.24651e+06 0.2825 4
1.00812e+06 0.285 4
963689 0.2875 4
921530 0.29 4
993960 0.2925 4
1.1179e+06 0.295 4
1.23326e+06 0.2975 4
1.26545e+06 0.3 4
1.26925e+06 0.3025 4
1.25937e+06 0.305 4
1.20007e+06 0.3075 4
1.0626e+06 0.31 4
847561 0.3125 4
1.61392e+07 0.0475 5
1.65245e+07 0.05 5
1.61305e+07 0.0525 5
1.49051e+07 0.055 5
1.3057e+07 0.0575 5
1.0774e+07 0.06 5
8.35645e+06 0.0625 5
6.20882e+06 0.065 5
4.73128e+06 0.0675 5
4.1687e+06 0.07 5
4.49006e+06 0.0725 5
5.36985e+06 0.075 5
6.29762e+06 0.0775 5
6.77526e+06 0.08 5
6.51159e+06 0.0825 5
5.52143e+06 0.085 5
4.08499e+06 0.0875 5
2.59628e+06 0.09 5
1.38434e+06 0.0925 5
597956 0.095 5
215219 0.0975 5
104179 0.1 5
147252 0.1025 5
309027 0.105 5
605654 0.1075 5
1.22945e+06 0.11 5
2.14284e+06 0.1125 5
3.43074e+06 0.115 5
5.0882e+06 0.1175 5
6.12086e+06 0.12 5
6.59174e+06 0.1225 5
6.88729e+06 0.125 5
7.34206e+06 0.1275 5
7.16787e+06 0.13 5
7.00547e+06 0.1325 5
6.54713e+06 0.135 5
5.83485e+06 0.1375 5
5.22239e+06 0.14 5
5.36933e+06 0.1425 5
5.58698e+06 0.145 5
5.79309e+06 0.1475 5
5.83986e+06 0.15 5
5.7018e+06 0.1525 5
5.19e+06 0.155 5
4.11113e+06 0.1575 5
3.01657e+06 0.16 5
1.98935e+06 0.1625 5
1.28252e+06 0.165 5
1.17794e+06 0.1675 5
1.52784e+06 0.17 5
2.0486e+06 0.1725 5
2.245e+06 0.175 5
2.56564e+06 0.1775 5
2.37047e+06 0.18 5
1.66179e+06 0.1825 5
1.15694e+06 0.185 5
735760 0.1875 5
677144 0.19 5
935516 0.1925 5
1.30587e+06 0.195 5
1.74453e+06 0.1975 5
1.9725e+06 0.2 5
2.1347e+06 0.2025 5
2.07491e+06 0.205 5
1.77149e+06 0.2075 5
1.46531e+06 0.21 5
1.37695e+06 0.2125 5
1.66717e+06 0.215 5
2.19026e+06 0.2175 5
2.91459e+06 0.22 5
3.64455e+06 0.2225 5
4.1982e+06 0.225 5
4.35722e+06 0.2275 5
3.93835e+06 0.23 5
3.29406e+06 0.2325 5
2.59269e+06 0.235 5
1.8699e+06 0.2375 5
1.45027e+06 0.24 5
1.26044e+06 0.2425 5
1.11129e+06 0.245 5
1.07544e+06 0.2475 5
1.06086e+06 0.25 5
999248 0.2525 5
824734 0.255 5
759763 0.2575 5
676516 0.26 5
713034 0.2625 5
734053 0.265 5
837983 0.2675 5
898134 0.27 5
958250 0.2725 5
1.02766e+06 0.275 5
1.04226e+06 0.2775 5
1.15435e+06 0.28 5
1.30134e+06 0.2825 5
1.38228e+06 0.285 5
1.37075e+06 0.2875 5
1.34214e+06 0.29 5
1.26698e+06 0.2925 5
1.13754e+06 0.295 5
964655 0.2975 5
902730 0.3 5
938491 0.3025 5
897829 0.305 5
986126 0.3075 5
1.10597e+06 0.31 5
0 0.0125 6
0 0.015 6
0 0.0175 6
0 0.02 6
0 0.0225 6
0 0.025 6
0 0.0275 6
0 0.03 6
0 0.0325 6
0 0.035 6
15.0438 0.0375 6
5026.89 0.04 6
125320 0.0425 6
246625 0.045 6
802540 0.0475 6
1.22229e+06 0.05 6
1.80239e+06 0.0525 6
2.88449e+06 0.055 6
3.34771e+06 0.0575 6
3.88301e+06 0.06 6
3.93583e+06 0.0625 6
4.23073e+06 0.065 6
3.96035e+06 0.0675 6
3.33449e+06 0.07 6
3.17563e+06 0.0725 6
2.93539e+06 0.075 6
3.72374e+06 0.0775 6
5.24332e+06 0.08 6
7.33791e+06 0.0825 6
1.0079e+07 0.085 6
1.24747e+07 0.0875 6
1.46149e+07 0.09 6
1.48466e+07 0.0925 6
1.42572e+07 0.095 6
1.25137e+07 0.0975 6
9.91825e+06 0.1 6
7.29332e+06 0.1025 6
5.47746e+06 0.105 6
4.3501e+06 0.1075 6
3.76125e+06 0.11 6
3.30526e+06 0.1125 6
2.81586e+06 0.115 6
2.1958e+06 0.1175 6
1.50262e+06 0.12 6
1.10113e+06 0.1225 6
1.01501e+06 0.125 6
1.37302e+06 0.1275 6
2.07239e+06 0.13 6
2.65865e+06 0.1325 6
3.23414e+06 0.135 6
3.44046e+06 0.1375 6
3.69763e+06 0.14 6
3.49919e+06 0.1425 6
3.72417e+06 0.145 6
4.04002e+06 0.1475 6
3.81363e+06 0.15 6
3.51787e+06 0.1525 6
3.13743e+06 0.155 6
2.49943e+06 0.1575 6
2.21129e+06 0.16 6
2.19614e+06 0.1625 6
2.71967e+06 0.165 6
3.37206e+06 0.1675 6
3.96754e+06 0.17 6
4.44145e+06 0.1725 6
4.44288e+06 0.175 6
4.00257e+06 0.1775 6
3.17467e+06 0.18 6
2.17668e+06 0.1825 6
1.15318e+06 0.185 6
640079 0.1875 6
555211 0.19 6
778645 0.1925 6
1.11453e+06 0.195 6
1.4867e+06 0.1975 6
1.77936e+06 0.2 6
2.0263e+06 0.2025 6
2.18688e+06 0.205 6
2.31843e+06 0.2075 6
2.15246e+06 0.21 6
1.74819e+06 0.2125 6
1.38588e+06 0.215 6
1.00752e+06 0.2175 6
917070 0.22 6
997476 0.2225 6
1.23893e+06 0.225 6
1.54022e+06 0.2275 6
1.77258e+06 0.23 6
1.82236e+06 0.2325 6
1.85807e+06 0.235 6
1.63674e+06 0.2375 6
1.59092e+06 0.24 6
1.51201e+06 0.2425 6
1.46612e+06 0.245 6
1.442e+06 0.2475 6
1.49845e+06 0.25 6
1.46134e+06 0.2525 6
1.38842e+06 0.255 6
1.24898e+06 0.2575 6
1.15066e+06 0.26 6
1.13797e+06 0.2625 6
1.10023e+06 0.265 6
1.00528e+06 0.2675 6
978762 0.27 6
1.08386e+06 0.2725 6
1.3123e+06 0.275 6
1.78052e+06 0.2775 6
2.36989e+06 0.28 6
3.04655e+06 0.2825 6
3.57033e+06 0.285 6
3.91941e+06 0.2875 6
3.83719e+06 0.29 6
3.52139e+06 0.2925 6
3.03928e+06 0.295 6
2.59098e+06 0.2975 6
2.28361e+06 0.3 6
2.17481e+06 0.3025 6
2.22513e+06 0.305 6
2.40376e+06 0.3075 6
1.6357e+06 0.0125 7
2.08941e+06 0.015 7
2.11337e+06 0.0175 7
1.81688e+06 0.02 7
1.72502e+06 0.0225 7
2.59353e+06 0.025 7
5.0091e+06 0.0275 7
8.98193e+06 0.03 7
1.37737e+07 0.0325 7
1.80946e+07 0.035 7
2.06045e+07 0.0375 7
2.04797e+07 0.04 7
1.77625e+07 0.0425 7
1.33229e+07 0.045 7
8.46377e+06 0.0475 7
4.3804e+06 0.05 7
1.74034e+06 0.0525 7
559658 0.055 7
380521 0.0575 7
603670 0.06 7
781492 0.0625 7
742491 0.065 7
540325 0.0675 7
317637 0.07 7
193820 0.0725 7
231769 0.075 7
463544 0.0775 7
915322 0.08 7
1.59021e+06 0.0825 7
2.41979e+06 0.085 7
3.23475e+06 0.0875 7
3.79906e+06 0.09 7
3.90597e+06 0.0925 7
3.48407e+06 0.095 7
2.64773e+06 0.0975 7
1.65838e+06 0.1 7
818458 0.1025 7
358389 0.105 7
372506 0.1075 7
820635 0.11 7
1.57162e+06 0.1125 7
2.4376e+06 0.115 7
3.23359e+06 0.1175 7
3.73082e+06 0.12 7
3.84575e+06 0.1225 7
3.32172e+06 0.125 7
2.42641e+06 0.1275 7
1.4893e+06 0.13 7
888265 0.1325 7
749594 0.135 7
967346 0.1375 7
1.87361e+06 0.14 7
2.47996e+06 0.1425 7
2.70786e+06 0.145 7
2.45199e+06 0.1475 7
1.81027e+06 0.15 7
1.31527e+06 0.1525 7
997869 0.155 7
1.06811e+06 0.1575 7
1.38709e+06 0.16 7
1.62106e+06 0.1625 7
1.7214e+06 0.165 7
1.45268e+06 0.1675 7
983512 0.17 7
803099 0.1725 7
982052 0.175 7
1.41164e+06 0.1775 7
1.90872e+06 0.18 7
2.32187e+06 0.1825 7
2.71195e+06 0.185 7
2.92896e+06 0.1875 7
2.72335e+06 0.19 7
2.84074e+06 0.1925 7
3.02982e+06 0.195 7
2.80361e+06 0.1975 7
2.72294e+06 0.2 7
2.33438e+06 0.2025 7
1.94687e+06 0.205 7
1.73193e+06 0.2075 7
1.60751e+06 0.21 7
1.56346e+06 0.2125 7
1.75388e+06 0.215 7
1.77961e+06 0.2175 7
1.68639e+06 0.22 7
1.66555e+06 0.2225 7
1.64063e+06 0.225 7
1.7178e+06 0.2275 7
1.80995e+06 0.23 7
1.91305e+06 0.2325 7
1.9881e+06 0.235 7
2.15745e+06 0.2375 7
2.39399e+06 0.24 7
2.81241e+06 0.2425 7
3.30031e+06 0.245 7
3.70102e+06 0.2475 7
3.87722e+06 0.25 7
3.79134e+06 0.2525 7
3.40184e+06 0.255 7
2.95012e+06 0.2575 7
2.47084e+06 0.26 7
2.11239e+06 0.2625 7
2.01925e+06 0.265 7
2.03188e+06 0.2675 7
1.97406e+06 0.27 7
1.92391e+06 0.2725 7
1.77172e+06 0.275 7
1.43267e+06 0.2775 7
1.10605e+06 0.28 7
854510 0.2825 7
776012 0.285 7
832934 0.2875 7
958722 0.29 7
1.09289e+06 0.2925 7
1.1592e+06 0.295 7
1.08453e+06 0.2975 7
909895 0.3 7
675424 0.3025 7
532267 0.305 7
0 0.01 8
0 0.0125 8
0 0.015 8
0 0.0175 8
0 0.02 8
0 0.0225 8
0 0.025 8
0 0.0275 8
0 0.03 8
0 0.0325 8
0 0.035 8
0 0.0375 8
0 0.04 8
0 0.0425 8
0 0.045 8
0 0.0475 8
0 0.05 8
0 0.0525 8
4403.48 0.055 8
24311.3 0.0575 8
156304 0.06 8
266952 0.0625 8
861038 0.065 8
1.7087e+06 0.0675 8
1.88877e+06 0.07 8
2.87657e+06 0.0725 8
4.23241e+06 0.075 8
5.0974e+06 0.0775 8
6.34003e+06 0.08 8
7.7322e+06 0.0825 8
7.76215e+06 0.085 8
7.98146e+06 0.0875 8
7.8059e+06 0.09 8
6.99526e+06 0.0925 8
6.25328e+06 0.095 8
4.98137e+06 0.0975 8
3.88e+06 0.1 8
2.63024e+06 0.1025 8
1.85231e+06 0.105 8
1.64214e+06 0.1075 8
1.95396e+06 0.11 8
2.47929e+06 0.1125 8
3.14089e+06 0.115 8
3.56032e+06 0.1175 8
3.99175e+06 0.12 8
3.70255e+06 0.1225 8
3.58587e+06 0.125 8
3.10532e+06 0.1275 8
2.38966e+06 0.13 8
1.66562e+06 0.1325 8
1.12864e+06 0.135 8
711963 0.1375 8
533150 0.14 8
560595 0.1425 8
648766 0.145 8
864014 0.1475 8
1.37032e+06 0.15 8
2.08449e+06 0.1525 8
3.17721e+06 0.155 8
4.3793e+06 0.1575 8
5.55489e+06 0.16 8
6.72915e+06 0.1625 8
7.41404e+06 0.165 8
7.44015e+06 0.1675 8
6.97583e+06 0.17 8
5.94306e+06 0.1725 8
4.6769e+06 0.175 8
3.46475e+06 0.1775 8
2.64777e+06 0.18 8
2.037e+06 0.1825 8
1.8648e+06 0.185 8
1.92555e+06 0.1875 8
1.89162e+06 0.19 8
1.91039e+06 0.1925 8
2.05575e+06 0.195 8
2.48769e+06 0.1975 8
3.302e+06 0.2 8
4.31533e+06 0.2025 8
5.27976e+06 0.205 8
5.84488e+06 0.2075 8
5.72508e+06 0.21 8
4.88895e+06 0.2125 8
3.63855e+06 0.215 8
2.43759e+06 0.2175 8
1.60189e+06 0.22 8
1.43903e+06 0.2225 8
1.96846e+06 0.225 8
3.08911e+06 0.2275 8
4.34242e+06 0.23 8
5.4178e+06 0.2325 8
6.16847e+06 0.235 8
6.64175e+06 0.2375 8
6.68815e+06 0.24 8
6.34507e+06 0.2425 8
5.7437e+06 0.245 8
4.85051e+06 0.2475 8
3.94376e+06 0.25 8
3.08036e+06 0.2525 8
2.19209e+06 0.255 8
1.64554e+06 0.2575 8
1.40651e+06 0.26 8
1.43445e+06 0.2625 8
1.65312e+06 0.265 8
1.98426e+06 0.2675 8
2.25466e+06 0.27 8
2.39058e+06 0.2725 8
2.38103e+06 0.275 8
2.31114e+06 0.2775 8
2.11649e+06 0.28 8
1.9381e+06 0.2825 8
1.74298e+06 0.285 8
1.72101e+06 0.2875 8
1.81176e+06 0.29 8
1.80891e+06 0.2925 8
1.80955e+06 0.295 8
1.68876e+06 0.2975 8
360407 0.01 9
869787 0.0125 9
1.90475e+06 0.015 9
3.57972e+06 0.0175 9
5.75982e+06 0.02 9
8.02014e+06 0.0225 9
9.76098e+06 0.025 9
1.04439e+07 0.0275 9
9.83595e+06 0.03 9
8.13148e+06 0.0325 9
5.88248e+06 0.035 9
3.76672e+06 0.0375 9
2.31092e+06 0.04 9
1.70415e+06 0.0425 9
1.78264e+06 0.045 9
2.17186e+06 0.0475 9
2.49445e+06 0.05 9
2.53222e+06 0.0525 9
2.27419e+06 0.055 9
1.85502e+06 0.0575 9
1.44504e+06 0.06 9
1.16244e+06 0.0625 9
1.04542e+06 0.065 9
1.07443e+06 0.0675 9
1.20721e+06 0.07 9
1.39538e+06 0.0725 9
1.57994e+06 0.075 9
1.68705e+06 0.0775 9
1.6462e+06 0.08 9
1.42994e+06 0.0825 9
1.08863e+06 0.085 9
747539 0.0875 9
554990 0.09 9
604656 0.0925 9
878174 0.095 9
1.24633e+06 0.0975 9
1.53226e+06 0.1 9
1.60098e+06 0.1025 9
1.42261e+06 0.105 9
1.0746e+06 0.1075 9
687138 0.11 9
371040 0.1125 9
173031 0.115 9
87883.4 0.1175 9
65323.1 0.12 9
93169.1 0.1225 9
205289 0.125 9
428426 0.1275 9
598867 0.13 9
830723 0.1325 9
1.01942e+06 0.135 9
1.24835e+06 0.1375 9
1.7726e+06 0.14 9
2.14294e+06 0.1425 9
2.94907e+06 0.145 9
3.56133e+06 0.1475 9
4.43717e+06 0.15 9
4.67977e+06 0.1525 9
4.68968e+06 0.155 9
4.33222e+06 0.1575 9
4.12064e+06 0.16 9
4.50082e+06 0.1625 9
5.58364e+06 0.165 9
7.13588e+06 0.1675 9
8.85748e+06 0.17 9
9.91015e+06 0.1725 9
1.02336e+07 0.175 9
9.36638e+06 0.1775 9
8.58637e+06 0.18 9
7.33754e+06 0.1825 9
6.217e+06 0.185 9
5.81048e+06 0.1875 9
5.5242e+06 0.19 9
5.37738e+06 0.1925 9
5.05836e+06 0.195 9
4.38284e+06 0.1975 9
3.34169e+06 0.2 9
2.21708e+06 0.2025 9
1.36554e+06 0.205 9
942009 0.2075 9
955558 0.21 9
1.32575e+06 0.2125 9
1.93918e+06 0.215 9
2.47143e+06 0.2175 9
2.81342e+06 0.22 9
2.774e+06 0.2225 9
2.33812e+06 0.225 9
1.79574e+06 0.2275 9
1.33972e+06 0.23 9
1.06581e+06 0.2325 9
956429 0.235 9
988396 0.2375 9
1.08796e+06 0.24 9
1.12625e+06 0.2425 9
1.08076e+06 0.245 9
1.12715e+06 0.2475 9
1.31092e+06 0.25 9
1.54669e+06 0.2525 9
1.81961e+06 0.255 9
1.94456e+06 0.2575 9
1.83194e+06 0.26 9
1.50299e+06 0.2625 9
1.07856e+06 0.265 9
680821 0.2675 9
430414 0.27 9
466998 0.2725 9
612201 0.275 9
802448 0.2775 9
845585 0.28 9
786058 0.2825 9
636881 0.285 9
505364 0.2875 9
463487 0.29 9
552685 0.2925 9
0 0.01 10
0 0.0125 10
0 0.015 10
0 0.0175 10
0 0.02 10
0 0.0225 10
0 0.025 10
0 0.0275 10
0 0.03 10
0 0.0325 10
0 0.035 10
0 0.0375 10
0 0.04 10
756.871 0.0425 10
8214.95 0.045 10
55948.4 0.0475 10
180179 0.05 10
299111 0.0525 10
371507 0.055 10
509246 0.0575 10
885790 0.06 10
1.07993e+06 0.0625 10
1.21277e+06 0.065 10
1.58914e+06 0.0675 10
1.69434e+06 0.07 10
1.61864e+06 0.0725 10
1.69704e+06 0.075 10
1.6295e+06 0.0775 10
1.56336e+06 0.08 10
1.3636e+06 0.0825 10
1.55331e+06 0.085 10
1.48371e+06 0.0875 10
1.47393e+06 0.09 10
1.41157e+06 0.0925 10
1.07135e+06 0.095 10
616758 0.0975 10
305778 0.1 10
181134 0.1025 10
170039 0.105 10
440349 0.1075 10
835635 0.11 10
1.38502e+06 0.1125 10
1.65843e+06 0.115 10
1.78242e+06 0.1175 10
1.89815e+06 0.12 10
1.93919e+06 0.1225 10
2.00145e+06 0.125 10
2.24267e+06 0.1275 10
2.75555e+06 0.13 10
3.44945e+06 0.1325 10
4.33902e+06 0.135 10
4.8696e+06 0.1375 10
5.21641e+06 0.14 10
5.17551e+06 0.1425 10
5.10628e+06 0.145 10
5.03498e+06 0.1475 10
4.972e+06 0.15 10
4.96183e+06 0.1525 10
4.90233e+06 0.155 10
4.83869e+06 0.1575 10
4.69003e+06 0.16 10
4.47199e+06 0.1625 10
4.13537e+06 0.165 10
3.69275e+06 0.1675 10
3.26585e+06 0.17 10
2.86483e+06 0.1725 10
2.46998e+06 0.175 10
2.17879e+06 0.1775 10
2.01262e+06 0.18 10
1.99645e+06 0.1825 10
2.10012e+06 0.185 10
2.59562e+06 0.1875 10
3.26282e+06 0.19 10
3.82623e+06 0.1925 10
4.28298e+06 0.195 10
4.4631e+06 0.1975 10
4.31571e+06 0.2 10
3.82571e+06 0.2025 10
2.85027e+06 0.205 10
2.05094e+06 0.2075 10
1.47855e+06 0.21 10
1.27379e+06 0.2125 10
1.39765e+06 0.215 10
1.76655e+06 0.2175 10
2.07166e+06 0.22 10
2.3355e+06 0.2225 10
2.22761e+06 0.225 10
1.96379e+06 0.2275 10
1.45232e+06 0.23 10
1.05725e+06 0.2325 10
725966 0.235 10
440236 0.2375 10
298410 0.24 10
277236 0.2425 10
357269 0.245 10
469279 0.2475 10
626489 0.25 10
809266 0.2525 10
835866 0.255 10
792602 0.2575 10
803573 0.26 10
669060 0.2625 10
634017 0.265 10
556929 0.2675 10
585638 0.27 10
673935 0.2725 10
759680 0.275 10
835819 0.2775 10
883460 0.28 10
969105 0.2825 10
1.10807e+06 0.285 10
1.19512e+06 0.2875 10
0 0.01 11
23871.1 0.0125 11
292452 0.015 11
618501 0.0175 11
1.31788e+06 0.02 11
2.01872e+06 0.0225 11
2.9384e+06 0.025 11
3.97175e+06 0.0275 11
4.84956e+06 0.03 11
5.09838e+06 0.0325 11
4.77536e+06 0.035 11
3.91245e+06 0.0375 11
3.03921e+06 0.04 11
2.68442e+06 0.0425 11
3.16575e+06 0.045 11
4.4501e+06 0.0475 11
6.13397e+06 0.05 11
7.59299e+06 0.0525 11
8.23634e+06 0.055 11
7.75112e+06 0.0575 11
6.22919e+06 0.06 11
4.12803e+06 0.0625 11
2.09354e+06 0.065 11
728224 0.0675 11
398916 0.07 11
1.14768e+06 0.0725 11
2.71866e+06 0.075 11
4.66968e+06 0.0775 11
6.51634e+06 0.08 11
7.85922e+06 0.0825 11
8.46322e+06 0.085 11
8.27991e+06 0.0875 11
7.42133e+06 0.09 11
6.10377e+06 0.0925 11
4.58312e+06 0.095 11
3.09905e+06 0.0975 11
1.83759e+06 0.1 11
912784 0.1025 11
362931 0.105 11
155799 0.1075 11
237586 0.11 11
411581 0.1125 11
559579 0.115 11
568457 0.1175 11
454897 0.12 11
363296 0.1225 11
237239 0.125 11
301952 0.1275 11
465637 0.13 11
686679 0.1325 11
893475 0.135 11
1.21596e+06 0.1375 11
1.54082e+06 0.14 11
2.08616e+06 0.1425 11
3.03699e+06 0.145 11
4.25057e+06 0.1475 11
5.14611e+06 0.15 11
5.54911e+06 0.1525 11
5.22743e+06 0.155 11
4.20312e+06 0.1575 11
2.75633e+06 0.16 11
1.60957e+06 0.1625 11
1.15349e+06 0.165 11
1.70722e+06 0.1675 11
3.02867e+06 0.17 11
4.51185e+06 0.1725 11
5.90519e+06 0.175 11
6.76146e+06 0.1775 11
6.88577e+06 0.18 11
6.60502e+06 0.1825 11
6.18466e+06 0.185 11
5.91695e+06 0.1875 11
5.79137e+06 0.19 11
5.2011e+06 0.1925 11
4.40308e+06 0.195 11
3.16088e+06 0.1975 11
1.8788e+06 0.2 11
1.14821e+06 0.2025 11
1.03364e+06 0.205 11
1.29926e+06 0.2075 11
1.87068e+06 0.21 11
2.18879e+06 0.2125 11
2.06507e+06 0.215 11
1.73919e+06 0.2175 11
1.35027e+06 0.22 11
1.46198e+06 0.2225 11
1.94007e+06 0.225 11
2.80031e+06 0.2275 11
3.52375e+06 0.23 11
3.78801e+06 0.2325 11
3.52142e+06 0.235 11
2.69924e+06 0.2375 11
1.77749e+06 0.24 11
1.14344e+06 0.2425 11
918497 0.245 11
1.01058e+06 0.2475 11
1.23024e+06 0.25 11
1.30187e+06 0.2525 11
1.1443e+06 0.255 11
797747 0.2575 11
473507 0.26 11
279993 0.2625 11
303763 0.265 11
485567 0.2675 11
646685 0.27 11
675048 0.2725 11
624753 0.275 11
569930 0.2775 11
624343 0.28 11
793957 0.2825 11
0 0.01 12
0 0.0125 12
0 0.015 12
0 0.0175 12
0 0.02 12
0 0.0225 12
0 0.025 12
3906.63 0.0275 12
616.239 0.03 12
26826.5 0.0325 12
90848.3 0.035 12
95975.5 0.0375 12
198131 0.04 12
264373 0.0425 12
299852 0.045 12
436317 0.0475 12
357951 0.05 12
454271 0.0525 12
337950 0.055 12
307801 0.0575 12
235059 0.06 12
137902 0.0625 12
85010.4 0.065 12
45370.3 0.0675 12
100200 0.07 12
189155 0.0725 12
314011 0.075 12
495847 0.0775 12
757854 0.08 12
1.022e+06 0.0825 12
1.49977e+06 0.085 12
2.0738e+06 0.0875 12
2.71061e+06 0.09 12
3.40971e+06 0.0925 12
4.08699e+06 0.095 12
4.68684e+06 0.0975 12
4.50543e+06 0.1 12
4.44084e+06 0.1025 12
4.02391e+06 0.105 12
3.63394e+06 0.1075 12
2.8079e+06 0.11 12
2.15041e+06 0.1125 12
1.57594e+06 0.115 12
1.15415e+06 0.1175 12
1.14256e+06 0.12 12
1.19013e+06 0.1225 12
1.38082e+06 0.125 12
1.84073e+06 0.1275 12
2.65062e+06 0.13 12
3.54565e+06 0.1325 12
4.10144e+06 0.135 12
4.34762e+06 0.1375 12
4.47646e+06 0.14 12
4.12951e+06 0.1425 12
3.44051e+06 0.145 12
3.01397e+06 0.1475 12
2.48768e+06 0.15 12
2.19406e+06 0.1525 12
2.13806e+06 0.155 12
2.30585e+06 0.1575 12
2.6428e+06 0.16 12
2.89228e+06 0.1625 12
3.03309e+06 0.165 12
2.43694e+06 0.1675 12
1.87197e+06 0.17 12
1.27047e+06 0.1725 12
864961 0.175 12
756891 0.1775 12
885286 0.18 12
1.21025e+06 0.1825 12
1.62951e+06 0.185 12
1.78975e+06 0.1875 12
1.81667e+06 0.19 12
1.66487e+06 0.1925 12
1.50177e+06 0.195 12
1.14036e+06 0.1975 12
1.28824e+06 0.2 12
1.48705e+06 0.2025 12
1.66455e+06 0.205 12
1.81588e+06 0.2075 12
1.84048e+06 0.21 12
1.59025e+06 0.2125 12
1.28661e+06 0.215 12
997019 0.2175 12
793845 0.22 12
642332 0.2225 12
684139 0.225 12
704776 0.2275 12
743616 0.23 12
791016 0.2325 12
768605 0.235 12
713675 0.2375 12
648324 0.24 12
565670 0.2425 12
507992 0.245 12
523703 0.2475 12
455401 0.25 12
419174 0.2525 12
397598 0.255 12
434587 0.2575 12
493513 0.26 12
531794 0.2625 12
526557 0.265 12
500827 0.2675 12
494802 0.27 12
453842 0.2725 12
469085 0.275 12
0 0.01 13
0 0.0125 13
0 0.015 13
0 0.0175 13
0 0.02 13
0 0.0225 13
0 0.025 13
2684.44 0.0275 13
36971.8 0.03 13
166751 0.0325 13
133794 0.035 13
209741 0.0375 13
407370 0.04 13
698945 0.0425 13
732558 0.045 13
879036 0.0475 13
900002 0.05 13
929407 0.0525 13
608598 0.055 13
446205 0.0575 13
238070 0.06 13
220913 0.0625 13
310739 0.065 13
439880 0.0675 13
705406 0.07 13
749001 0.0725 13
996808 0.075 13
1.49682e+06 0.0775 13
2.26556e+06 0.08 13
3.29433e+06 0.0825 13
4.37076e+06 0.085 13
5.2914e+06 0.0875 13
5.97502e+06 0.09 13
6.47561e+06 0.0925 13
6.77553e+06 0.095 13
7.02287e+06 0.0975 13
7.42879e+06 0.1 13
7.85171e+06 0.1025 13
8.15933e+06 0.105 13
8.02692e+06 0.1075 13
7.22128e+06 0.11 13
5.63683e+06 0.1125 13
3.79574e+06 0.115 13
2.24439e+06 0.1175 13
1.42807e+06 0.12 13
1.74506e+06 0.1225 13
3.21603e+06 0.125 13
5.24611e+06 0.1275 13
6.83425e+06 0.13 13
7.6974e+06 0.1325 13
7.42451e+06 0.135 13
5.82243e+06 0.1375 13
3.75027e+06 0.14 13
1.83717e+06 0.1425 13
681387 0.145 13
406116 0.1475 13
732949 0.15 13
1.42295e+06 0.1525 13
1.96592e+06 0.155 13
2.1912e+06 0.1575 13
1.95481e+06 0.16 13
1.54749e+06 0.1625 13
1.01467e+06 0.165 13
560643 0.1675 13
325560 0.17 13
364944 0.1725 13
597676 0.175 13
1.04816e+06 0.1775 13
1.595e+06 0.18 13
1.92602e+06 0.1825 13
2.23456e+06 0.185 13
2.50639e+06 0.1875 13
2.64209e+06 0.19 13
2.70811e+06 0.1925 13
2.61195e+06 0.195 13
2.19902e+06 0.1975 13
1.93692e+06 0.2 13
1.70619e+06 0.2025 13
1.65677e+06 0.205 13
1.52814e+06 0.2075 13
1.38875e+06 0.21 13
1.2583e+06 0.2125 13
1.2288e+06 0.215 13
1.25685e+06 0.2175 13
1.31485e+06 0.22 13
1.41477e+06 0.2225 13
1.48676e+06 0.225 13
1.45517e+06 0.2275 13
1.37947e+06 0.23 13
1.19715e+06 0.2325 13
917579 0.235 13
671925 0.2375 13
498200 0.24 13
394635 0.2425 13
408282 0.245 13
561996 0.2475 13
732338 0.25 13
937868 0.2525 13
1.06634e+06 0.255 13
1.12428e+06 0.2575 13
1.10884e+06 0.26 13
1.008e+06 0.2625 13
954252 0.265 13
802545 0.2675 13
1.13869e+06 0.02 14
2.09967e+06 0.0225 14
3.12729e+06 0.025 14
4.65297e+06 0.0275 14
5.80801e+06 0.03 14
7.03353e+06 0.0325 14
7.74686e+06 0.035 14
8.02952e+06 0.0375 14
7.93093e+06 0.04 14
7.61838e+06 0.0425 14
7.14378e+06 0.045 14
6.46388e+06 0.0475 14
5.4975e+06 0.05 14
4.23493e+06 0.0525 14
2.82471e+06 0.055 14
1.56828e+06 0.0575 14
806462 0.06 14
751687 0.0625 14
1.36059e+06 0.065 14
2.32646e+06 0.0675 14
3.20529e+06 0.07 14
3.61282e+06 0.0725 14
3.38946e+06 0.075 14
2.64934e+06 0.0775 14
1.69633e+06 0.08 14
862418 0.0825 14
359408 0.085 14
216324 0.0875 14
317405 0.09 14
498762 0.0925 14
638148 0.095 14
691503 0.0975 14
673080 0.1 14
620166 0.1025 14
547107 0.105 14
475861 0.1075 14
490962 0.11 14
612578 0.1125 14
990869 0.115 14
1.32219e+06 0.1175 14
1.6651e+06 0.12 14
2.21809e+06 0.1225 14
2.47809e+06 0.125 14
2.86895e+06 0.1275 14
2.40531e+06 0.13 14
2.1238e+06 0.1325 14
1.66102e+06 0.135 14
1.05895e+06 0.1375 14
616719 0.14 14
554495 0.1425 14
784266 0.145 14
1.28359e+06 0.1475 14
2.1113e+06 0.15 14
3.02378e+06 0.1525 14
3.67776e+06 0.155 14
4.14793e+06 0.1575 14
4.34328e+06 0.16 14
3.90376e+06 0.1625 14
3.11082e+06 0.165 14
2.66183e+06 0.1675 14
1.96245e+06 0.17 14
1.53243e+06 0.1725 14
1.20647e+06 0.175 14
1.28313e+06 0.1775 14
1.51342e+06 0.18 14
1.42854e+06 0.1825 14
1.44515e+06 0.185 14
1.25743e+06 0.1875 14
922707 0.19 14
771511 0.1925 14
769025 0.195 14
810709 0.1975 14
1.04715e+06 0.2 14
1.36135e+06 0.2025 14
1.86099e+06 0.205 14
1.90205e+06 0.2075 14
1.89435e+06 0.21 14
1.71613e+06 0.2125 14
1.51857e+06 0.215 14
1.21934e+06 0.2175 14
944773 0.22 14
676064 0.2225 14
540840 0.225 14
546169 0.2275 14
661519 0.23 14
833955 0.2325 14
1.01014e+06 0.235 14
1.08891e+06 0.2375 14
1.14825e+06 0.24 14
1.12436e+06 0.2425 14
1.05532e+06 0.245 14
911649 0.2475 14
777539 0.25 14
632839 0.2525 14
390132 0.255 14
213792 0.2575 14
0 0.0125 15
0 0.015 15
0 0.0175 15
0 0.02 15
0 0.0225 15
0 0.025 15
0 0.0275 15
0 0.03 15
0 0.0325 15
0 0.035 15
0 0.0375 15
0 0.04 15
542.329 0.0425 15
1347.8 0.045 15
209.316 0.0475 15
67096.1 0.05 15
213776 0.0525 15
591372 0.055 15
1.09158e+06 0.0575 15
1.90069e+06 0.06 15
2.80751e+06 0.0625 15
3.88079e+06 0.065 15
5.1438e+06 0.0675 15
5.65689e+06 0.07 15
7.2888e+06 0.0725 15
8.33831e+06 0.075 15
8.85949e+06 0.0775 15
8.59764e+06 0.08 15
8.42109e+06 0.0825 15
8.25815e+06 0.085 15
7.93929e+06 0.0875 15
7.52225e+06 0.09 15
7.16881e+06 0.0925 15
6.88245e+06 0.095 15
6.64593e+06 0.0975 15
6.42554e+06 0.1 15
6.17035e+06 0.1025 15
5.42346e+06 0.105 15
4.69886e+06 0.1075 15
3.59556e+06 0.11 15
2.57189e+06 0.1125 15
1.57903e+06 0.115 15
922678 0.1175 15
539416 0.12 15
408986 0.1225 15
572951 0.125 15
843558 0.1275 15
1.26885e+06 0.13 15
1.95059e+06 0.1325 15
2.26418e+06 0.135 15
2.51866e+06 0.1375 15
2.60911e+06 0.14 15
2.42185e+06 0.1425 15
1.89167e+06 0.145 15
1.44449e+06 0.1475 15
1.13196e+06 0.15 15
1.06732e+06 0.1525 15
1.21615e+06 0.155 15
1.53973e+06 0.1575 15
1.81578e+06 0.16 15
1.88991e+06 0.1625 15
1.80147e+06 0.165 15
1.57796e+06 0.1675 15
1.28189e+06 0.17 15
1.009e+06 0.1725 15
816936 0.175 15
674169 0.1775 15
606532 0.18 15
582289 0.1825 15
609142 0.185 15
711942 0.1875 15
896119 0.19 15
1.21851e+06 0.1925 15
1.5041e+06 0.195 15
1.63904e+06 0.1975 15
1.58541e+06 0.2 15
1.39628e+06 0.2025 15
1.09437e+06 0.205 15
947037 0.2075 15
889161 0.21 15
887507 0.2125 15
1.19852e+06 0.215 15
1.33603e+06 0.2175 15
1.4134e+06 0.22 15
1.32876e+06 0.2225 15
1.06407e+06 0.225 15
679513 0.2275 15
395879 0.23 15
219173 0.2325 15
285047 0.235 15
474705 0.2375 15
734783 0.24 15
972194 0.2425 15
1.23398e+06 0.245 15
1.42822e+06 0.2475 15
460994 0.0025 16
1.5649e+06 0.005 16
2.64832e+06 0.0075 16
3.07629e+06 0.01 16
2.63725e+06 0.0125 16
1.67746e+06 0.015 16
897075 0.0175 16
938837 0.02 16
2.02079e+06 0.0225 16
3.82596e+06 0.025 16
5.69649e+06 0.0275 16
6.99718e+06 0.03 16
7.42667e+06 0.0325 16
7.10815e+06 0.035 16
6.4397e+06 0.0375 16
5.82527e+06 0.04 16
5.45784e+06 0.0425 16
5.26725e+06 0.045 16
5.02938e+06 0.0475 16
4.54129e+06 0.05 16
3.7501e+06 0.0525 16
2.77719e+06 0.055 16
1.85393e+06 0.0575 16
1.22819e+06 0.06 16
1.09237e+06 0.0625 16
1.5461e+06 0.065 16
2.57744e+06 0.0675 16
4.04873e+06 0.07 16
5.69729e+06 0.0725 16
7.17761e+06 0.075 16
8.15692e+06 0.0775 16
8.43719e+06 0.08 16
8.04242e+06 0.0825 16
7.21431e+06 0.085 16
6.30528e+06 0.0875 16
5.62e+06 0.09 16
5.2916e+06 0.0925 16
5.26e+06 0.095 16
5.35727e+06 0.0975 16
5.43891e+06 0.1 16
5.47363e+06 0.1025 16
5.53621e+06 0.105 16
5.71523e+06 0.1075 16
6.00534e+06 0.11 16
6.26368e+06 0.1125 16
6.26627e+06 0.115 16
5.83473e+06 0.1175 16
4.95034e+06 0.12 16
3.78499e+06 0.1225 16
2.62293e+06 0.125 16
1.76937e+06 0.1275 16
1.38641e+06 0.13 16
1.38572e+06 0.1325 16
1.66015e+06 0.135 16
1.83567e+06 0.1375 16
1.94592e+06 0.14 16
1.89643e+06 0.1425 16
1.60673e+06 0.145 16
1.36243e+06 0.1475 16
1.21178e+06 0.15 16
1.2056e+06 0.1525 16
1.09338e+06 0.155 16
967697 0.1575 16
871597 0.16 16
721588 0.1625 16
483780 0.165 16
311090 0.1675 16
261589 0.17 16
292771 0.1725 16
401777 0.175 16
522904 0.1775 16
643557 0.18 16
760974 0.1825 16
739300 0.185 16
695442 0.1875 16
686369 0.19 16
599920 0.1925 16
514010 0.195 16
416999 0.1975 16
395242 0.2 16
429599 0.2025 16
564455 0.205 16
624443 0.2075 16
733542 0.21 16
783729 0.2125 16
850352 0.215 16
785390 0.2175 16
678751 0.22 16
595286 0.2225 16
588395 0.225 16
665339 0.2275 16
803085 0.23 16
967308 0.2325 16
1.05787e+06 0.235 16
1.12762e+06 0.2375 16
0 0.0025 17
0 0.005 17
0 0.0075 17
0 0.01 17
0 0.0125 17
0 0.015 17
0 0.0175 17
0 0.02 17
0 0.0225 17
0 0.025 17
0 0.0275 17
0 0.03 17
0 0.0325 17
0 0.035 17
0 0.0375 17
0 0.04 17
0 0.0425 17
0 0.045 17
0 0.0475 17
0 0.05 17
0 0.0525 17
30251.6 0.055 17
144776 0.0575 17
61479.3 0.06 17
175875 0.0625 17
243749 0.065 17
461079 0.0675 17
615319 0.07 17
874169 0.0725 17
894439 0.075 17
997174 0.0775 17
1.25078e+06 0.08 17
1.29964e+06 0.0825 17
1.40658e+06 0.085 17
1.57048e+06 0.0875 17
1.58689e+06 0.09 17
1.82417e+06 0.0925 17
1.64138e+06 0.095 17
1.66711e+06 0.0975 17
1.56964e+06 0.1 17
1.41365e+06 0.1025 17
1.45623e+06 0.105 17
1.48778e+06 0.1075 17
1.42248e+06 0.11 17
1.51784e+06 0.1125 17
1.77361e+06 0.115 17
1.98071e+06 0.1175 17
2.03666e+06 0.12 17
1.88533e+06 0.1225 17
1.65779e+06 0.125 17
1.29926e+06 0.1275 17
828373 0.13 17
430308 0.1325 17
157424 0.135 17
39052.1 0.1375 17
29373.7 0.14 17
116023 0.1425 17
291356 0.145 17
526545 0.1475 17
770652 0.15 17
1.02494e+06 0.1525 17
1.22717e+06 0.155 17
1.25677e+06 0.1575 17
1.21468e+06 0.16 17
1.23647e+06 0.1625 17
1.24785e+06 0.165 17
1.30574e+06 0.1675 17
1.38434e+06 0.17 17
1.4265e+06 0.1725 17
1.34395e+06 0.175 17
1.10634e+06 0.1775 17
782474 0.18 17
420078 0.1825 17
197754 0.185 17
153672 0.1875 17
280053 0.19 17
490331 0.1925 17
667818 0.195 17
714638 0.1975 17
620425 0.2 17
464831 0.2025 17
335336 0.205 17
297012 0.2075 17
348920 0.21 17
483946 0.2125 17
572598 0.215 17
572834 0.2175 17
508802 0.22 17
437303 0.2225 17
398165 0.225 17
877.898 0.0025 18
13835.3 0.005 18
68165.3 0.0075 18
206611 0.01 18
475117 0.0125 18
907993 0.015 18
1.51117e+06 0.0175 18
2.24913e+06 0.02 18
3.04256e+06 0.0225 18
3.78118e+06 0.025 18
4.35084e+06 0.0275 18
4.66618e+06 0.03 18
4.69632e+06 0.0325 18
4.47234e+06 0.035 18
4.07365e+06 0.0375 18
3.60002e+06 0.04 18
3.14191e+06 0.0425 18
2.76073e+06 0.045 18
2.48274e+06 0.0475 18
2.30261e+06 0.05 18
2.18953e+06 0.0525 18
2.09298e+06 0.055 18
1.95156e+06 0.0575 18
1.71021e+06 0.06 18
1.34591e+06 0.0625 18
891117 0.065 18
438549 0.0675 18
115253 0.07 18
30828.4 0.0725 18
222560 0.075 18
627696 0.0775 18
1.10215e+06 0.08 18
1.48006e+06 0.0825 18
1.64451e+06 0.085 18
1.57222e+06 0.0875 18
1.32939e+06 0.09 18
1.02458e+06 0.0925 18
748780 0.095 18
538064 0.0975 18
377107 0.1 18
234740 0.1025 18
103261 0.105 18
13840.6 0.1075 18
19087.1 0.11 18
158783 0.1125 18
425578 0.115 18
765264 0.1175 18
1.09538e+06 0.12 18
1.34983e+06 0.1225 18
1.48461e+06 0.125 18
1.49628e+06 0.1275 18
1.38152e+06 0.13 18
1.17003e+06 0.1325 18
894284 0.135 18
589148 0.1375 18
313459 0.14 18
125804 0.1425 18
94283.5 0.145 18
189759 0.1475 18
433736 0.15 18
733277 0.1525 18
1.00139e+06 0.155 18
1.3248e+06 0.1575 18
1.70222e+06 0.16 18
2.0026e+06 0.1625 18
2.17332e+06 0.165 18
2.17166e+06 0.1675 18
2.12903e+06 0.17 18
1.88522e+06 0.1725 18
1.43377e+06 0.175 18
1.11927e+06 0.1775 18
913185 0.18 18
828659 0.1825 18
1.06379e+06 0.185 18
1.39181e+06 0.1875 18
1.65857e+06 0.19 18
1.7183e+06 0.1925 18
1.62843e+06 0.195 18
1.37901e+06 0.1975 18
1.06117e+06 0.2 18
749467 0.2025 18
506409 0.205 18
408074 0.2075 18
393174 0.21 18
391549 0.2125 18
0 0.0025 19
0 0.005 19
0 0.0075 19
0 0.01 19
0 0.0125 19
0 0.015 19
0 0.0175 19
0 0.02 19
0 0.0225 19
0 0.025 19
0 0.0275 19
0 0.03 19
0 0.0325 19
0 0.035 19
2094.87 0.0375 19
23208.1 0.04 19
29747 0.0425 19
75414.9 0.045 19
131850 0.0475 19
203045 0.05 19
328401 0.0525 19
410129 0.055 19
464374 0.0575 19
572564 0.06 19
580608 0.0625 19
499677 0.065 19
500140 0.0675 19
397435 0.07 19
181483 0.0725 19
61750.8 0.075 19
24093.3 0.0775 19
11023 0.08 19
42853 0.0825 19
106542 0.085 19
247872 0.0875 19
443100 0.09 19
585269 0.0925 19
657129 0.095 19
743802 0.0975 19
806163 0.1 19
710856 0.1025 19
692641 0.105 19
666722 0.1075 19
722821 0.11 19
639446 0.1125 19
669313 0.115 19
621440 0.1175 19
642370 0.12 19
759457 0.1225 19
859005 0.125 19
938816 0.1275 19
1.05007e+06 0.13 19
1.09164e+06 0.1325 19
1.09744e+06 0.135 19
1.05382e+06 0.1375 19
987748 0.14 19
950011 0.1425 19
992195 0.145 19
1.12175e+06 0.1475 19
1.2994e+06 0.15 19
1.43514e+06 0.1525 19
1.52212e+06 0.155 19
1.46628e+06 0.1575 19
1.35269e+06 0.16 19
1.24664e+06 0.1625 19
1.12731e+06 0.165 19
1.04228e+06 0.1675 19
1.00862e+06 0.17 19
910677 0.1725 19
780036 0.175 19
572757 0.1775 19
349439 0.18 19
237901 0.1825 19
289372 0.185 19
489220 0.1875 19
768481 0.19 19
989621 0.1925 19
1.06729e+06 0.195 19
963353 0.1975 19
0 0.0025 20
0 0.005 20
0 0.0075 20
0 0.01 20
0 0.0125 20
0 0.015 20
2811.32 0.0175 20
19505.8 0.02 20
52194.2 0.0225 20
95231.6 0.025 20
141550 0.0275 20
237919 0.03 20
323158 0.0325 20
264057 0.035 20
280895 0.0375 20
283359 0.04 20
136260 0.0425 20
66358.8 0.045 20
23395.4 0.0475 20
84872.2 0.05 20
336674 0.0525 20
786950 0.055 20
1.29151e+06 0.0575 20
1.7468e+06 0.06 20
2.01149e+06 0.0625 20
1.98937e+06 0.065 20
1.67237e+06 0.0675 20
1.15217e+06 0.07 20
592429 0.0725 20
171202 0.075 20
16989.8 0.0775 20
165079 0.08 20
551435 0.0825 20
1.0441e+06 0.085 20
1.49559e+06 0.0875 20
1.79253e+06 0.09 20
1.88338e+06 0.0925 20
1.7784e+06 0.095 20
1.52975e+06 0.0975 20
1.21129e+06 0.1 20
872296 0.1025 20
574404 0.105 20
353392 0.1075 20
231068 0.11 20
172471 0.1125 20
208352 0.115 20
254733 0.1175 20
307303 0.12 20
280233 0.1225 20
221821 0.125 20
228154 0.1275 20
233389 0.13 20
370818 0.1325 20
690278 0.135 20
919667 0.1375 20
1.15143e+06 0.14 20
1.39239e+06 0.1425 20
1.42097e+06 0.145 20
1.23623e+06 0.1475 20
995120 0.15 20
768256 0.1525 20
547791 0.155 20
391337 0.1575 20
297256 0.16 20
328665 0.1625 20
386008 0.165 20
510488 0.1675 20
623499 0.17 20
669768 0.1725 20
650579 0.175 20
574608 0.1775 20
0 0.0025 21
0 0.005 21
0 0.0075 21
0 0.01 21
0 0.0125 21
0 0.015 21
0 0.0175 21
0 0.02 21
2550 0.0225 21
10790.3 0.025 21
96.3661 0.0275 21
7599.42 0.03 21
1694.87 0.0325 21
4035.03 0.035 21
5426.84 0.0375 21
4404.68 0.04 21
18085.3 0.0425 21
17385.1 0.045 21
27394.5 0.0475 21
55248 0.05 21
104661 0.0525 21
142446 0.055 21
126019 0.0575 21
105096 0.06 21
46936.7 0.0625 21
9014.95 0.065 21
5382.55 0.0675 21
57331.1 0.07 21
159459 0.0725 21
279559 0.075 21
355542 0.0775 21
348857 0.08 21
274166 0.0825 21
212543 0.085 21
290888 0.0875 21
630512 0.09 21
1.28638e+06 0.0925 21
2.20226e+06 0.095 21
3.20733e+06 0.0975 21
4.0583e+06 0.1 21
4.54205e+06 0.1025 21
4.55521e+06 0.105 21
4.00369e+06 0.1075 21
3.13863e+06 0.11 21
2.13168e+06 0.1125 21
1.24861e+06 0.115 21
606896 0.1175 21
369965 0.12 21
369594 0.1225 21
535001 0.125 21
707175 0.1275 21
784789 0.13 21
746274 0.1325 21
699905 0.135 21
593956 0.1375 21
517627 0.14 21
481375 0.1425 21
439263 0.145 21
479246 0.1475 21
443671 0.15 21
364433 0.1525 21
312452 0.155 21
274841 0.1575 21
218540 0.16 21
0 0.0025 22
0 0.005 22
0 0.0075 22
0 0.01 22
0 0.0125 22
0 0.015 22
0 0.0175 22
0 0.02 22
0 0.0225 22
0 0.025 22
0 0.0275 22
0 0.03 22
965.7 0.0325 22
1294.38 0.035 22
4780.73 0.0375 22
27123.5 0.04 22
87500 0.0425 22
146937 0.045 22
261650 0.0475 22
338459 0.05 22
407020 0.0525 22
532908 0.055 22
598605 0.0575 22
566700 0.06 22
542607 0.0625 22
455487 0.065 22
309128 0.0675 22
187679 0.07 22
104883 0.0725 22
86140 0.075 22
146990 0.0775 22
315497 0.08 22
543177 0.0825 22
821608 0.085 22
931121 0.0875 22
1.04861e+06 0.09 22
1.06155e+06 0.0925 22
967279 0.095 22
870255 0.0975 22
672850 0.1 22
462516 0.1025 22
324654 0.105 22
232795 0.1075 22
175647 0.11 22
186724 0.1125 22
215672 0.115 22
253800 0.1175 22
297339 0.12 22
369656 0.1225 22
459471 0.125 22
560893 0.1275 22
669688 0.13 22
747335 0.1325 22
773330 0.135 22
744623 0.1375 22
0 0.0025 23
0 0.005 23
8194.85 0.0075 23
57679.5 0.01 23
167521 0.0125 23
371356 0.015 23
708495 0.0175 23
1.11423e+06 0.02 23
1.49161e+06 0.0225 23
1.7271e+06 0.025 23
1.73583e+06 0.0275 23
1.51144e+06 0.03 23
1.14144e+06 0.0325 23
779252 0.035 23
583631 0.0375 23
653475 0.04 23
988466 0.0425 23
1.49255e+06 0.045 23
2.01574e+06 0.0475 23
2.41238e+06 0.05 23
2.58914e+06 0.0525 23
2.52515e+06 0.055 23
2.26232e+06 0.0575 23
1.87723e+06 0.06 23
1.45091e+06 0.0625 23
1.04805e+06 0.065 23
708904 0.0675 23
450563 0.07 23
271935 0.0725 23
159432 0.075 23
92905.3 0.0775 23
52340.6 0.08 23
24342.1 0.0825 23
5741.58 0.085 23
1888.11 0.0875 23
19864.1 0.09 23
60247.5 0.0925 23
112541 0.095 23
157592 0.0975 23
176158 0.1 23
