679.245 0.0843 0
428.836 0.0853 0
230.026 0.0863 0
92.106 0.0873 0
17.2547 0.0883 0
1.04119 0.0893 0
33.6114 0.0903 0
101.359 0.0913 0
188.838 0.0923 0
280.677 0.0933 0
363.27 0.0943 0
426.064 0.0953 0
462.358 0.0963 0
469.549 0.0973 0
448.878 0.0983 0
404.758 0.0993 0
343.814 0.1003 0
273.78 0.1013 0
202.414 0.1023 0
136.554 0.1033 0
81.4117 0.1043 0
40.1655 0.1053 0
13.8614 0.1063 0
1.59774 0.1073 0
0.932 0.1083 0
8.42977 0.1093 0
20.2675 0.1103 0
32.8038 0.1113 0
43.0485 0.1123 0
48.9816 0.1133 0
49.6971 0.1143 0
45.3756 0.1153 0
37.1087 0.1163 0
26.6169 0.1173 0
15.9117 0.1183 0
6.95306 0.1193 0
1.49349 0.1203 0
0.315227 0.1213 0
3.88382 0.1223 0
11.7736 0.1233 0
23.0631 0.1243 0
36.7761 0.1253 0
50.2232 0.1263 0
62.8259 0.1273 0
74.0802 0.1283 0
80.1762 0.1293 0
81.8869 0.1303 0
79.1787 0.1313 0
74.3419 0.1323 0
63.5195 0.1333 0
53.8759 0.1343 0
39.1595 0.1353 0
28.193 0.1363 0
17.4613 0.1373 0
9.98991 0.1383 0
11.4571 0.1393 0
8.33587 0.1403 0
8.90836 0.1413 0
17.328 0.1423 0
24.7411 0.1433 0
34.013 0.1443 0
46.8477 0.1453 0
54.5265 0.1463 0
66.5022 0.1473 0
68.5333 0.1483 0
69.7789 0.1493 0
69.2999 0.1503 0
66.0723 0.1513 0
62.2007 0.1523 0
49.647 0.1533 0
36.6221 0.1543 0
27.7253 0.1553 0
23.8248 0.1563 0
17.4304 0.1573 0
15.4415 0.1583 0
10.408 0.1593 0
9.87638 0.1603 0
11.0593 0.1613 0
12.376 0.1623 0
14.4345 0.1633 0
12.8082 0.1643 0
15.4259 0.1653 0
17.8421 0.1663 0
20.1407 0.1673 0
22.324 0.1683 0
23.7965 0.1693 0
24.4957 0.1703 0
24.7117 0.1713 0
26.31 0.1723 0
26.5939 0.1733 0
31.2564 0.1743 0
33.2744 0.1753 0
37.1989 0.1763 0
46.8794 0.1773 0
48.8817 0.1783 0
62.9373 0.1793 0
66.6676 0.1803 0
68.2349 0.1813 0
75.3607 0.1823 0
81.5582 0.1833 0
95.0559 0.1843 0
103.775 0.1853 0
106.075 0.1863 0
108.009 0.1873 0
117.957 0.1883 0
124.001 0.1893 0
125.328 0.1903 0
139.172 0.1913 0
140.231 0.1923 0
149.694 0.1933 0
149.551 0.1943 0
154.458 0.1953 0
158.197 0.1963 0
160.675 0.1973 0
159.809 0.1983 0
163.915 0.1993 0
162.726 0.2003 0
164.709 0.2013 0
160.134 0.2023 0
158.347 0.2033 0
152.224 0.2043 0
144.685 0.2053 0
133.372 0.2063 0
117.612 0.2073 0
107.662 0.2083 0
96.3604 0.2093 0
85.8206 0.2103 0
75.5104 0.2113 0
63.9494 0.2123 0
57.7108 0.2133 0
50.5606 0.2143 0
48.4745 0.2153 0
41.5711 0.2163 0
40.1671 0.2173 0
41.9337 0.2183 0
43.7503 0.2193 0
46.9399 0.2203 0
53.323 0.2213 0
59.807 0.2223 0
64.8497 0.2233 0
67.9193 0.2243 0
66.9857 0.2253 0
66.5502 0.2263 0
65.2556 0.2273 0
59.9526 0.2283 0
54.0858 0.2293 0
46.6796 0.2303 0
38.9842 0.2313 0
30.8481 0.2323 0
22.8525 0.2333 0
15.3616 0.2343 0
8.33214 0.2353 0
4.941 0.2363 0
3.85811 0.2373 0
5.09522 0.2383 0
9.58441 0.2393 0
15.7237 0.2403 0
25.2453 0.2413 0
34.2095 0.2423 0
43.3473 0.2433 0
52.7053 0.2443 0
59.8853 0.2453 0
65.2368 0.2463 0
68.2951 0.2473 0
68.8974 0.2483 0
66.6208 0.2493 0
63.1523 0.2503 0
51.1687 0.2513 0
43.9996 0.2523 0
36.4477 0.2533 0
29.1801 0.2543 0
21.8094 0.2553 0
19.1023 0.2563 0
16.0814 0.2573 0
14.9458 0.2583 0
16.5976 0.2593 0
21.1645 0.2603 0
24.8765 0.2613 0
29.5394 0.2623 0
34.7314 0.2633 0
40.0404 0.2643 0
44.0214 0.2653 0
46.8685 0.2663 0
50.1118 0.2673 0
55.3645 0.2683 0
56.5359 0.2693 0
57.7421 0.2703 0
55.8307 0.2713 0
55.248 0.2723 0
54.2789 0.2733 0
55.6488 0.2743 0
52.1775 0.2753 0
45.2066 0.2763 0
43.3256 0.2773 0
41.0092 0.2783 0
38.4644 0.2793 0
35.6591 0.2803 0
30.5597 0.2813 0
27.3799 0.2823 0
24.119 0.2833 0
20.9254 0.2843 0
17.9912 0.2853 0
14.868 0.2863 0
13.1869 0.2873 0
12.428 0.2883 0
12.7598 0.2893 0
13.9539 0.2903 0
16.2727 0.2913 0
21.0909 0.2923 0
25.4112 0.2933 0
30.6994 0.2943 0
39.4787 0.2953 0
45.7602 0.2963 0
51.7748 0.2973 0
57.1627 0.2983 0
61.428 0.2993 0
64.682 0.3003 0
66.548 0.3013 0
68.3437 0.3023 0
67.2698 0.3033 0
64.794 0.3043 0
61.0859 0.3053 0
56.3775 0.3063 0
50.9428 0.3073 0
45.0767 0.3083 0
39.0728 0.3093 0
33.2038 0.3103 0
27.7055 0.3113 0
24.0004 0.3123 0
19.6177 0.3133 0
17.1668 0.3143 0
15.7165 0.3153 0
13.3768 0.3163 0
11.3991 0.3173 0
10.3925 0.3183 0
10.0256 0.3193 0
9.91502 0.3203 0
10.1162 0.3213 0
10.5379 0.3223 0
11.1056 0.3233 0
11.7645 0.3243 0
12.4784 0.3253 0
13.8187 0.3263 0
14.6409 0.3273 0
15.496 0.3283 0
16.3829 0.3293 0
17.2962 0.3303 0
18.2224 0.3313 0
19.1379 0.3323 0
5737.25 0.0833 1
5295.83 0.0843 1
4823.19 0.0853 1
4323.45 0.0863 1
3818.93 0.0873 1
3331.68 0.0883 1
2858.6 0.0893 1
2384.15 0.0903 1
1979.03 0.0913 1
1628.89 0.0923 1
1316.65 0.0933 1
1080.24 0.0943 1
866.367 0.0953 1
705.684 0.0963 1
562.576 0.0973 1
445.249 0.0983 1
379.098 0.0993 1
347.168 0.1003 1
320.486 0.1013 1
294.632 0.1023 1
278.738 0.1033 1
267.533 0.1043 1
264.425 0.1053 1
252.635 0.1063 1
239.81 0.1073 1
224.436 0.1083 1
210.879 0.1093 1
204.522 0.1103 1
200.033 0.1113 1
191.168 0.1123 1
200.388 0.1133 1
202.269 0.1143 1
205.961 0.1153 1
219.164 0.1163 1
226.354 0.1173 1
234.601 0.1183 1
235.199 0.1193 1
237.644 0.1203 1
236.929 0.1213 1
229.039 0.1223 1
217.594 0.1233 1
214.373 0.1243 1
212.976 0.1253 1
205.351 0.1263 1
189.697 0.1273 1
174.381 0.1283 1
163.456 0.1293 1
160.254 0.1303 1
157.509 0.1313 1
157.959 0.1323 1
148.671 0.1333 1
149.298 0.1343 1
148.673 0.1353 1
145.389 0.1363 1
133.545 0.1373 1
123.616 0.1383 1
114.656 0.1393 1
101.78 0.1403 1
86.5058 0.1413 1
71.7471 0.1423 1
57.479 0.1433 1
43.161 0.1443 1
29.3584 0.1453 1
20.6226 0.1463 1
12.7817 0.1473 1
7.90598 0.1483 1
6.44395 0.1493 1
6.67854 0.1503 1
9.64828 0.1513 1
13.747 0.1523 1
19.2523 0.1533 1
24.9495 0.1543 1
31.6727 0.1553 1
36.1612 0.1563 1
40.0578 0.1573 1
42.3342 0.1583 1
43.4895 0.1593 1
43.3994 0.1603 1
43.0173 0.1613 1
43.378 0.1623 1
42.7204 0.1633 1
42.352 0.1643 1
41.831 0.1653 1
41.9341 0.1663 1
42.6265 0.1673 1
43.0906 0.1683 1
43.104 0.1693 1
43.3332 0.1703 1
43.254 0.1713 1
42.9173 0.1723 1
42.3246 0.1733 1
41.7371 0.1743 1
40.4896 0.1753 1
40.2591 0.1763 1
41.4175 0.1773 1
43.9393 0.1783 1
47.0501 0.1793 1
52.3706 0.1803 1
59.146 0.1813 1
67.0285 0.1823 1
78.3206 0.1833 1
87.436 0.1843 1
96.2431 0.1853 1
103.743 0.1863 1
109.513 0.1873 1
110.463 0.1883 1
111.346 0.1893 1
109.651 0.1903 1
103.926 0.1913 1
93.7475 0.1923 1
86.5383 0.1933 1
79.9983 0.1943 1
73.7957 0.1953 1
69.1043 0.1963 1
64.2655 0.1973 1
60.1263 0.1983 1
59.5566 0.1993 1
60.7321 0.2003 1
63.1806 0.2013 1
67.4463 0.2023 1
73.5661 0.2033 1
78.7547 0.2043 1
82.0449 0.2053 1
84.8702 0.2063 1
84.722 0.2073 1
83.7748 0.2083 1
81.0687 0.2093 1
80.8007 0.2103 1
76.2727 0.2113 1
68.4441 0.2123 1
60.242 0.2133 1
51.652 0.2143 1
42.6615 0.2153 1
36.0513 0.2163 1
32.6683 0.2173 1
28.5795 0.2183 1
28.8457 0.2193 1
31.7842 0.2203 1
36.271 0.2213 1
40.9315 0.2223 1
49.0497 0.2233 1
55.5256 0.2243 1
64.5004 0.2253 1
69.5249 0.2263 1
75.4069 0.2273 1
80.8276 0.2283 1
84.0295 0.2293 1
83.9766 0.2303 1
82.6817 0.2313 1
81.4123 0.2323 1
77.8932 0.2333 1
75.5872 0.2343 1
72.4541 0.2353 1
67.9747 0.2363 1
68.5642 0.2373 1
70.2981 0.2383 1
69.6233 0.2393 1
72.0972 0.2403 1
76.9051 0.2413 1
84.7086 0.2423 1
87.5252 0.2433 1
93.777 0.2443 1
97.8773 0.2453 1
101.351 0.2463 1
104.788 0.2473 1
106.682 0.2483 1
106.421 0.2493 1
105.673 0.2503 1
102.017 0.2513 1
96.1127 0.2523 1
88.3863 0.2533 1
76.6805 0.2543 1
70.425 0.2553 1
62.843 0.2563 1
58.4422 0.2573 1
56.7185 0.2583 1
52.6541 0.2593 1
52.8114 0.2603 1
54.5418 0.2613 1
59.7692 0.2623 1
65.9767 0.2633 1
74.0033 0.2643 1
80.6602 0.2653 1
85.8503 0.2663 1
90.8288 0.2673 1
92.991 0.2683 1
91.1583 0.2693 1
90.6177 0.2703 1
87.0363 0.2713 1
81.6229 0.2723 1
76.0573 0.2733 1
69.6242 0.2743 1
63.0505 0.2753 1
56.5231 0.2763 1
50.893 0.2773 1
44.9725 0.2783 1
42.5601 0.2793 1
40.3632 0.2803 1
38.4675 0.2813 1
39.3621 0.2823 1
41.2334 0.2833 1
42.943 0.2843 1
44.7464 0.2853 1
47.3898 0.2863 1
48.9217 0.2873 1
50.8199 0.2883 1
52.958 0.2893 1
52.5957 0.2903 1
51.434 0.2913 1
52.7433 0.2923 1
50.4906 0.2933 1
49.6707 0.2943 1
47.2664 0.2953 1
44.6988 0.2963 1
44.8142 0.2973 1
43.4394 0.2983 1
41.2498 0.2993 1
40.6949 0.3003 1
41.219 0.3013 1
38.3901 0.3023 1
37.9637 0.3033 1
37.271 0.3043 1
36.8413 0.3053 1
35.9884 0.3063 1
34.3055 0.3073 1
33.3392 0.3083 1
30.6824 0.3093 1
28.3894 0.3103 1
26.4542 0.3113 1
24.7472 0.3123 1
22.7021 0.3133 1
21.2913 0.3143 1
20.6594 0.3153 1
19.6006 0.3163 1
20.5201 0.3173 1
20.9338 0.3183 1
22.9067 0.3193 1
25.3302 0.3203 1
29.9961 0.3213 1
33.7589 0.3223 1
39.2319 0.3233 1
43.4164 0.3243 1
48.5712 0.3253 1
52.6468 0.3263 1
56.033 0.3273 1
58.5209 0.3283 1
58.4396 0.3293 1
59.2674 0.3303 1
60.0409 0.3313 1
148.738 0.0833 2
124.114 0.0843 2
100.933 0.0853 2
79.8859 0.0863 2
61.4832 0.0873 2
46.0485 0.0883 2
33.7271 0.0893 2
24.5041 0.0903 2
18.2329 0.0913 2
14.6668 0.0923 2
13.4939 0.0933 2
14.3693 0.0943 2
16.9439 0.0953 2
20.9569 0.0963 2
25.9887 0.0973 2
31.7954 0.0983 2
38.6401 0.0993 2
45.9967 0.1003 2
53.0473 0.1013 2
60.9072 0.1023 2
68.7268 0.1033 2
76.2368 0.1043 2
83.4885 0.1053 2
90.1517 0.1063 2
98.175 0.1073 2
100.049 0.1083 2
103.694 0.1093 2
106.623 0.1103 2
107.295 0.1113 2
107.521 0.1123 2
105.071 0.1133 2
101.323 0.1143 2
97.6447 0.1153 2
91.6687 0.1163 2
85.7249 0.1173 2
78.654 0.1183 2
71.1817 0.1193 2
63.8926 0.1203 2
56.4885 0.1213 2
51.0552 0.1223 2
47.6823 0.1233 2
44.3669 0.1243 2
42.577 0.1253 2
41.2295 0.1263 2
47.9732 0.1273 2
43.3419 0.1283 2
54.5715 0.1293 2
57.9526 0.1303 2
66.9809 0.1313 2
88.4974 0.1323 2
105.259 0.1333 2
126.362 0.1343 2
165.685 0.1353 2
196.129 0.1363 2
235.484 0.1373 2
272.955 0.1383 2
310.99 0.1393 2
354.725 0.1403 2
385.512 0.1413 2
427.211 0.1423 2
452.23 0.1433 2
470.703 0.1443 2
479.458 0.1453 2
478.956 0.1463 2
482.366 0.1473 2
471.796 0.1483 2
453.007 0.1493 2
437.198 0.1503 2
403.23 0.1513 2
360.152 0.1523 2
326.458 0.1533 2
294.881 0.1543 2
258.82 0.1553 2
235.088 0.1563 2
215.97 0.1573 2
197.01 0.1583 2
178.718 0.1593 2
167.545 0.1603 2
167.134 0.1613 2
157.898 0.1623 2
157.597 0.1633 2
158.455 0.1643 2
159.391 0.1653 2
154.482 0.1663 2
147.728 0.1673 2
139.71 0.1683 2
131.547 0.1693 2
121.537 0.1703 2
112.008 0.1713 2
98.2108 0.1723 2
94.8799 0.1733 2
85.8 0.1743 2
76.4869 0.1753 2
77.4843 0.1763 2
73.884 0.1773 2
70.7513 0.1783 2
69.1212 0.1793 2
69.7561 0.1803 2
67.6514 0.1813 2
66.1521 0.1823 2
78.0187 0.1833 2
72.8327 0.1843 2
71.9569 0.1853 2
67.9267 0.1863 2
58.2081 0.1873 2
61.1278 0.1883 2
58.7571 0.1893 2
52.274 0.1903 2
53.5634 0.1913 2
52.2966 0.1923 2
56.6548 0.1933 2
57.1355 0.1943 2
67.4439 0.1953 2
79.0005 0.1963 2
81.2249 0.1973 2
87.2152 0.1983 2
90.5356 0.1993 2
93.492 0.2003 2
100.191 0.2013 2
102.38 0.2023 2
100.416 0.2033 2
96.4618 0.2043 2
93.5801 0.2053 2
88.1328 0.2063 2
83.0164 0.2073 2
76.1544 0.2083 2
68.6661 0.2093 2
62.9072 0.2103 2
57.2372 0.2113 2
51.9778 0.2123 2
46.9149 0.2133 2
47.1064 0.2143 2
43.7461 0.2153 2
40.5962 0.2163 2
40.1651 0.2173 2
39.792 0.2183 2
39.0514 0.2193 2
38.4434 0.2203 2
38.0285 0.2213 2
35.5484 0.2223 2
34.0583 0.2233 2
33.572 0.2243 2
34.0842 0.2253 2
36.1355 0.2263 2
37.8656 0.2273 2
41.1987 0.2283 2
43.3554 0.2293 2
44.9442 0.2303 2
49.1672 0.2313 2
52.7694 0.2323 2
58.2369 0.2333 2
64.5173 0.2343 2
71.2534 0.2353 2
77.8554 0.2363 2
81.6452 0.2373 2
83.9676 0.2383 2
83.4193 0.2393 2
84.7398 0.2403 2
81.7747 0.2413 2
81.3336 0.2423 2
77.1331 0.2433 2
67.5071 0.2443 2
60.1192 0.2453 2
50.4517 0.2463 2
42.8654 0.2473 2
38.8906 0.2483 2
33.4376 0.2493 2
26.9044 0.2503 2
25.0437 0.2513 2
22.9199 0.2523 2
23.2425 0.2533 2
26.0087 0.2543 2
27.1966 0.2553 2
29.9888 0.2563 2
34.4648 0.2573 2
38.6757 0.2583 2
43.6075 0.2593 2
46.7449 0.2603 2
51.001 0.2613 2
53.7912 0.2623 2
54.7573 0.2633 2
52.4174 0.2643 2
51.4351 0.2653 2
48.143 0.2663 2
43.4194 0.2673 2
36.8113 0.2683 2
30.5129 0.2693 2
23.5804 0.2703 2
18.7674 0.2713 2
14.2627 0.2723 2
10.2704 0.2733 2
8.51993 0.2743 2
6.9534 0.2753 2
6.80556 0.2763 2
7.11649 0.2773 2
8.84873 0.2783 2
11.8894 0.2793 2
15.6882 0.2803 2
18.7739 0.2813 2
22.2487 0.2823 2
26.0068 0.2833 2
29.1954 0.2843 2
29.6557 0.2853 2
31.9796 0.2863 2
32.6669 0.2873 2
32.24 0.2883 2
32.2852 0.2893 2
32.3159 0.2903 2
33.1425 0.2913 2
33.7429 0.2923 2
37.5739 0.2933 2
38.1991 0.2943 2
42.0105 0.2953 2
44.5926 0.2963 2
48.2466 0.2973 2
53.6187 0.2983 2
56.1703 0.2993 2
59.1071 0.3003 2
61.5559 0.3013 2
65.6702 0.3023 2
71.8137 0.3033 2
72.9395 0.3043 2
76.0277 0.3053 2
77.3076 0.3063 2
80.9545 0.3073 2
81.061 0.3083 2
81.7396 0.3093 2
80.5046 0.3103 2
80.6442 0.3113 2
76.0735 0.3123 2
73.9425 0.3133 2
71.2685 0.3143 2
68.8954 0.3153 2
67.5683 0.3163 2
64.6659 0.3173 2
61.264 0.3183 2
57.7431 0.3193 2
54.9839 0.3203 2
52.0437 0.3213 2
50.2806 0.3223 2
48.0715 0.3233 2
44.9342 0.3243 2
43.7195 0.3253 2
40.2931 0.3263 2
37.773 0.3273 2
34.914 0.3283 2
182.15 0.0833 3
175.426 0.0843 3
168.604 0.0853 3
161.389 0.0863 3
153.532 0.0873 3
144.857 0.0883 3
135.277 0.0893 3
124.81 0.0903 3
113.646 0.0913 3
101.888 0.0923 3
89.9491 0.0933 3
78.0076 0.0943 3
66.7921 0.0953 3
56.6145 0.0963 3
47.1802 0.0973 3
40.0902 0.0983 3
33.5155 0.0993 3
28.3201 0.1003 3
29.4699 0.1013 3
29.8575 0.1023 3
31.3421 0.1033 3
27.3617 0.1043 3
30.7526 0.1053 3
34.2028 0.1063 3
40.6706 0.1073 3
37.9037 0.1083 3
39.1442 0.1093 3
47.1251 0.1103 3
45.517 0.1113 3
42.994 0.1123 3
53.4755 0.1133 3
57.3007 0.1143 3
73.8909 0.1153 3
78.3319 0.1163 3
87.3554 0.1173 3
102.717 0.1183 3
108.009 0.1193 3
117.313 0.1203 3
119.034 0.1213 3
120.35 0.1223 3
123.322 0.1233 3
107.875 0.1243 3
108.33 0.1253 3
107.319 0.1263 3
102.289 0.1273 3
102.572 0.1283 3
108.764 0.1293 3
114.313 0.1303 3
112.938 0.1313 3
110.843 0.1323 3
107.398 0.1333 3
104.206 0.1343 3
105.592 0.1353 3
99.1531 0.1363 3
90.4945 0.1373 3
84.3365 0.1383 3
75.0968 0.1393 3
66.5308 0.1403 3
66.1984 0.1413 3
57.09 0.1423 3
50.801 0.1433 3
50.5475 0.1443 3
46.4637 0.1453 3
46.3372 0.1463 3
52.4567 0.1473 3
60.1066 0.1483 3
73.8935 0.1493 3
83.1004 0.1503 3
96.7259 0.1513 3
108.511 0.1523 3
121.115 0.1533 3
119.056 0.1543 3
118.371 0.1553 3
112.75 0.1563 3
107.664 0.1573 3
95.9092 0.1583 3
86.9422 0.1593 3
75.676 0.1603 3
66.8488 0.1613 3
59.1887 0.1623 3
53.1229 0.1633 3
50.444 0.1643 3
57.7074 0.1653 3
61.279 0.1663 3
63.1155 0.1673 3
65.3525 0.1683 3
69.7008 0.1693 3
77.8775 0.1703 3
81.2661 0.1713 3
85.8996 0.1723 3
83.605 0.1733 3
86.223 0.1743 3
80.3927 0.1753 3
73.3412 0.1763 3
69.001 0.1773 3
62.1384 0.1783 3
57.527 0.1793 3
52.8394 0.1803 3
56.6814 0.1813 3
63.329 0.1823 3
73.2072 0.1833 3
81.9566 0.1843 3
87.0482 0.1853 3
87.6023 0.1863 3
90.2522 0.1873 3
94.0087 0.1883 3
89.9515 0.1893 3
86.9374 0.1903 3
81.916 0.1913 3
73.4398 0.1923 3
66.6899 0.1933 3
53.6356 0.1943 3
44.1385 0.1953 3
38.6079 0.1963 3
37.6942 0.1973 3
40.0645 0.1983 3
44.1328 0.1993 3
53.8603 0.2003 3
66.1544 0.2013 3
81.0744 0.2023 3
97.2783 0.2033 3
114.121 0.2043 3
129.183 0.2053 3
138.426 0.2063 3
146.414 0.2073 3
152.633 0.2083 3
155.693 0.2093 3
152.735 0.2103 3
144.814 0.2113 3
134.388 0.2123 3
124.528 0.2133 3
112.014 0.2143 3
97.5683 0.2153 3
87.573 0.2163 3
78.245 0.2173 3
75.5118 0.2183 3
68.0571 0.2193 3
71.1085 0.2203 3
72.9432 0.2213 3
79.8456 0.2223 3
81.0258 0.2233 3
91.3519 0.2243 3
96.5043 0.2253 3
102.695 0.2263 3
109.059 0.2273 3
112.528 0.2283 3
113.516 0.2293 3
114.531 0.2303 3
110.678 0.2313 3
107.416 0.2323 3
97.6256 0.2333 3
86.7169 0.2343 3
76.6212 0.2353 3
66.0891 0.2363 3
57.5584 0.2373 3
49.6704 0.2383 3
42.2584 0.2393 3
35.7356 0.2403 3
31.3047 0.2413 3
28.5115 0.2423 3
27.9715 0.2433 3
28.8599 0.2443 3
33.1022 0.2453 3
35.2586 0.2463 3
37.5069 0.2473 3
38.4093 0.2483 3
41.4891 0.2493 3
47.4907 0.2503 3
50.9885 0.2513 3
57.7392 0.2523 3
64.4283 0.2533 3
65.2289 0.2543 3
67.8022 0.2553 3
75.599 0.2563 3
80.9421 0.2573 3
83.7416 0.2583 3
85.3363 0.2593 3
86.5907 0.2603 3
88.9701 0.2613 3
90.3631 0.2623 3
89.8472 0.2633 3
84.4292 0.2643 3
82.857 0.2653 3
79.3523 0.2663 3
74.7103 0.2673 3
67.3242 0.2683 3
60.9134 0.2693 3
54.2267 0.2703 3
48.4174 0.2713 3
41.3716 0.2723 3
35.6211 0.2733 3
32.1174 0.2743 3
30.8327 0.2753 3
29.1188 0.2763 3
31.146 0.2773 3
32.4452 0.2783 3
37.9038 0.2793 3
43.1728 0.2803 3
49.994 0.2813 3
55.7127 0.2823 3
62.6305 0.2833 3
69.3615 0.2843 3
75.3901 0.2853 3
79.6512 0.2863 3
81.9367 0.2873 3
81.0325 0.2883 3
80.7172 0.2893 3
77.2494 0.2903 3
73.3523 0.2913 3
67.1062 0.2923 3
58.859 0.2933 3
50.9074 0.2943 3
42.8884 0.2953 3
34.6815 0.2963 3
27.92 0.2973 3
22.189 0.2983 3
18.9982 0.2993 3
15.3999 0.3003 3
13.6524 0.3013 3
13.2794 0.3023 3
13.8028 0.3033 3
15.6858 0.3043 3
17.8238 0.3053 3
19.2693 0.3063 3
21.2306 0.3073 3
22.9762 0.3083 3
24.0752 0.3093 3
23.8591 0.3103 3
24.1169 0.3113 3
23.355 0.3123 3
22.0772 0.3133 3
20.8672 0.3143 3
19.4572 0.3153 3
18.6121 0.3163 3
17.1988 0.3173 3
16.2175 0.3183 3
15.4623 0.3193 3
15.1246 0.3203 3
15.0225 0.3213 3
15.1947 0.3223 3
15.1582 0.3233 3
36.8142 0.0833 4
34.894 0.0843 4
37.533 0.0853 4
34.3287 0.0863 4
38.6724 0.0873 4
34.7416 0.0883 4
36.3537 0.0893 4
47.7072 0.0903 4
51.8615 0.0913 4
47.445 0.0923 4
48.5065 0.0933 4
67.2352 0.0943 4
80.0042 0.0953 4
86.3918 0.0963 4
87.7648 0.0973 4
78.0609 0.0983 4
80.1327 0.0993 4
89.363 0.1003 4
84.2484 0.1013 4
91.4597 0.1023 4
92.9203 0.1033 4
93.3743 0.1043 4
91.7641 0.1053 4
90.5492 0.1063 4
89.6011 0.1073 4
86.2664 0.1083 4
78.9917 0.1093 4
74.722 0.1103 4
71.3888 0.1113 4
71.2994 0.1123 4
63.6971 0.1133 4
59.2095 0.1143 4
65.6229 0.1153 4
65.3555 0.1163 4
70.7876 0.1173 4
72.7534 0.1183 4
74.8462 0.1193 4
64.7147 0.1203 4
65.2536 0.1213 4
63.91 0.1223 4
68.0586 0.1233 4
69.209 0.1243 4
71.5746 0.1253 4
68.9658 0.1263 4
66.1692 0.1273 4
67.5898 0.1283 4
67.0899 0.1293 4
66.0606 0.1303 4
71.4401 0.1313 4
72.7258 0.1323 4
80.4828 0.1333 4
88.3114 0.1343 4
97.3109 0.1353 4
114.943 0.1363 4
125.444 0.1373 4
141.963 0.1383 4
159.989 0.1393 4
177.625 0.1403 4
194.733 0.1413 4
212.85 0.1423 4
218.131 0.1433 4
224.966 0.1443 4
228.563 0.1453 4
229.211 0.1463 4
229.981 0.1473 4
225.061 0.1483 4
220.086 0.1493 4
216.749 0.1503 4
207.066 0.1513 4
195.646 0.1523 4
185.289 0.1533 4
169.47 0.1543 4
157.963 0.1553 4
149.402 0.1563 4
139.391 0.1573 4
130.235 0.1583 4
120.346 0.1593 4
111.696 0.1603 4
106.163 0.1613 4
100.067 0.1623 4
97.0761 0.1633 4
91.4754 0.1643 4
87.2606 0.1653 4
81.811 0.1663 4
78.9754 0.1673 4
76.2433 0.1683 4
75.2266 0.1693 4
74.2537 0.1703 4
74.2402 0.1713 4
75.9141 0.1723 4
77.7984 0.1733 4
84.8604 0.1743 4
89.4547 0.1753 4
99.071 0.1763 4
103.636 0.1773 4
108.783 0.1783 4
114.361 0.1793 4
119.608 0.1803 4
122.762 0.1813 4
126.178 0.1823 4
128.916 0.1833 4
131.008 0.1843 4
131.913 0.1853 4
133.635 0.1863 4
136.153 0.1873 4
138.1 0.1883 4
137.127 0.1893 4
137.019 0.1903 4
138.491 0.1913 4
139.445 0.1923 4
140.181 0.1933 4
140.38 0.1943 4
141.595 0.1953 4
143.328 0.1963 4
143.657 0.1973 4
139.723 0.1983 4
136.275 0.1993 4
128.4 0.2003 4
117.682 0.2013 4
112.919 0.2023 4
103.287 0.2033 4
96.6874 0.2043 4
88.6713 0.2053 4
80.633 0.2063 4
77.777 0.2073 4
74.6799 0.2083 4
74.2349 0.2093 4
72.529 0.2103 4
75.7896 0.2113 4
82.4208 0.2123 4
87.3267 0.2133 4
93.3117 0.2143 4
99.325 0.2153 4
107.365 0.2163 4
111.278 0.2173 4
115.86 0.2183 4
119.194 0.2193 4
118.911 0.2203 4
116.559 0.2213 4
111.517 0.2223 4
107.175 0.2233 4
98.8704 0.2243 4
92.1776 0.2253 4
79.7512 0.2263 4
67.3114 0.2273 4
54.5907 0.2283 4
45.9507 0.2293 4
37.8315 0.2303 4
33.4474 0.2313 4
30.6969 0.2323 4
32.1457 0.2333 4
36.1813 0.2343 4
40.9098 0.2353 4
47.2626 0.2363 4
60.2665 0.2373 4
67.3791 0.2383 4
81.6071 0.2393 4
91.2978 0.2403 4
102.16 0.2413 4
111.905 0.2423 4
120.047 0.2433 4
126.081 0.2443 4
131.196 0.2453 4
136.904 0.2463 4
143.667 0.2473 4
141.631 0.2483 4
142.379 0.2493 4
132.353 0.2503 4
131.511 0.2513 4
130.133 0.2523 4
126.089 0.2533 4
120.904 0.2543 4
115.194 0.2553 4
113.947 0.2563 4
111.706 0.2573 4
113.012 0.2583 4
111.714 0.2593 4
109.778 0.2603 4
107.722 0.2613 4
107.009 0.2623 4
102.505 0.2633 4
101.716 0.2643 4
101.234 0.2653 4
98.1906 0.2663 4
98.9688 0.2673 4
98.1831 0.2683 4
98.6578 0.2693 4
104.979 0.2703 4
105.711 0.2713 4
109.967 0.2723 4
114.346 0.2733 4
117.329 0.2743 4
127.745 0.2753 4
138.721 0.2763 4
144.551 0.2773 4
147.092 0.2783 4
152.464 0.2793 4
153.569 0.2803 4
153.024 0.2813 4
148.999 0.2823 4
144.466 0.2833 4
137.895 0.2843 4
127.817 0.2853 4
115.653 0.2863 4
101.431 0.2873 4
88.482 0.2883 4
75.4447 0.2893 4
65.0373 0.2903 4
55.4252 0.2913 4
47.7294 0.2923 4
41.1745 0.2933 4
38.1973 0.2943 4
37.5293 0.2953 4
38.1238 0.2963 4
41.7135 0.2973 4
46.0464 0.2983 4
49.0501 0.2993 4
55.1437 0.3003 4
59.6311 0.3013 4
63.7191 0.3023 4
66.3109 0.3033 4
68.7884 0.3043 4
68.5672 0.3053 4
67.5988 0.3063 4
65.7538 0.3073 4
63.3572 0.3083 4
63.3313 0.3093 4
60.9466 0.3103 4
60.3419 0.3113 4
59.3987 0.3123 4
58.9752 0.3133 4
60.9128 0.3143 4
61.7102 0.3153 4
68.4362 0.0833 5
67.2555 0.0843 5
64.7987 0.0853 5
61.3851 0.0863 5
57.4253 0.0873 5
53.3622 0.0883 5
49.6105 0.0893 5
46.5047 0.0903 5
44.2592 0.0913 5
42.9463 0.0923 5
42.494 0.0933 5
42.7018 0.0943 5
43.2724 0.0953 5
43.8552 0.0963 5
44.0944 0.0973 5
43.6762 0.0983 5
42.3693 0.0993 5
40.0535 0.1003 5
36.7331 0.1013 5
32.5344 0.1023 5
27.6884 0.1033 5
22.5004 0.1043 5
17.3125 0.1053 5
12.4619 0.1063 5
8.243 0.1073 5
4.87517 0.1083 5
2.48223 0.1093 5
1.08417 0.1103 5
0.602169 0.1113 5
0.87525 0.1123 5
1.68585 0.1133 5
2.79032 0.1143 5
4.01228 0.1153 5
5.03541 0.1163 5
5.75887 0.1173 5
6.26103 0.1183 5
6.27104 0.1193 5
5.96434 0.1203 5
5.66438 0.1213 5
5.06187 0.1223 5
4.60491 0.1233 5
4.06408 0.1243 5
3.64648 0.1253 5
3.43791 0.1263 5
5.53982 0.1273 5
5.97682 0.1283 5
8.9942 0.1293 5
11.1584 0.1303 5
10.8524 0.1313 5
11.8482 0.1323 5
15.9913 0.1333 5
17.5888 0.1343 5
15.2269 0.1353 5
19.2267 0.1363 5
24.2675 0.1373 5
26.1297 0.1383 5
30.9191 0.1393 5
34.2902 0.1403 5
35.9669 0.1413 5
39.6738 0.1423 5
40.6487 0.1433 5
51.137 0.1443 5
62.5073 0.1453 5
71.2581 0.1463 5
74.7651 0.1473 5
75.5497 0.1483 5
81.9591 0.1493 5
93.2273 0.1503 5
107.342 0.1513 5
117.581 0.1523 5
131.624 0.1533 5
152.276 0.1543 5
182.907 0.1553 5
207.254 0.1563 5
232.226 0.1573 5
257.081 0.1583 5
276.695 0.1593 5
296.619 0.1603 5
304.875 0.1613 5
331.715 0.1623 5
349.335 0.1633 5
348.78 0.1643 5
349.882 0.1653 5
335.793 0.1663 5
329.752 0.1673 5
307.688 0.1683 5
287.432 0.1693 5
268.567 0.1703 5
259.72 0.1713 5
262.293 0.1723 5
274.127 0.1733 5
294.155 0.1743 5
321.415 0.1753 5
353.893 0.1763 5
391.195 0.1773 5
424.926 0.1783 5
463.835 0.1793 5
499.15 0.1803 5
532.276 0.1813 5
554.613 0.1823 5
565.663 0.1833 5
568.491 0.1843 5
563.48 0.1853 5
550.201 0.1863 5
518.148 0.1873 5
472.836 0.1883 5
425.119 0.1893 5
371.042 0.1903 5
322.684 0.1913 5
276.623 0.1923 5
232.153 0.1933 5
195.764 0.1943 5
175.477 0.1953 5
166.427 0.1963 5
162.625 0.1973 5
172.87 0.1983 5
197.749 0.1993 5
221.641 0.2003 5
250.876 0.2013 5
285.129 0.2023 5
320.828 0.2033 5
345.785 0.2043 5
367.187 0.2053 5
380.059 0.2063 5
386.523 0.2073 5
381.481 0.2083 5
367.666 0.2093 5
341.057 0.2103 5
311.116 0.2113 5
277.733 0.2123 5
238.733 0.2133 5
200.104 0.2143 5
165.41 0.2153 5
129.886 0.2163 5
99.2606 0.2173 5
81.6534 0.2183 5
66.0263 0.2193 5
60.5251 0.2203 5
59.1749 0.2213 5
62.2921 0.2223 5
71.454 0.2233 5
82.537 0.2243 5
96.0158 0.2253 5
114.329 0.2263 5
128.443 0.2273 5
135.656 0.2283 5
143.875 0.2293 5
145.636 0.2303 5
145.964 0.2313 5
141.112 0.2323 5
133.729 0.2333 5
126.604 0.2343 5
120.52 0.2353 5
106.753 0.2363 5
93.2528 0.2373 5
80.83 0.2383 5
67.4966 0.2393 5
56.85 0.2403 5
48.8733 0.2413 5
40.3315 0.2423 5
35.1208 0.2433 5
30.1739 0.2443 5
25.9014 0.2453 5
23.167 0.2463 5
20.7766 0.2473 5
19.6504 0.2483 5
18.8524 0.2493 5
18.3296 0.2503 5
17.1057 0.2513 5
15.9 0.2523 5
14.7132 0.2533 5
13.874 0.2543 5
12.8484 0.2553 5
12.8078 0.2563 5
12.1145 0.2573 5
12.4611 0.2583 5
14.7041 0.2593 5
15.9101 0.2603 5
18.3142 0.2613 5
22.7644 0.2623 5
28.7009 0.2633 5
33.6289 0.2643 5
38.7321 0.2653 5
44.0831 0.2663 5
48.7931 0.2673 5
52.6896 0.2683 5
55.5617 0.2693 5
58.5386 0.2703 5
58.7218 0.2713 5
58.1114 0.2723 5
56.3805 0.2733 5
55.0641 0.2743 5
51.6949 0.2753 5
47.8301 0.2763 5
43.8873 0.2773 5
42.9309 0.2783 5
39.099 0.2793 5
36.1097 0.2803 5
32.4218 0.2813 5
32.3026 0.2823 5
30.2715 0.2833 5
30.3929 0.2843 5
31.6946 0.2853 5
33.1563 0.2863 5
33.7315 0.2873 5
36.242 0.2883 5
39.0411 0.2893 5
42.2105 0.2903 5
45.4266 0.2913 5
49.2362 0.2923 5
52.1851 0.2933 5
54.742 0.2943 5
56.7802 0.2953 5
58.1891 0.2963 5
58.286 0.2973 5
58.1874 0.2983 5
56.1473 0.2993 5
53.4094 0.3003 5
51.6164 0.3013 5
49.8017 0.3023 5
46.0815 0.3033 5
43.9585 0.3043 5
40.9512 0.3053 5
423.574 0.0833 6
445.498 0.0843 6
453.112 0.0853 6
467.173 0.0863 6
472.988 0.0873 6
479.725 0.0883 6
485.184 0.0893 6
492.312 0.0903 6
499.955 0.0913 6
496.111 0.0923 6
495.751 0.0933 6
512.763 0.0943 6
512.325 0.0953 6
518.358 0.0963 6
514.856 0.0973 6
521.043 0.0983 6
523.261 0.0993 6
527.964 0.1003 6
525.443 0.1013 6
511.225 0.1023 6
515.903 0.1033 6
520.963 0.1043 6
559.063 0.1053 6
590.701 0.1063 6
608.819 0.1073 6
629.815 0.1083 6
665.198 0.1093 6
692.007 0.1103 6
702.438 0.1113 6
715.677 0.1123 6
711.646 0.1133 6
710.652 0.1143 6
686.041 0.1153 6
681.73 0.1163 6
645.81 0.1173 6
611.332 0.1183 6
585.131 0.1193 6
552.685 0.1203 6
518.163 0.1213 6
493.855 0.1223 6
439.782 0.1233 6
382.443 0.1243 6
332.945 0.1253 6
288.289 0.1263 6
252.05 0.1273 6
210.502 0.1283 6
175.683 0.1293 6
140.704 0.1303 6
116.447 0.1313 6
96.5895 0.1323 6
86.2898 0.1333 6
75.8004 0.1343 6
72.564 0.1353 6
70.3688 0.1363 6
67.0969 0.1373 6
67.5145 0.1383 6
63.7952 0.1393 6
61.7339 0.1403 6
56.4336 0.1413 6
55.2924 0.1423 6
56.0992 0.1433 6
56.7782 0.1443 6
58.2977 0.1453 6
66.0332 0.1463 6
72.1626 0.1473 6
80.804 0.1483 6
92.1427 0.1493 6
105.776 0.1503 6
125.014 0.1513 6
141.999 0.1523 6
151.065 0.1533 6
167.554 0.1543 6
182.315 0.1553 6
194.5 0.1563 6
205.238 0.1573 6
209.647 0.1583 6
209.411 0.1593 6
204.48 0.1603 6
195.138 0.1613 6
184.208 0.1623 6
170.722 0.1633 6
156.652 0.1643 6
131.742 0.1653 6
114.321 0.1663 6
97.0938 0.1673 6
82.1595 0.1683 6
70.1778 0.1693 6
62.8524 0.1703 6
57.3872 0.1713 6
57.402 0.1723 6
58.3676 0.1733 6
61.5615 0.1743 6
66.0906 0.1753 6
71.7131 0.1763 6
77.1851 0.1773 6
81.9885 0.1783 6
85.895 0.1793 6
87.8714 0.1803 6
88.019 0.1813 6
86.3504 0.1823 6
82.9183 0.1833 6
78.4401 0.1843 6
72.6113 0.1853 6
66.1314 0.1863 6
59.413 0.1873 6
52.4889 0.1883 6
46.3858 0.1893 6
42.1071 0.1903 6
38.0715 0.1913 6
35.101 0.1923 6
33.5309 0.1933 6
33.334 0.1943 6
36.1597 0.1953 6
38.8421 0.1963 6
42.559 0.1973 6
48.2019 0.1983 6
56.2575 0.1993 6
64.4781 0.2003 6
74.1271 0.2013 6
84.6866 0.2023 6
96.1902 0.2033 6
108.995 0.2043 6
121.694 0.2053 6
134.077 0.2063 6
145.092 0.2073 6
154.206 0.2083 6
161.839 0.2093 6
167.22 0.2103 6
170.133 0.2113 6
168.695 0.2123 6
166.796 0.2133 6
162.101 0.2143 6
157.161 0.2153 6
145.566 0.2163 6
135.462 0.2173 6
121.794 0.2183 6
108.411 0.2193 6
97.288 0.2203 6
89.2582 0.2213 6
79.1325 0.2223 6
72.5665 0.2233 6
66.0938 0.2243 6
61.416 0.2253 6
60.178 0.2263 6
61.778 0.2273 6
62.0028 0.2283 6
64.8655 0.2293 6
69.5393 0.2303 6
73.7614 0.2313 6
79.3904 0.2323 6
85.007 0.2333 6
91.5224 0.2343 6
93.9226 0.2353 6
97.5777 0.2363 6
94.6768 0.2373 6
91.841 0.2383 6
86.3476 0.2393 6
79.6796 0.2403 6
72.8077 0.2413 6
65.2417 0.2423 6
54.667 0.2433 6
46.9412 0.2443 6
38.6077 0.2453 6
31.6245 0.2463 6
26.2483 0.2473 6
21.3124 0.2483 6
17.6994 0.2493 6
14.5368 0.2503 6
14.0998 0.2513 6
14.1672 0.2523 6
13.6459 0.2533 6
13.1954 0.2543 6
11.4283 0.2553 6
10.8236 0.2563 6
9.29022 0.2573 6
9.18159 0.2583 6
8.62073 0.2593 6
7.30613 0.2603 6
6.42131 0.2613 6
6.36006 0.2623 6
7.33627 0.2633 6
7.79637 0.2643 6
8.4181 0.2653 6
10.4198 0.2663 6
12.3447 0.2673 6
14.7339 0.2683 6
17.772 0.2693 6
20.7495 0.2703 6
23.8179 0.2713 6
26.5898 0.2723 6
28.5346 0.2733 6
30.878 0.2743 6
32.7189 0.2753 6
33.6454 0.2763 6
33.6122 0.2773 6
33.9277 0.2783 6
34.0828 0.2793 6
33.5166 0.2803 6
32.4238 0.2813 6
31.2454 0.2823 6
32.118 0.2833 6
31.7628 0.2843 6
32.7199 0.2853 6
32.804 0.2863 6
35.7938 0.2873 6
38.1202 0.2883 6
42.4979 0.2893 6
46.0494 0.2903 6
47.9316 0.2913 6
51.2765 0.2923 6
79.0847 0.0833 7
71.2876 0.0843 7
62.79 0.0853 7
53.3629 0.0863 7
43.0732 0.0873 7
32.3253 0.0883 7
21.8435 0.0893 7
12.5948 0.0903 7
5.66241 0.0913 7
2.08785 0.0923 7
2.70483 0.0933 7
7.9889 0.0943 7
17.9464 0.0953 7
32.0605 0.0963 7
49.3048 0.0973 7
68.225 0.0983 7
87.0822 0.0993 7
104.039 0.1003 7
117.423 0.1013 7
125.721 0.1023 7
128.178 0.1033 7
124.775 0.1043 7
114.77 0.1053 7
100.33 0.1063 7
81.6057 0.1073 7
62.4691 0.1083 7
43.117 0.1093 7
26.1638 0.1103 7
15.2726 0.1113 7
11.5448 0.1123 7
12.4758 0.1133 7
19.3195 0.1143 7
29.1237 0.1153 7
40.3913 0.1163 7
56.6877 0.1173 7
75.4416 0.1183 7
97.2814 0.1193 7
110.598 0.1203 7
123.146 0.1213 7
132.632 0.1223 7
124.441 0.1233 7
123.036 0.1243 7
117.002 0.1253 7
106.858 0.1263 7
86.0286 0.1273 7
66.1485 0.1283 7
48.7466 0.1293 7
42.9671 0.1303 7
43.6652 0.1313 7
46.944 0.1323 7
54.9309 0.1333 7
62.1 0.1343 7
73.3224 0.1353 7
82.1194 0.1363 7
86.0349 0.1373 7
99.1741 0.1383 7
107.649 0.1393 7
109.941 0.1403 7
105.724 0.1413 7
101.686 0.1423 7
92.9795 0.1433 7
81.179 0.1443 7
67.6541 0.1453 7
54.285 0.1463 7
41.1666 0.1473 7
28.9336 0.1483 7
18.8179 0.1493 7
11.9576 0.1503 7
7.85055 0.1513 7
6.88078 0.1523 7
9.51583 0.1533 7
14.5647 0.1543 7
24.8976 0.1553 7
31.9702 0.1563 7
41.8121 0.1573 7
46.7755 0.1583 7
51.6682 0.1593 7
54.9261 0.1603 7
58.3863 0.1613 7
57.391 0.1623 7
62.4456 0.1633 7
57.5728 0.1643 7
53.8274 0.1653 7
51.8556 0.1663 7
48.8223 0.1673 7
44.6922 0.1683 7
44.8976 0.1693 7
40.8289 0.1703 7
41.2713 0.1713 7
38.0523 0.1723 7
40.9658 0.1733 7
41.6701 0.1743 7
40.9601 0.1753 7
43.1364 0.1763 7
43.6094 0.1773 7
43.5459 0.1783 7
45.1016 0.1793 7
45.0221 0.1803 7
46.1067 0.1813 7
47.2507 0.1823 7
45.4428 0.1833 7
45.6757 0.1843 7
44.0187 0.1853 7
45.1526 0.1863 7
49.4479 0.1873 7
49.8268 0.1883 7
50.6314 0.1893 7
50.9353 0.1903 7
50.9504 0.1913 7
49.7922 0.1923 7
49.4598 0.1933 7
49.1798 0.1943 7
46.0704 0.1953 7
44.9031 0.1963 7
45.5859 0.1973 7
45.7017 0.1983 7
41.7756 0.1993 7
40.0935 0.2003 7
38.0127 0.2013 7
37.875 0.2023 7
38.5463 0.2033 7
39.9627 0.2043 7
43.3339 0.2053 7
43.0893 0.2063 7
42.6797 0.2073 7
43.3341 0.2083 7
45.9549 0.2093 7
46.3768 0.2103 7
42.3026 0.2113 7
40.1207 0.2123 7
37.2329 0.2133 7
34.1414 0.2143 7
30.0066 0.2153 7
24.6711 0.2163 7
19.7261 0.2173 7
15.7093 0.2183 7
12.4321 0.2193 7
10.2151 0.2203 7
9.09016 0.2213 7
9.5102 0.2223 7
10.1226 0.2233 7
12.8413 0.2243 7
16.2835 0.2253 7
19.7226 0.2263 7
25.8371 0.2273 7
29.2801 0.2283 7
32.158 0.2293 7
33.6428 0.2303 7
34.3527 0.2313 7
34.2694 0.2323 7
32.4276 0.2333 7
30.4794 0.2343 7
27.9387 0.2353 7
25.6909 0.2363 7
23.3794 0.2373 7
21.6096 0.2383 7
20.6731 0.2393 7
20.9495 0.2403 7
22.4069 0.2413 7
25.2173 0.2423 7
29.2627 0.2433 7
33.7102 0.2443 7
38.1776 0.2453 7
43.0486 0.2463 7
47.1113 0.2473 7
51.7077 0.2483 7
53.9629 0.2493 7
55.1528 0.2503 7
54.6997 0.2513 7
54.224 0.2523 7
52.4642 0.2533 7
50.5411 0.2543 7
48.4106 0.2553 7
46.0921 0.2563 7
44.7298 0.2573 7
44.467 0.2583 7
44.9984 0.2593 7
45.8267 0.2603 7
47.8505 0.2613 7
48.7744 0.2623 7
49.3258 0.2633 7
51.137 0.2643 7
51.2358 0.2653 7
52.1176 0.2663 7
51.6652 0.2673 7
50.3485 0.2683 7
46.6662 0.2693 7
42.0048 0.2703 7
37.2616 0.2713 7
32.1849 0.2723 7
26.8702 0.2733 7
22.5355 0.2743 7
18.4027 0.2753 7
15.2603 0.2763 7
80.0686 0.0833 8
88.5239 0.0843 8
98.2506 0.0853 8
108.454 0.0863 8
118.914 0.0873 8
128.782 0.0883 8
137.099 0.0893 8
142.759 0.0903 8
145.358 0.0913 8
144.372 0.0923 8
139.294 0.0933 8
130.533 0.0943 8
118.971 0.0953 8
104.53 0.0963 8
90.5347 0.0973 8
75.983 0.0983 8
65.0019 0.0993 8
55.5852 0.1003 8
52.8006 0.1013 8
55.0921 0.1023 8
63.2579 0.1033 8
76.7699 0.1043 8
95.0562 0.1053 8
119.413 0.1063 8
145.885 0.1073 8
175.19 0.1083 8
203.366 0.1093 8
228.844 0.1103 8
251.12 0.1113 8
267.806 0.1123 8
277.958 0.1133 8
280.971 0.1143 8
277.051 0.1153 8
266.092 0.1163 8
250.088 0.1173 8
229.988 0.1183 8
204.482 0.1193 8
177.359 0.1203 8
148.983 0.1213 8
120.889 0.1223 8
94.0029 0.1233 8
70.1623 0.1243 8
49.1176 0.1253 8
32.6223 0.1263 8
20.3737 0.1273 8
11.5771 0.1283 8
6.4655 0.1293 8
5.66356 0.1303 8
6.20726 0.1313 8
9.08409 0.1323 8
13.9361 0.1333 8
18.3194 0.1343 8
25.9844 0.1353 8
28.5474 0.1363 8
32.4914 0.1373 8
34.6242 0.1383 8
38.4332 0.1393 8
39.6623 0.1403 8
37.4473 0.1413 8
37.6572 0.1423 8
37.0373 0.1433 8
37.5717 0.1443 8
37.9496 0.1453 8
39.1259 0.1463 8
37.2139 0.1473 8
34.2732 0.1483 8
31.4727 0.1493 8
28.6608 0.1503 8
24.9149 0.1513 8
22.344 0.1523 8
20.5387 0.1533 8
18.0881 0.1543 8
18.1336 0.1553 8
15.9181 0.1563 8
13.1361 0.1573 8
12.2753 0.1583 8
11.4588 0.1593 8
10.804 0.1603 8
10.1193 0.1613 8
11.1344 0.1623 8
10.7931 0.1633 8
11.4968 0.1643 8
11.3062 0.1653 8
10.7198 0.1663 8
10.0472 0.1673 8
9.03078 0.1683 8
7.59115 0.1693 8
9.21832 0.1703 8
11.3529 0.1713 8
12.9126 0.1723 8
15.5787 0.1733 8
15.5794 0.1743 8
18.5965 0.1753 8
20.3875 0.1763 8
21.7865 0.1773 8
26.9695 0.1783 8
30.9932 0.1793 8
34.6125 0.1803 8
41.4677 0.1813 8
44.8085 0.1823 8
50.1063 0.1833 8
50.8518 0.1843 8
52.9556 0.1853 8
54.6367 0.1863 8
54.1323 0.1873 8
53.3542 0.1883 8
54.0858 0.1893 8
51.1857 0.1903 8
49.4206 0.1913 8
46.3193 0.1923 8
40.0257 0.1933 8
38.3282 0.1943 8
32.7861 0.1953 8
26.0207 0.1963 8
22.9861 0.1973 8
21.2042 0.1983 8
20.1327 0.1993 8
17.8562 0.2003 8
16.6287 0.2013 8
14.6685 0.2023 8
13.7289 0.2033 8
12.4896 0.2043 8
12.3764 0.2053 8
11.9814 0.2063 8
11.5407 0.2073 8
10.6889 0.2083 8
10.6547 0.2093 8
10.365 0.2103 8
10.6889 0.2113 8
11.8176 0.2123 8
11.6771 0.2133 8
11.4657 0.2143 8
11.0351 0.2153 8
11.1644 0.2163 8
11.3788 0.2173 8
12.2411 0.2183 8
13.0068 0.2193 8
14.0033 0.2203 8
15.1643 0.2213 8
16.1613 0.2223 8
17.4766 0.2233 8
19.1314 0.2243 8
21.1906 0.2253 8
21.8391 0.2263 8
22.9926 0.2273 8
23.6536 0.2283 8
24.1914 0.2293 8
25.6229 0.2303 8
27.0939 0.2313 8
27.0874 0.2323 8
27.0032 0.2333 8
26.6326 0.2343 8
25.6206 0.2353 8
24.542 0.2363 8
22.6859 0.2373 8
21.0483 0.2383 8
19.0205 0.2393 8
16.6741 0.2403 8
14.3802 0.2413 8
12.4771 0.2423 8
10.2669 0.2433 8
8.66333 0.2443 8
7.89015 0.2453 8
6.82286 0.2463 8
7.77153 0.2473 8
8.54859 0.2483 8
9.86523 0.2493 8
10.8446 0.2503 8
13.1862 0.2513 8
15.0276 0.2523 8
16.6189 0.2533 8
18.1592 0.2543 8
20.0042 0.2553 8
21.7758 0.2563 8
22.0075 0.2573 8
86.5406 0.0833 9
93.8745 0.0843 9
102.636 0.0853 9
108.599 0.0863 9
115.94 0.0873 9
127.581 0.0883 9
128.977 0.0893 9
133.089 0.0903 9
136.026 0.0913 9
138.331 0.0923 9
140.384 0.0933 9
145.148 0.0943 9
149.896 0.0953 9
157.058 0.0963 9
161.019 0.0973 9
153.874 0.0983 9
152.135 0.0993 9
160.087 0.1003 9
167.467 0.1013 9
177.526 0.1023 9
196.942 0.1033 9
204.343 0.1043 9
200.344 0.1053 9
221.847 0.1063 9
225.801 0.1073 9
232.86 0.1083 9
238.102 0.1093 9
244.956 0.1103 9
240.937 0.1113 9
238.41 0.1123 9
239.086 0.1133 9
247.135 0.1143 9
241.826 0.1153 9
235.869 0.1163 9
229.74 0.1173 9
232.403 0.1183 9
228.92 0.1193 9
217.957 0.1203 9
211.066 0.1213 9
199.912 0.1223 9
187.969 0.1233 9
178.907 0.1243 9
169.367 0.1253 9
153.942 0.1263 9
143.42 0.1273 9
133.593 0.1283 9
128.024 0.1293 9
113.313 0.1303 9
99.1866 0.1313 9
88.018 0.1323 9
80.8565 0.1333 9
73.3764 0.1343 9
64.8785 0.1353 9
59.0038 0.1363 9
54.6328 0.1373 9
51.3206 0.1383 9
46.2154 0.1393 9
42.6893 0.1403 9
42.1885 0.1413 9
38.5672 0.1423 9
37.4606 0.1433 9
37.9574 0.1443 9
36.7705 0.1453 9
33.8479 0.1463 9
32.5975 0.1473 9
33.1589 0.1483 9
32.5415 0.1493 9
31.785 0.1503 9
30.2449 0.1513 9
27.3496 0.1523 9
26.1727 0.1533 9
25.2757 0.1543 9
24.5903 0.1553 9
27.1388 0.1563 9
29.3062 0.1573 9
30.9549 0.1583 9
32.085 0.1593 9
32.0087 0.1603 9
33.6261 0.1613 9
35.239 0.1623 9
38.4636 0.1633 9
39.739 0.1643 9
40.5975 0.1653 9
40.7327 0.1663 9
39.3818 0.1673 9
38.774 0.1683 9
37.7658 0.1693 9
35.1797 0.1703 9
34.9421 0.1713 9
30.2385 0.1723 9
29.3796 0.1733 9
27.1131 0.1743 9
24.2225 0.1753 9
22.7324 0.1763 9
20.9331 0.1773 9
19.2923 0.1783 9
18.3459 0.1793 9
17.7667 0.1803 9
17.98 0.1813 9
18.6801 0.1823 9
19.4223 0.1833 9
20.7223 0.1843 9
21.2061 0.1853 9
23.127 0.1863 9
23.7965 0.1873 9
26.2875 0.1883 9
29.0225 0.1893 9
29.8106 0.1903 9
31.4099 0.1913 9
32.2326 0.1923 9
30.9603 0.1933 9
30.0265 0.1943 9
30.2281 0.1953 9
29.004 0.1963 9
27.6131 0.1973 9
24.7102 0.1983 9
23.1553 0.1993 9
21.7899 0.2003 9
19.2118 0.2013 9
18.2853 0.2023 9
16.3477 0.2033 9
15.9122 0.2043 9
15.4768 0.2053 9
15.1087 0.2063 9
14.3898 0.2073 9
13.8589 0.2083 9
13.4638 0.2093 9
12.8013 0.2103 9
12.1529 0.2113 9
11.6503 0.2123 9
11.407 0.2133 9
10.98 0.2143 9
10.925 0.2153 9
10.3446 0.2163 9
10.5335 0.2173 9
10.5053 0.2183 9
9.77051 0.2193 9
9.9003 0.2203 9
9.78254 0.2213 9
9.55369 0.2223 9
9.17066 0.2233 9
8.58449 0.2243 9
7.34632 0.2253 9
6.37917 0.2263 9
5.75101 0.2273 9
5.04972 0.2283 9
4.15427 0.2293 9
4.31874 0.2303 9
4.9983 0.2313 9
6.4705 0.2323 9
29.6942 0.0833 10
31.5056 0.0843 10
33.1864 0.0853 10
34.5054 0.0863 10
35.2601 0.0873 10
35.2951 0.0883 10
34.5176 0.0893 10
32.9058 0.0903 10
30.5109 0.0913 10
27.4515 0.0923 10
23.902 0.0933 10
20.0752 0.0943 10
16.2023 0.0953 10
12.511 0.0963 10
9.20526 0.0973 10
6.44836 0.0983 10
4.3499 0.0993 10
2.95931 0.1003 10
2.26515 0.1013 10
2.20043 0.1023 10
2.65281 0.1033 10
3.47859 0.1043 10
4.5185 0.1053 10
5.61391 0.1063 10
6.62151 0.1073 10
7.42522 0.1083 10
7.94428 0.1093 10
8.16469 0.1103 10
8.03427 0.1113 10
7.6067 0.1123 10
6.89897 0.1133 10
6.19682 0.1143 10
5.20742 0.1153 10
4.32436 0.1163 10
3.43386 0.1173 10
2.80771 0.1183 10
2.26225 0.1193 10
1.88996 0.1203 10
1.68644 0.1213 10
2.59471 0.1223 10
2.56778 0.1233 10
2.01451 0.1243 10
2.98246 0.1253 10
3.34746 0.1263 10
2.9999 0.1273 10
3.266 0.1283 10
3.40511 0.1293 10
3.18052 0.1303 10
3.66672 0.1313 10
3.81548 0.1323 10
4.23357 0.1333 10
5.07348 0.1343 10
6.06478 0.1353 10
6.16192 0.1363 10
7.46516 0.1373 10
9.08159 0.1383 10
9.47554 0.1393 10
10.4273 0.1403 10
9.21418 0.1413 10
9.73452 0.1423 10
9.24946 0.1433 10
8.67554 0.1443 10
8.8613 0.1453 10
7.94409 0.1463 10
8.80573 0.1473 10
9.65879 0.1483 10
10.096 0.1493 10
10.7473 0.1503 10
10.598 0.1513 10
11.6074 0.1523 10
11.7651 0.1533 10
13.8992 0.1543 10
16.5865 0.1553 10
18.2373 0.1563 10
18.5917 0.1573 10
19.7079 0.1583 10
19.4489 0.1593 10
19.4605 0.1603 10
19.1798 0.1613 10
19.3504 0.1623 10
17.3557 0.1633 10
14.166 0.1643 10
12.7543 0.1653 10
11.3146 0.1663 10
10.6475 0.1673 10
9.59957 0.1683 10
10.2117 0.1693 10
10.044 0.1703 10
10.6412 0.1713 10
11.4766 0.1723 10
14.2196 0.1733 10
15.4608 0.1743 10
17.9279 0.1753 10
23.0139 0.1763 10
26.6696 0.1773 10
29.2227 0.1783 10
30.1296 0.1793 10
31.0084 0.1803 10
32.5941 0.1813 10
32.7037 0.1823 10
34.851 0.1833 10
34.1638 0.1843 10
33.8863 0.1853 10
33.2131 0.1863 10
32.4143 0.1873 10
30.6791 0.1883 10
28.8886 0.1893 10
27.7675 0.1903 10
27.176 0.1913 10
25.9138 0.1923 10
26.3046 0.1933 10
25.7309 0.1943 10
25.6127 0.1953 10
26.2891 0.1963 10
27.7792 0.1973 10
28.6463 0.1983 10
30.3986 0.1993 10
33.6672 0.2003 10
34.7156 0.2013 10
34.9598 0.2023 10
83.1404 0.0833 11
88.9685 0.0843 11
93.7995 0.0853 11
91.3144 0.0863 11
92.5716 0.0873 11
88.1965 0.0883 11
85.9649 0.0893 11
86.5748 0.0903 11
81.7832 0.0913 11
79.4589 0.0923 11
75.5748 0.0933 11
68.5802 0.0943 11
63.5449 0.0953 11
57.142 0.0963 11
51.4225 0.0973 11
44.0999 0.0983 11
39.5236 0.0993 11
35.8258 0.1003 11
32.2763 0.1013 11
29.7352 0.1023 11
29.9272 0.1033 11
26.938 0.1043 11
28.3291 0.1053 11
27.2624 0.1063 11
27.4123 0.1073 11
29.1149 0.1083 11
30.8015 0.1093 11
33.61 0.1103 11
33.3369 0.1113 11
35.1859 0.1123 11
35.8141 0.1133 11
35.403 0.1143 11
36.554 0.1153 11
36.9094 0.1163 11
36.1645 0.1173 11
33.6066 0.1183 11
35.2844 0.1193 11
35.1527 0.1203 11
36.7036 0.1213 11
38.471 0.1223 11
36.1792 0.1233 11
34.2167 0.1243 11
31.7086 0.1253 11
28.4538 0.1263 11
25.3008 0.1273 11
23.2536 0.1283 11
20.3209 0.1293 11
17.1764 0.1303 11
14.248 0.1313 11
11.8274 0.1323 11
9.01221 0.1333 11
6.81997 0.1343 11
4.94064 0.1353 11
3.55728 0.1363 11
2.91443 0.1373 11
2.84922 0.1383 11
2.44376 0.1393 11
2.33763 0.1403 11
3.11648 0.1413 11
4.31045 0.1423 11
5.68916 0.1433 11
6.76375 0.1443 11
8.94473 0.1453 11
10.8493 0.1463 11
12.7964 0.1473 11
14.5846 0.1483 11
16.3935 0.1493 11
18.0042 0.1503 11
19.7073 0.1513 11
21.7022 0.1523 11
22.2245 0.1533 11
22.9536 0.1543 11
23.3842 0.1553 11
23.346 0.1563 11
23.2036 0.1573 11
22.6815 0.1583 11
21.9868 0.1593 11
21.1851 0.1603 11
19.9688 0.1613 11
17.8963 0.1623 11
13.3239 0.0833 12
18.8706 0.0843 12
24.7055 0.0853 12
30.437 0.0863 12
35.6744 0.0873 12
40.0583 0.0883 12
43.289 0.0893 12
45.1487 0.0903 12
45.5182 0.0913 12
44.3847 0.0923 12
41.8413 0.0933 12
38.0779 0.0943 12
33.3643 0.0953 12
28.028 0.0963 12
22.4275 0.0973 12
16.9237 0.0983 12
11.8528 0.0993 12
7.50185 0.1003 12
4.08874 0.1013 12
