1.64056e+07 0.085 0
1.15295e+07 0.0875 0
6.66176e+06 0.09 0
3.01957e+06 0.0925 0
930535 0.095 0
102683 0.0975 0
30439.3 0.1 0
277609 0.1025 0
572139 0.105 0
778331 0.1075 0
837410 0.11 0
732381 0.1125 0
489817 0.115 0
199032 0.1175 0
11104.3 0.12 0
86363.3 0.1225 0
497116 0.125 0
1.14336e+06 0.1275 0
1.76063e+06 0.13 0
2.03366e+06 0.1325 0
1.82963e+06 0.135 0
1.22542e+06 0.1375 0
595946 0.14 0
314262 0.1425 0
291290 0.145 0
893977 0.1475 0
1.7818e+06 0.15 0
2.36291e+06 0.1525 0
2.51472e+06 0.155 0
2.26112e+06 0.1575 0
1.92463e+06 0.16 0
1.74075e+06 0.1625 0
1.16341e+06 0.165 0
1.19298e+06 0.1675 0
1.19275e+06 0.17 0
1.28775e+06 0.1725 0
1.59812e+06 0.175 0
1.85175e+06 0.1775 0
2.19143e+06 0.18 0
2.1769e+06 0.1825 0
1.69684e+06 0.185 0
1.15534e+06 0.1875 0
767328 0.19 0
737450 0.1925 0
1.23781e+06 0.195 0
2.21789e+06 0.1975 0
3.44907e+06 0.2 0
4.50048e+06 0.2025 0
4.66169e+06 0.205 0
4.2938e+06 0.2075 0
3.46194e+06 0.21 0
2.33864e+06 0.2125 0
1.29457e+06 0.215 0
533540 0.2175 0
123746 0.22 0
156157 0.2225 0
605217 0.225 0
1.1091e+06 0.2275 0
1.85777e+06 0.23 0
2.53514e+06 0.2325 0
3.16993e+06 0.235 0
3.38067e+06 0.2375 0
3.39844e+06 0.24 0
2.88284e+06 0.2425 0
2.50841e+06 0.245 0
2.07987e+06 0.2475 0
1.73587e+06 0.25 0
1.35679e+06 0.2525 0
923261 0.255 0
642948 0.2575 0
424448 0.26 0
295679 0.2625 0
213289 0.265 0
231841 0.2675 0
290280 0.27 0
253088 0.2725 0
291383 0.275 0
291175 0.2775 0
446230 0.28 0
526941 0.2825 0
634933 0.285 0
838164 0.2875 0
1.09928e+06 0.29 0
1.44865e+06 0.2925 0
1.9709e+06 0.295 0
2.58413e+06 0.2975 0
3.35525e+06 0.3 0
3.90193e+06 0.3025 0
4.27625e+06 0.305 0
4.27806e+06 0.3075 0
3.78376e+06 0.31 0
3.1464e+06 0.3125 0
2.27161e+06 0.315 0
1.57517e+06 0.0825 1
1.23379e+06 0.085 1
1.75957e+06 0.0875 1
2.83813e+06 0.09 1
4.80103e+06 0.0925 1
6.74859e+06 0.095 1
8.71434e+06 0.0975 1
9.86124e+06 0.1 1
1.10156e+07 0.1025 1
1.31515e+07 0.105 1
1.38199e+07 0.1075 1
1.55655e+07 0.11 1
1.76451e+07 0.1125 1
2.05192e+07 0.115 1
2.16518e+07 0.1175 1
2.18071e+07 0.12 1
2.11661e+07 0.1225 1
1.85234e+07 0.125 1
1.51874e+07 0.1275 1
1.13327e+07 0.13 1
7.49076e+06 0.1325 1
5.10758e+06 0.135 1
3.40673e+06 0.1375 1
2.67214e+06 0.14 1
2.72438e+06 0.1425 1
2.9906e+06 0.145 1
3.00485e+06 0.1475 1
2.92291e+06 0.15 1
2.93595e+06 0.1525 1
3.25394e+06 0.155 1
3.90354e+06 0.1575 1
4.51567e+06 0.16 1
4.56097e+06 0.1625 1
4.68104e+06 0.165 1
4.48755e+06 0.1675 1
3.95395e+06 0.17 1
3.54178e+06 0.1725 1
3.26202e+06 0.175 1
3.33242e+06 0.1775 1
3.72718e+06 0.18 1
4.03507e+06 0.1825 1
4.23867e+06 0.185 1
4.53325e+06 0.1875 1
4.42191e+06 0.19 1
4.17315e+06 0.1925 1
3.73998e+06 0.195 1
3.22384e+06 0.1975 1
2.53161e+06 0.2 1
1.8622e+06 0.2025 1
1.39252e+06 0.205 1
1.13885e+06 0.2075 1
1.11048e+06 0.21 1
1.21512e+06 0.2125 1
1.37017e+06 0.215 1
1.40203e+06 0.2175 1
1.24943e+06 0.22 1
971638 0.2225 1
585522 0.225 1
309727 0.2275 1
198725 0.23 1
332238 0.2325 1
679327 0.235 1
1.03105e+06 0.2375 1
1.3186e+06 0.24 1
1.50119e+06 0.2425 1
1.40517e+06 0.245 1
1.28755e+06 0.2475 1
1.04729e+06 0.25 1
774109 0.2525 1
634364 0.255 1
565212 0.2575 1
631162 0.26 1
710676 0.2625 1
853397 0.265 1
1.08145e+06 0.2675 1
1.2961e+06 0.27 1
1.46004e+06 0.2725 1
1.49266e+06 0.275 1
1.44125e+06 0.2775 1
1.17911e+06 0.28 1
933539 0.2825 1
773411 0.285 1
754254 0.2875 1
804332 0.29 1
902592 0.2925 1
1.01562e+06 0.295 1
1.11173e+06 0.2975 1
1.27562e+06 0.3 1
1.39478e+06 0.3025 1
1.43824e+06 0.305 1
1.41331e+06 0.3075 1
1.30949e+06 0.31 1
1.04918e+06 0.3125 1
742814 0.315 1
8.34602e+07 0.08 2
5.60218e+07 0.0825 2
3.36242e+07 0.085 2
1.80847e+07 0.0875 2
8.9744e+06 0.09 2
4.63845e+06 0.0925 2
3.16788e+06 0.095 2
3.00004e+06 0.0975 2
3.14051e+06 0.1 2
3.12397e+06 0.1025 2
2.92616e+06 0.105 2
2.66738e+06 0.1075 2
2.52513e+06 0.11 2
2.40287e+06 0.1125 2
2.61822e+06 0.115 2
2.69224e+06 0.1175 2
2.74333e+06 0.12 2
2.50441e+06 0.1225 2
2.25815e+06 0.125 2
1.87639e+06 0.1275 2
1.96921e+06 0.13 2
1.84022e+06 0.1325 2
1.89271e+06 0.135 2
2.01421e+06 0.1375 2
2.26062e+06 0.14 2
2.74128e+06 0.1425 2
3.39233e+06 0.145 2
3.76384e+06 0.1475 2
3.70946e+06 0.15 2
3.12692e+06 0.1525 2
2.21925e+06 0.155 2
1.1641e+06 0.1575 2
413866 0.16 2
132925 0.1625 2
283695 0.165 2
658758 0.1675 2
1.07906e+06 0.17 2
1.44901e+06 0.1725 2
1.63849e+06 0.175 2
1.64776e+06 0.1775 2
1.69152e+06 0.18 2
1.69414e+06 0.1825 2
1.70825e+06 0.185 2
1.87626e+06 0.1875 2
2.09482e+06 0.19 2
2.20845e+06 0.1925 2
2.28542e+06 0.195 2
2.39886e+06 0.1975 2
2.33313e+06 0.2 2
2.03146e+06 0.2025 2
1.56975e+06 0.205 2
1.11505e+06 0.2075 2
735988 0.21 2
648003 0.2125 2
555587 0.215 2
582672 0.2175 2
796200 0.22 2
976747 0.2225 2
1.14984e+06 0.225 2
1.29862e+06 0.2275 2
1.35713e+06 0.23 2
1.39923e+06 0.2325 2
1.35259e+06 0.235 2
1.29873e+06 0.2375 2
1.29627e+06 0.24 2
1.47208e+06 0.2425 2
1.63387e+06 0.245 2
1.83391e+06 0.2475 2
2.00843e+06 0.25 2
2.03129e+06 0.2525 2
2.04781e+06 0.255 2
1.85957e+06 0.2575 2
1.61409e+06 0.26 2
1.25817e+06 0.2625 2
918732 0.265 2
565576 0.2675 2
352929 0.27 2
264658 0.2725 2
369594 0.275 2
586293 0.2775 2
846454 0.28 2
1.10478e+06 0.2825 2
1.31188e+06 0.285 2
1.39423e+06 0.2875 2
1.27767e+06 0.29 2
1.05866e+06 0.2925 2
856030 0.295 2
697399 0.2975 2
683275 0.3 2
774119 0.3025 2
950341 0.305 2
1.11298e+06 0.3075 2
1.23048e+06 0.31 2
1.23905e+06 0.3125 2
1.3229e+06 0.315 2
3.48709e+06 0.075 3
1.88655e+06 0.0775 3
506172 0.08 3
606311 0.0825 3
2.63667e+06 0.085 3
5.9509e+06 0.0875 3
9.18631e+06 0.09 3
1.10252e+07 0.0925 3
1.0854e+07 0.095 3
8.95959e+06 0.0975 3
6.2341e+06 0.1 3
3.64638e+06 0.1025 3
1.81942e+06 0.105 3
896396 0.1075 3
677244 0.11 3
864535 0.1125 3
1.13251e+06 0.115 3
1.42971e+06 0.1175 3
1.57024e+06 0.12 3
1.81451e+06 0.1225 3
2.08474e+06 0.125 3
2.44137e+06 0.1275 3
3.1113e+06 0.13 3
3.65996e+06 0.1325 3
4.13982e+06 0.135 3
4.12522e+06 0.1375 3
4.11762e+06 0.14 3
4.13217e+06 0.1425 3
4.1309e+06 0.145 3
4.44565e+06 0.1475 3
4.83866e+06 0.15 3
5.16151e+06 0.1525 3
5.1897e+06 0.155 3
4.55088e+06 0.1575 3
3.43791e+06 0.16 3
2.15002e+06 0.1625 3
1.04436e+06 0.165 3
477276 0.1675 3
289912 0.17 3
388518 0.1725 3
575581 0.175 3
562497 0.1775 3
572823 0.18 3
505388 0.1825 3
594611 0.185 3
802662 0.1875 3
994945 0.19 3
1.08848e+06 0.1925 3
967531 0.195 3
972672 0.1975 3
831734 0.2 3
728319 0.2025 3
779995 0.205 3
834218 0.2075 3
959977 0.21 3
1.0127e+06 0.2125 3
1.36739e+06 0.215 3
1.69333e+06 0.2175 3
1.89127e+06 0.22 3
2.04201e+06 0.2225 3
2.17833e+06 0.225 3
2.16649e+06 0.2275 3
2.05524e+06 0.23 3
1.9136e+06 0.2325 3
1.56128e+06 0.235 3
1.3644e+06 0.2375 3
1.12937e+06 0.24 3
964834 0.2425 3
943369 0.245 3
885167 0.2475 3
926035 0.25 3
1.02199e+06 0.2525 3
1.19685e+06 0.255 3
1.37083e+06 0.2575 3
1.48843e+06 0.26 3
1.47217e+06 0.2625 3
1.34693e+06 0.265 3
1.05476e+06 0.2675 3
847884 0.27 3
741218 0.2725 3
694571 0.275 3
840382 0.2775 3
988333 0.28 3
1.09336e+06 0.2825 3
1.14445e+06 0.285 3
1.07965e+06 0.2875 3
1.07042e+06 0.29 3
1.03753e+06 0.2925 3
1.0319e+06 0.295 3
1.03742e+06 0.2975 3
1.12218e+06 0.3 3
1.25448e+06 0.3025 3
1.41686e+06 0.305 3
1.64265e+06 0.3075 3
1.85911e+06 0.31 3
2.02066e+06 0.3125 3
1.98531e+06 0.315 3
7.63281e+06 0.0675 4
1.03763e+07 0.07 4
1.41163e+07 0.0725 4
1.65609e+07 0.075 4
1.82418e+07 0.0775 4
1.81873e+07 0.08 4
1.64651e+07 0.0825 4
1.37288e+07 0.085 4
9.62585e+06 0.0875 4
5.20493e+06 0.09 4
2.77325e+06 0.0925 4
1.80421e+06 0.095 4
2.80892e+06 0.0975 4
4.84802e+06 0.1 4
7.73225e+06 0.1025 4
1.04196e+07 0.105 4
1.13484e+07 0.1075 4
1.08209e+07 0.11 4
9.45558e+06 0.1125 4
7.35102e+06 0.115 4
5.28473e+06 0.1175 4
3.3216e+06 0.12 4
1.99073e+06 0.1225 4
1.12381e+06 0.125 4
616201 0.1275 4
420082 0.13 4
469533 0.1325 4
668857 0.135 4
891280 0.1375 4
969917 0.14 4
991992 0.1425 4
1.00124e+06 0.145 4
929127 0.1475 4
826549 0.15 4
1.23511e+06 0.1525 4
1.96573e+06 0.155 4
2.9441e+06 0.1575 4
3.81272e+06 0.16 4
4.48659e+06 0.1625 4
4.90631e+06 0.165 4
4.57205e+06 0.1675 4
4.19867e+06 0.17 4
4.03148e+06 0.1725 4
4.26324e+06 0.175 4
4.57216e+06 0.1775 4
5.08349e+06 0.18 4
5.14596e+06 0.1825 4
4.78179e+06 0.185 4
3.97469e+06 0.1875 4
2.96345e+06 0.19 4
1.88734e+06 0.1925 4
1.0616e+06 0.195 4
589692 0.1975 4
584896 0.2 4
800163 0.2025 4
1.06869e+06 0.205 4
1.23089e+06 0.2075 4
1.35417e+06 0.21 4
1.26979e+06 0.2125 4
1.25429e+06 0.215 4
1.34495e+06 0.2175 4
1.41196e+06 0.22 4
1.47535e+06 0.2225 4
1.48462e+06 0.225 4
1.25077e+06 0.2275 4
948963 0.23 4
747960 0.2325 4
761936 0.235 4
982781 0.2375 4
1.3326e+06 0.24 4
1.75205e+06 0.2425 4
2.05309e+06 0.245 4
2.20013e+06 0.2475 4
2.178e+06 0.25 4
2.15819e+06 0.2525 4
1.8135e+06 0.255 4
1.59587e+06 0.2575 4
1.22728e+06 0.26 4
949891 0.2625 4
790751 0.265 4
727734 0.2675 4
693738 0.27 4
778034 0.2725 4
942051 0.275 4
1.09346e+06 0.2775 4
1.31987e+06 0.28 4
1.54552e+06 0.2825 4
1.77399e+06 0.285 4
1.87284e+06 0.2875 4
1.75148e+06 0.29 4
1.42569e+06 0.2925 4
1.07394e+06 0.295 4
722650 0.2975 4
477732 0.3 4
391352 0.3025 4
437349 0.305 4
582265 0.3075 4
693080 0.31 4
759884 0.3125 4
3.64127e+06 0.0575 5
3.87564e+06 0.06 5
2.89087e+06 0.0625 5
1.381e+06 0.065 5
297837 0.0675 5
164092 0.07 5
752806 0.0725 5
1.34371e+06 0.075 5
1.34315e+06 0.0775 5
793123 0.08 5
383430 0.0825 5
948901 0.085 5
2.81127e+06 0.0875 5
5.44121e+06 0.09 5
7.69319e+06 0.0925 5
8.46948e+06 0.095 5
7.38042e+06 0.0975 5
4.97946e+06 0.1 5
2.44014e+06 0.1025 5
898859 0.105 5
873815 0.1075 5
2.08331e+06 0.11 5
3.71161e+06 0.1125 5
4.90479e+06 0.115 5
5.18498e+06 0.1175 5
4.57906e+06 0.12 5
3.46292e+06 0.1225 5
2.28827e+06 0.125 5
1.35811e+06 0.1275 5
726577 0.13 5
351136 0.1325 5
164330 0.135 5
189230 0.1375 5
339742 0.14 5
713392 0.1425 5
1.33673e+06 0.145 5
2.00964e+06 0.1475 5
2.78023e+06 0.15 5
3.07179e+06 0.1525 5
3.22739e+06 0.155 5
2.98384e+06 0.1575 5
2.55034e+06 0.16 5
2.13904e+06 0.1625 5
1.73953e+06 0.165 5
1.42421e+06 0.1675 5
1.35845e+06 0.17 5
1.87722e+06 0.1725 5
2.20274e+06 0.175 5
2.32572e+06 0.1775 5
2.20536e+06 0.18 5
2.11599e+06 0.1825 5
1.97527e+06 0.185 5
1.59238e+06 0.1875 5
1.3868e+06 0.19 5
1.38459e+06 0.1925 5
1.31747e+06 0.195 5
1.20701e+06 0.1975 5
1.11955e+06 0.2 5
862475 0.2025 5
871989 0.205 5
667201 0.2075 5
514803 0.21 5
677704 0.2125 5
938095 0.215 5
1.17496e+06 0.2175 5
1.43734e+06 0.22 5
1.67827e+06 0.2225 5
1.68927e+06 0.225 5
1.6011e+06 0.2275 5
1.3527e+06 0.23 5
1.11984e+06 0.2325 5
790128 0.235 5
650450 0.2375 5
769809 0.24 5
1.38887e+06 0.2425 5
2.36183e+06 0.245 5
3.508e+06 0.2475 5
4.58198e+06 0.25 5
4.92064e+06 0.2525 5
4.66025e+06 0.255 5
3.9024e+06 0.2575 5
2.83491e+06 0.26 5
1.80388e+06 0.2625 5
1.17479e+06 0.265 5
1.05606e+06 0.2675 5
1.26697e+06 0.27 5
1.57061e+06 0.2725 5
1.75744e+06 0.275 5
1.75171e+06 0.2775 5
1.63734e+06 0.28 5
1.56913e+06 0.2825 5
1.63996e+06 0.285 5
1.90582e+06 0.2875 5
2.15913e+06 0.29 5
2.29975e+06 0.2925 5
2.20507e+06 0.295 5
1.8676e+06 0.2975 5
1.45258e+06 0.3 5
1.02705e+06 0.3025 5
835227 0.305 5
885098 0.3075 5
1.09946e+06 0.31 5
8145.94 0.04 6
30194.3 0.0425 6
54030.8 0.045 6
228252 0.0475 6
234332 0.05 6
429931 0.0525 6
518347 0.055 6
738095 0.0575 6
1.08108e+06 0.06 6
1.05287e+06 0.0625 6
1.11122e+06 0.065 6
859225 0.0675 6
591634 0.07 6
630035 0.0725 6
538071 0.075 6
411670 0.0775 6
548591 0.08 6
861220 0.0825 6
1.09584e+06 0.085 6
1.20699e+06 0.0875 6
918640 0.09 6
957342 0.0925 6
875023 0.095 6
976954 0.0975 6
1.13167e+06 0.1 6
1.78742e+06 0.1025 6
2.79114e+06 0.105 6
4.13408e+06 0.1075 6
5.47281e+06 0.11 6
7.32974e+06 0.1125 6
8.4562e+06 0.115 6
9.07063e+06 0.1175 6
8.51868e+06 0.12 6
7.60517e+06 0.1225 6
6.25383e+06 0.125 6
4.8983e+06 0.1275 6
3.81532e+06 0.13 6
3.15916e+06 0.1325 6
3.37484e+06 0.135 6
3.66603e+06 0.1375 6
4.43062e+06 0.14 6
4.99483e+06 0.1425 6
5.01556e+06 0.145 6
5.09838e+06 0.1475 6
5.01876e+06 0.15 6
5.51282e+06 0.1525 6
6.79403e+06 0.155 6
8.4838e+06 0.1575 6
1.05267e+07 0.16 6
1.22603e+07 0.1625 6
1.3674e+07 0.165 6
1.37431e+07 0.1675 6
1.32232e+07 0.17 6
1.15612e+07 0.1725 6
9.68027e+06 0.175 6
7.50122e+06 0.1775 6
5.42907e+06 0.18 6
3.90674e+06 0.1825 6
2.86786e+06 0.185 6
2.16429e+06 0.1875 6
2.08858e+06 0.19 6
2.30197e+06 0.1925 6
2.77159e+06 0.195 6
3.05281e+06 0.1975 6
2.99295e+06 0.2 6
2.53186e+06 0.2025 6
1.7985e+06 0.205 6
1.06822e+06 0.2075 6
587678 0.21 6
506049 0.2125 6
755464 0.215 6
1.16291e+06 0.2175 6
1.60919e+06 0.22 6
1.86875e+06 0.2225 6
1.89878e+06 0.225 6
1.71265e+06 0.2275 6
1.77988e+06 0.23 6
1.74089e+06 0.2325 6
1.88488e+06 0.235 6
2.14959e+06 0.2375 6
2.02511e+06 0.24 6
1.75875e+06 0.2425 6
1.47124e+06 0.245 6
933373 0.2475 6
799501 0.25 6
827654 0.2525 6
967920 0.255 6
1.1458e+06 0.2575 6
1.26189e+06 0.26 6
1.2415e+06 0.2625 6
1.06294e+06 0.265 6
716050 0.2675 6
518268 0.27 6
480919 0.2725 6
630395 0.275 6
882692 0.2775 6
1.15917e+06 0.28 6
1.26875e+06 0.2825 6
1.20417e+06 0.285 6
997745 0.2875 6
757113 0.29 6
644615 0.2925 6
647435 0.295 6
831938 0.2975 6
1.09934e+06 0.3 6
1.40189e+06 0.3025 6
1.62349e+06 0.305 6
1.77107e+06 0.3075 6
0 0.0125 7
0 0.015 7
0 0.0175 7
0 0.02 7
0 0.0225 7
1724.75 0.025 7
1372.75 0.0275 7
3324.54 0.03 7
9510.4 0.0325 7
208385 0.035 7
544866 0.0375 7
1.08752e+06 0.04 7
1.47313e+06 0.0425 7
2.0191e+06 0.045 7
2.96049e+06 0.0475 7
4.10089e+06 0.05 7
5.2512e+06 0.0525 7
6.20126e+06 0.055 7
6.32248e+06 0.0575 7
5.69277e+06 0.06 7
5.00478e+06 0.0625 7
4.53516e+06 0.065 7
3.77657e+06 0.0675 7
3.41685e+06 0.07 7
3.59863e+06 0.0725 7
4.0058e+06 0.075 7
4.79857e+06 0.0775 7
5.37605e+06 0.08 7
5.66125e+06 0.0825 7
5.07915e+06 0.085 7
3.9092e+06 0.0875 7
2.69707e+06 0.09 7
2.10338e+06 0.0925 7
2.74178e+06 0.095 7
4.72199e+06 0.0975 7
7.48457e+06 0.1 7
1.01873e+07 0.1025 7
1.17063e+07 0.105 7
1.1381e+07 0.1075 7
9.29878e+06 0.11 7
6.07719e+06 0.1125 7
2.86052e+06 0.115 7
777849 0.1175 7
248923 0.12 7
1.26386e+06 0.1225 7
3.15877e+06 0.125 7
4.89694e+06 0.1275 7
5.59198e+06 0.13 7
5.85013e+06 0.1325 7
5.03207e+06 0.135 7
4.1468e+06 0.1375 7
3.49283e+06 0.14 7
2.88249e+06 0.1425 7
2.44554e+06 0.145 7
2.10199e+06 0.1475 7
1.57472e+06 0.15 7
1.08566e+06 0.1525 7
737719 0.155 7
542349 0.1575 7
546867 0.16 7
714720 0.1625 7
872795 0.165 7
927732 0.1675 7
925028 0.17 7
957392 0.1725 7
1.12862e+06 0.175 7
1.39602e+06 0.1775 7
1.74152e+06 0.18 7
2.0321e+06 0.1825 7
1.86592e+06 0.185 7
1.71092e+06 0.1875 7
1.34848e+06 0.19 7
1.05728e+06 0.1925 7
913679 0.195 7
817605 0.1975 7
931874 0.2 7
1.1369e+06 0.2025 7
1.13867e+06 0.205 7
1.03258e+06 0.2075 7
1.05795e+06 0.21 7
949261 0.2125 7
916271 0.215 7
1.06207e+06 0.2175 7
1.4567e+06 0.22 7
2.22378e+06 0.2225 7
2.88884e+06 0.225 7
3.58229e+06 0.2275 7
4.00057e+06 0.23 7
3.7527e+06 0.2325 7
3.0343e+06 0.235 7
2.02981e+06 0.2375 7
1.09493e+06 0.24 7
621420 0.2425 7
761128 0.245 7
1.43731e+06 0.2475 7
2.26687e+06 0.25 7
2.84918e+06 0.2525 7
2.93968e+06 0.255 7
2.49795e+06 0.2575 7
1.75538e+06 0.26 7
1.08857e+06 0.2625 7
697472 0.265 7
654752 0.2675 7
923982 0.27 7
1.31608e+06 0.2725 7
1.60872e+06 0.275 7
1.85267e+06 0.2775 7
1.90174e+06 0.28 7
1.93517e+06 0.2825 7
1.87168e+06 0.285 7
1.92464e+06 0.2875 7
1.89986e+06 0.29 7
1.60337e+06 0.2925 7
1.29459e+06 0.295 7
955018 0.2975 7
674851 0.3 7
541725 0.3025 7
588824 0.305 7
1361.12 0.01 8
9918.8 0.0125 8
90667.5 0.015 8
248542 0.0175 8
353999 0.02 8
825235 0.0225 8
1.54151e+06 0.025 8
2.44269e+06 0.0275 8
3.37726e+06 0.03 8
4.23843e+06 0.0325 8
4.6448e+06 0.035 8
4.5262e+06 0.0375 8
3.94892e+06 0.04 8
3.01003e+06 0.0425 8
1.98693e+06 0.045 8
1.16668e+06 0.0475 8
719061 0.05 8
623394 0.0525 8
695294 0.055 8
705492 0.0575 8
526185 0.06 8
218638 0.0625 8
6902.18 0.065 8
150713 0.0675 8
793465 0.07 8
1.87654e+06 0.0725 8
3.16788e+06 0.075 8
4.37939e+06 0.0775 8
5.29425e+06 0.08 8
5.82773e+06 0.0825 8
5.99909e+06 0.085 8
5.85594e+06 0.0875 8
5.42001e+06 0.09 8
4.6959e+06 0.0925 8
3.72715e+06 0.095 8
2.64286e+06 0.0975 8
1.64518e+06 0.1 8
935616 0.1025 8
627449 0.105 8
702954 0.1075 8
1.04432e+06 0.11 8
1.50867e+06 0.1125 8
1.97107e+06 0.115 8
2.35714e+06 0.1175 8
2.62692e+06 0.12 8
2.58505e+06 0.1225 8
2.26805e+06 0.125 8
1.84621e+06 0.1275 8
1.34321e+06 0.13 8
1.13049e+06 0.1325 8
1.32578e+06 0.135 8
1.75075e+06 0.1375 8
2.60459e+06 0.14 8
3.26992e+06 0.1425 8
3.37051e+06 0.145 8
3.43501e+06 0.1475 8
3.0232e+06 0.15 8
2.28871e+06 0.1525 8
1.71006e+06 0.155 8
1.6436e+06 0.1575 8
1.85766e+06 0.16 8
2.47106e+06 0.1625 8
2.81144e+06 0.165 8
2.80387e+06 0.1675 8
2.25104e+06 0.17 8
1.30883e+06 0.1725 8
630172 0.175 8
291698 0.1775 8
365155 0.18 8
701733 0.1825 8
1.30059e+06 0.185 8
2.11756e+06 0.1875 8
2.6543e+06 0.19 8
2.96148e+06 0.1925 8
3.05949e+06 0.195 8
3.20944e+06 0.1975 8
3.31968e+06 0.2 8
3.44881e+06 0.2025 8
3.37662e+06 0.205 8
3.31992e+06 0.2075 8
2.97731e+06 0.21 8
2.82473e+06 0.2125 8
2.43389e+06 0.215 8
2.08761e+06 0.2175 8
1.92349e+06 0.22 8
1.89654e+06 0.2225 8
1.64473e+06 0.225 8
1.56366e+06 0.2275 8
1.26903e+06 0.23 8
1.07081e+06 0.2325 8
943431 0.235 8
850351 0.2375 8
740679 0.24 8
716708 0.2425 8
748944 0.245 8
966004 0.2475 8
1.28917e+06 0.25 8
1.63553e+06 0.2525 8
1.97925e+06 0.255 8
2.29033e+06 0.2575 8
2.2501e+06 0.26 8
2.06679e+06 0.2625 8
1.69072e+06 0.265 8
1.26569e+06 0.2675 8
1.01388e+06 0.27 8
1.00326e+06 0.2725 8
1.22283e+06 0.275 8
1.62339e+06 0.2775 8
2.06527e+06 0.28 8
2.35272e+06 0.2825 8
2.41951e+06 0.285 8
2.26699e+06 0.2875 8
2.04157e+06 0.29 8
1.69807e+06 0.2925 8
1.36083e+06 0.295 8
1.05572e+06 0.2975 8
0 0.01 9
0 0.0125 9
0 0.015 9
0 0.0175 9
0 0.02 9
0 0.0225 9
0 0.025 9
0 0.0275 9
0 0.03 9
0 0.0325 9
0 0.035 9
0 0.0375 9
0 0.04 9
0 0.0425 9
0 0.045 9
0 0.0475 9
0 0.05 9
0 0.0525 9
3540.33 0.055 9
40104.2 0.0575 9
61905.9 0.06 9
31888.3 0.0625 9
169486 0.065 9
168197 0.0675 9
334251 0.07 9
126314 0.0725 9
63443.8 0.075 9
74664.3 0.0775 9
285505 0.08 9
630688 0.0825 9
1.67966e+06 0.085 9
2.90243e+06 0.0875 9
4.25643e+06 0.09 9
5.17855e+06 0.0925 9
6.74869e+06 0.095 9
8.34073e+06 0.0975 9
9.60335e+06 0.1 9
9.91919e+06 0.1025 9
9.46555e+06 0.105 9
8.19947e+06 0.1075 9
6.08023e+06 0.11 9
4.17117e+06 0.1125 9
2.24814e+06 0.115 9
777130 0.1175 9
242817 0.12 9
242143 0.1225 9
628285 0.125 9
1.38175e+06 0.1275 9
1.85445e+06 0.13 9
2.20598e+06 0.1325 9
2.57245e+06 0.135 9
3.03393e+06 0.1375 9
3.70428e+06 0.14 9
4.9044e+06 0.1425 9
5.40859e+06 0.145 9
5.70528e+06 0.1475 9
5.56032e+06 0.15 9
4.854e+06 0.1525 9
4.11082e+06 0.155 9
3.75169e+06 0.1575 9
3.55601e+06 0.16 9
3.75778e+06 0.1625 9
4.12905e+06 0.165 9
4.39014e+06 0.1675 9
4.29229e+06 0.17 9
3.97344e+06 0.1725 9
3.39606e+06 0.175 9
2.84577e+06 0.1775 9
2.40437e+06 0.18 9
2.16849e+06 0.1825 9
1.90009e+06 0.185 9
1.6077e+06 0.1875 9
1.30593e+06 0.19 9
1.21725e+06 0.1925 9
1.5273e+06 0.195 9
2.386e+06 0.1975 9
3.7055e+06 0.2 9
5.04253e+06 0.2025 9
6.02723e+06 0.205 9
6.53236e+06 0.2075 9
6.26785e+06 0.21 9
5.72482e+06 0.2125 9
5.11826e+06 0.215 9
4.63423e+06 0.2175 9
4.45622e+06 0.22 9
4.5888e+06 0.2225 9
4.80782e+06 0.225 9
4.85168e+06 0.2275 9
4.60798e+06 0.23 9
3.96021e+06 0.2325 9
3.20824e+06 0.235 9
2.38625e+06 0.2375 9
1.69581e+06 0.24 9
1.16707e+06 0.2425 9
820331 0.245 9
730126 0.2475 9
770408 0.25 9
988492 0.2525 9
1.34802e+06 0.255 9
1.61895e+06 0.2575 9
2.05564e+06 0.26 9
2.45121e+06 0.2625 9
2.60393e+06 0.265 9
2.52564e+06 0.2675 9
2.12913e+06 0.27 9
1.49642e+06 0.2725 9
924111 0.275 9
638421 0.2775 9
671159 0.28 9
949142 0.2825 9
1.36401e+06 0.285 9
1.7593e+06 0.2875 9
1.99493e+06 0.29 9
1.966e+06 0.2925 9
336299 0.01 10
799188 0.0125 10
1.58464e+06 0.015 10
2.72956e+06 0.0175 10
4.16197e+06 0.02 10
5.66237e+06 0.0225 10
6.88742e+06 0.025 10
7.47667e+06 0.0275 10
7.2115e+06 0.03 10
6.14662e+06 0.0325 10
4.62878e+06 0.035 10
3.17087e+06 0.0375 10
2.23424e+06 0.04 10
2.03266e+06 0.0425 10
2.46222e+06 0.045 10
3.18692e+06 0.0475 10
3.8185e+06 0.05 10
4.08353e+06 0.0525 10
3.89722e+06 0.055 10
3.33504e+06 0.0575 10
2.55423e+06 0.06 10
1.72616e+06 0.0625 10
1.00363e+06 0.065 10
504963 0.0675 10
289416 0.07 10
326693 0.0725 10
493718 0.075 10
626683 0.0775 10
613273 0.08 10
465484 0.0825 10
312263 0.085 10
304179 0.0875 10
492268 0.09 10
772548 0.0925 10
946856 0.095 10
865535 0.0975 10
552213 0.1 10
217556 0.1025 10
145198 0.105 10
522873 0.1075 10
1.3286e+06 0.11 10
2.34029e+06 0.1125 10
3.25141e+06 0.115 10
3.81073e+06 0.1175 10
3.91199e+06 0.12 10
3.58328e+06 0.1225 10
2.91763e+06 0.125 10
2.09311e+06 0.1275 10
1.23342e+06 0.13 10
605667 0.1325 10
327308 0.135 10
530705 0.1375 10
1.07174e+06 0.14 10
1.81457e+06 0.1425 10
2.60614e+06 0.145 10
2.94159e+06 0.1475 10
2.94805e+06 0.15 10
2.89519e+06 0.1525 10
2.8708e+06 0.155 10
3.10588e+06 0.1575 10
3.52904e+06 0.16 10
3.91313e+06 0.1625 10
4.5191e+06 0.165 10
4.91995e+06 0.1675 10
5.03056e+06 0.17 10
5.22655e+06 0.1725 10
5.38174e+06 0.175 10
6.13644e+06 0.1775 10
6.80885e+06 0.18 10
6.86848e+06 0.1825 10
6.21345e+06 0.185 10
4.93858e+06 0.1875 10
3.52842e+06 0.19 10
2.15793e+06 0.1925 10
1.12978e+06 0.195 10
972641 0.1975 10
1.61282e+06 0.2 10
2.71074e+06 0.2025 10
3.73314e+06 0.205 10
4.47227e+06 0.2075 10
4.83737e+06 0.21 10
4.98246e+06 0.2125 10
4.5738e+06 0.215 10
4.24244e+06 0.2175 10
3.81012e+06 0.22 10
3.4363e+06 0.2225 10
2.99338e+06 0.225 10
2.60527e+06 0.2275 10
2.35869e+06 0.23 10
2.2737e+06 0.2325 10
1.95514e+06 0.235 10
1.70059e+06 0.2375 10
1.49805e+06 0.24 10
1.22966e+06 0.2425 10
1.12981e+06 0.245 10
1.12867e+06 0.2475 10
1.1604e+06 0.25 10
1.11771e+06 0.2525 10
984610 0.255 10
809873 0.2575 10
613336 0.26 10
505155 0.2625 10
464373 0.265 10
520750 0.2675 10
593295 0.27 10
632067 0.2725 10
686584 0.275 10
671025 0.2775 10
736980 0.28 10
812164 0.2825 10
833887 0.285 10
777434 0.2875 10
0 0.01 11
0 0.0125 11
0 0.015 11
0 0.0175 11
0 0.02 11
0 0.0225 11
0 0.025 11
0 0.0275 11
0 0.03 11
0 0.0325 11
3022.37 0.035 11
30804.6 0.0375 11
45201.4 0.04 11
292575 0.0425 11
632403 0.045 11
1.15077e+06 0.0475 11
1.26158e+06 0.05 11
2.3593e+06 0.0525 11
3.0956e+06 0.055 11
3.70263e+06 0.0575 11
4.29909e+06 0.06 11
4.38826e+06 0.0625 11
4.43719e+06 0.065 11
4.2616e+06 0.0675 11
3.82901e+06 0.07 11
3.48742e+06 0.0725 11
3.25791e+06 0.075 11
3.26281e+06 0.0775 11
3.3998e+06 0.08 11
3.94046e+06 0.0825 11
3.72473e+06 0.085 11
3.64323e+06 0.0875 11
3.20977e+06 0.09 11
2.66103e+06 0.0925 11
2.15487e+06 0.095 11
1.81725e+06 0.0975 11
1.66963e+06 0.1 11
1.33665e+06 0.1025 11
1.00097e+06 0.105 11
684076 0.1075 11
510005 0.11 11
456351 0.1125 11
437289 0.115 11
726117 0.1175 11
839595 0.12 11
1.10779e+06 0.1225 11
1.40439e+06 0.125 11
1.58978e+06 0.1275 11
2.52295e+06 0.13 11
3.9857e+06 0.1325 11
5.13759e+06 0.135 11
5.91293e+06 0.1375 11
5.64839e+06 0.14 11
4.81421e+06 0.1425 11
3.33884e+06 0.145 11
1.98396e+06 0.1475 11
1.46468e+06 0.15 11
1.89288e+06 0.1525 11
3.14529e+06 0.155 11
4.47946e+06 0.1575 11
5.12078e+06 0.16 11
4.70207e+06 0.1625 11
3.60176e+06 0.165 11
2.19355e+06 0.1675 11
1.21436e+06 0.17 11
1.07938e+06 0.1725 11
1.71592e+06 0.175 11
2.56329e+06 0.1775 11
3.20581e+06 0.18 11
3.2159e+06 0.1825 11
2.70809e+06 0.185 11
1.85585e+06 0.1875 11
1.11312e+06 0.19 11
671846 0.1925 11
597899 0.195 11
637252 0.1975 11
535327 0.2 11
407975 0.2025 11
250619 0.205 11
166358 0.2075 11
299714 0.21 11
582056 0.2125 11
889919 0.215 11
987572 0.2175 11
846214 0.22 11
644146 0.2225 11
474757 0.225 11
419240 0.2275 11
599840 0.23 11
985718 0.2325 11
1.3135e+06 0.235 11
1.52739e+06 0.2375 11
1.50078e+06 0.24 11
1.32464e+06 0.2425 11
1.01925e+06 0.245 11
803428 0.2475 11
658189 0.25 11
727084 0.2525 11
957390 0.255 11
1.14664e+06 0.2575 11
1.31749e+06 0.26 11
1.36812e+06 0.2625 11
1.26726e+06 0.265 11
1.14516e+06 0.2675 11
1.0161e+06 0.27 11
897317 0.2725 11
768472 0.275 11
722230 0.2775 11
656414 0.28 11
665148 0.2825 11
0 0.01 12
0 0.0125 12
0 0.015 12
0 0.0175 12
0 0.02 12
0 0.0225 12
0 0.025 12
0 0.0275 12
4484.66 0.03 12
11998.7 0.0325 12
66069.7 0.035 12
120903 0.0375 12
323441 0.04 12
635139 0.0425 12
962842 0.045 12
1.35513e+06 0.0475 12
2.24678e+06 0.05 12
2.88788e+06 0.0525 12
3.09073e+06 0.055 12
3.19163e+06 0.0575 12
2.96873e+06 0.06 12
2.91316e+06 0.0625 12
2.6575e+06 0.065 12
3.31975e+06 0.0675 12
4.31534e+06 0.07 12
5.84509e+06 0.0725 12
7.21282e+06 0.075 12
8.92682e+06 0.0775 12
1.00987e+07 0.08 12
1.05992e+07 0.0825 12
1.02628e+07 0.085 12
9.14488e+06 0.0875 12
7.52143e+06 0.09 12
5.97553e+06 0.0925 12
4.45961e+06 0.095 12
3.49685e+06 0.0975 12
2.98842e+06 0.1 12
2.60176e+06 0.1025 12
2.42381e+06 0.105 12
2.19906e+06 0.1075 12
2.4333e+06 0.11 12
2.55296e+06 0.1125 12
2.96198e+06 0.115 12
3.41198e+06 0.1175 12
3.8194e+06 0.12 12
4.21111e+06 0.1225 12
4.06925e+06 0.125 12
4.49375e+06 0.1275 12
4.0121e+06 0.13 12
3.67748e+06 0.1325 12
3.32909e+06 0.135 12
2.92774e+06 0.1375 12
3.00485e+06 0.14 12
3.01843e+06 0.1425 12
2.69762e+06 0.145 12
2.3188e+06 0.1475 12
2.02472e+06 0.15 12
1.70376e+06 0.1525 12
1.55684e+06 0.155 12
1.61145e+06 0.1575 12
2.51689e+06 0.16 12
3.60688e+06 0.1625 12
5.10432e+06 0.165 12
6.69377e+06 0.1675 12
7.97495e+06 0.17 12
8.98541e+06 0.1725 12
9.21383e+06 0.175 12
8.56626e+06 0.1775 12
7.32788e+06 0.18 12
5.66823e+06 0.1825 12
3.91491e+06 0.185 12
2.78679e+06 0.1875 12
1.95875e+06 0.19 12
1.42078e+06 0.1925 12
1.13605e+06 0.195 12
1.03776e+06 0.1975 12
1.02914e+06 0.2 12
1.18375e+06 0.2025 12
1.44931e+06 0.205 12
1.71439e+06 0.2075 12
2.07275e+06 0.21 12
2.28565e+06 0.2125 12
2.60788e+06 0.215 12
2.68458e+06 0.2175 12
2.87031e+06 0.22 12
3.32437e+06 0.2225 12
4.41767e+06 0.225 12
5.44609e+06 0.2275 12
6.14676e+06 0.23 12
6.18857e+06 0.2325 12
5.6308e+06 0.235 12
4.55976e+06 0.2375 12
3.22437e+06 0.24 12
2.01042e+06 0.2425 12
1.27363e+06 0.245 12
976191 0.2475 12
1.06505e+06 0.25 12
1.18852e+06 0.2525 12
1.09173e+06 0.255 12
962457 0.2575 12
794738 0.26 12
639213 0.2625 12
516647 0.265 12
360621 0.2675 12
281869 0.27 12
243237 0.2725 12
281701 0.275 12
31444.1 0.01 13
112969 0.0125 13
230738 0.015 13
503950 0.0175 13
1.05217e+06 0.02 13
2.01303e+06 0.0225 13
3.51388e+06 0.025 13
5.50734e+06 0.0275 13
7.65212e+06 0.03 13
9.31922e+06 0.0325 13
9.80648e+06 0.035 13
8.70844e+06 0.0375 13
6.24403e+06 0.04 13
3.3021e+06 0.0425 13
1.09253e+06 0.045 13
535830 0.0475 13
1.73116e+06 0.05 13
3.85078e+06 0.0525 13
5.57787e+06 0.055 13
5.8623e+06 0.0575 13
4.5413e+06 0.06 13
2.42776e+06 0.0625 13
793767 0.065 13
567313 0.0675 13
1.75503e+06 0.07 13
3.46374e+06 0.0725 13
4.50429e+06 0.075 13
4.17863e+06 0.0775 13
2.73236e+06 0.08 13
1.17938e+06 0.0825 13
622226 0.085 13
1.52152e+06 0.0875 13
3.39381e+06 0.09 13
5.12694e+06 0.0925 13
5.69542e+06 0.095 13
4.80498e+06 0.0975 13
3.05591e+06 0.1 13
1.53854e+06 0.1025 13
1.13997e+06 0.105 13
2.01105e+06 0.1075 13
3.51733e+06 0.11 13
4.67391e+06 0.1125 13
4.76703e+06 0.115 13
3.74214e+06 0.1175 13
2.16014e+06 0.12 13
828468 0.1225 13
332448 0.125 13
495056 0.1275 13
994038 0.13 13
1.24111e+06 0.1325 13
1.12507e+06 0.135 13
716213 0.1375 13
360097 0.14 13
375244 0.1425 13
731392 0.145 13
1.28924e+06 0.1475 13
1.57097e+06 0.15 13
1.56499e+06 0.1525 13
1.30863e+06 0.155 13
1.11058e+06 0.1575 13
1.30833e+06 0.16 13
2.11452e+06 0.1625 13
3.0817e+06 0.165 13
3.68367e+06 0.1675 13
3.87632e+06 0.17 13
3.27313e+06 0.1725 13
2.54932e+06 0.175 13
1.71152e+06 0.1775 13
1.12811e+06 0.18 13
575887 0.1825 13
293715 0.185 13
289687 0.1875 13
311010 0.19 13
334610 0.1925 13
451618 0.195 13
653214 0.1975 13
801284 0.2 13
962473 0.2025 13
1.32979e+06 0.205 13
1.65784e+06 0.2075 13
2.04312e+06 0.21 13
2.12795e+06 0.2125 13
2.11011e+06 0.215 13
2.00689e+06 0.2175 13
1.57103e+06 0.22 13
1.08499e+06 0.2225 13
981618 0.225 13
1.28369e+06 0.2275 13
1.86786e+06 0.23 13
2.77146e+06 0.2325 13
3.70871e+06 0.235 13
3.94434e+06 0.2375 13
3.85541e+06 0.24 13
3.47269e+06 0.2425 13
2.91063e+06 0.245 13
2.1007e+06 0.2475 13
1.3979e+06 0.25 13
827864 0.2525 13
375548 0.255 13
181049 0.2575 13
175887 0.26 13
214157 0.2625 13
266565 0.265 13
285627 0.2675 13
0 0.02 14
0 0.0225 14
0 0.025 14
0 0.0275 14
0 0.03 14
0 0.0325 14
0 0.035 14
0 0.0375 14
0 0.04 14
0 0.0425 14
0 0.045 14
0 0.0475 14
0 0.05 14
0 0.0525 14
0 0.055 14
0 0.0575 14
10895.2 0.06 14
24375.1 0.0625 14
34190.8 0.065 14
101930 0.0675 14
240513 0.07 14
542803 0.0725 14
933218 0.075 14
1.94851e+06 0.0775 14
2.40536e+06 0.08 14
3.79817e+06 0.0825 14
4.99192e+06 0.085 14
5.80978e+06 0.0875 14
6.43655e+06 0.09 14
6.57707e+06 0.0925 14
6.14538e+06 0.095 14
5.59109e+06 0.0975 14
4.29347e+06 0.1 14
3.12003e+06 0.1025 14
1.93555e+06 0.105 14
1.17393e+06 0.1075 14
1.06198e+06 0.11 14
1.69389e+06 0.1125 14
2.68639e+06 0.115 14
3.80277e+06 0.1175 14
4.69489e+06 0.12 14
5.37683e+06 0.1225 14
5.15751e+06 0.125 14
4.68526e+06 0.1275 14
3.94694e+06 0.13 14
3.22892e+06 0.1325 14
2.3981e+06 0.135 14
1.70869e+06 0.1375 14
1.83542e+06 0.14 14
2.2487e+06 0.1425 14
2.46432e+06 0.145 14
2.8661e+06 0.1475 14
3.18453e+06 0.15 14
3.17501e+06 0.1525 14
2.90743e+06 0.155 14
2.43577e+06 0.1575 14
1.91818e+06 0.16 14
1.593e+06 0.1625 14
1.40837e+06 0.165 14
1.53953e+06 0.1675 14
1.75791e+06 0.17 14
2.09552e+06 0.1725 14
2.25433e+06 0.175 14
2.41193e+06 0.1775 14
2.22386e+06 0.18 14
1.93874e+06 0.1825 14
1.58511e+06 0.185 14
1.26817e+06 0.1875 14
1.01985e+06 0.19 14
874766 0.1925 14
852248 0.195 14
916551 0.1975 14
1.08295e+06 0.2 14
1.23786e+06 0.2025 14
1.30963e+06 0.205 14
1.26137e+06 0.2075 14
1.08012e+06 0.21 14
878576 0.2125 14
687792 0.215 14
589073 0.2175 14
604423 0.22 14
693458 0.2225 14
847949 0.225 14
1.02036e+06 0.2275 14
1.25107e+06 0.23 14
1.53528e+06 0.2325 14
1.80956e+06 0.235 14
2.00049e+06 0.2375 14
2.0059e+06 0.24 14
1.75855e+06 0.2425 14
1.28932e+06 0.245 14
809290 0.2475 14
499595 0.25 14
617815 0.2525 14
957764 0.255 14
1.45477e+06 0.2575 14
1.08976e+06 0.0125 15
2.61105e+06 0.015 15
5.25566e+06 0.0175 15
9.28058e+06 0.02 15
1.46733e+07 0.0225 15
2.1121e+07 0.025 15
2.78534e+07 0.0275 15
3.35764e+07 0.03 15
3.66546e+07 0.0325 15
3.56481e+07 0.035 15
3.00853e+07 0.0375 15
2.10738e+07 0.04 15
1.12741e+07 0.0425 15
4.00946e+06 0.045 15
1.79412e+06 0.0475 15
5.01943e+06 0.05 15
1.15962e+07 0.0525 15
1.78945e+07 0.055 15
2.05729e+07 0.0575 15
1.83115e+07 0.06 15
1.24565e+07 0.0625 15
6.18945e+06 0.065 15
2.70442e+06 0.0675 15
3.45821e+06 0.07 15
7.49104e+06 0.0725 15
1.21463e+07 0.075 15
1.46768e+07 0.0775 15
1.3743e+07 0.08 15
9.95712e+06 0.0825 15
5.27201e+06 0.085 15
1.71644e+06 0.0875 15
297436 0.09 15
679155 0.0925 15
1.69224e+06 0.095 15
2.21971e+06 0.0975 15
1.85262e+06 0.1 15
956324 0.1025 15
222300 0.105 15
96986.3 0.1075 15
493296 0.11 15
937189 0.1125 15
986683 0.115 15
580494 0.1175 15
103847 0.12 15
90764.8 0.1225 15
840493 0.125 15
2.20849e+06 0.1275 15
3.61095e+06 0.13 15
4.37784e+06 0.1325 15
4.17114e+06 0.135 15
3.09395e+06 0.1375 15
1.73905e+06 0.14 15
700654 0.1425 15
297845 0.145 15
698789 0.1475 15
1.48597e+06 0.15 15
2.16238e+06 0.1525 15
2.53543e+06 0.155 15
2.39329e+06 0.1575 15
1.92518e+06 0.16 15
1.3247e+06 0.1625 15
777695 0.165 15
468524 0.1675 15
341823 0.17 15
344989 0.1725 15
508652 0.175 15
586807 0.1775 15
653893 0.18 15
644061 0.1825 15
601310 0.185 15
528586 0.1875 15
563631 0.19 15
650687 0.1925 15
802163 0.195 15
882671 0.1975 15
1.12939e+06 0.2 15
1.20559e+06 0.2025 15
1.16796e+06 0.205 15
1.1285e+06 0.2075 15
1.04359e+06 0.21 15
897333 0.2125 15
798534 0.215 15
597398 0.2175 15
532235 0.22 15
481839 0.2225 15
516485 0.225 15
534285 0.2275 15
484074 0.23 15
363821 0.2325 15
225626 0.235 15
138551 0.2375 15
168676 0.24 15
294743 0.2425 15
468037 0.245 15
586521 0.2475 15
0 0.0025 16
0 0.005 16
0 0.0075 16
0 0.01 16
0 0.0125 16
0 0.015 16
0 0.0175 16
0 0.02 16
0 0.0225 16
0 0.025 16
0 0.0275 16
3522.66 0.03 16
11577.3 0.0325 16
24178.1 0.035 16
97722.2 0.0375 16
138990 0.04 16
131566 0.0425 16
135068 0.045 16
212511 0.0475 16
148561 0.05 16
148608 0.0525 16
111995 0.055 16
65391.3 0.0575 16
9940.46 0.06 16
91134.8 0.0625 16
456301 0.065 16
1.10048e+06 0.0675 16
2.14817e+06 0.07 16
3.10857e+06 0.0725 16
4.31165e+06 0.075 16
5.28275e+06 0.0775 16
6.09249e+06 0.08 16
6.72124e+06 0.0825 16
7.27014e+06 0.085 16
7.51147e+06 0.0875 16
7.79042e+06 0.09 16
8.42573e+06 0.0925 16
8.79439e+06 0.095 16
8.85819e+06 0.0975 16
8.70368e+06 0.1 16
7.79661e+06 0.1025 16
6.38748e+06 0.105 16
4.88941e+06 0.1075 16
3.88373e+06 0.11 16
3.36343e+06 0.1125 16
3.34904e+06 0.115 16
3.32365e+06 0.1175 16
3.27549e+06 0.12 16
2.94689e+06 0.1225 16
2.36417e+06 0.125 16
1.75644e+06 0.1275 16
1.3196e+06 0.13 16
1.14993e+06 0.1325 16
1.19677e+06 0.135 16
1.20547e+06 0.1375 16
1.00446e+06 0.14 16
817365 0.1425 16
678264 0.145 16
590812 0.1475 16
709796 0.15 16
1.04273e+06 0.1525 16
1.32183e+06 0.155 16
1.49113e+06 0.1575 16
1.85182e+06 0.16 16
1.97274e+06 0.1625 16
2.01158e+06 0.165 16
2.00633e+06 0.1675 16
1.9305e+06 0.17 16
1.74105e+06 0.1725 16
1.42398e+06 0.175 16
992760 0.1775 16
612395 0.18 16
314535 0.1825 16
228223 0.185 16
340962 0.1875 16
638089 0.19 16
1.03585e+06 0.1925 16
1.58472e+06 0.195 16
1.93936e+06 0.1975 16
2.15232e+06 0.2 16
2.34565e+06 0.2025 16
2.45709e+06 0.205 16
2.19718e+06 0.2075 16
1.7926e+06 0.21 16
1.27724e+06 0.2125 16
831958 0.215 16
483489 0.2175 16
294133 0.22 16
197146 0.2225 16
166783 0.225 16
188637 0.2275 16
232306 0.23 16
315207 0.2325 16
390012 0.235 16
473987 0.2375 16
0 0.0025 17
0 0.005 17
0 0.0075 17
0 0.01 17
0 0.0125 17
0 0.015 17
0 0.0175 17
0 0.02 17
0 0.0225 17
0 0.025 17
0 0.0275 17
0 0.03 17
0 0.0325 17
6934.97 0.035 17
100806 0.0375 17
385808 0.04 17
1.00212e+06 0.0425 17
1.913e+06 0.045 17
2.45951e+06 0.0475 17
3.21143e+06 0.05 17
4.34916e+06 0.0525 17
4.3036e+06 0.055 17
3.56755e+06 0.0575 17
2.42275e+06 0.06 17
1.55008e+06 0.0625 17
536567 0.065 17
458739 0.0675 17
1.61871e+06 0.07 17
4.39453e+06 0.0725 17
8.08931e+06 0.075 17
1.18108e+07 0.0775 17
1.47956e+07 0.08 17
1.58741e+07 0.0825 17
1.48733e+07 0.085 17
1.1745e+07 0.0875 17
8.17582e+06 0.09 17
4.64565e+06 0.0925 17
2.11941e+06 0.095 17
790331 0.0975 17
429310 0.1 17
520495 0.1025 17
387030 0.105 17
288262 0.1075 17
189788 0.11 17
382848 0.1125 17
890663 0.115 17
1.56187e+06 0.1175 17
2.25553e+06 0.12 17
2.46939e+06 0.1225 17
2.28094e+06 0.125 17
1.84593e+06 0.1275 17
1.34044e+06 0.13 17
1.00456e+06 0.1325 17
1.03944e+06 0.135 17
1.27131e+06 0.1375 17
1.55713e+06 0.14 17
1.6156e+06 0.1425 17
1.41027e+06 0.145 17
1.04371e+06 0.1475 17
648978 0.15 17
392284 0.1525 17
330781 0.155 17
371341 0.1575 17
521394 0.16 17
611956 0.1625 17
618466 0.165 17
555189 0.1675 17
631727 0.17 17
766522 0.1725 17
898975 0.175 17
987194 0.1775 17
1.07525e+06 0.18 17
1.14339e+06 0.1825 17
1.14824e+06 0.185 17
1.08848e+06 0.1875 17
1.0684e+06 0.19 17
956186 0.1925 17
791895 0.195 17
642944 0.1975 17
495208 0.2 17
468718 0.2025 17
480901 0.205 17
528051 0.2075 17
552066 0.21 17
501623 0.2125 17
414667 0.215 17
339559 0.2175 17
358876 0.22 17
476576 0.2225 17
667599 0.225 17
12204.4 0.0025 18
174290 0.005 18
727832 0.0075 18
1.74539e+06 0.01 18
2.95459e+06 0.0125 18
3.85463e+06 0.015 18
4.07203e+06 0.0175 18
3.69428e+06 0.02 18
3.30807e+06 0.0225 18
3.67129e+06 0.025 18
5.21591e+06 0.0275 18
7.71225e+06 0.03 18
1.03252e+07 0.0325 18
1.20341e+07 0.035 18
1.21545e+07 0.0375 18
1.06521e+07 0.04 18
8.0922e+06 0.0425 18
5.3013e+06 0.045 18
2.97266e+06 0.0475 18
1.43188e+06 0.05 18
639916 0.0525 18
357835 0.055 18
332485 0.0575 18
401893 0.06 18
505985 0.0625 18
649716 0.065 18
868954 0.0675 18
1.21483e+06 0.07 18
1.74195e+06 0.0725 18
2.4843e+06 0.075 18
3.4222e+06 0.0775 18
4.46051e+06 0.08 18
5.43674e+06 0.0825 18
6.16212e+06 0.085 18
6.48268e+06 0.0875 18
6.33973e+06 0.09 18
5.80831e+06 0.0925 18
5.09507e+06 0.095 18
4.48433e+06 0.0975 18
4.23929e+06 0.1 18
4.49109e+06 0.1025 18
5.16729e+06 0.105 18
6.00452e+06 0.1075 18
6.65151e+06 0.11 18
6.81824e+06 0.1125 18
6.39668e+06 0.115 18
5.49223e+06 0.1175 18
4.35753e+06 0.12 18
3.26261e+06 0.1225 18
2.40455e+06 0.125 18
1.85562e+06 0.1275 18
1.60361e+06 0.13 18
1.43513e+06 0.1325 18
1.41149e+06 0.135 18
1.41146e+06 0.1375 18
1.38898e+06 0.14 18
1.36951e+06 0.1425 18
1.42761e+06 0.145 18
1.49129e+06 0.1475 18
1.52083e+06 0.15 18
1.4464e+06 0.1525 18
1.19218e+06 0.155 18
1.01141e+06 0.1575 18
726110 0.16 18
551728 0.1625 18
601756 0.165 18
834043 0.1675 18
1.04716e+06 0.17 18
1.22053e+06 0.1725 18
1.12618e+06 0.175 18
923424 0.1775 18
667327 0.18 18
484810 0.1825 18
437543 0.185 18
483705 0.1875 18
512950 0.19 18
523885 0.1925 18
427913 0.195 18
374630 0.1975 18
342662 0.2 18
365699 0.2025 18
427497 0.205 18
465503 0.2075 18
490940 0.21 18
501278 0.2125 18
0 0.0025 19
0 0.005 19
0 0.0075 19
0 0.01 19
0 0.0125 19
0 0.015 19
0 0.0175 19
0 0.02 19
0 0.0225 19
0 0.025 19
0 0.0275 19
0 0.03 19
0 0.0325 19
0 0.035 19
0 0.0375 19
0 0.04 19
0 0.0425 19
0 0.045 19
0 0.0475 19
0 0.05 19
0 0.0525 19
4796.03 0.055 19
23855.5 0.0575 19
63350.3 0.06 19
51513.2 0.0625 19
125292 0.065 19
212740 0.0675 19
387878 0.07 19
476562 0.0725 19
703700 0.075 19
1.13017e+06 0.0775 19
1.69283e+06 0.08 19
2.40812e+06 0.0825 19
2.92957e+06 0.085 19
3.66423e+06 0.0875 19
4.70588e+06 0.09 19
5.30888e+06 0.0925 19
5.64657e+06 0.095 19
5.88125e+06 0.0975 19
5.74922e+06 0.1 19
5.88762e+06 0.1025 19
5.44523e+06 0.105 19
5.46116e+06 0.1075 19
5.93824e+06 0.11 19
5.93688e+06 0.1125 19
6.77534e+06 0.115 19
6.81403e+06 0.1175 19
6.32604e+06 0.12 19
5.56187e+06 0.1225 19
4.36582e+06 0.125 19
3.19155e+06 0.1275 19
2.17187e+06 0.13 19
1.29891e+06 0.1325 19
623705 0.135 19
400766 0.1375 19
441676 0.14 19
593569 0.1425 19
973498 0.145 19
1.37692e+06 0.1475 19
1.98987e+06 0.15 19
2.58064e+06 0.1525 19
3.07942e+06 0.155 19
3.30391e+06 0.1575 19
3.26226e+06 0.16 19
2.92204e+06 0.1625 19
2.41989e+06 0.165 19
1.7887e+06 0.1675 19
1.16157e+06 0.17 19
768831 0.1725 19
516185 0.175 19
379759 0.1775 19
299192 0.18 19
300128 0.1825 19
255146 0.185 19
172657 0.1875 19
79191.1 0.19 19
39089.3 0.1925 19
66547 0.195 19
138460 0.1975 19
0 0.0025 20
0 0.005 20
0 0.0075 20
1899.85 0.01 20
31444.5 0.0125 20
64351.8 0.015 20
191868 0.0175 20
326311 0.02 20
567557 0.0225 20
831174 0.025 20
1.10175e+06 0.0275 20
1.25666e+06 0.03 20
1.33051e+06 0.0325 20
1.51245e+06 0.035 20
1.77681e+06 0.0375 20
2.00422e+06 0.04 20
2.13447e+06 0.0425 20
2.06076e+06 0.045 20
1.77076e+06 0.0475 20
1.38662e+06 0.05 20
1.11169e+06 0.0525 20
1.10766e+06 0.055 20
1.38305e+06 0.0575 20
1.77445e+06 0.06 20
2.04075e+06 0.0625 20
2.0096e+06 0.065 20
1.67675e+06 0.0675 20
1.19287e+06 0.07 20
753981 0.0725 20
478851 0.075 20
358744 0.0775 20
303435 0.08 20
232895 0.0825 20
136364 0.085 20
58488.9 0.0875 20
40361.4 0.09 20
81917.5 0.0925 20
167822 0.095 20
333072 0.0975 20
695817 0.1 20
1.40015e+06 0.1025 20
2.48495e+06 0.105 20
3.76968e+06 0.1075 20
4.86238e+06 0.11 20
5.32187e+06 0.1125 20
4.8733e+06 0.115 20
3.65288e+06 0.1175 20
2.11358e+06 0.12 20
898215 0.1225 20
488072 0.125 20
1.01776e+06 0.1275 20
2.22979e+06 0.13 20
3.57776e+06 0.1325 20
4.47398e+06 0.135 20
4.61272e+06 0.1375 20
4.01749e+06 0.14 20
2.88851e+06 0.1425 20
1.7592e+06 0.145 20
894444 0.1475 20
397276 0.15 20
280189 0.1525 20
436099 0.155 20
768544 0.1575 20
998013 0.16 20
1.0261e+06 0.1625 20
921291 0.165 20
672390 0.1675 20
433447 0.17 20
279295 0.1725 20
270287 0.175 20
336010 0.1775 20
0 0.0025 21
0 0.005 21
0 0.0075 21
0 0.01 21
0 0.0125 21
0 0.015 21
0 0.0175 21
0 0.02 21
0 0.0225 21
4565.02 0.025 21
27959.5 0.0275 21
37405.9 0.03 21
116819 0.0325 21
155602 0.035 21
204741 0.0375 21
238024 0.04 21
227819 0.0425 21
348005 0.045 21
274184 0.0475 21
132351 0.05 21
85299.1 0.0525 21
14884.4 0.055 21
3311.97 0.0575 21
29486.5 0.06 21
61137.9 0.0625 21
68496.8 0.065 21
64218.9 0.0675 21
58696.4 0.07 21
123238 0.0725 21
255004 0.075 21
409503 0.0775 21
496602 0.08 21
409541 0.0825 21
309434 0.085 21
160209 0.0875 21
96133 0.09 21
150197 0.0925 21
326033 0.095 21
545310 0.0975 21
708520 0.1 21
822607 0.1025 21
770942 0.105 21
684951 0.1075 21
595200 0.11 21
613202 0.1125 21
704583 0.115 21
844902 0.1175 21
873589 0.12 21
1.01937e+06 0.1225 21
963608 0.125 21
964140 0.1275 21
1.18641e+06 0.13 21
1.1212e+06 0.1325 21
1.06397e+06 0.135 21
1.07615e+06 0.1375 21
1.11567e+06 0.14 21
1.28893e+06 0.1425 21
1.68082e+06 0.145 21
1.94653e+06 0.1475 21
1.97749e+06 0.15 21
1.89188e+06 0.1525 21
1.55509e+06 0.155 21
1.17679e+06 0.1575 21
795548 0.16 21
0 0.0025 22
0 0.005 22
0 0.0075 22
0 0.01 22
0 0.0125 22
0 0.015 22
0 0.0175 22
0 0.02 22
0 0.0225 22
0 0.025 22
0 0.0275 22
0 0.03 22
0 0.0325 22
0 0.035 22
0 0.0375 22
2901.64 0.04 22
9315.23 0.0425 22
23242.7 0.045 22
19907.1 0.0475 22
22991.3 0.05 22
38786.5 0.0525 22
30036.5 0.055 22
83505.2 0.0575 22
169333 0.06 22
287495 0.0625 22
461328 0.065 22
840667 0.0675 22
1.16117e+06 0.07 22
1.20614e+06 0.0725 22
1.43142e+06 0.075 22
1.37863e+06 0.0775 22
1.15814e+06 0.08 22
735837 0.0825 22
314276 0.085 22
92200.6 0.0875 22
124523 0.09 22
324245 0.0925 22
760635 0.095 22
1.44627e+06 0.0975 22
1.89575e+06 0.1 22
1.93175e+06 0.1025 22
1.63515e+06 0.105 22
1.2271e+06 0.1075 22
784195 0.11 22
372294 0.1125 22
254112 0.115 22
339441 0.1175 22
511892 0.12 22
710400 0.1225 22
715626 0.125 22
612854 0.1275 22
412891 0.13 22
282010 0.1325 22
182999 0.135 22
171362 0.1375 22
238739 0.0025 23
806395 0.005 23
1.3572e+06 0.0075 23
1.57672e+06 0.01 23
1.37829e+06 0.0125 23
934616 0.015 23
534541 0.0175 23
378312 0.02 23
459340 0.0225 23
605721 0.025 23
633273 0.0275 23
486156 0.03 23
263448 0.0325 23
125118 0.035 23
161209 0.0375 23
326604 0.04 23
483747 0.0425 23
510310 0.045 23
385010 0.0475 23
190993 0.05 23
44533.5 0.0525 23
10787.9 0.055 23
69082.6 0.0575 23
144392 0.06 23
170490 0.0625 23
133175 0.065 23
66524.7 0.0675 23
15570.2 0.07 23
1187.57 0.0725 23
13208.9 0.075 23
29565.2 0.0775 23
38801 0.08 23
45858.5 0.0825 23
60172.1 0.085 23
81444.1 0.0875 23
98080.2 0.09 23
98939.7 0.0925 23
85643.4 0.095 23
72563.8 0.0975 23
73889.4 0.1 23
89696.5 0.1025 23
