3.09888e+07 0.085 0
1.86996e+07 0.0875 0
6.88803e+06 0.09 0
600158 0.0925 0
840911 0.095 0
4.81328e+06 0.0975 0
8.351e+06 0.1 0
8.69797e+06 0.1025 0
5.89003e+06 0.105 0
2.1564e+06 0.1075 0
76691.4 0.11 0
859117 0.1125 0
3.77703e+06 0.115 0
6.89464e+06 0.1175 0
8.39905e+06 0.12 0
7.62068e+06 0.1225 0
5.19709e+06 0.125 0
2.46194e+06 0.1275 0
582966 0.13 0
41.987 0.1325 0
409925 0.135 0
1.13852e+06 0.1375 0
1.61865e+06 0.14 0
1.65619e+06 0.1425 0
1.37708e+06 0.145 0
966042 0.1475 0
587748 0.15 0
377348 0.1525 0
390165 0.155 0
475653 0.1575 0
618661 0.16 0
890295 0.1625 0
1.13481e+06 0.165 0
1.37433e+06 0.1675 0
1.56943e+06 0.17 0
1.54907e+06 0.1725 0
1.47601e+06 0.175 0
1.07954e+06 0.1775 0
674308 0.18 0
343799 0.1825 0
95843.7 0.185 0
110998 0.1875 0
238836 0.19 0
451148 0.1925 0
745832 0.195 0
1.07081e+06 0.1975 0
1.33649e+06 0.2 0
1.5716e+06 0.2025 0
1.79543e+06 0.205 0
1.94571e+06 0.2075 0
1.87534e+06 0.21 0
1.78899e+06 0.2125 0
1.66423e+06 0.215 0
1.41353e+06 0.2175 0
1.00982e+06 0.22 0
730532 0.2225 0
501578 0.225 0
415051 0.2275 0
441815 0.23 0
524912 0.2325 0
568241 0.235 0
632714 0.2375 0
627192 0.24 0
607882 0.2425 0
501262 0.245 0
355274 0.2475 0
256238 0.25 0
178424 0.2525 0
237053 0.255 0
364393 0.2575 0
499118 0.26 0
529044 0.2625 0
593607 0.265 0
503025 0.2675 0
424662 0.27 0
250833 0.2725 0
126539 0.275 0
37080.6 0.2775 0
4707.39 0.28 0
25450.2 0.2825 0
69668.3 0.285 0
121675 0.2875 0
154400 0.29 0
121903 0.2925 0
84125.8 0.295 0
45788.6 0.2975 0
22720.9 0.3 0
14822.3 0.3025 0
31177.9 0.305 0
65351.2 0.3075 0
93220.2 0.31 0
143963 0.3125 0
201665 0.315 0
3.11262e+06 0.085 1
4.11626e+06 0.0875 1
5.21828e+06 0.09 1
6.97425e+06 0.0925 1
8.23287e+06 0.095 1
9.3061e+06 0.0975 1
9.44315e+06 0.1 1
9.5778e+06 0.1025 1
9.68819e+06 0.105 1
9.79809e+06 0.1075 1
1.05247e+07 0.11 1
1.1239e+07 0.1125 1
1.2607e+07 0.115 1
1.37414e+07 0.1175 1
1.43693e+07 0.12 1
1.4009e+07 0.1225 1
1.31613e+07 0.125 1
1.13277e+07 0.1275 1
9.11526e+06 0.13 1
7.30131e+06 0.1325 1
5.6291e+06 0.135 1
4.16258e+06 0.1375 1
3.16136e+06 0.14 1
2.45972e+06 0.1425 1
1.83847e+06 0.145 1
1.31041e+06 0.1475 1
1.16091e+06 0.15 1
1.11998e+06 0.1525 1
1.39715e+06 0.155 1
1.91241e+06 0.1575 1
2.43955e+06 0.16 1
2.88587e+06 0.1625 1
3.06247e+06 0.165 1
3.15687e+06 0.1675 1
3.01414e+06 0.17 1
2.62987e+06 0.1725 1
2.1638e+06 0.175 1
1.64379e+06 0.1775 1
1.05826e+06 0.18 1
698181 0.1825 1
608549 0.185 1
643268 0.1875 1
790762 0.19 1
1.08944e+06 0.1925 1
1.39416e+06 0.195 1
1.67863e+06 0.1975 1
1.94542e+06 0.2 1
2.01254e+06 0.2025 1
2.03418e+06 0.205 1
1.90134e+06 0.2075 1
1.65617e+06 0.21 1
1.34338e+06 0.2125 1
1.01993e+06 0.215 1
750259 0.2175 1
568685 0.22 1
519876 0.2225 1
625805 0.225 1
861266 0.2275 1
1.03396e+06 0.23 1
1.25507e+06 0.2325 1
1.40409e+06 0.235 1
1.47109e+06 0.2375 1
1.41225e+06 0.24 1
1.22491e+06 0.2425 1
1.00577e+06 0.245 1
770582 0.2475 1
619686 0.25 1
562148 0.2525 1
515015 0.255 1
509821 0.2575 1
570722 0.26 1
506303 0.2625 1
546817 0.265 1
684389 0.2675 1
863050 0.27 1
1.08182e+06 0.2725 1
1.29935e+06 0.275 1
1.52779e+06 0.2775 1
1.59055e+06 0.28 1
1.52164e+06 0.2825 1
1.34271e+06 0.285 1
1.11614e+06 0.2875 1
942087 0.29 1
726312 0.2925 1
647552 0.295 1
640742 0.2975 1
695065 0.3 1
710415 0.3025 1
731257 0.305 1
700797 0.3075 1
659494 0.31 1
581545 0.3125 1
470552 0.315 1
5.16842e+07 0.085 2
4.29735e+07 0.0875 2
3.25641e+07 0.09 2
2.27005e+07 0.0925 2
1.51702e+07 0.095 2
1.04868e+07 0.0975 2
7.95416e+06 0.1 2
6.37211e+06 0.1025 2
4.83047e+06 0.105 2
3.11671e+06 0.1075 2
1.56635e+06 0.11 2
653847 0.1125 2
591537 0.115 2
1.13584e+06 0.1175 2
1.91778e+06 0.12 2
2.49613e+06 0.1225 2
3.00232e+06 0.125 2
3.22774e+06 0.1275 2
3.44102e+06 0.13 2
3.51006e+06 0.1325 2
3.53972e+06 0.135 2
3.37116e+06 0.1375 2
2.85074e+06 0.14 2
2.26092e+06 0.1425 2
1.81579e+06 0.145 2
1.67891e+06 0.1475 2
1.7318e+06 0.15 2
1.99499e+06 0.1525 2
2.21968e+06 0.155 2
2.18448e+06 0.1575 2
1.87212e+06 0.16 2
1.43277e+06 0.1625 2
1.08632e+06 0.165 2
833509 0.1675 2
750880 0.17 2
860845 0.1725 2
1.04865e+06 0.175 2
1.26458e+06 0.1775 2
1.3413e+06 0.18 2
1.11664e+06 0.1825 2
971232 0.185 2
1.24243e+06 0.1875 2
1.48425e+06 0.19 2
1.84132e+06 0.1925 2
2.19459e+06 0.195 2
2.63185e+06 0.1975 2
2.70643e+06 0.2 2
2.67819e+06 0.2025 2
2.371e+06 0.205 2
1.89209e+06 0.2075 2
1.29825e+06 0.21 2
828117 0.2125 2
537689 0.215 2
395657 0.2175 2
399666 0.22 2
535206 0.2225 2
543831 0.225 2
637981 0.2275 2
689452 0.23 2
811153 0.2325 2
950934 0.235 2
1.04243e+06 0.2375 2
1.11763e+06 0.24 2
1.24333e+06 0.2425 2
1.3647e+06 0.245 2
1.53603e+06 0.2475 2
1.55118e+06 0.25 2
1.48045e+06 0.2525 2
1.3336e+06 0.255 2
1.14275e+06 0.2575 2
1.0316e+06 0.26 2
941518 0.2625 2
900860 0.265 2
953204 0.2675 2
1.05749e+06 0.27 2
1.24609e+06 0.2725 2
1.4639e+06 0.275 2
1.6677e+06 0.2775 2
1.79266e+06 0.28 2
2.09001e+06 0.2825 2
2.19235e+06 0.285 2
2.29801e+06 0.2875 2
2.37864e+06 0.29 2
2.33453e+06 0.2925 2
2.16081e+06 0.295 2
2.03695e+06 0.2975 2
1.74331e+06 0.3 2
1.38427e+06 0.3025 2
1.12729e+06 0.305 2
934323 0.3075 2
778327 0.31 2
719969 0.3125 2
686249 0.315 2
8.82759e+06 0.085 3
1.24038e+06 0.0875 3
922242 0.09 3
3.43533e+06 0.0925 3
5.29086e+06 0.095 3
5.07055e+06 0.0975 3
3.29119e+06 0.1 3
1.39435e+06 0.1025 3
588492 0.105 3
1.17649e+06 0.1075 3
2.66633e+06 0.11 3
4.22873e+06 0.1125 3
5.36229e+06 0.115 3
5.99082e+06 0.1175 3
6.39165e+06 0.12 3
6.80893e+06 0.1225 3
7.32257e+06 0.125 3
7.67836e+06 0.1275 3
7.89962e+06 0.13 3
7.42651e+06 0.1325 3
6.2605e+06 0.135 3
4.93131e+06 0.1375 3
3.58606e+06 0.14 3
2.60467e+06 0.1425 3
1.73017e+06 0.145 3
1.17975e+06 0.1475 3
704923 0.15 3
402607 0.1525 3
191960 0.155 3
122550 0.1575 3
121850 0.16 3
195378 0.1625 3
271929 0.165 3
342619 0.1675 3
389815 0.17 3
423114 0.1725 3
434000 0.175 3
495762 0.1775 3
714894 0.18 3
1.00793e+06 0.1825 3
1.37791e+06 0.185 3
1.73891e+06 0.1875 3
1.81772e+06 0.19 3
1.80811e+06 0.1925 3
1.91874e+06 0.195 3
1.57949e+06 0.1975 3
1.23897e+06 0.2 3
820507 0.2025 3
568799 0.205 3
455915 0.2075 3
602543 0.21 3
967315 0.2125 3
1.43971e+06 0.215 3
1.77117e+06 0.2175 3
2.00777e+06 0.22 3
2.02505e+06 0.2225 3
1.69617e+06 0.225 3
1.4151e+06 0.2275 3
1.06284e+06 0.23 3
679179 0.2325 3
575886 0.235 3
635332 0.2375 3
857985 0.24 3
1.12477e+06 0.2425 3
1.22033e+06 0.245 3
1.24203e+06 0.2475 3
1.23182e+06 0.25 3
1.2547e+06 0.2525 3
1.38575e+06 0.255 3
1.64967e+06 0.2575 3
2.07232e+06 0.26 3
2.38226e+06 0.2625 3
2.60605e+06 0.265 3
2.6449e+06 0.2675 3
2.40427e+06 0.27 3
2.03189e+06 0.2725 3
1.6696e+06 0.275 3
1.28822e+06 0.2775 3
971571 0.28 3
787859 0.2825 3
712698 0.285 3
683391 0.2875 3
742210 0.29 3
757426 0.2925 3
833565 0.295 3
875833 0.2975 3
935251 0.3 3
981638 0.3025 3
1.03138e+06 0.305 3
1.02141e+06 0.3075 3
933002 0.31 3
818870 0.3125 3
707608 0.315 3
793046 0.085 4
602180 0.0875 4
705474 0.09 4
1.30016e+06 0.0925 4
1.92614e+06 0.095 4
3.05275e+06 0.0975 4
4.91079e+06 0.1 4
7.18723e+06 0.1025 4
9.81841e+06 0.105 4
1.2062e+07 0.1075 4
1.44531e+07 0.11 4
1.58863e+07 0.1125 4
1.55441e+07 0.115 4
1.51093e+07 0.1175 4
1.3742e+07 0.12 4
1.23107e+07 0.1225 4
1.15135e+07 0.125 4
1.04666e+07 0.1275 4
9.50997e+06 0.13 4
8.42218e+06 0.1325 4
7.59176e+06 0.135 4
6.39377e+06 0.1375 4
5.32588e+06 0.14 4
4.28639e+06 0.1425 4
3.56768e+06 0.145 4
2.93334e+06 0.1475 4
2.41609e+06 0.15 4
2.07817e+06 0.1525 4
1.89756e+06 0.155 4
1.86153e+06 0.1575 4
2.29182e+06 0.16 4
2.84864e+06 0.1625 4
3.47432e+06 0.165 4
4.44233e+06 0.1675 4
4.85063e+06 0.17 4
4.88275e+06 0.1725 4
4.63184e+06 0.175 4
4.0853e+06 0.1775 4
3.57714e+06 0.18 4
2.9231e+06 0.1825 4
2.35902e+06 0.185 4
1.87894e+06 0.1875 4
1.56277e+06 0.19 4
1.30288e+06 0.1925 4
1.10193e+06 0.195 4
940160 0.1975 4
778545 0.2 4
656537 0.2025 4
568928 0.205 4
430882 0.2075 4
311476 0.21 4
179477 0.2125 4
100348 0.215 4
80363.4 0.2175 4
115356 0.22 4
190975 0.2225 4
299777 0.225 4
443283 0.2275 4
570553 0.23 4
705806 0.2325 4
732758 0.235 4
767413 0.2375 4
762044 0.24 4
827813 0.2425 4
951955 0.245 4
1.00358e+06 0.2475 4
1.04918e+06 0.25 4
1.0199e+06 0.2525 4
972679 0.255 4
906513 0.2575 4
809159 0.26 4
659311 0.2625 4
670745 0.265 4
723802 0.2675 4
802872 0.27 4
950349 0.2725 4
1.06433e+06 0.275 4
1.13501e+06 0.2775 4
1.10894e+06 0.28 4
1.04684e+06 0.2825 4
976713 0.285 4
868237 0.2875 4
754933 0.29 4
670247 0.2925 4
587471 0.295 4
541225 0.2975 4
472200 0.3 4
423583 0.3025 4
385649 0.305 4
383406 0.3075 4
362559 0.31 4
371215 0.3125 4
473572 0.085 5
3.59821e+06 0.0875 5
7.23406e+06 0.09 5
8.35719e+06 0.0925 5
6.35108e+06 0.095 5
2.96324e+06 0.0975 5
687710 0.1 5
933206 0.1025 5
3.22455e+06 0.105 5
5.78208e+06 0.1075 5
6.8628e+06 0.11 5
5.8629e+06 0.1125 5
3.51564e+06 0.115 5
1.22097e+06 0.1175 5
89196.2 0.12 5
349272 0.1225 5
1.41273e+06 0.125 5
2.41381e+06 0.1275 5
2.78442e+06 0.13 5
2.50961e+06 0.1325 5
1.97765e+06 0.135 5
1.61144e+06 0.1375 5
1.622e+06 0.14 5
1.84374e+06 0.1425 5
1.98061e+06 0.145 5
1.87685e+06 0.1475 5
1.55949e+06 0.15 5
1.09141e+06 0.1525 5
642347 0.155 5
405542 0.1575 5
524634 0.16 5
833207 0.1625 5
1.17133e+06 0.165 5
1.36013e+06 0.1675 5
1.58813e+06 0.17 5
1.50891e+06 0.1725 5
1.4986e+06 0.175 5
1.61263e+06 0.1775 5
1.63855e+06 0.18 5
1.65991e+06 0.1825 5
1.61349e+06 0.185 5
1.65647e+06 0.1875 5
1.59104e+06 0.19 5
1.49965e+06 0.1925 5
1.38776e+06 0.195 5
1.1963e+06 0.1975 5
974709 0.2 5
930782 0.2025 5
1.03485e+06 0.205 5
1.23734e+06 0.2075 5
1.38015e+06 0.21 5
1.3721e+06 0.2125 5
1.46189e+06 0.215 5
1.51666e+06 0.2175 5
1.42032e+06 0.22 5
1.21298e+06 0.2225 5
1.01396e+06 0.225 5
899448 0.2275 5
841087 0.23 5
815272 0.2325 5
838330 0.235 5
877724 0.2375 5
944772 0.24 5
915948 0.2425 5
949490 0.245 5
882827 0.2475 5
760541 0.25 5
614217 0.2525 5
454660 0.255 5
342110 0.2575 5
262670 0.26 5
263423 0.2625 5
231336 0.265 5
236560 0.2675 5
188600 0.27 5
156639 0.2725 5
106609 0.275 5
75679 0.2775 5
60416.4 0.28 5
103404 0.2825 5
200380 0.285 5
337797 0.2875 5
477568 0.29 5
572414 0.2925 5
614328 0.295 5
627547 0.2975 5
555915 0.3 5
450686 0.3025 5
391128 0.305 5
338148 0.3075 5
324148 0.31 5
1.95585e+06 0.085 6
1.12102e+06 0.0875 6
499696 0.09 6
890006 0.0925 6
1.95799e+06 0.095 6
4.17938e+06 0.0975 6
6.7215e+06 0.1 6
9.90404e+06 0.1025 6
1.177e+07 0.105 6
1.32118e+07 0.1075 6
1.34701e+07 0.11 6
1.27969e+07 0.1125 6
1.0932e+07 0.115 6
9.08924e+06 0.1175 6
7.51846e+06 0.12 6
6.31361e+06 0.1225 6
5.44862e+06 0.125 6
5.17083e+06 0.1275 6
4.74634e+06 0.13 6
4.33611e+06 0.1325 6
3.79128e+06 0.135 6
3.2556e+06 0.1375 6
2.66537e+06 0.14 6
2.05628e+06 0.1425 6
1.70464e+06 0.145 6
1.50999e+06 0.1475 6
1.32697e+06 0.15 6
1.0386e+06 0.1525 6
845981 0.155 6
671287 0.1575 6
502235 0.16 6
433535 0.1625 6
378394 0.165 6
342477 0.1675 6
427816 0.17 6
618014 0.1725 6
822392 0.175 6
1.02793e+06 0.1775 6
1.20997e+06 0.18 6
1.3249e+06 0.1825 6
1.34328e+06 0.185 6
1.31637e+06 0.1875 6
1.3206e+06 0.19 6
1.27586e+06 0.1925 6
1.24366e+06 0.195 6
1.15246e+06 0.1975 6
1.02687e+06 0.2 6
973022 0.2025 6
934222 0.205 6
970508 0.2075 6
1.20183e+06 0.21 6
1.4468e+06 0.2125 6
1.62277e+06 0.215 6
1.68744e+06 0.2175 6
1.57045e+06 0.22 6
1.44947e+06 0.2225 6
1.26093e+06 0.225 6
1.10818e+06 0.2275 6
1.00697e+06 0.23 6
1.00804e+06 0.2325 6
1.05828e+06 0.235 6
990008 0.2375 6
910959 0.24 6
759637 0.2425 6
640229 0.245 6
515425 0.2475 6
513486 0.25 6
613212 0.2525 6
719551 0.255 6
939997 0.2575 6
1.18717e+06 0.26 6
1.35145e+06 0.2625 6
1.47316e+06 0.265 6
1.40097e+06 0.2675 6
1.22588e+06 0.27 6
965868 0.2725 6
786881 0.275 6
660901 0.2775 6
745709 0.28 6
961532 0.2825 6
1.18664e+06 0.285 6
1.39494e+06 0.2875 6
1.42599e+06 0.29 6
1.35106e+06 0.2925 6
1.11787e+06 0.295 6
863414 0.2975 6
565804 0.3 6
392908 0.3025 6
333882 0.305 6
338674 0.3075 6
4.22146e+07 0.0825 7
3.78177e+07 0.085 7
3.65067e+07 0.0875 7
3.58493e+07 0.09 7
3.37575e+07 0.0925 7
2.94787e+07 0.095 7
2.3696e+07 0.0975 7
1.78394e+07 0.1 7
1.31386e+07 0.1025 7
1.00049e+07 0.105 7
8.03257e+06 0.1075 7
6.48162e+06 0.11 7
4.84558e+06 0.1125 7
3.08444e+06 0.115 7
1.55852e+06 0.1175 7
583654 0.12 7
348665 0.1225 7
436822 0.125 7
534954 0.1275 7
930076 0.13 7
1.09851e+06 0.1325 7
1.52527e+06 0.135 7
2.40146e+06 0.1375 7
3.45757e+06 0.14 7
4.16513e+06 0.1425 7
4.37659e+06 0.145 7
3.85006e+06 0.1475 7
2.78889e+06 0.15 7
1.49844e+06 0.1525 7
402056 0.155 7
91632.4 0.1575 7
493860 0.16 7
1.33372e+06 0.1625 7
2.20377e+06 0.165 7
2.8629e+06 0.1675 7
3.07996e+06 0.17 7
3.05741e+06 0.1725 7
2.80225e+06 0.175 7
2.37526e+06 0.1775 7
1.89603e+06 0.18 7
1.65964e+06 0.1825 7
1.70475e+06 0.185 7
1.49291e+06 0.1875 7
1.28339e+06 0.19 7
1.21026e+06 0.1925 7
1.07728e+06 0.195 7
870549 0.1975 7
644272 0.2 7
650986 0.2025 7
576712 0.205 7
565907 0.2075 7
600357 0.21 7
566157 0.2125 7
460225 0.215 7
403467 0.2175 7
422277 0.22 7
506513 0.2225 7
760093 0.225 7
1.08508e+06 0.2275 7
1.20689e+06 0.23 7
1.43441e+06 0.2325 7
1.521e+06 0.235 7
1.5727e+06 0.2375 7
1.61969e+06 0.24 7
1.51667e+06 0.2425 7
1.37113e+06 0.245 7
1.14839e+06 0.2475 7
898336 0.25 7
737486 0.2525 7
556730 0.255 7
383780 0.2575 7
256639 0.26 7
193250 0.2625 7
260967 0.265 7
458339 0.2675 7
688419 0.27 7
871122 0.2725 7
1.06343e+06 0.275 7
1.18236e+06 0.2775 7
1.23849e+06 0.28 7
1.14548e+06 0.2825 7
1.01098e+06 0.285 7
954379 0.2875 7
923496 0.29 7
922257 0.2925 7
911420 0.295 7
1.01162e+06 0.2975 7
1.11383e+06 0.3 7
1.22485e+06 0.3025 7
1.36954e+06 0.305 7
7.82613e+06 0.0825 8
4.28366e+06 0.085 8
2.44998e+06 0.0875 8
3.31605e+06 0.09 8
6.9969e+06 0.0925 8
1.22135e+07 0.095 8
1.67244e+07 0.0975 8
1.84305e+07 0.1 8
1.64495e+07 0.1025 8
1.15963e+07 0.105 8
5.92273e+06 0.1075 8
1.74871e+06 0.11 8
397717 0.1125 8
1.84273e+06 0.115 8
4.92867e+06 0.1175 8
7.95209e+06 0.12 8
9.98596e+06 0.1225 8
1.0509e+07 0.125 8
9.1147e+06 0.1275 8
6.98643e+06 0.13 8
4.64551e+06 0.1325 8
3.10591e+06 0.135 8
1.91432e+06 0.1375 8
1.22684e+06 0.14 8
800814 0.1425 8
628169 0.145 8
535884 0.1475 8
639453 0.15 8
835676 0.1525 8
1.13597e+06 0.155 8
1.32938e+06 0.1575 8
1.28821e+06 0.16 8
1.13272e+06 0.1625 8
770520 0.165 8
497034 0.1675 8
329740 0.17 8
215748 0.1725 8
372644 0.175 8
729900 0.1775 8
1.37865e+06 0.18 8
2.07088e+06 0.1825 8
2.40569e+06 0.185 8
2.63009e+06 0.1875 8
2.50188e+06 0.19 8
1.99021e+06 0.1925 8
1.40589e+06 0.195 8
978837 0.1975 8
558726 0.2 8
374612 0.2025 8
429777 0.205 8
626224 0.2075 8
777154 0.21 8
805872 0.2125 8
656741 0.215 8
414397 0.2175 8
272824 0.22 8
349397 0.2225 8
724138 0.225 8
1.40666e+06 0.2275 8
2.21681e+06 0.23 8
2.90049e+06 0.2325 8
3.38748e+06 0.235 8
3.57587e+06 0.2375 8
3.18472e+06 0.24 8
2.48219e+06 0.2425 8
1.70148e+06 0.245 8
998389 0.2475 8
559353 0.25 8
325838 0.2525 8
330093 0.255 8
497404 0.2575 8
726759 0.26 8
1.01921e+06 0.2625 8
1.21124e+06 0.265 8
1.386e+06 0.2675 8
1.47077e+06 0.27 8
1.52139e+06 0.2725 8
1.52331e+06 0.275 8
1.47771e+06 0.2775 8
1.34255e+06 0.28 8
1.14632e+06 0.2825 8
868284 0.285 8
596546 0.2875 8
347416 0.29 8
223944 0.2925 8
149125 0.295 8
162024 0.2975 8
1.35686e+06 0.0825 9
1.46029e+06 0.085 9
1.32663e+06 0.0875 9
1.12513e+06 0.09 9
935225 0.0925 9
910671 0.095 9
1.12286e+06 0.0975 9
1.54933e+06 0.1 9
1.83979e+06 0.1025 9
2.37221e+06 0.105 9
2.8284e+06 0.1075 9
3.69824e+06 0.11 9
4.18278e+06 0.1125 9
4.66589e+06 0.115 9
5.48138e+06 0.1175 9
6.10669e+06 0.12 9
6.15628e+06 0.1225 9
6.27109e+06 0.125 9
6.59309e+06 0.1275 9
6.98554e+06 0.13 9
7.81117e+06 0.1325 9
8.5625e+06 0.135 9
8.84183e+06 0.1375 9
8.67017e+06 0.14 9
7.57038e+06 0.1425 9
5.93111e+06 0.145 9
4.42924e+06 0.1475 9
3.35425e+06 0.15 9
2.92211e+06 0.1525 9
3.25241e+06 0.155 9
4.09916e+06 0.1575 9
5.10371e+06 0.16 9
5.84738e+06 0.1625 9
6.01928e+06 0.165 9
5.6401e+06 0.1675 9
4.95845e+06 0.17 9
4.06205e+06 0.1725 9
3.31578e+06 0.175 9
2.44645e+06 0.1775 9
1.86422e+06 0.18 9
1.34028e+06 0.1825 9
951308 0.185 9
725136 0.1875 9
538929 0.19 9
451218 0.1925 9
422675 0.195 9
494576 0.1975 9
619329 0.2 9
816698 0.2025 9
825108 0.205 9
858353 0.2075 9
805292 0.21 9
810455 0.2125 9
719375 0.215 9
622521 0.2175 9
533788 0.22 9
462973 0.2225 9
394435 0.225 9
280100 0.2275 9
216382 0.23 9
155428 0.2325 9
163837 0.235 9
204136 0.2375 9
316563 0.24 9
469583 0.2425 9
599980 0.245 9
706175 0.2475 9
804811 0.25 9
865041 0.2525 9
849411 0.255 9
860498 0.2575 9
943741 0.26 9
969737 0.2625 9
1.03799e+06 0.265 9
965626 0.2675 9
866171 0.27 9
787417 0.2725 9
608879 0.275 9
536727 0.2775 9
572601 0.28 9
661731 0.2825 9
797113 0.285 9
999614 0.2875 9
1.19162e+06 0.29 9
1.30893e+06 0.2925 9
2.95249e+07 0.0825 10
1.91101e+07 0.085 10
9.24696e+06 0.0875 10
3.26468e+06 0.09 10
2.36108e+06 0.0925 10
5.10058e+06 0.095 10
8.56343e+06 0.0975 10
1.01756e+07 0.1 10
9.01384e+06 0.1025 10
5.92268e+06 0.105 10
2.62112e+06 0.1075 10
535659 0.11 10
95066.3 0.1125 10
775372 0.115 10
1.66884e+06 0.1175 10
2.09955e+06 0.12 10
1.91268e+06 0.1225 10
1.36787e+06 0.125 10
833025 0.1275 10
525610 0.13 10
455181 0.1325 10
564643 0.135 10
637660 0.1375 10
669310 0.14 10
627176 0.1425 10
710805 0.145 10
795767 0.1475 10
822087 0.15 10
1.01257e+06 0.1525 10
1.24116e+06 0.155 10
1.74416e+06 0.1575 10
2.07468e+06 0.16 10
2.48101e+06 0.1625 10
2.70023e+06 0.165 10
2.80331e+06 0.1675 10
2.78509e+06 0.17 10
2.46776e+06 0.1725 10
2.11422e+06 0.175 10
2.29659e+06 0.1775 10
1.85771e+06 0.18 10
1.88434e+06 0.1825 10
2.15426e+06 0.185 10
2.2903e+06 0.1875 10
2.11031e+06 0.19 10
2.13001e+06 0.1925 10
2.0963e+06 0.195 10
2.01386e+06 0.1975 10
2.04301e+06 0.2 10
1.81978e+06 0.2025 10
1.58262e+06 0.205 10
1.33881e+06 0.2075 10
1.09046e+06 0.21 10
791206 0.2125 10
622868 0.215 10
578465 0.2175 10
551052 0.22 10
708683 0.2225 10
842533 0.225 10
1.0499e+06 0.2275 10
1.16624e+06 0.23 10
1.28179e+06 0.2325 10
1.29972e+06 0.235 10
1.31034e+06 0.2375 10
1.21637e+06 0.24 10
1.12163e+06 0.2425 10
980525 0.245 10
833606 0.2475 10
751785 0.25 10
637840 0.2525 10
478048 0.255 10
305532 0.2575 10
157708 0.26 10
72869.3 0.2625 10
117719 0.265 10
276164 0.2675 10
530880 0.27 10
763372 0.2725 10
1.00706e+06 0.275 10
1.12482e+06 0.2775 10
1.12418e+06 0.28 10
992826 0.2825 10
830098 0.285 10
617703 0.2875 10
6.81874e+06 0.0825 11
7.25677e+06 0.085 11
7.62063e+06 0.0875 11
7.46348e+06 0.09 11
6.0832e+06 0.0925 11
4.58183e+06 0.095 11
3.5713e+06 0.0975 11
2.5284e+06 0.1 11
2.49072e+06 0.1025 11
3.10538e+06 0.105 11
4.56631e+06 0.1075 11
5.8668e+06 0.11 11
7.39417e+06 0.1125 11
7.97872e+06 0.115 11
8.3929e+06 0.1175 11
8.01182e+06 0.12 11
6.75619e+06 0.1225 11
5.30672e+06 0.125 11
3.83081e+06 0.1275 11
2.67309e+06 0.13 11
1.87537e+06 0.1325 11
1.34405e+06 0.135 11
1.18834e+06 0.1375 11
1.15172e+06 0.14 11
1.1741e+06 0.1425 11
917422 0.145 11
677626 0.1475 11
425440 0.15 11
169929 0.1525 11
65302.7 0.155 11
77895 0.1575 11
256474 0.16 11
520161 0.1625 11
747428 0.165 11
855181 0.1675 11
802051 0.17 11
776957 0.1725 11
765951 0.175 11
827888 0.1775 11
1.02528e+06 0.18 11
1.28246e+06 0.1825 11
1.45519e+06 0.185 11
1.53194e+06 0.1875 11
1.37419e+06 0.19 11
1.08981e+06 0.1925 11
835276 0.195 11
675716 0.1975 11
706328 0.2 11
874187 0.2025 11
1.21193e+06 0.205 11
1.48113e+06 0.2075 11
1.62804e+06 0.21 11
1.5839e+06 0.2125 11
1.44259e+06 0.215 11
1.1852e+06 0.2175 11
847809 0.22 11
578640 0.2225 11
376399 0.225 11
274659 0.2275 11
251625 0.23 11
280119 0.2325 11
405857 0.235 11
498838 0.2375 11
580680 0.24 11
747600 0.2425 11
924218 0.245 11
1.09643e+06 0.2475 11
1.22468e+06 0.25 11
1.32608e+06 0.2525 11
1.28062e+06 0.255 11
1.22199e+06 0.2575 11
1.08916e+06 0.26 11
901012 0.2625 11
670640 0.265 11
535312 0.2675 11
457170 0.27 11
476882 0.2725 11
547589 0.275 11
603204 0.2775 11
615239 0.28 11
610312 0.2825 11
2.39419e+07 0.0825 12
1.9241e+07 0.085 12
1.67935e+07 0.0875 12
1.74347e+07 0.09 12
2.04894e+07 0.0925 12
2.40923e+07 0.095 12
2.61534e+07 0.0975 12
2.54142e+07 0.1 12
2.19992e+07 0.1025 12
1.71817e+07 0.105 12
1.2564e+07 0.1075 12
9.20088e+06 0.11 12
7.18141e+06 0.1125 12
5.85418e+06 0.115 12
4.47087e+06 0.1175 12
2.75221e+06 0.12 12
1.09203e+06 0.1225 12
148200 0.125 12
474537 0.1275 12
1.84904e+06 0.13 12
3.55929e+06 0.1325 12
4.68724e+06 0.135 12
5.14532e+06 0.1375 12
3.98827e+06 0.14 12
2.80238e+06 0.1425 12
1.85749e+06 0.145 12
1.76736e+06 0.1475 12
2.28167e+06 0.15 12
3.16957e+06 0.1525 12
3.84262e+06 0.155 12
3.76793e+06 0.1575 12
3.20841e+06 0.16 12
2.20695e+06 0.1625 12
1.37998e+06 0.165 12
923886 0.1675 12
691700 0.17 12
750084 0.1725 12
1.21953e+06 0.175 12
1.65664e+06 0.1775 12
1.85805e+06 0.18 12
1.91565e+06 0.1825 12
1.94931e+06 0.185 12
1.83232e+06 0.1875 12
1.42783e+06 0.19 12
1.12444e+06 0.1925 12
868303 0.195 12
641232 0.1975 12
574939 0.2 12
448534 0.2025 12
369630 0.205 12
313702 0.2075 12
225470 0.21 12
172878 0.2125 12
137753 0.215 12
224348 0.2175 12
328622 0.22 12
461857 0.2225 12
592785 0.225 12
773574 0.2275 12
905514 0.23 12
1.03289e+06 0.2325 12
1.04137e+06 0.235 12
1.1154e+06 0.2375 12
1.07984e+06 0.24 12
945963 0.2425 12
804343 0.245 12
727159 0.2475 12
594088 0.25 12
488757 0.2525 12
415019 0.255 12
428232 0.2575 12
491342 0.26 12
590370 0.2625 12
601375 0.265 12
663979 0.2675 12
647406 0.27 12
633655 0.2725 12
635968 0.275 12
2.33492e+07 0.08 13
1.82203e+07 0.0825 13
1.9233e+07 0.085 13
2.15171e+07 0.0875 13
2.13983e+07 0.09 13
1.87156e+07 0.0925 13
1.43934e+07 0.095 13
9.41291e+06 0.0975 13
5.89405e+06 0.1 13
4.54273e+06 0.1025 13
4.63162e+06 0.105 13
4.91705e+06 0.1075 13
4.57617e+06 0.11 13
3.31712e+06 0.1125 13
1.81377e+06 0.115 13
808729 0.1175 13
607156 0.12 13
1.24942e+06 0.1225 13
2.27015e+06 0.125 13
3.19759e+06 0.1275 13
3.51081e+06 0.13 13
3.20646e+06 0.1325 13
2.48569e+06 0.135 13
1.8849e+06 0.1375 13
1.74644e+06 0.14 13
2.17613e+06 0.1425 13
2.85443e+06 0.145 13
3.82273e+06 0.1475 13
4.3105e+06 0.15 13
4.4403e+06 0.1525 13
4.14963e+06 0.155 13
3.55863e+06 0.1575 13
2.63908e+06 0.16 13
1.76018e+06 0.1625 13
1.22145e+06 0.165 13
844769 0.1675 13
938111 0.17 13
1.10271e+06 0.1725 13
1.30419e+06 0.175 13
1.58884e+06 0.1775 13
1.76927e+06 0.18 13
1.68968e+06 0.1825 13
1.33422e+06 0.185 13
934015 0.1875 13
540320 0.19 13
386911 0.1925 13
469683 0.195 13
905510 0.1975 13
1.46635e+06 0.2 13
2.17308e+06 0.2025 13
2.6662e+06 0.205 13
2.85814e+06 0.2075 13
2.70098e+06 0.21 13
2.19855e+06 0.2125 13
1.6122e+06 0.215 13
1.24438e+06 0.2175 13
846151 0.22 13
740158 0.2225 13
792985 0.225 13
926086 0.2275 13
1.10311e+06 0.23 13
1.31397e+06 0.2325 13
1.38819e+06 0.235 13
1.41911e+06 0.2375 13
1.45156e+06 0.24 13
1.48914e+06 0.2425 13
1.54173e+06 0.245 13
1.5535e+06 0.2475 13
1.42121e+06 0.25 13
1.18312e+06 0.2525 13
986575 0.255 13
772898 0.2575 13
585927 0.26 13
566898 0.2625 13
598761 0.265 13
750905 0.2675 13
1.13113e+06 0.08 14
647377 0.0825 14
262679 0.085 14
35114.1 0.0875 14
19510.4 0.09 14
156479 0.0925 14
399667 0.095 14
567759 0.0975 14
800836 0.1 14
947860 0.1025 14
1.31947e+06 0.105 14
1.51457e+06 0.1075 14
1.53235e+06 0.11 14
1.56228e+06 0.1125 14
1.72447e+06 0.115 14
1.6068e+06 0.1175 14
1.43069e+06 0.12 14
1.47812e+06 0.1225 14
1.96953e+06 0.125 14
2.2874e+06 0.1275 14
2.32392e+06 0.13 14
2.23842e+06 0.1325 14
1.99399e+06 0.135 14
1.71536e+06 0.1375 14
1.9043e+06 0.14 14
2.598e+06 0.1425 14
3.65449e+06 0.145 14
4.95696e+06 0.1475 14
6.0323e+06 0.15 14
6.80568e+06 0.1525 14
7.00715e+06 0.155 14
6.76992e+06 0.1575 14
6.07865e+06 0.16 14
5.29649e+06 0.1625 14
4.47595e+06 0.165 14
3.7749e+06 0.1675 14
3.04494e+06 0.17 14
2.40085e+06 0.1725 14
2.0838e+06 0.175 14
1.91722e+06 0.1775 14
1.64501e+06 0.18 14
1.36455e+06 0.1825 14
1.07362e+06 0.185 14
945449 0.1875 14
638375 0.19 14
552671 0.1925 14
437884 0.195 14
408555 0.1975 14
416805 0.2 14
363671 0.2025 14
337394 0.205 14
279471 0.2075 14
246583 0.21 14
271584 0.2125 14
447817 0.215 14
575142 0.2175 14
791269 0.22 14
932410 0.2225 14
1.00909e+06 0.225 14
1.13091e+06 0.2275 14
1.1229e+06 0.23 14
1.22561e+06 0.2325 14
1.2401e+06 0.235 14
1.22972e+06 0.2375 14
1.17675e+06 0.24 14
1.10591e+06 0.2425 14
1.00661e+06 0.245 14
921755 0.2475 14
836133 0.25 14
726105 0.2525 14
567783 0.255 14
425651 0.2575 14
3.37486e+07 0.08 15
4.4588e+07 0.0825 15
5.16881e+07 0.085 15
5.19451e+07 0.0875 15
4.547e+07 0.09 15
3.49885e+07 0.0925 15
2.4128e+07 0.095 15
1.56554e+07 0.0975 15
1.05582e+07 0.1 15
8.23062e+06 0.1025 15
7.365e+06 0.105 15
6.86562e+06 0.1075 15
6.27446e+06 0.11 15
5.63667e+06 0.1125 15
5.10052e+06 0.115 15
4.63076e+06 0.1175 15
4.01578e+06 0.12 15
3.09076e+06 0.1225 15
1.93607e+06 0.125 15
913580 0.1275 15
361139 0.13 15
404868 0.1325 15
797118 0.135 15
1.28989e+06 0.1375 15
1.66815e+06 0.14 15
1.62861e+06 0.1425 15
1.62388e+06 0.145 15
1.36037e+06 0.1475 15
1.62045e+06 0.15 15
2.21188e+06 0.1525 15
2.49464e+06 0.155 15
2.72147e+06 0.1575 15
2.62316e+06 0.16 15
2.25759e+06 0.1625 15
1.78888e+06 0.165 15
1.47294e+06 0.1675 15
1.13922e+06 0.17 15
1.1719e+06 0.1725 15
1.52467e+06 0.175 15
1.65168e+06 0.1775 15
1.91741e+06 0.18 15
2.17264e+06 0.1825 15
2.24975e+06 0.185 15
2.40048e+06 0.1875 15
2.34517e+06 0.19 15
2.42374e+06 0.1925 15
2.53433e+06 0.195 15
2.19098e+06 0.1975 15
1.83304e+06 0.2 15
1.47122e+06 0.2025 15
1.2117e+06 0.205 15
1.07967e+06 0.2075 15
862153 0.21 15
686478 0.2125 15
746788 0.215 15
836396 0.2175 15
1.01502e+06 0.22 15
1.21913e+06 0.2225 15
1.42843e+06 0.225 15
1.56727e+06 0.2275 15
1.64451e+06 0.23 15
1.53962e+06 0.2325 15
1.22726e+06 0.235 15
894397 0.2375 15
719663 0.24 15
562526 0.2425 15
540145 0.245 15
521449 0.2475 15
3.21717e+06 0.08 16
5.32107e+06 0.0825 16
7.45637e+06 0.085 16
9.69448e+06 0.0875 16
1.14175e+07 0.09 16
1.2972e+07 0.0925 16
1.451e+07 0.095 16
1.5106e+07 0.0975 16
1.46331e+07 0.1 16
1.37027e+07 0.1025 16
1.15365e+07 0.105 16
9.8504e+06 0.1075 16
7.9509e+06 0.11 16
6.08169e+06 0.1125 16
4.89103e+06 0.115 16
3.99349e+06 0.1175 16
3.55733e+06 0.12 16
3.61441e+06 0.1225 16
4.06624e+06 0.125 16
4.42949e+06 0.1275 16
4.79591e+06 0.13 16
5.0059e+06 0.1325 16
4.8335e+06 0.135 16
4.38656e+06 0.1375 16
3.61306e+06 0.14 16
3.04704e+06 0.1425 16
2.24617e+06 0.145 16
1.64545e+06 0.1475 16
1.33175e+06 0.15 16
1.18249e+06 0.1525 16
1.06788e+06 0.155 16
1.11801e+06 0.1575 16
973618 0.16 16
853668 0.1625 16
567388 0.165 16
303795 0.1675 16
176635 0.17 16
239884 0.1725 16
508017 0.175 16
890806 0.1775 16
1.21781e+06 0.18 16
1.43446e+06 0.1825 16
1.4437e+06 0.185 16
1.28915e+06 0.1875 16
1.00317e+06 0.19 16
738175 0.1925 16
509284 0.195 16
439823 0.1975 16
461759 0.2 16
546676 0.2025 16
671064 0.205 16
772529 0.2075 16
866617 0.21 16
991520 0.2125 16
1.16991e+06 0.215 16
1.3653e+06 0.2175 16
1.6344e+06 0.22 16
1.85391e+06 0.2225 16
1.91648e+06 0.225 16
1.82561e+06 0.2275 16
1.62341e+06 0.23 16
1.20952e+06 0.2325 16
750361 0.235 16
438614 0.2375 16
4.0485e+06 0.0775 17
8.74715e+06 0.08 17
1.39826e+07 0.0825 17
1.81924e+07 0.085 17
2.02556e+07 0.0875 17
2.00109e+07 0.09 17
1.82766e+07 0.0925 17
1.63366e+07 0.095 17
1.51784e+07 0.0975 17
1.49393e+07 0.1 17
1.48958e+07 0.1025 17
1.40003e+07 0.105 17
1.16249e+07 0.1075 17
8.04228e+06 0.11 17
4.34144e+06 0.1125 17
1.83106e+06 0.115 17
1.29909e+06 0.1175 17
2.57639e+06 0.12 17
4.65471e+06 0.1225 17
6.26098e+06 0.125 17
6.51267e+06 0.1275 17
5.32442e+06 0.13 17
3.38151e+06 0.1325 17
1.68811e+06 0.135 17
707647 0.1375 17
787369 0.14 17
1.65031e+06 0.1425 17
2.58064e+06 0.145 17
3.00065e+06 0.1475 17
3.18636e+06 0.15 17
3.21255e+06 0.1525 17
3.2058e+06 0.155 17
3.24852e+06 0.1575 17
2.89292e+06 0.16 17
2.57815e+06 0.1625 17
1.86144e+06 0.165 17
1.23097e+06 0.1675 17
830522 0.17 17
573169 0.1725 17
623715 0.175 17
1.0743e+06 0.1775 17
1.55875e+06 0.18 17
1.95774e+06 0.1825 17
2.37001e+06 0.185 17
2.34318e+06 0.1875 17
2.37295e+06 0.19 17
2.14297e+06 0.1925 17
1.79162e+06 0.195 17
1.55039e+06 0.1975 17
1.18989e+06 0.2 17
698254 0.2025 17
443385 0.205 17
248216 0.2075 17
178625 0.21 17
174907 0.2125 17
210495 0.215 17
335019 0.2175 17
486294 0.22 17
655457 0.2225 17
909981 0.225 17
5.14752e+07 0.0775 18
3.84047e+07 0.08 18
3.20133e+07 0.0825 18
3.21389e+07 0.085 18
3.69855e+07 0.0875 18
4.31191e+07 0.09 18
4.61407e+07 0.0925 18
4.50631e+07 0.095 18
3.92827e+07 0.0975 18
3.02548e+07 0.1 18
1.97247e+07 0.1025 18
1.0582e+07 0.105 18
4.76753e+06 0.1075 18
2.29764e+06 0.11 18
1.87377e+06 0.1125 18
2.61077e+06 0.115 18
3.26228e+06 0.1175 18
3.18761e+06 0.12 18
2.52076e+06 0.1225 18
1.68384e+06 0.125 18
1.22334e+06 0.1275 18
1.34844e+06 0.13 18
2.24318e+06 0.1325 18
3.20879e+06 0.135 18
4.11525e+06 0.1375 18
4.95357e+06 0.14 18
5.05739e+06 0.1425 18
5.18787e+06 0.145 18
4.95766e+06 0.1475 18
4.64463e+06 0.15 18
3.83263e+06 0.1525 18
2.80657e+06 0.155 18
1.86895e+06 0.1575 18
1.23601e+06 0.16 18
539385 0.1625 18
203454 0.165 18
193595 0.1675 18
387745 0.17 18
635506 0.1725 18
708425 0.175 18
706366 0.1775 18
632482 0.18 18
505254 0.1825 18
459504 0.185 18
671559 0.1875 18
1.02385e+06 0.19 18
1.63286e+06 0.1925 18
2.17894e+06 0.195 18
2.67719e+06 0.1975 18
2.92527e+06 0.2 18
2.89018e+06 0.2025 18
2.67129e+06 0.205 18
2.16544e+06 0.2075 18
1.82057e+06 0.21 18
1.50141e+06 0.2125 18
2.78158e+06 0.0775 19
2.55096e+06 0.08 19
2.27391e+06 0.0825 19
2.01788e+06 0.085 19
1.6481e+06 0.0875 19
1.37022e+06 0.09 19
1.20253e+06 0.0925 19
1.27095e+06 0.095 19
1.58899e+06 0.0975 19
2.04511e+06 0.1 19
2.4765e+06 0.1025 19
2.70389e+06 0.105 19
2.54809e+06 0.1075 19
2.27687e+06 0.11 19
1.7408e+06 0.1125 19
1.36729e+06 0.115 19
931486 0.1175 19
776454 0.12 19
894810 0.1225 19
726762 0.125 19
530805 0.1275 19
351852 0.13 19
335377 0.1325 19
441694 0.135 19
621211 0.1375 19
996766 0.14 19
1.26742e+06 0.1425 19
1.58164e+06 0.145 19
1.8507e+06 0.1475 19
2.17351e+06 0.15 19
2.53337e+06 0.1525 19
2.78646e+06 0.155 19
3.07488e+06 0.1575 19
3.20064e+06 0.16 19
3.24716e+06 0.1625 19
3.15639e+06 0.165 19
3.00704e+06 0.1675 19
2.82091e+06 0.17 19
2.45372e+06 0.1725 19
2.06801e+06 0.175 19
1.6383e+06 0.1775 19
1.27472e+06 0.18 19
903401 0.1825 19
542935 0.185 19
408901 0.1875 19
393505 0.19 19
538589 0.1925 19
714896 0.195 19
777558 0.1975 19
1.16558e+07 0.075 20
8.03586e+06 0.0775 20
6.08353e+06 0.08 20
6.28027e+06 0.0825 20
7.91529e+06 0.085 20
9.64578e+06 0.0875 20
1.04e+07 0.09 20
1.00497e+07 0.0925 20
9.43315e+06 0.095 20
9.72922e+06 0.0975 20
1.15953e+07 0.1 20
1.46291e+07 0.1025 20
1.74994e+07 0.105 20
1.86705e+07 0.1075 20
1.72728e+07 0.11 20
1.36022e+07 0.1125 20
8.96035e+06 0.115 20
4.95503e+06 0.1175 20
2.71791e+06 0.12 20
2.51341e+06 0.1225 20
3.5525e+06 0.125 20
4.68473e+06 0.1275 20
5.08172e+06 0.13 20
4.67106e+06 0.1325 20
3.61727e+06 0.135 20
2.5864e+06 0.1375 20
1.74848e+06 0.14 20
1.49125e+06 0.1425 20
1.69054e+06 0.145 20
2.10414e+06 0.1475 20
1.97152e+06 0.15 20
1.8055e+06 0.1525 20
1.2638e+06 0.155 20
1.00179e+06 0.1575 20
828501 0.16 20
812218 0.1625 20
826299 0.165 20
944292 0.1675 20
958056 0.17 20
936998 0.1725 20
938203 0.175 20
961136 0.1775 20
988340 0.075 21
1.17431e+06 0.0775 21
1.71163e+06 0.08 21
2.8207e+06 0.0825 21
3.60395e+06 0.085 21
4.81241e+06 0.0875 21
6.9955e+06 0.09 21
9.3399e+06 0.0925 21
1.21777e+07 0.095 21
1.45921e+07 0.0975 21
1.70954e+07 0.1 21
1.84384e+07 0.1025 21
1.87576e+07 0.105 21
1.82303e+07 0.1075 21
1.76343e+07 0.11 21
1.53423e+07 0.1125 21
1.33063e+07 0.115 21
1.10301e+07 0.1175 21
9.13133e+06 0.12 21
7.22675e+06 0.1225 21
5.99556e+06 0.125 21
4.63033e+06 0.1275 21
3.44736e+06 0.13 21
2.34675e+06 0.1325 21
1.47504e+06 0.135 21
846485 0.1375 21
607891 0.14 21
782864 0.1425 21
1.56406e+06 0.145 21
2.62342e+06 0.1475 21
3.66682e+06 0.15 21
4.25921e+06 0.1525 21
4.26995e+06 0.155 21
3.68886e+06 0.1575 21
2.92146e+06 0.16 21
2.95493e+06 0.075 22
2.17497e+06 0.0775 22
1.86542e+06 0.08 22
1.9914e+06 0.0825 22
2.5501e+06 0.085 22
3.47729e+06 0.0875 22
4.53265e+06 0.09 22
5.30327e+06 0.0925 22
5.37883e+06 0.095 22
4.61174e+06 0.0975 22
3.28547e+06 0.1 22
2.04844e+06 0.1025 22
1.6136e+06 0.105 22
2.38032e+06 0.1075 22
4.19878e+06 0.11 22
6.41936e+06 0.1125 22
8.20216e+06 0.115 22
8.91029e+06 0.1175 22
8.37191e+06 0.12 22
6.88733e+06 0.1225 22
5.01321e+06 0.125 22
3.27516e+06 0.1275 22
1.98612e+06 0.13 22
1.17123e+06 0.1325 22
745113 0.135 22
591171 0.1375 22
2.93801e+07 0.0725 23
2.59599e+07 0.075 23
2.0551e+07 0.0775 23
1.59328e+07 0.08 23
1.14465e+07 0.0825 23
9.89939e+06 0.085 23
1.18996e+07 0.0875 23
1.61179e+07 0.09 23
2.18335e+07 0.0925 23
2.71469e+07 0.095 23
3.09017e+07 0.0975 23
3.13904e+07 0.1 23
2.86872e+07 0.1025 23
