2.95679e+07 0.085 0
1.78422e+07 0.0875 0
6.57221e+06 0.09 0
572641 0.0925 0
802354 0.095 0
4.59258e+06 0.0975 0
7.96811e+06 0.1 0
8.29916e+06 0.1025 0
5.61997e+06 0.105 0
2.05753e+06 0.1075 0
73175 0.11 0
819726 0.1125 0
3.60386e+06 0.115 0
6.57852e+06 0.1175 0
8.01395e+06 0.12 0
7.27127e+06 0.1225 0
4.9588e+06 0.125 0
2.34906e+06 0.1275 0
556237 0.13 0
40.0619 0.1325 0
391130 0.135 0
1.08631e+06 0.1375 0
1.54444e+06 0.14 0
1.58026e+06 0.1425 0
1.31394e+06 0.145 0
921748 0.1475 0
560800 0.15 0
360047 0.1525 0
372276 0.155 0
453844 0.1575 0
590295 0.16 0
849474 0.1625 0
1.08277e+06 0.165 0
1.31132e+06 0.1675 0
1.49747e+06 0.17 0
1.47805e+06 0.1725 0
1.40833e+06 0.175 0
1.03004e+06 0.1775 0
643390 0.18 0
328036 0.1825 0
91449.2 0.185 0
105909 0.1875 0
227885 0.19 0
430463 0.1925 0
711635 0.195 0
1.02172e+06 0.1975 0
1.27522e+06 0.2 0
1.49954e+06 0.2025 0
1.71311e+06 0.205 0
1.8565e+06 0.2075 0
1.78935e+06 0.21 0
1.70696e+06 0.2125 0
1.58792e+06 0.215 0
1.34871e+06 0.2175 0
963516 0.22 0
697037 0.2225 0
478580 0.225 0
396020 0.2275 0
421558 0.23 0
500845 0.2325 0
542186 0.235 0
603704 0.2375 0
598435 0.24 0
580011 0.2425 0
478278 0.245 0
338985 0.2475 0
244490 0.25 0
170243 0.2525 0
226184 0.255 0
347685 0.2575 0
476233 0.26 0
504787 0.2625 0
566390 0.265 0
479961 0.2675 0
405191 0.27 0
239332 0.2725 0
120737 0.275 0
35380.4 0.2775 0
4491.55 0.28 0
24283.2 0.2825 0
66473.9 0.285 0
116096 0.2875 0
147321 0.29 0
116313 0.2925 0
80268.5 0.295 0
43689.1 0.2975 0
21679.1 0.3 0
14142.7 0.3025 0
29748.4 0.305 0
62354.8 0.3075 0
88946 0.31 0
137362 0.3125 0
192418 0.315 0
447564 0.085 1
1.82156e+06 0.0875 1
4.2098e+06 0.09 1
8.09315e+06 0.0925 1
1.16427e+07 0.095 1
1.52225e+07 0.0975 1
1.77953e+07 0.1 1
1.85058e+07 0.1025 1
1.77018e+07 0.105 1
1.58628e+07 0.1075 1
1.36293e+07 0.11 1
1.12494e+07 0.1125 1
9.91241e+06 0.115 1
9.0778e+06 0.1175 1
8.55349e+06 0.12 1
8.01212e+06 0.1225 1
7.6086e+06 0.125 1
6.67626e+06 0.1275 1
5.2178e+06 0.13 1
4.15031e+06 0.1325 1
3.08128e+06 0.135 1
2.35703e+06 0.1375 1
1.80465e+06 0.14 1
1.6286e+06 0.1425 1
1.56231e+06 0.145 1
1.55537e+06 0.1475 1
1.53867e+06 0.15 1
1.4037e+06 0.1525 1
1.4121e+06 0.155 1
1.44865e+06 0.1575 1
1.43747e+06 0.16 1
1.39199e+06 0.1625 1
1.20757e+06 0.165 1
1.00159e+06 0.1675 1
748763 0.17 1
479407 0.1725 1
292767 0.175 1
174762 0.1775 1
135684 0.18 1
239197 0.1825 1
458355 0.185 1
645518 0.1875 1
807497 0.19 1
933054 0.1925 1
1.05373e+06 0.195 1
1.23121e+06 0.1975 1
1.47944e+06 0.2 1
1.74624e+06 0.2025 1
2.04968e+06 0.205 1
2.19469e+06 0.2075 1
2.20352e+06 0.21 1
1.99867e+06 0.2125 1
1.65433e+06 0.215 1
1.27252e+06 0.2175 1
906968 0.22 1
647818 0.2225 1
551900 0.225 1
582354 0.2275 1
605527 0.23 1
723517 0.2325 1
879261 0.235 1
1.04436e+06 0.2375 1
1.17964e+06 0.24 1
1.25927e+06 0.2425 1
1.26268e+06 0.245 1
1.21923e+06 0.2475 1
1.10857e+06 0.25 1
954843 0.2525 1
780686 0.255 1
628952 0.2575 1
578458 0.26 1
521374 0.2625 1
614502 0.265 1
871697 0.2675 1
1.18517e+06 0.27 1
1.48002e+06 0.2725 1
1.69427e+06 0.275 1
1.8121e+06 0.2775 1
1.73576e+06 0.28 1
1.54087e+06 0.2825 1
1.21473e+06 0.285 1
958478 0.2875 1
838259 0.29 1
743541 0.2925 1
793237 0.295 1
895475 0.2975 1
986277 0.3 1
967069 0.3025 1
863406 0.305 1
676630 0.3075 1
471060 0.31 1
274499 0.3125 1
133535 0.315 1
3.1168e+07 0.0825 2
3.06037e+07 0.085 2
3.13455e+07 0.0875 2
3.30149e+07 0.09 2
3.44821e+07 0.0925 2
3.44978e+07 0.095 2
3.23965e+07 0.0975 2
2.84662e+07 0.1 2
2.3776e+07 0.1025 2
1.9578e+07 0.105 2
1.66557e+07 0.1075 2
1.4952e+07 0.11 2
1.37847e+07 0.1125 2
1.23232e+07 0.115 2
1.01966e+07 0.1175 2
7.50399e+06 0.12 2
4.76197e+06 0.1225 2
3.21058e+06 0.125 2
2.03986e+06 0.1275 2
1.95608e+06 0.13 2
2.27384e+06 0.1325 2
2.53401e+06 0.135 2
2.12543e+06 0.1375 2
1.96672e+06 0.14 2
1.7575e+06 0.1425 2
1.93077e+06 0.145 2
2.09349e+06 0.1475 2
2.50227e+06 0.15 2
2.46375e+06 0.1525 2
2.04377e+06 0.155 2
1.40197e+06 0.1575 2
789467 0.16 2
549974 0.1625 2
614879 0.165 2
1.11693e+06 0.1675 2
1.80309e+06 0.17 2
2.33478e+06 0.1725 2
2.51771e+06 0.175 2
2.49814e+06 0.1775 2
2.2602e+06 0.18 2
1.79951e+06 0.1825 2
1.20272e+06 0.185 2
863761 0.1875 2
576134 0.19 2
374124 0.1925 2
316991 0.195 2
351069 0.1975 2
412811 0.2 2
502804 0.2025 2
463415 0.205 2
500967 0.2075 2
494087 0.21 2
513198 0.2125 2
561564 0.215 2
608737 0.2175 2
587797 0.22 2
586494 0.2225 2
591735 0.225 2
536839 0.2275 2
475513 0.23 2
490731 0.2325 2
569356 0.235 2
649697 0.2375 2
816427 0.24 2
971332 0.2425 2
1.12475e+06 0.245 2
1.23491e+06 0.2475 2
1.2159e+06 0.25 2
1.06541e+06 0.2525 2
911779 0.255 2
685282 0.2575 2
490045 0.26 2
370426 0.2625 2
285729 0.265 2
233546 0.2675 2
236604 0.27 2
301969 0.2725 2
441820 0.275 2
580251 0.2775 2
773280 0.28 2
879665 0.2825 2
952002 0.285 2
1.03448e+06 0.2875 2
1.10693e+06 0.29 2
1.15364e+06 0.2925 2
1.19673e+06 0.295 2
1.36713e+06 0.2975 2
1.3934e+06 0.3 2
1.42398e+06 0.3025 2
1.37974e+06 0.305 2
1.33682e+06 0.3075 2
1.26038e+06 0.31 2
1.10144e+06 0.3125 2
925058 0.315 2
6.50264e+07 0.08 3
3.69393e+07 0.0825 3
1.60366e+07 0.085 3
4.92579e+06 0.0875 3
2.20333e+06 0.09 3
4.04962e+06 0.0925 3
6.49845e+06 0.095 3
7.16627e+06 0.0975 3
5.74171e+06 0.1 3
3.31831e+06 0.1025 3
1.23638e+06 0.105 3
183976 0.1075 3
25406.4 0.11 3
161813 0.1125 3
157016 0.115 3
114467 0.1175 3
323365 0.12 3
1.23387e+06 0.1225 3
2.93059e+06 0.125 3
4.94165e+06 0.1275 3
6.57926e+06 0.13 3
7.18234e+06 0.1325 3
6.6608e+06 0.135 3
5.20596e+06 0.1375 3
3.5057e+06 0.14 3
1.8568e+06 0.1425 3
823334 0.145 3
430670 0.1475 3
505064 0.15 3
898715 0.1525 3
1.37341e+06 0.155 3
1.92523e+06 0.1575 3
2.2914e+06 0.16 3
2.55381e+06 0.1625 3
2.77663e+06 0.165 3
2.72938e+06 0.1675 3
2.63267e+06 0.17 3
2.55718e+06 0.1725 3
2.27754e+06 0.175 3
1.84364e+06 0.1775 3
1.41681e+06 0.18 3
1.04316e+06 0.1825 3
771128 0.185 3
601256 0.1875 3
612759 0.19 3
817370 0.1925 3
1.03594e+06 0.195 3
1.19552e+06 0.1975 3
1.31018e+06 0.2 3
1.2837e+06 0.2025 3
1.08698e+06 0.205 3
961767 0.2075 3
975270 0.21 3
1.10767e+06 0.2125 3
1.3572e+06 0.215 3
1.64257e+06 0.2175 3
1.81062e+06 0.22 3
1.93946e+06 0.2225 3
1.87991e+06 0.225 3
1.6559e+06 0.2275 3
1.28909e+06 0.23 3
968802 0.2325 3
695782 0.235 3
538258 0.2375 3
570083 0.24 3
698307 0.2425 3
899528 0.245 3
1.05836e+06 0.2475 3
1.15315e+06 0.25 3
1.16062e+06 0.2525 3
1.1313e+06 0.255 3
1.10016e+06 0.2575 3
1.0174e+06 0.26 3
868201 0.2625 3
675713 0.265 3
543334 0.2675 3
390380 0.27 3
309745 0.2725 3
273713 0.275 3
254909 0.2775 3
250498 0.28 3
232662 0.2825 3
206051 0.285 3
158163 0.2875 3
116127 0.29 3
144169 0.2925 3
284445 0.295 3
516359 0.2975 3
851312 0.3 3
1.17056e+06 0.3025 3
1.4561e+06 0.305 3
1.59997e+06 0.3075 3
1.59338e+06 0.31 3
1.45335e+06 0.3125 3
1.29337e+06 0.315 3
1.12076e+06 0.0775 4
1.27783e+06 0.08 4
1.52381e+06 0.0825 4
1.49391e+06 0.085 4
1.52182e+06 0.0875 4
1.12967e+06 0.09 4
1.02306e+06 0.0925 4
989013 0.095 4
1.01791e+06 0.0975 4
1.14906e+06 0.1 4
1.74012e+06 0.1025 4
1.97088e+06 0.105 4
2.232e+06 0.1075 4
2.06925e+06 0.11 4
1.96599e+06 0.1125 4
1.83922e+06 0.115 4
1.60291e+06 0.1175 4
1.3209e+06 0.12 4
1.1604e+06 0.1225 4
826831 0.125 4
549157 0.1275 4
330006 0.13 4
165401 0.1325 4
66427.6 0.135 4
73867.3 0.1375 4
183865 0.14 4
299807 0.1425 4
408324 0.145 4
456761 0.1475 4
491375 0.15 4
447816 0.1525 4
325610 0.155 4
243546 0.1575 4
287355 0.16 4
426075 0.1625 4
631147 0.165 4
833195 0.1675 4
1.1984e+06 0.17 4
1.55553e+06 0.1725 4
1.80899e+06 0.175 4
2.00202e+06 0.1775 4
2.0289e+06 0.18 4
1.89725e+06 0.1825 4
1.63909e+06 0.185 4
1.40574e+06 0.1875 4
1.11077e+06 0.19 4
738563 0.1925 4
508950 0.195 4
354789 0.1975 4
244961 0.2 4
245956 0.2025 4
323516 0.205 4
457886 0.2075 4
616370 0.21 4
856267 0.2125 4
887790 0.215 4
958775 0.2175 4
954749 0.22 4
960211 0.2225 4
961460 0.225 4
977807 0.2275 4
940098 0.23 4
884942 0.2325 4
687031 0.235 4
575655 0.2375 4
457240 0.24 4
386206 0.2425 4
461592 0.245 4
608179 0.2475 4
684667 0.25 4
719337 0.2525 4
695745 0.255 4
677032 0.2575 4
639440 0.26 4
588516 0.2625 4
612550 0.265 4
622956 0.2675 4
693597 0.27 4
751398 0.2725 4
813057 0.275 4
885302 0.2775 4
945121 0.28 4
928911 0.2825 4
793793 0.285 4
599791 0.2875 4
368172 0.29 4
166351 0.2925 4
122111 0.295 4
251812 0.2975 4
539091 0.3 4
864059 0.3025 4
1.09887e+06 0.305 4
1.14341e+06 0.3075 4
1.03324e+06 0.31 4
791840 0.3125 4
1.21406e+07 0.075 5
1.15984e+07 0.0775 5
9.19117e+06 0.08 5
5.81915e+06 0.0825 5
2.90741e+06 0.085 5
1.70632e+06 0.0875 5
2.62794e+06 0.09 5
5.01655e+06 0.0925 5
7.51171e+06 0.095 5
8.80707e+06 0.0975 5
8.36238e+06 0.1 5
6.65127e+06 0.1025 5
4.8107e+06 0.105 5
3.92283e+06 0.1075 5
4.3745e+06 0.11 5
5.6733e+06 0.1125 5
6.80253e+06 0.115 5
6.86589e+06 0.1175 5
5.61483e+06 0.12 5
3.55319e+06 0.1225 5
1.59454e+06 0.125 5
517643 0.1275 5
560651 0.13 5
1.36252e+06 0.1325 5
2.2537e+06 0.135 5
2.68361e+06 0.1375 5
2.58742e+06 0.14 5
1.97006e+06 0.1425 5
1.39447e+06 0.145 5
874605 0.1475 5
1.01776e+06 0.15 5
1.32225e+06 0.1525 5
1.53031e+06 0.155 5
1.99672e+06 0.1575 5
2.20225e+06 0.16 5
2.41316e+06 0.1625 5
2.38716e+06 0.165 5
2.24837e+06 0.1675 5
2.24428e+06 0.17 5
1.98568e+06 0.1725 5
1.67118e+06 0.175 5
1.51442e+06 0.1775 5
891991 0.18 5
550404 0.1825 5
251510 0.185 5
104807 0.1875 5
124175 0.19 5
209641 0.1925 5
321013 0.195 5
535907 0.1975 5
782511 0.2 5
1.02708e+06 0.2025 5
1.32557e+06 0.205 5
1.40664e+06 0.2075 5
1.39725e+06 0.21 5
1.30726e+06 0.2125 5
1.18194e+06 0.215 5
947090 0.2175 5
814293 0.22 5
723516 0.2225 5
649663 0.225 5
516037 0.2275 5
386957 0.23 5
284726 0.2325 5
254967 0.235 5
331857 0.2375 5
525050 0.24 5
765359 0.2425 5
1.17247e+06 0.245 5
1.44345e+06 0.2475 5
1.66779e+06 0.25 5
1.79458e+06 0.2525 5
1.87766e+06 0.255 5
1.85888e+06 0.2575 5
1.78002e+06 0.26 5
1.69459e+06 0.2625 5
1.56673e+06 0.265 5
1.3386e+06 0.2675 5
1.061e+06 0.27 5
790229 0.2725 5
643946 0.275 5
597057 0.2775 5
633237 0.28 5
718847 0.2825 5
836558 0.285 5
835300 0.2875 5
791794 0.29 5
644704 0.2925 5
478303 0.295 5
305854 0.2975 5
193490 0.3 5
144966 0.3025 5
156033 0.305 5
202662 0.3075 5
267021 0.31 5
8.48222e+06 0.07 6
1.20179e+07 0.0725 6
1.57751e+07 0.075 6
1.90405e+07 0.0775 6
2.23224e+07 0.08 6
2.3756e+07 0.0825 6
2.32614e+07 0.085 6
2.11386e+07 0.0875 6
1.78426e+07 0.09 6
1.34689e+07 0.0925 6
1.0069e+07 0.095 6
7.50366e+06 0.0975 6
7.16577e+06 0.1 6
8.15097e+06 0.1025 6
1.12316e+07 0.105 6
1.51931e+07 0.1075 6
1.87206e+07 0.11 6
2.04574e+07 0.1125 6
2.10198e+07 0.115 6
1.97637e+07 0.1175 6
1.77967e+07 0.12 6
1.42406e+07 0.1225 6
1.10536e+07 0.125 6
7.78718e+06 0.1275 6
5.4113e+06 0.13 6
3.4646e+06 0.1325 6
2.20904e+06 0.135 6
1.62212e+06 0.1375 6
1.2169e+06 0.14 6
1.03876e+06 0.1425 6
1.18084e+06 0.145 6
1.48558e+06 0.1475 6
1.90327e+06 0.15 6
2.46237e+06 0.1525 6
2.67945e+06 0.155 6
2.48339e+06 0.1575 6
2.05213e+06 0.16 6
1.39258e+06 0.1625 6
825118 0.165 6
485768 0.1675 6
386684 0.17 6
574516 0.1725 6
1.00277e+06 0.175 6
1.42475e+06 0.1775 6
1.81374e+06 0.18 6
1.96917e+06 0.1825 6
1.98766e+06 0.185 6
1.80056e+06 0.1875 6
1.46957e+06 0.19 6
1.10199e+06 0.1925 6
746069 0.195 6
472263 0.1975 6
316653 0.2 6
253511 0.2025 6
327535 0.205 6
447295 0.2075 6
607800 0.21 6
749454 0.2125 6
845429 0.215 6
869939 0.2175 6
884024 0.22 6
954223 0.2225 6
1.08138e+06 0.225 6
1.30805e+06 0.2275 6
1.54444e+06 0.23 6
1.85939e+06 0.2325 6
2.0003e+06 0.235 6
2.06727e+06 0.2375 6
2.02953e+06 0.24 6
1.98143e+06 0.2425 6
1.79592e+06 0.245 6
1.68327e+06 0.2475 6
1.56773e+06 0.25 6
1.38859e+06 0.2525 6
1.22583e+06 0.255 6
988637 0.2575 6
753952 0.26 6
554615 0.2625 6
437089 0.265 6
445338 0.2675 6
491742 0.27 6
611824 0.2725 6
844011 0.275 6
1.05695e+06 0.2775 6
1.18695e+06 0.28 6
1.23341e+06 0.2825 6
1.17834e+06 0.285 6
1.05854e+06 0.2875 6
853897 0.29 6
646185 0.2925 6
481852 0.295 6
346522 0.2975 6
319865 0.3 6
346493 0.3025 6
391628 0.305 6
415147 0.3075 6
5.43225e+06 0.0625 7
6.07311e+06 0.065 7
6.55861e+06 0.0675 7
6.82306e+06 0.07 7
6.8282e+06 0.0725 7
6.56601e+06 0.075 7
6.06124e+06 0.0775 7
5.3758e+06 0.08 7
4.60978e+06 0.0825 7
3.88957e+06 0.085 7
3.3373e+06 0.0875 7
3.02759e+06 0.09 7
2.95035e+06 0.0925 7
3.00257e+06 0.095 7
3.02172e+06 0.0975 7
2.85232e+06 0.1 7
2.41738e+06 0.1025 7
1.75952e+06 0.105 7
1.02972e+06 0.1075 7
426775 0.11 7
127727 0.1125 7
174210 0.115 7
567483 0.1175 7
1.08517e+06 0.12 7
1.56307e+06 0.1225 7
1.91239e+06 0.125 7
1.99838e+06 0.1275 7
1.87365e+06 0.13 7
1.59952e+06 0.1325 7
1.4113e+06 0.135 7
1.20547e+06 0.1375 7
976648 0.14 7
702178 0.1425 7
714639 0.145 7
658855 0.1475 7
584384 0.15 7
527294 0.1525 7
480769 0.155 7
587524 0.1575 7
743786 0.16 7
1.00131e+06 0.1625 7
1.34683e+06 0.165 7
1.75057e+06 0.1675 7
2.07057e+06 0.17 7
2.32278e+06 0.1725 7
2.72658e+06 0.175 7
2.92259e+06 0.1775 7
3.40447e+06 0.18 7
3.69176e+06 0.1825 7
3.86115e+06 0.185 7
3.81704e+06 0.1875 7
3.33072e+06 0.19 7
2.74321e+06 0.1925 7
1.96198e+06 0.195 7
1.49424e+06 0.1975 7
1.08796e+06 0.2 7
962483 0.2025 7
1.09096e+06 0.205 7
1.09604e+06 0.2075 7
1.10409e+06 0.21 7
918408 0.2125 7
662691 0.215 7
474273 0.2175 7
307490 0.22 7
296800 0.2225 7
402447 0.225 7
480933 0.2275 7
531299 0.23 7
575645 0.2325 7
575641 0.235 7
558814 0.2375 7
584497 0.24 7
646201 0.2425 7
764625 0.245 7
872335 0.2475 7
1.01274e+06 0.25 7
1.0364e+06 0.2525 7
988180 0.255 7
893051 0.2575 7
807097 0.26 7
686506 0.2625 7
581083 0.265 7
437927 0.2675 7
397222 0.27 7
301827 0.2725 7
291700 0.275 7
337372 0.2775 7
486811 0.28 7
721978 0.2825 7
968194 0.285 7
1.17847e+06 0.2875 7
1.25263e+06 0.29 7
1.20104e+06 0.2925 7
1.08324e+06 0.295 7
948765 0.2975 7
926504 0.3 7
1.05972e+06 0.3025 7
1.23829e+06 0.305 7
3.59197e+06 0.055 8
3.55038e+06 0.0575 8
3.48752e+06 0.06 8
2.98215e+06 0.0625 8
2.17936e+06 0.065 8
1.44021e+06 0.0675 8
635188 0.07 8
212524 0.0725 8
79472.7 0.075 8
352429 0.0775 8
1.01136e+06 0.08 8
1.61249e+06 0.0825 8
2.17887e+06 0.085 8
2.39709e+06 0.0875 8
2.23979e+06 0.09 8
1.77058e+06 0.0925 8
1.1046e+06 0.095 8
516109 0.0975 8
135121 0.1 8
2878.16 0.1025 8
69661.5 0.105 8
167326 0.1075 8
204897 0.11 8
290501 0.1125 8
222314 0.115 8
291820 0.1175 8
605528 0.12 8
1.02328e+06 0.1225 8
1.42544e+06 0.125 8
1.63523e+06 0.1275 8
1.55446e+06 0.13 8
1.20334e+06 0.1325 8
718624 0.135 8
415511 0.1375 8
461462 0.14 8
874069 0.1425 8
1.5064e+06 0.145 8
2.13863e+06 0.1475 8
2.49845e+06 0.15 8
2.55081e+06 0.1525 8
2.27283e+06 0.155 8
1.75063e+06 0.1575 8
1.27033e+06 0.16 8
1.08789e+06 0.1625 8
1.24648e+06 0.165 8
1.65287e+06 0.1675 8
2.09139e+06 0.17 8
2.20663e+06 0.1725 8
1.97822e+06 0.175 8
1.51995e+06 0.1775 8
969179 0.18 8
499887 0.1825 8
398867 0.185 8
500661 0.1875 8
771093 0.19 8
952014 0.1925 8
1.1124e+06 0.195 8
1.09195e+06 0.1975 8
1.12235e+06 0.2 8
1.01747e+06 0.2025 8
899252 0.205 8
834185 0.2075 8
885870 0.21 8
702246 0.2125 8
651273 0.215 8
712382 0.2175 8
686084 0.22 8
643127 0.2225 8
709074 0.225 8
760610 0.2275 8
735717 0.23 8
718954 0.2325 8
740889 0.235 8
842506 0.2375 8
1.0801e+06 0.24 8
1.42387e+06 0.2425 8
1.62414e+06 0.245 8
1.64633e+06 0.2475 8
1.47904e+06 0.25 8
1.14109e+06 0.2525 8
772616 0.255 8
512168 0.2575 8
465849 0.26 8
655544 0.2625 8
964063 0.265 8
1.25005e+06 0.2675 8
1.47299e+06 0.27 8
1.55622e+06 0.2725 8
1.46509e+06 0.275 8
1.33675e+06 0.2775 8
1.14058e+06 0.28 8
1.04674e+06 0.2825 8
973468 0.285 8
1.02116e+06 0.2875 8
1.16915e+06 0.29 8
1.22877e+06 0.2925 8
1.2686e+06 0.295 8
1.20395e+06 0.2975 8
16307.9 0.045 9
52288.8 0.0475 9
12084 0.05 9
10722.5 0.0525 9
6056.38 0.055 9
5557.12 0.0575 9
44055.2 0.06 9
119499 0.0625 9
270761 0.065 9
542611 0.0675 9
1.07866e+06 0.07 9
1.61846e+06 0.0725 9
2.04722e+06 0.075 9
2.5417e+06 0.0775 9
2.69489e+06 0.08 9
2.93254e+06 0.0825 9
2.65311e+06 0.085 9
2.1814e+06 0.0875 9
1.67568e+06 0.09 9
1.20971e+06 0.0925 9
696399 0.095 9
496302 0.0975 9
627464 0.1 9
1.01296e+06 0.1025 9
1.84579e+06 0.105 9
2.4535e+06 0.1075 9
3.12916e+06 0.11 9
3.76062e+06 0.1125 9
4.35403e+06 0.115 9
4.6992e+06 0.1175 9
4.69503e+06 0.12 9
4.33651e+06 0.1225 9
3.57966e+06 0.125 9
2.97865e+06 0.1275 9
2.53502e+06 0.13 9
1.96442e+06 0.1325 9
1.69277e+06 0.135 9
1.78946e+06 0.1375 9
2.08859e+06 0.14 9
2.54813e+06 0.1425 9
2.89131e+06 0.145 9
3.11708e+06 0.1475 9
3.36815e+06 0.15 9
3.44082e+06 0.1525 9
3.40261e+06 0.155 9
3.4217e+06 0.1575 9
3.15775e+06 0.16 9
3.00432e+06 0.1625 9
2.52521e+06 0.165 9
1.94973e+06 0.1675 9
1.69555e+06 0.17 9
1.68216e+06 0.1725 9
1.93838e+06 0.175 9
2.6082e+06 0.1775 9
3.46282e+06 0.18 9
4.29237e+06 0.1825 9
4.72048e+06 0.185 9
4.71657e+06 0.1875 9
4.36562e+06 0.19 9
3.78744e+06 0.1925 9
2.99764e+06 0.195 9
2.2636e+06 0.1975 9
1.69977e+06 0.2 9
1.34239e+06 0.2025 9
989200 0.205 9
829631 0.2075 9
730446 0.21 9
671546 0.2125 9
598788 0.215 9
493328 0.2175 9
387210 0.22 9
301846 0.2225 9
281214 0.225 9
312392 0.2275 9
447841 0.23 9
533620 0.2325 9
606704 0.235 9
630846 0.2375 9
588659 0.24 9
483401 0.2425 9
363980 0.245 9
338535 0.2475 9
375647 0.25 9
460339 0.2525 9
543984 0.255 9
681570 0.2575 9
714824 0.26 9
759095 0.2625 9
674334 0.265 9
640344 0.2675 9
567057 0.27 9
501120 0.2725 9
463361 0.275 9
450170 0.2775 9
465206 0.28 9
543598 0.2825 9
642567 0.285 9
732177 0.2875 9
810107 0.29 9
821290 0.2925 9
6.56077e+06 0.0275 10
6.02165e+06 0.03 10
5.59385e+06 0.0325 10
5.33147e+06 0.035 10
5.13589e+06 0.0375 10
4.83766e+06 0.04 10
4.30899e+06 0.0425 10
3.54445e+06 0.045 10
2.66923e+06 0.0475 10
1.87634e+06 0.05 10
1.33107e+06 0.0525 10
1.09463e+06 0.055 10
1.10409e+06 0.0575 10
1.21336e+06 0.06 10
1.26892e+06 0.0625 10
1.17985e+06 0.065 10
949561 0.0675 10
659039 0.07 10
415913 0.0725 10
297446 0.075 10
314731 0.0775 10
412306 0.08 10
500131 0.0825 10
501074 0.085 10
391657 0.0875 10
217523 0.09 10
75807.3 0.0925 10
70438.8 0.095 10
258690 0.0975 10
613282 0.1 10
1.0206e+06 0.1025 10
1.32161e+06 0.105 10
1.38213e+06 0.1075 10
1.16195e+06 0.11 10
747287 0.1125 10
323910 0.115 10
95688.1 0.1175 10
183412 0.12 10
557477 0.1225 10
1.04429e+06 0.125 10
1.37754e+06 0.1275 10
1.38744e+06 0.13 10
1.08552e+06 0.1325 10
671111 0.135 10
396615 0.1375 10
633284 0.14 10
1.35258e+06 0.1425 10
2.19655e+06 0.145 10
3.06999e+06 0.1475 10
3.52186e+06 0.15 10
3.41992e+06 0.1525 10
2.56911e+06 0.155 10
1.54099e+06 0.1575 10
764434 0.16 10
670617 0.1625 10
1.18155e+06 0.165 10
2.21559e+06 0.1675 10
3.29491e+06 0.17 10
3.93562e+06 0.1725 10
3.82392e+06 0.175 10
3.03671e+06 0.1775 10
1.9978e+06 0.18 10
1.05921e+06 0.1825 10
654123 0.185 10
616173 0.1875 10
947448 0.19 10
1.41036e+06 0.1925 10
1.78808e+06 0.195 10
1.93998e+06 0.1975 10
1.99797e+06 0.2 10
1.82465e+06 0.2025 10
1.81938e+06 0.205 10
1.93007e+06 0.2075 10
1.93271e+06 0.21 10
1.79476e+06 0.2125 10
1.64651e+06 0.215 10
1.353e+06 0.2175 10
909874 0.22 10
546347 0.2225 10
366053 0.225 10
347613 0.2275 10
530158 0.23 10
1.02115e+06 0.2325 10
1.4888e+06 0.235 10
1.91172e+06 0.2375 10
2.12237e+06 0.24 10
2.20038e+06 0.2425 10
2.07662e+06 0.245 10
1.84609e+06 0.2475 10
1.43081e+06 0.25 10
970687 0.2525 10
610317 0.255 10
362958 0.2575 10
276976 0.26 10
342025 0.2625 10
468274 0.265 10
614146 0.2675 10
671935 0.27 10
537772 0.2725 10
412341 0.275 10
202493 0.2775 10
62192.4 0.28 10
22443.8 0.2825 10
93194.1 0.285 10
240389 0.2875 10
0 0.01 11
0 0.0125 11
0 0.015 11
0 0.0175 11
0 0.02 11
0 0.0225 11
0 0.025 11
0 0.0275 11
0 0.03 11
0 0.0325 11
0 0.035 11
0 0.0375 11
0 0.04 11
0 0.0425 11
0 0.045 11
0 0.0475 11
0 0.05 11
0 0.0525 11
0 0.055 11
0 0.0575 11
665.291 0.06 11
3340.8 0.0625 11
11691.9 0.065 11
6181.61 0.0675 11
21031.1 0.07 11
57876.1 0.0725 11
43516.3 0.075 11
218233 0.0775 11
486450 0.08 11
655902 0.0825 11
897337 0.085 11
1.28091e+06 0.0875 11
1.69815e+06 0.09 11
2.14414e+06 0.0925 11
2.6018e+06 0.095 11
2.89965e+06 0.0975 11
2.69216e+06 0.1 11
2.45793e+06 0.1025 11
2.17845e+06 0.105 11
1.85441e+06 0.1075 11
1.66435e+06 0.11 11
1.90621e+06 0.1125 11
1.75287e+06 0.115 11
1.97642e+06 0.1175 11
2.25066e+06 0.12 11
2.67737e+06 0.1225 11
3.12226e+06 0.125 11
3.1627e+06 0.1275 11
3.20751e+06 0.13 11
2.97355e+06 0.1325 11
2.60016e+06 0.135 11
2.23912e+06 0.1375 11
1.88361e+06 0.14 11
1.73564e+06 0.1425 11
1.57847e+06 0.145 11
1.76684e+06 0.1475 11
2.22e+06 0.15 11
2.66578e+06 0.1525 11
3.0214e+06 0.155 11
3.09142e+06 0.1575 11
2.834e+06 0.16 11
2.35063e+06 0.1625 11
1.82502e+06 0.165 11
1.16696e+06 0.1675 11
657715 0.17 11
393697 0.1725 11
403746 0.175 11
670518 0.1775 11
1.02151e+06 0.18 11
1.28551e+06 0.1825 11
1.48281e+06 0.185 11
1.42264e+06 0.1875 11
1.36578e+06 0.19 11
1.24849e+06 0.1925 11
1.13919e+06 0.195 11
1.00027e+06 0.1975 11
864066 0.2 11
710452 0.2025 11
568504 0.205 11
452805 0.2075 11
400670 0.21 11
421992 0.2125 11
476915 0.215 11
598171 0.2175 11
771815 0.22 11
852742 0.2225 11
918313 0.225 11
992862 0.2275 11
1.07352e+06 0.23 11
1.06179e+06 0.2325 11
1.07957e+06 0.235 11
1.1357e+06 0.2375 11
1.15674e+06 0.24 11
1.08197e+06 0.2425 11
929463 0.245 11
836934 0.2475 11
708739 0.25 11
504225 0.2525 11
417839 0.255 11
431161 0.2575 11
584336 0.26 11
886373 0.2625 11
1.27324e+06 0.265 11
1.59686e+06 0.2675 11
1.75093e+06 0.27 11
1.7581e+06 0.2725 11
1.55846e+06 0.275 11
1.35655e+06 0.2775 11
1.26405e+06 0.28 11
1.42298e+06 0.2825 11
94932.1 0.01 12
212092 0.0125 12
419508 0.015 12
725260 0.0175 12
1.01585e+06 0.02 12
1.13659e+06 0.0225 12
1.00848e+06 0.025 12
666976 0.0275 12
302853 0.03 12
204383 0.0325 12
624720 0.035 12
1.63748e+06 0.0375 12
3.0613e+06 0.04 12
4.5045e+06 0.0425 12
5.51811e+06 0.045 12
5.78443e+06 0.0475 12
5.24686e+06 0.05 12
4.11791e+06 0.0525 12
2.76795e+06 0.055 12
1.55936e+06 0.0575 12
712287 0.06 12
261232 0.0625 12
103946 0.065 12
95297.3 0.0675 12
124878 0.07 12
142746 0.0725 12
139651 0.075 12
116248 0.0775 12
72867.2 0.08 12
24531.9 0.0825 12
18738.8 0.085 12
128401 0.0875 12
412784 0.09 12
868563 0.0925 12
1.40719e+06 0.095 12
1.88107e+06 0.0975 12
2.14858e+06 0.1 12
2.13993e+06 0.1025 12
1.88417e+06 0.105 12
1.48321e+06 0.1075 12
1.05393e+06 0.11 12
678673 0.1125 12
393396 0.115 12
212858 0.1175 12
154196 0.12 12
261966 0.1225 12
536544 0.125 12
961193 0.1275 12
1.31392e+06 0.13 12
1.55051e+06 0.1325 12
1.5357e+06 0.135 12
1.29892e+06 0.1375 12
984983 0.14 12
746079 0.1425 12
658921 0.145 12
841097 0.1475 12
1.05586e+06 0.15 12
1.16968e+06 0.1525 12
1.04306e+06 0.155 12
805140 0.1575 12
547410 0.16 12
372390 0.1625 12
417546 0.165 12
639612 0.1675 12
936851 0.17 12
1.00255e+06 0.1725 12
957896 0.175 12
703852 0.1775 12
455843 0.18 12
264153 0.1825 12
312230 0.185 12
494492 0.1875 12
816037 0.19 12
1.11694e+06 0.1925 12
1.65988e+06 0.195 12
2.11474e+06 0.1975 12
2.37352e+06 0.2 12
2.77836e+06 0.2025 12
3.20358e+06 0.205 12
3.18824e+06 0.2075 12
3.05138e+06 0.21 12
2.54952e+06 0.2125 12
2.02078e+06 0.215 12
1.6162e+06 0.2175 12
1.19044e+06 0.22 12
844460 0.2225 12
611849 0.225 12
430042 0.2275 12
332059 0.23 12
364670 0.2325 12
516620 0.235 12
773786 0.2375 12
1.07686e+06 0.24 12
1.34022e+06 0.2425 12
1.53744e+06 0.245 12
1.7135e+06 0.2475 12
1.85437e+06 0.25 12
2.05105e+06 0.2525 12
2.26672e+06 0.255 12
2.39695e+06 0.2575 12
2.36007e+06 0.26 12
2.15678e+06 0.2625 12
1.79062e+06 0.265 12
1.41728e+06 0.2675 12
1.08302e+06 0.27 12
880844 0.2725 12
787122 0.275 12
0 0.01 13
0 0.0125 13
0 0.015 13
0 0.0175 13
0 0.02 13
0 0.0225 13
0 0.025 13
0 0.0275 13
0 0.03 13
2326.62 0.0325 13
13120 0.035 13
23131 0.0375 13
132812 0.04 13
104600 0.0425 13
263770 0.045 13
471221 0.0475 13
728857 0.05 13
866660 0.0525 13
1.14571e+06 0.055 13
1.44045e+06 0.0575 13
1.77811e+06 0.06 13
1.81363e+06 0.0625 13
1.49736e+06 0.065 13
1.43829e+06 0.0675 13
1.21713e+06 0.07 13
995895 0.0725 13
713758 0.075 13
480799 0.0775 13
254189 0.08 13
109356 0.0825 13
72280.3 0.085 13
128964 0.0875 13
247898 0.09 13
422769 0.0925 13
613701 0.095 13
793887 0.0975 13
830726 0.1 13
766393 0.1025 13
646231 0.105 13
428292 0.1075 13
313181 0.11 13
375823 0.1125 13
444782 0.115 13
513042 0.1175 13
633113 0.12 13
755877 0.1225 13
878015 0.125 13
989666 0.1275 13
1.13713e+06 0.13 13
1.23169e+06 0.1325 13
1.31775e+06 0.135 13
1.26405e+06 0.1375 13
1.08802e+06 0.14 13
811746 0.1425 13
515477 0.145 13
300690 0.1475 13
189560 0.15 13
380216 0.1525 13
736404 0.155 13
1.18551e+06 0.1575 13
1.60195e+06 0.16 13
1.84247e+06 0.1625 13
1.80283e+06 0.165 13
1.55445e+06 0.1675 13
1.15816e+06 0.17 13
823507 0.1725 13
569579 0.175 13
732500 0.1775 13
998856 0.18 13
1.38911e+06 0.1825 13
1.90577e+06 0.185 13
2.29996e+06 0.1875 13
2.50582e+06 0.19 13
2.52414e+06 0.1925 13
2.19587e+06 0.195 13
1.76234e+06 0.1975 13
1.1561e+06 0.2 13
701196 0.2025 13
422565 0.205 13
398844 0.2075 13
552744 0.21 13
791104 0.2125 13
1.17525e+06 0.215 13
1.51032e+06 0.2175 13
1.87163e+06 0.22 13
2.34967e+06 0.2225 13
2.7933e+06 0.225 13
3.025e+06 0.2275 13
3.11072e+06 0.23 13
2.98056e+06 0.2325 13
2.66075e+06 0.235 13
2.3027e+06 0.2375 13
1.94918e+06 0.24 13
1.71481e+06 0.2425 13
1.69728e+06 0.245 13
1.84379e+06 0.2475 13
2.02554e+06 0.25 13
2.11133e+06 0.2525 13
2.03925e+06 0.255 13
1.77307e+06 0.2575 13
1.4173e+06 0.26 13
1.06351e+06 0.2625 13
767273 0.265 13
644547 0.2675 13
0 0.02 14
0 0.0225 14
0 0.025 14
0 0.0275 14
0 0.03 14
8710.37 0.0325 14
62547.4 0.035 14
118412 0.0375 14
429182 0.04 14
434086 0.0425 14
901579 0.045 14
1.55916e+06 0.0475 14
2.0396e+06 0.05 14
2.30228e+06 0.0525 14
2.807e+06 0.055 14
2.52738e+06 0.0575 14
2.4345e+06 0.06 14
2.07066e+06 0.0625 14
1.44397e+06 0.065 14
725798 0.0675 14
322329 0.07 14
238600 0.0725 14
528896 0.075 14
991108 0.0775 14
1.50402e+06 0.08 14
1.76883e+06 0.0825 14
1.90508e+06 0.085 14
1.75497e+06 0.0875 14
1.73464e+06 0.09 14
1.83944e+06 0.0925 14
2.23239e+06 0.095 14
2.81974e+06 0.0975 14
3.33311e+06 0.1 14
3.37247e+06 0.1025 14
3.17807e+06 0.105 14
2.5617e+06 0.1075 14
1.78949e+06 0.11 14
967065 0.1125 14
377383 0.115 14
203888 0.1175 14
328585 0.12 14
589194 0.1225 14
759054 0.125 14
966799 0.1275 14
1.14747e+06 0.13 14
1.39885e+06 0.1325 14
1.72302e+06 0.135 14
1.86027e+06 0.1375 14
2.05876e+06 0.14 14
2.09119e+06 0.1425 14
2.12941e+06 0.145 14
2.09801e+06 0.1475 14
2.00102e+06 0.15 14
2.01484e+06 0.1525 14
2.00426e+06 0.155 14
1.93866e+06 0.1575 14
1.57923e+06 0.16 14
1.19336e+06 0.1625 14
842935 0.165 14
659292 0.1675 14
841730 0.17 14
1.27558e+06 0.1725 14
1.89522e+06 0.175 14
2.4758e+06 0.1775 14
2.84914e+06 0.18 14
2.92265e+06 0.1825 14
2.54553e+06 0.185 14
2.09977e+06 0.1875 14
1.71865e+06 0.19 14
1.46652e+06 0.1925 14
1.33828e+06 0.195 14
1.33291e+06 0.1975 14
1.42631e+06 0.2 14
1.51678e+06 0.2025 14
1.47409e+06 0.205 14
1.31745e+06 0.2075 14
1.08866e+06 0.21 14
835333 0.2125 14
765763 0.215 14
963912 0.2175 14
1.45681e+06 0.22 14
2.00252e+06 0.2225 14
2.54946e+06 0.225 14
2.86204e+06 0.2275 14
3.08631e+06 0.23 14
3.05961e+06 0.2325 14
2.99782e+06 0.235 14
2.99287e+06 0.2375 14
3.06162e+06 0.24 14
3.29253e+06 0.2425 14
3.5942e+06 0.245 14
3.63915e+06 0.2475 14
3.385e+06 0.25 14
3.04822e+06 0.2525 14
2.50271e+06 0.255 14
1.85673e+06 0.2575 14
194168 0.0125 15
502943 0.015 15
951951 0.0175 15
1.51143e+06 0.02 15
2.12643e+06 0.0225 15
2.62904e+06 0.025 15
2.88986e+06 0.0275 15
2.85452e+06 0.03 15
2.57358e+06 0.0325 15
2.18133e+06 0.035 15
1.82976e+06 0.0375 15
1.61028e+06 0.04 15
1.50741e+06 0.0425 15
1.41398e+06 0.045 15
1.2052e+06 0.0475 15
833148 0.05 15
387187 0.0525 15
78765.5 0.055 15
148242 0.0575 15
735474 0.06 15
1.78109e+06 0.0625 15
3.01547e+06 0.065 15
4.05054e+06 0.0675 15
4.53637e+06 0.07 15
4.30926e+06 0.0725 15
3.45943e+06 0.075 15
2.28572e+06 0.0775 15
1.16084e+06 0.08 15
374505 0.0825 15
30131.1 0.085 15
39820.2 0.0875 15
210175 0.09 15
365706 0.0925 15
441439 0.095 15
498029 0.0975 15
657890 0.1 15
1.00435e+06 0.1025 15
1.50459e+06 0.105 15
2.00252e+06 0.1075 15
2.28829e+06 0.11 15
2.20908e+06 0.1125 15
1.7623e+06 0.115 15
1.12542e+06 0.1175 15
574980 0.12 15
388939 0.1225 15
731614 0.125 15
1.53409e+06 0.1275 15
2.45474e+06 0.13 15
3.29281e+06 0.1325 15
3.68972e+06 0.135 15
3.54606e+06 0.1375 15
3.04933e+06 0.14 15
2.15133e+06 0.1425 15
1.50702e+06 0.145 15
911146 0.1475 15
773225 0.15 15
810908 0.1525 15
1.01584e+06 0.155 15
1.14065e+06 0.1575 15
1.24428e+06 0.16 15
1.30534e+06 0.1625 15
1.31722e+06 0.165 15
1.23698e+06 0.1675 15
1.14535e+06 0.17 15
1.13241e+06 0.1725 15
1.28236e+06 0.175 15
1.53213e+06 0.1775 15
1.81446e+06 0.18 15
2.26543e+06 0.1825 15
2.67525e+06 0.185 15
2.90983e+06 0.1875 15
2.74007e+06 0.19 15
2.38261e+06 0.1925 15
1.82331e+06 0.195 15
1.28148e+06 0.1975 15
914170 0.2 15
685068 0.2025 15
644225 0.205 15
743029 0.2075 15
794221 0.21 15
819629 0.2125 15
769985 0.215 15
783706 0.2175 15
927424 0.22 15
1.09225e+06 0.2225 15
1.23183e+06 0.225 15
1.27759e+06 0.2275 15
1.2167e+06 0.23 15
966743 0.2325 15
682587 0.235 15
402770 0.2375 15
282399 0.24 15
277997 0.2425 15
383093 0.245 15
585790 0.2475 15
0 0.0025 16
0 0.005 16
0 0.0075 16
0 0.01 16
0 0.0125 16
0 0.015 16
0 0.0175 16
0 0.02 16
0 0.0225 16
0 0.025 16
0 0.0275 16
0 0.03 16
0 0.0325 16
0 0.035 16
0 0.0375 16
0 0.04 16
0 0.0425 16
0 0.045 16
0 0.0475 16
0 0.05 16
0 0.0525 16
0 0.055 16
0 0.0575 16
7165.78 0.06 16
10156 0.0625 16
43387.1 0.065 16
164640 0.0675 16
155459 0.07 16
290070 0.0725 16
434256 0.075 16
625185 0.0775 16
833136 0.08 16
1.04555e+06 0.0825 16
1.24372e+06 0.085 16
1.39783e+06 0.0875 16
1.30346e+06 0.09 16
1.47275e+06 0.0925 16
1.46066e+06 0.095 16
1.37035e+06 0.0975 16
1.32657e+06 0.1 16
1.43931e+06 0.1025 16
1.38304e+06 0.105 16
1.36151e+06 0.1075 16
1.35082e+06 0.11 16
1.04588e+06 0.1125 16
945185 0.115 16
902055 0.1175 16
818928 0.12 16
716829 0.1225 16
636892 0.125 16
537670 0.1275 16
548561 0.13 16
519446 0.1325 16
531652 0.135 16
569735 0.1375 16
492463 0.14 16
427078 0.1425 16
334782 0.145 16
248747 0.1475 16
255852 0.15 16
338327 0.1525 16
638702 0.155 16
1.20863e+06 0.1575 16
2.1514e+06 0.16 16
3.29045e+06 0.1625 16
4.55689e+06 0.165 16
5.66835e+06 0.1675 16
6.39927e+06 0.17 16
6.69348e+06 0.1725 16
6.49925e+06 0.175 16
5.51097e+06 0.1775 16
4.46507e+06 0.18 16
3.33607e+06 0.1825 16
2.37611e+06 0.185 16
1.68011e+06 0.1875 16
1.38128e+06 0.19 16
1.35944e+06 0.1925 16
1.53657e+06 0.195 16
1.77643e+06 0.1975 16
1.82519e+06 0.2 16
1.71517e+06 0.2025 16
1.40161e+06 0.205 16
970577 0.2075 16
579935 0.21 16
355208 0.2125 16
384191 0.215 16
567908 0.2175 16
871388 0.22 16
1.15064e+06 0.2225 16
1.28409e+06 0.225 16
1.22342e+06 0.2275 16
1.02045e+06 0.23 16
728373 0.2325 16
451523 0.235 16
316303 0.2375 16
10074.2 0.0025 17
149459 0.005 17
666397 0.0075 17
1.75903e+06 0.01 17
3.39317e+06 0.0125 17
5.24304e+06 0.015 17
6.80171e+06 0.0175 17
7.61016e+06 0.02 17
7.48487e+06 0.0225 17
6.62198e+06 0.025 17
5.52121e+06 0.0275 17
4.7667e+06 0.03 17
4.77306e+06 0.0325 17
5.61606e+06 0.035 17
7.0184e+06 0.0375 17
8.48197e+06 0.04 17
9.49338e+06 0.0425 17
9.70814e+06 0.045 17
9.04554e+06 0.0475 17
7.67646e+06 0.05 17
5.93262e+06 0.0525 17
4.18653e+06 0.055 17
2.7454e+06 0.0575 17
1.78328e+06 0.06 17
1.31787e+06 0.0625 17
1.22947e+06 0.065 17
1.31588e+06 0.0675 17
1.3712e+06 0.07 17
1.26631e+06 0.0725 17
1.00067e+06 0.075 17
698639 0.0775 17
544185 0.08 17
678683 0.0825 17
1.11103e+06 0.085 17
1.69018e+06 0.0875 17
2.1626e+06 0.09 17
2.2928e+06 0.0925 17
1.98779e+06 0.095 17
1.35856e+06 0.0975 17
680532 0.1 17
266830 0.1025 17
315241 0.105 17
806739 0.1075 17
1.50898e+06 0.11 17
2.08548e+06 0.1125 17
2.25706e+06 0.115 17
1.93546e+06 0.1175 17
1.26303e+06 0.12 17
540121 0.1225 17
80511 0.125 17
59418.8 0.1275 17
425792 0.13 17
990861 0.1325 17
1.45329e+06 0.135 17
1.61437e+06 0.1375 17
1.48508e+06 0.14 17
1.13182e+06 0.1425 17
848625 0.145 17
695499 0.1475 17
773448 0.15 17
840577 0.1525 17
849948 0.155 17
756274 0.1575 17
602722 0.16 17
567905 0.1625 17
789442 0.165 17
1.39317e+06 0.1675 17
2.1314e+06 0.17 17
2.92928e+06 0.1725 17
3.2201e+06 0.175 17
3.01719e+06 0.1775 17
2.50417e+06 0.18 17
1.75183e+06 0.1825 17
1.46544e+06 0.185 17
1.78434e+06 0.1875 17
2.67449e+06 0.19 17
3.53286e+06 0.1925 17
4.03152e+06 0.195 17
3.86624e+06 0.1975 17
3.28582e+06 0.2 17
2.30168e+06 0.2025 17
1.57319e+06 0.205 17
1.26284e+06 0.2075 17
1.22622e+06 0.21 17
1.48156e+06 0.2125 17
1.52554e+06 0.215 17
1.29621e+06 0.2175 17
977031 0.22 17
757176 0.2225 17
735175 0.225 17
0 0.0025 18
0 0.005 18
0 0.0075 18
0 0.01 18
0 0.0125 18
0 0.015 18
0 0.0175 18
0 0.02 18
0 0.0225 18
0 0.025 18
0 0.0275 18
0 0.03 18
0 0.0325 18
0 0.035 18
7464.69 0.0375 18
30182 0.04 18
87649.1 0.0425 18
116387 0.045 18
312849 0.0475 18
308134 0.05 18
441334 0.0525 18
412232 0.055 18
437937 0.0575 18
421430 0.06 18
414859 0.0625 18
301683 0.065 18
288641 0.0675 18
305892 0.07 18
428992 0.0725 18
665171 0.075 18
1.08194e+06 0.0775 18
1.27676e+06 0.08 18
1.50588e+06 0.0825 18
1.66416e+06 0.085 18
1.51174e+06 0.0875 18
1.15322e+06 0.09 18
952876 0.0925 18
686152 0.095 18
592856 0.0975 18
544177 0.1 18
754802 0.1025 18
716232 0.105 18
628971 0.1075 18
592494 0.11 18
390194 0.1125 18
362462 0.115 18
299835 0.1175 18
431169 0.12 18
680195 0.1225 18
1.04816e+06 0.125 18
1.54573e+06 0.1275 18
2.09009e+06 0.13 18
2.77755e+06 0.1325 18
3.27543e+06 0.135 18
3.42876e+06 0.1375 18
3.53406e+06 0.14 18
3.52389e+06 0.1425 18
3.45678e+06 0.145 18
3.30011e+06 0.1475 18
2.98429e+06 0.15 18
2.89477e+06 0.1525 18
2.69847e+06 0.155 18
2.42698e+06 0.1575 18
1.96551e+06 0.16 18
1.47262e+06 0.1625 18
1.12137e+06 0.165 18
1.00609e+06 0.1675 18
1.11277e+06 0.17 18
1.39649e+06 0.1725 18
1.70914e+06 0.175 18
1.9435e+06 0.1775 18
1.94695e+06 0.18 18
1.88551e+06 0.1825 18
1.78044e+06 0.185 18
1.78279e+06 0.1875 18
1.83724e+06 0.19 18
2.06202e+06 0.1925 18
2.21312e+06 0.195 18
2.25268e+06 0.1975 18
2.21473e+06 0.2 18
1.89022e+06 0.2025 18
1.61354e+06 0.205 18
1.2798e+06 0.2075 18
1.05398e+06 0.21 18
898355 0.2125 18
0 0.0025 19
0 0.005 19
0 0.0075 19
0 0.01 19
0 0.0125 19
0 0.015 19
0 0.0175 19
0 0.02 19
0 0.0225 19
0 0.025 19
694.383 0.0275 19
25995.4 0.03 19
72848.5 0.0325 19
88185.4 0.035 19
190020 0.0375 19
266254 0.04 19
470963 0.0425 19
605138 0.045 19
666350 0.0475 19
753282 0.05 19
546590 0.0525 19
440123 0.055 19
321605 0.0575 19
268485 0.06 19
346906 0.0625 19
577284 0.065 19
833000 0.0675 19
987214 0.07 19
1.05681e+06 0.0725 19
978951 0.075 19
788075 0.0775 19
563465 0.08 19
356066 0.0825 19
324965 0.085 19
416338 0.0875 19
610790 0.09 19
906578 0.0925 19
1.25631e+06 0.095 19
1.64954e+06 0.0975 19
2.07126e+06 0.1 19
2.49659e+06 0.1025 19
2.89176e+06 0.105 19
3.23018e+06 0.1075 19
3.17388e+06 0.11 19
2.91003e+06 0.1125 19
2.75529e+06 0.115 19
2.44799e+06 0.1175 19
2.20234e+06 0.12 19
2.26459e+06 0.1225 19
2.71549e+06 0.125 19
3.46542e+06 0.1275 19
4.21191e+06 0.13 19
4.55874e+06 0.1325 19
4.5588e+06 0.135 19
4.2246e+06 0.1375 19
3.67566e+06 0.14 19
2.92581e+06 0.1425 19
2.24271e+06 0.145 19
1.84177e+06 0.1475 19
1.70812e+06 0.15 19
1.6415e+06 0.1525 19
1.71882e+06 0.155 19
1.70207e+06 0.1575 19
1.41049e+06 0.16 19
1.05265e+06 0.1625 19
662752 0.165 19
328569 0.1675 19
157242 0.17 19
75000 0.1725 19
90668.1 0.175 19
149792 0.1775 19
275802 0.18 19
446529 0.1825 19
676877 0.185 19
858643 0.1875 19
1.1077e+06 0.19 19
1.2945e+06 0.1925 19
1.46178e+06 0.195 19
1.48404e+06 0.1975 19
0 0.0025 20
0 0.005 20
0 0.0075 20
0 0.01 20
20231.4 0.0125 20
134382 0.015 20
240080 0.0175 20
498780 0.02 20
1.01046e+06 0.0225 20
1.57019e+06 0.025 20
1.99442e+06 0.0275 20
2.34082e+06 0.03 20
2.3301e+06 0.0325 20
2.01367e+06 0.035 20
1.36313e+06 0.0375 20
682152 0.04 20
169914 0.0425 20
10014.6 0.045 20
254699 0.0475 20
804983 0.05 20
1.45398e+06 0.0525 20
1.97055e+06 0.055 20
2.18458e+06 0.0575 20
2.03982e+06 0.06 20
1.60032e+06 0.0625 20
1.01771e+06 0.065 20
478458 0.0675 20
150303 0.07 20
139891 0.0725 20
467431 0.075 20
1.062e+06 0.0775 20
1.78022e+06 0.08 20
2.44705e+06 0.0825 20
2.90911e+06 0.085 20
3.08228e+06 0.0875 20
2.97389e+06 0.09 20
2.66927e+06 0.0925 20
2.28878e+06 0.095 20
1.93609e+06 0.0975 20
1.66202e+06 0.1 20
1.45852e+06 0.1025 20
1.2803e+06 0.105 20
1.07879e+06 0.1075 20
830301 0.11 20
548649 0.1125 20
280425 0.115 20
97782.8 0.1175 20
86421.5 0.12 20
277708 0.1225 20
703211 0.125 20
1.33001e+06 0.1275 20
2.03127e+06 0.13 20
2.67137e+06 0.1325 20
3.13059e+06 0.135 20
3.32714e+06 0.1375 20
3.24686e+06 0.14 20
3.00331e+06 0.1425 20
2.76583e+06 0.145 20
2.73006e+06 0.1475 20
2.82484e+06 0.15 20
3.05983e+06 0.1525 20
3.12989e+06 0.155 20
2.97418e+06 0.1575 20
2.56708e+06 0.16 20
1.95476e+06 0.1625 20
1.58631e+06 0.165 20
1.56656e+06 0.1675 20
1.79538e+06 0.17 20
2.06979e+06 0.1725 20
2.17996e+06 0.175 20
2.0213e+06 0.1775 20
0 0.0025 21
0 0.005 21
0 0.0075 21
0 0.01 21
0 0.0125 21
0 0.015 21
0 0.0175 21
0 0.02 21
0 0.0225 21
0 0.025 21
0 0.0275 21
0 0.03 21
0 0.0325 21
0 0.035 21
0 0.0375 21
0 0.04 21
0 0.0425 21
0 0.045 21
0 0.0475 21
0 0.05 21
0 0.0525 21
5547.96 0.055 21
12989.2 0.0575 21
4462.19 0.06 21
63454.4 0.0625 21
86464.4 0.065 21
168126 0.0675 21
251168 0.07 21
329844 0.0725 21
510238 0.075 21
866025 0.0775 21
1.19108e+06 0.08 21
1.3809e+06 0.0825 21
1.64375e+06 0.085 21
2.38984e+06 0.0875 21
2.66938e+06 0.09 21
2.93918e+06 0.0925 21
3.1801e+06 0.095 21
3.54595e+06 0.0975 21
3.5141e+06 0.1 21
3.57549e+06 0.1025 21
3.62408e+06 0.105 21
3.49841e+06 0.1075 21
3.4125e+06 0.11 21
3.87951e+06 0.1125 21
4.38127e+06 0.115 21
4.58224e+06 0.1175 21
4.38663e+06 0.12 21
4.29228e+06 0.1225 21
3.57967e+06 0.125 21
2.7224e+06 0.1275 21
1.6866e+06 0.13 21
980684 0.1325 21
410844 0.135 21
335529 0.1375 21
760238 0.14 21
1.53845e+06 0.1425 21
2.20964e+06 0.145 21
2.8815e+06 0.1475 21
3.29014e+06 0.15 21
3.38195e+06 0.1525 21
3.08965e+06 0.155 21
2.71595e+06 0.1575 21
2.37169e+06 0.16 21
10521.5 0.0025 22
47953.1 0.005 22
128590 0.0075 22
273373 0.01 22
495049 0.0125 22
780955 0.015 22
1.08188e+06 0.0175 22
1.32006e+06 0.02 22
1.42106e+06 0.0225 22
1.35827e+06 0.025 22
1.18421e+06 0.0275 22
1.02327e+06 0.03 22
1.01861e+06 0.0325 22
1.25441e+06 0.035 22
1.69543e+06 0.0375 22
2.18391e+06 0.04 22
2.5055e+06 0.0425 22
2.49625e+06 0.045 22
2.13451e+06 0.0475 22
1.56397e+06 0.05 22
1.02927e+06 0.0525 22
754784 0.055 22
831350 0.0575 22
1.17469e+06 0.06 22
1.57994e+06 0.0625 22
1.84228e+06 0.065 22
1.8751e+06 0.0675 22
1.75713e+06 0.07 22
1.68086e+06 0.0725 22
1.83089e+06 0.075 22
2.26248e+06 0.0775 22
2.85069e+06 0.08 22
3.34125e+06 0.0825 22
3.47688e+06 0.085 22
3.13066e+06 0.0875 22
2.37506e+06 0.09 22
1.4511e+06 0.0925 22
656172 0.095 22
210830 0.0975 22
171522 0.1 22
427554 0.1025 22
774276 0.105 22
1.01728e+06 0.1075 22
1.05313e+06 0.11 22
892279 0.1125 22
624776 0.115 22
358055 0.1175 22
164048 0.12 22
59594.5 0.1225 22
20547.2 0.125 22
12013.5 0.1275 22
18061.7 0.13 22
19855.5 0.1325 22
44065 0.135 22
87410 0.1375 22
0 0.0025 23
0 0.005 23
0 0.0075 23
0 0.01 23
0 0.0125 23
0 0.015 23
0 0.0175 23
0 0.02 23
0 0.0225 23
0 0.025 23
0 0.0275 23
0 0.03 23
0 0.0325 23
0 0.035 23
0 0.0375 23
0 0.04 23
383.711 0.0425 23
13816.4 0.045 23
79061.9 0.0475 23
206091 0.05 23
211625 0.0525 23
218320 0.055 23
283168 0.0575 23
313388 0.06 23
457370 0.0625 23
519027 0.065 23
575548 0.0675 23
441247 0.07 23
291640 0.0725 23
186816 0.075 23
82949.9 0.0775 23
28251.2 0.08 23
65176 0.0825 23
149598 0.085 23
212328 0.0875 23
360943 0.09 23
348461 0.0925 23
317271 0.095 23
288720 0.0975 23
363115 0.1 23
487347 0.1025 23
