3.54876e+07 0.085 0
2.14143e+07 0.0875 0
7.888e+06 0.09 0
687286 0.0925 0
962989 0.095 0
5.51204e+06 0.0975 0
9.56336e+06 0.1 0
9.96069e+06 0.1025 0
6.74511e+06 0.105 0
2.46946e+06 0.1075 0
87825 0.11 0
983839 0.1125 0
4.32536e+06 0.115 0
7.89557e+06 0.1175 0
9.61837e+06 0.12 0
8.72701e+06 0.1225 0
5.95157e+06 0.125 0
2.81935e+06 0.1275 0
667598 0.13 0
48.0824 0.1325 0
464433 0.135 0
1.29625e+06 0.1375 0
1.84599e+06 0.14 0
1.86891e+06 0.1425 0
1.49533e+06 0.145 0
996243 0.1475 0
605152 0.15 0
377202 0.1525 0
303409 0.155 0
408877 0.1575 0
572835 0.16 0
791872 0.1625 0
1.12837e+06 0.165 0
1.40476e+06 0.1675 0
1.61557e+06 0.17 0
1.62941e+06 0.1725 0
1.39294e+06 0.175 0
1.03595e+06 0.1775 0
681418 0.18 0
440744 0.1825 0
301764 0.185 0
337667 0.1875 0
642162 0.19 0
1.11407e+06 0.1925 0
1.35707e+06 0.195 0
1.85541e+06 0.1975 0
2.10514e+06 0.2 0
1.98058e+06 0.2025 0
1.93903e+06 0.205 0
1.70006e+06 0.2075 0
1.46032e+06 0.21 0
1.15611e+06 0.2125 0
800694 0.215 0
526095 0.2175 0
337038 0.22 0
285739 0.2225 0
340971 0.225 0
541134 0.2275 0
795064 0.23 0
1.07511e+06 0.2325 0
1.1744e+06 0.235 0
1.09495e+06 0.2375 0
1.02677e+06 0.24 0
928163 0.2425 0
760105 0.245 0
610934 0.2475 0
490150 0.25 0
400325 0.2525 0
461546 0.255 0
427193 0.2575 0
353708 0.26 0
261190 0.2625 0
163343 0.265 0
92454.8 0.2675 0
56963.8 0.27 0
49664.1 0.2725 0
87537.5 0.275 0
171775 0.2775 0
241392 0.28 0
255707 0.2825 0
271501 0.285 0
212222 0.2875 0
185866 0.29 0
179779 0.2925 0
190218 0.295 0
203583 0.2975 0
189536 0.3 0
206084 0.3025 0
164870 0.305 0
137711 0.3075 0
112029 0.31 0
117300 0.3125 0
140596 0.315 0
2.21448e+07 0.0825 1
2.40137e+07 0.085 1
1.99008e+07 0.0875 1
1.18239e+07 0.09 1
4.15945e+06 0.0925 1
1.21504e+06 0.095 1
4.85394e+06 0.0975 1
1.35489e+07 0.1 1
2.33125e+07 0.1025 1
2.98439e+07 0.105 1
3.06177e+07 0.1075 1
2.58254e+07 0.11 1
1.78476e+07 0.1125 1
9.77451e+06 0.115 1
3.9028e+06 0.1175 1
956576 0.12 1
288621 0.1225 1
641057 0.125 1
980588 0.1275 1
874151 0.13 1
489540 0.1325 1
194171 0.135 1
220859 0.1375 1
370751 0.14 1
575475 0.1425 1
595732 0.145 1
525519 0.1475 1
394117 0.15 1
271626 0.1525 1
313556 0.155 1
477586 0.1575 1
584128 0.16 1
646713 0.1625 1
558254 0.165 1
448486 0.1675 1
386115 0.17 1
328177 0.1725 1
381552 0.175 1
577828 0.1775 1
802169 0.18 1
1.11463e+06 0.1825 1
1.37543e+06 0.185 1
1.74332e+06 0.1875 1
2.10181e+06 0.19 1
2.1755e+06 0.1925 1
1.93754e+06 0.195 1
1.7088e+06 0.1975 1
1.46654e+06 0.2 1
1.10488e+06 0.2025 1
736013 0.205 1
411266 0.2075 1
310035 0.21 1
311118 0.2125 1
372300 0.215 1
442431 0.2175 1
506291 0.22 1
512064 0.2225 1
530063 0.225 1
588741 0.2275 1
682260 0.23 1
840810 0.2325 1
1.18073e+06 0.235 1
1.53102e+06 0.2375 1
1.76221e+06 0.24 1
1.89358e+06 0.2425 1
1.94351e+06 0.245 1
1.77087e+06 0.2475 1
1.53428e+06 0.25 1
1.12118e+06 0.2525 1
735900 0.255 1
451885 0.2575 1
290133 0.26 1
280105 0.2625 1
414821 0.265 1
563744 0.2675 1
710687 0.27 1
854972 0.2725 1
912363 0.275 1
898808 0.2775 1
877358 0.28 1
837858 0.2825 1
741643 0.285 1
618338 0.2875 1
488500 0.29 1
378819 0.2925 1
266309 0.295 1
239871 0.2975 1
288120 0.3 1
363650 0.3025 1
447496 0.305 1
493474 0.3075 1
485750 0.31 1
394924 0.3125 1
286034 0.315 1
1.14695e+08 0.08 2
9.61372e+07 0.0825 2
7.42673e+07 0.085 2
5.22056e+07 0.0875 2
3.33485e+07 0.09 2
1.94997e+07 0.0925 2
1.05316e+07 0.095 2
5.76074e+06 0.0975 2
3.66703e+06 0.1 2
2.57647e+06 0.1025 2
1.87027e+06 0.105 2
1.19915e+06 0.1075 2
933771 0.11 2
1.37713e+06 0.1125 2
2.77719e+06 0.115 2
4.57019e+06 0.1175 2
5.87536e+06 0.12 2
6.49575e+06 0.1225 2
6.33338e+06 0.125 2
5.23975e+06 0.1275 2
3.75317e+06 0.13 2
2.28338e+06 0.1325 2
1.32153e+06 0.135 2
892489 0.1375 2
1.10549e+06 0.14 2
1.76692e+06 0.1425 2
2.47755e+06 0.145 2
3.42363e+06 0.1475 2
3.87637e+06 0.15 2
4.10038e+06 0.1525 2
3.97726e+06 0.155 2
3.58843e+06 0.1575 2
2.77986e+06 0.16 2
1.90868e+06 0.1625 2
1.32396e+06 0.165 2
864551 0.1675 2
944558 0.17 2
1.15503e+06 0.1725 2
1.44244e+06 0.175 2
1.84161e+06 0.1775 2
2.10328e+06 0.18 2
2.02973e+06 0.1825 2
1.59728e+06 0.185 2
1.0908e+06 0.1875 2
572309 0.19 2
352806 0.1925 2
499446 0.195 2
1.06846e+06 0.1975 2
1.81945e+06 0.2 2
2.55129e+06 0.2025 2
2.9013e+06 0.205 2
2.87311e+06 0.2075 2
2.45704e+06 0.21 2
1.70765e+06 0.2125 2
1.01633e+06 0.215 2
643528 0.2175 2
429202 0.22 2
522243 0.2225 2
803910 0.225 2
1.14743e+06 0.2275 2
1.37701e+06 0.23 2
1.54291e+06 0.2325 2
1.44159e+06 0.235 2
1.28611e+06 0.2375 2
1.12879e+06 0.24 2
983141 0.2425 2
905506 0.245 2
872276 0.2475 2
770572 0.25 2
612055 0.2525 2
502180 0.255 2
412136 0.2575 2
444091 0.26 2
647461 0.2625 2
938289 0.265 2
1.24692e+06 0.2675 2
1.48689e+06 0.27 2
1.69316e+06 0.2725 2
1.64616e+06 0.275 2
1.49605e+06 0.2775 2
1.28809e+06 0.28 2
1.17299e+06 0.2825 2
1.10744e+06 0.285 2
1.09177e+06 0.2875 2
1.00819e+06 0.29 2
886959 0.2925 2
687741 0.295 2
502855 0.2975 2
360843 0.3 2
316143 0.3025 2
407182 0.305 2
565342 0.3075 2
709316 0.31 2
834050 0.3125 2
876076 0.315 2
679632 0.0775 3
1.12796e+06 0.08 3
1.97735e+06 0.0825 3
2.96149e+06 0.085 3
4.26967e+06 0.0875 3
6.40714e+06 0.09 3
8.67128e+06 0.0925 3
1.08582e+07 0.095 3
1.28853e+07 0.0975 3
1.47956e+07 0.1 3
1.57602e+07 0.1025 3
1.6393e+07 0.105 3
1.62258e+07 0.1075 3
1.59141e+07 0.11 3
1.52214e+07 0.1125 3
1.36822e+07 0.115 3
1.21972e+07 0.1175 3
1.05906e+07 0.12 3
8.43071e+06 0.1225 3
6.74144e+06 0.125 3
4.50768e+06 0.1275 3
3.12756e+06 0.13 3
2.43298e+06 0.1325 3
2.53408e+06 0.135 3
3.12907e+06 0.1375 3
3.692e+06 0.14 3
3.8001e+06 0.1425 3
3.80715e+06 0.145 3
3.32214e+06 0.1475 3
2.66849e+06 0.15 3
1.9605e+06 0.1525 3
1.6223e+06 0.155 3
1.78418e+06 0.1575 3
2.67911e+06 0.16 3
4.07141e+06 0.1625 3
5.39975e+06 0.165 3
6.08388e+06 0.1675 3
6.00518e+06 0.17 3
5.19949e+06 0.1725 3
3.81398e+06 0.175 3
2.64374e+06 0.1775 3
1.56393e+06 0.18 3
973715 0.1825 3
880408 0.185 3
1.1447e+06 0.1875 3
1.52198e+06 0.19 3
1.80475e+06 0.1925 3
1.87893e+06 0.195 3
1.65428e+06 0.1975 3
1.31856e+06 0.2 3
928468 0.2025 3
748973 0.205 3
670113 0.2075 3
720471 0.21 3
826311 0.2125 3
975078 0.215 3
1.04106e+06 0.2175 3
997797 0.22 3
1.00226e+06 0.2225 3
1.04349e+06 0.225 3
1.12661e+06 0.2275 3
1.24647e+06 0.23 3
1.34779e+06 0.2325 3
1.42047e+06 0.235 3
1.51268e+06 0.2375 3
1.53429e+06 0.24 3
1.53582e+06 0.2425 3
1.59281e+06 0.245 3
1.56897e+06 0.2475 3
1.42061e+06 0.25 3
1.21353e+06 0.2525 3
953747 0.255 3
719442 0.2575 3
527773 0.26 3
465092 0.2625 3
565002 0.265 3
726288 0.2675 3
949264 0.27 3
1.07681e+06 0.2725 3
1.10119e+06 0.275 3
966425 0.2775 3
870825 0.28 3
832180 0.2825 3
810573 0.285 3
857276 0.2875 3
900095 0.29 3
881962 0.2925 3
837659 0.295 3
725536 0.2975 3
598099 0.3 3
607733 0.3025 3
625629 0.305 3
741080 0.3075 3
821357 0.31 3
786236 0.3125 3
641902 0.315 3
1.47781e+06 0.07 4
1.19184e+06 0.0725 4
882129 0.075 4
710502 0.0775 4
545649 0.08 4
467916 0.0825 4
423755 0.085 4
297913 0.0875 4
199239 0.09 4
163601 0.0925 4
202008 0.095 4
433299 0.0975 4
942837 0.1 4
1.44009e+06 0.1025 4
1.97692e+06 0.105 4
2.30838e+06 0.1075 4
2.46562e+06 0.11 4
2.41203e+06 0.1125 4
2.23109e+06 0.115 4
1.99211e+06 0.1175 4
1.88137e+06 0.12 4
1.85613e+06 0.1225 4
2.13719e+06 0.125 4
2.46547e+06 0.1275 4
2.60606e+06 0.13 4
2.50341e+06 0.1325 4
2.13657e+06 0.135 4
1.75269e+06 0.1375 4
1.52211e+06 0.14 4
1.65669e+06 0.1425 4
2.19433e+06 0.145 4
3.01454e+06 0.1475 4
3.84684e+06 0.15 4
4.54722e+06 0.1525 4
5.09972e+06 0.155 4
5.11114e+06 0.1575 4
5.29542e+06 0.16 4
5.00235e+06 0.1625 4
4.52615e+06 0.165 4
4.00855e+06 0.1675 4
3.24197e+06 0.17 4
2.39887e+06 0.1725 4
1.5834e+06 0.175 4
924586 0.1775 4
619187 0.18 4
646982 0.1825 4
919978 0.185 4
1.39786e+06 0.1875 4
1.70542e+06 0.19 4
1.75473e+06 0.1925 4
1.64913e+06 0.195 4
1.39103e+06 0.1975 4
1.13352e+06 0.2 4
915658 0.2025 4
906557 0.205 4
970361 0.2075 4
1.11546e+06 0.21 4
1.2453e+06 0.2125 4
1.36315e+06 0.215 4
1.43283e+06 0.2175 4
1.41141e+06 0.22 4
1.46569e+06 0.2225 4
1.47732e+06 0.225 4
1.50473e+06 0.2275 4
1.44245e+06 0.23 4
1.3383e+06 0.2325 4
1.24408e+06 0.235 4
1.19136e+06 0.2375 4
1.24401e+06 0.24 4
1.47749e+06 0.2425 4
1.79753e+06 0.245 4
2.1431e+06 0.2475 4
2.39784e+06 0.25 4
2.46352e+06 0.2525 4
2.31808e+06 0.255 4
2.02143e+06 0.2575 4
1.67177e+06 0.26 4
1.28399e+06 0.2625 4
964176 0.265 4
799369 0.2675 4
715264 0.27 4
645620 0.2725 4
557444 0.275 4
446920 0.2775 4
350725 0.28 4
325627 0.2825 4
378648 0.285 4
465075 0.2875 4
548160 0.29 4
617885 0.2925 4
599697 0.295 4
621246 0.2975 4
681050 0.3 4
935981 0.3025 4
1.195e+06 0.305 4
1.40856e+06 0.3075 4
1.42354e+06 0.31 4
1.28256e+06 0.3125 4
5.99021e+06 0.06 5
5.9591e+06 0.0625 5
5.84903e+06 0.065 5
5.74162e+06 0.0675 5
5.70197e+06 0.07 5
5.76532e+06 0.0725 5
5.92887e+06 0.075 5
6.15113e+06 0.0775 5
6.36121e+06 0.08 5
6.4776e+06 0.0825 5
6.4308e+06 0.085 5
6.18144e+06 0.0875 5
5.72655e+06 0.09 5
5.09317e+06 0.0925 5
4.32532e+06 0.095 5
3.47331e+06 0.0975 5
2.59128e+06 0.1 5
1.74114e+06 0.1025 5
995075 0.105 5
428688 0.1075 5
102928 0.11 5
41797.2 0.1125 5
217423 0.115 5
551863 0.1175 5
936866 0.12 5
1.26812e+06 0.1225 5
1.47371e+06 0.125 5
1.51685e+06 0.1275 5
1.41938e+06 0.13 5
1.14441e+06 0.1325 5
915910 0.135 5
768957 0.1375 5
600333 0.14 5
561186 0.1425 5
574833 0.145 5
763744 0.1475 5
967383 0.15 5
823788 0.1525 5
820613 0.155 5
861801 0.1575 5
1.07582e+06 0.16 5
1.25662e+06 0.1625 5
1.21042e+06 0.165 5
1.14331e+06 0.1675 5
876370 0.17 5
682706 0.1725 5
531060 0.175 5
727792 0.1775 5
1.31107e+06 0.18 5
2.28103e+06 0.1825 5
3.19311e+06 0.185 5
4.11882e+06 0.1875 5
4.59553e+06 0.19 5
4.29134e+06 0.1925 5
3.76372e+06 0.195 5
3.11293e+06 0.1975 5
2.39513e+06 0.2 5
1.79826e+06 0.2025 5
1.37547e+06 0.205 5
964094 0.2075 5
896187 0.21 5
844140 0.2125 5
897714 0.215 5
841751 0.2175 5
844947 0.22 5
661073 0.2225 5
494157 0.225 5
410090 0.2275 5
514848 0.23 5
758760 0.2325 5
1.03087e+06 0.235 5
1.39591e+06 0.2375 5
1.6239e+06 0.24 5
1.73812e+06 0.2425 5
1.59967e+06 0.245 5
1.2615e+06 0.2475 5
776979 0.25 5
458206 0.2525 5
244545 0.255 5
318855 0.2575 5
620696 0.26 5
978546 0.2625 5
1.26666e+06 0.265 5
1.42692e+06 0.2675 5
1.34662e+06 0.27 5
1.09377e+06 0.2725 5
804041 0.275 5
552182 0.2775 5
423687 0.28 5
407335 0.2825 5
448331 0.285 5
475658 0.2875 5
408834 0.29 5
280249 0.2925 5
218984 0.295 5
244642 0.2975 5
402221 0.3 5
642354 0.3025 5
886760 0.305 5
1.04447e+06 0.3075 5
1.05449e+06 0.31 5
94164.1 0.045 6
779125 0.0475 6
1.77215e+06 0.05 6
2.4908e+06 0.0525 6
2.59531e+06 0.055 6
2.09772e+06 0.0575 6
1.28654e+06 0.06 6
533739 0.0625 6
99450.3 0.065 6
32147.8 0.0675 6
196504 0.07 6
389241 0.0725 6
464352 0.075 6
398808 0.0775 6
275076 0.08 6
206855 0.0825 6
260861 0.085 6
419762 0.0875 6
599995 0.09 6
705253 0.0925 6
680709 0.095 6
539611 0.0975 6
353904 0.1 6
219458 0.1025 6
214554 0.105 6
367402 0.1075 6
641400 0.11 6
941890 0.1125 6
1.14571e+06 0.115 6
1.15027e+06 0.1175 6
928954 0.12 6
567831 0.1225 6
255848 0.125 6
215627 0.1275 6
593508 0.13 6
1.35971e+06 0.1325 6
2.27963e+06 0.135 6
2.99119e+06 0.1375 6
3.18364e+06 0.14 6
2.72538e+06 0.1425 6
1.77193e+06 0.145 6
792276 0.1475 6
310864 0.15 6
492388 0.1525 6
1.35056e+06 0.155 6
2.71712e+06 0.1575 6
3.56221e+06 0.16 6
3.71137e+06 0.1625 6
3.32637e+06 0.165 6
2.50167e+06 0.1675 6
1.51648e+06 0.17 6
1.05212e+06 0.1725 6
913162 0.175 6
1.25757e+06 0.1775 6
1.65663e+06 0.18 6
1.80408e+06 0.1825 6
1.57372e+06 0.185 6
1.24222e+06 0.1875 6
735941 0.19 6
603597 0.1925 6
664796 0.195 6
823943 0.1975 6
919576 0.2 6
904431 0.2025 6
830902 0.205 6
677200 0.2075 6
750713 0.21 6
1.03858e+06 0.2125 6
1.5932e+06 0.215 6
2.24433e+06 0.2175 6
2.72805e+06 0.22 6
3.06075e+06 0.2225 6
3.04845e+06 0.225 6
2.60653e+06 0.2275 6
2.11469e+06 0.23 6
1.59348e+06 0.2325 6
1.0784e+06 0.235 6
652257 0.2375 6
403865 0.24 6
295341 0.2425 6
328828 0.245 6
458426 0.2475 6
609224 0.25 6
758942 0.2525 6
911428 0.255 6
955176 0.2575 6
927596 0.26 6
1.05694e+06 0.2625 6
1.11255e+06 0.265 6
1.14746e+06 0.2675 6
1.29361e+06 0.27 6
1.41064e+06 0.2725 6
1.55692e+06 0.275 6
1.59295e+06 0.2775 6
1.62988e+06 0.28 6
1.62317e+06 0.2825 6
1.37814e+06 0.285 6
1.21143e+06 0.2875 6
1.15686e+06 0.29 6
1.27464e+06 0.2925 6
1.38773e+06 0.295 6
1.37226e+06 0.2975 6
1.28612e+06 0.3 6
1.10494e+06 0.3025 6
880205 0.305 6
625953 0.3075 6
0 0.0125 7
0 0.015 7
0 0.0175 7
0 0.02 7
1158.57 0.0225 7
168071 0.025 7
525028 0.0275 7
1.03338e+06 0.03 7
1.77546e+06 0.0325 7
2.96929e+06 0.035 7
3.93821e+06 0.0375 7
5.29896e+06 0.04 7
6.24739e+06 0.0425 7
6.68075e+06 0.045 7
6.33828e+06 0.0475 7
4.73334e+06 0.05 7
2.97773e+06 0.0525 7
1.46257e+06 0.055 7
562001 0.0575 7
1.02991e+06 0.06 7
2.7971e+06 0.0625 7
5.36693e+06 0.065 7
8.08511e+06 0.0675 7
1.00958e+07 0.07 7
1.04917e+07 0.0725 7
9.56471e+06 0.075 7
7.66879e+06 0.0775 7
5.55478e+06 0.08 7
3.93877e+06 0.0825 7
3.21334e+06 0.085 7
3.33073e+06 0.0875 7
3.89742e+06 0.09 7
4.41221e+06 0.0925 7
4.51541e+06 0.095 7
4.12517e+06 0.0975 7
3.41096e+06 0.1 7
2.64692e+06 0.1025 7
2.04584e+06 0.105 7
1.66891e+06 0.1075 7
1.44667e+06 0.11 7
1.28831e+06 0.1125 7
1.13042e+06 0.115 7
983518 0.1175 7
959691 0.12 7
1.12575e+06 0.1225 7
1.37096e+06 0.125 7
1.68954e+06 0.1275 7
1.68056e+06 0.13 7
1.37048e+06 0.1325 7
1.09702e+06 0.135 7
888854 0.1375 7
879292 0.14 7
944442 0.1425 7
987513 0.145 7
966441 0.1475 7
717232 0.15 7
437807 0.1525 7
343483 0.155 7
583657 0.1575 7
1.17069e+06 0.16 7
1.96212e+06 0.1625 7
2.63833e+06 0.165 7
2.87151e+06 0.1675 7
2.59711e+06 0.17 7
1.91717e+06 0.1725 7
1.10717e+06 0.175 7
620304 0.1775 7
576326 0.18 7
1.06876e+06 0.1825 7
1.69484e+06 0.185 7
2.31949e+06 0.1875 7
2.72104e+06 0.19 7
2.65972e+06 0.1925 7
2.32556e+06 0.195 7
1.76568e+06 0.1975 7
1.18383e+06 0.2 7
747382 0.2025 7
447621 0.205 7
301079 0.2075 7
345279 0.21 7
388739 0.2125 7
520445 0.215 7
706645 0.2175 7
647286 0.22 7
760969 0.2225 7
890599 0.225 7
910589 0.2275 7
765160 0.23 7
617723 0.2325 7
590995 0.235 7
518118 0.2375 7
565878 0.24 7
732059 0.2425 7
797538 0.245 7
950421 0.2475 7
1.01548e+06 0.25 7
965995 0.2525 7
912622 0.255 7
787573 0.2575 7
699560 0.26 7
603403 0.2625 7
514480 0.265 7
522375 0.2675 7
512197 0.27 7
484539 0.2725 7
456694 0.275 7
403318 0.2775 7
360408 0.28 7
324978 0.2825 7
277021 0.285 7
285835 0.2875 7
331773 0.29 7
424130 0.2925 7
592015 0.295 7
792377 0.2975 7
1.0267e+06 0.3 7
1.18769e+06 0.3025 7
1.28618e+06 0.305 7
0 0.01 8
0 0.0125 8
0 0.015 8
0 0.0175 8
0 0.02 8
0 0.0225 8
0 0.025 8
0 0.0275 8
0 0.03 8
0 0.0325 8
0 0.035 8
0 0.0375 8
0 0.04 8
0 0.0425 8
0 0.045 8
0 0.0475 8
6380.17 0.05 8
23069.5 0.0525 8
124973 0.055 8
418612 0.0575 8
1.26274e+06 0.06 8
1.78663e+06 0.0625 8
2.43925e+06 0.065 8
3.60994e+06 0.0675 8
4.71508e+06 0.07 8
5.37428e+06 0.0725 8
5.85962e+06 0.075 8
6.18346e+06 0.0775 8
5.2935e+06 0.08 8
4.31994e+06 0.0825 8
2.8128e+06 0.085 8
1.46401e+06 0.0875 8
363522 0.09 8
38730.2 0.0925 8
608586 0.095 8
1.8537e+06 0.0975 8
3.77471e+06 0.1 8
5.92292e+06 0.1025 8
7.86027e+06 0.105 8
9.21561e+06 0.1075 8
9.80186e+06 0.11 8
9.60055e+06 0.1125 8
9.39631e+06 0.115 8
8.60947e+06 0.1175 8
7.80853e+06 0.12 8
7.51947e+06 0.1225 8
7.43251e+06 0.125 8
6.8442e+06 0.1275 8
6.37371e+06 0.13 8
5.41109e+06 0.1325 8
4.61497e+06 0.135 8
3.74916e+06 0.1375 8
3.06217e+06 0.14 8
2.57663e+06 0.1425 8
2.52518e+06 0.145 8
2.56502e+06 0.1475 8
2.55604e+06 0.15 8
2.27213e+06 0.1525 8
1.94728e+06 0.155 8
1.46796e+06 0.1575 8
1.0804e+06 0.16 8
704125 0.1625 8
692293 0.165 8
862797 0.1675 8
956632 0.17 8
1.00745e+06 0.1725 8
939125 0.175 8
721604 0.1775 8
449737 0.18 8
222976 0.1825 8
113523 0.185 8
118875 0.1875 8
218565 0.19 8
372407 0.1925 8
478924 0.195 8
513480 0.1975 8
468651 0.2 8
363177 0.2025 8
259761 0.205 8
197297 0.2075 8
228101 0.21 8
307557 0.2125 8
447922 0.215 8
584228 0.2175 8
744767 0.22 8
845219 0.2225 8
931770 0.225 8
993782 0.2275 8
1.00288e+06 0.23 8
980217 0.2325 8
1.06374e+06 0.235 8
1.30309e+06 0.2375 8
1.64024e+06 0.24 8
2.0246e+06 0.2425 8
2.36423e+06 0.245 8
2.7444e+06 0.2475 8
2.91877e+06 0.25 8
2.94541e+06 0.2525 8
2.8089e+06 0.255 8
2.70484e+06 0.2575 8
2.35213e+06 0.26 8
2.07805e+06 0.2625 8
1.74987e+06 0.265 8
1.51927e+06 0.2675 8
1.33711e+06 0.27 8
1.15351e+06 0.2725 8
986926 0.275 8
902215 0.2775 8
819154 0.28 8
840786 0.2825 8
843975 0.285 8
838915 0.2875 8
804471 0.29 8
755948 0.2925 8
642053 0.295 8
544079 0.2975 8
0 0.01 9
0 0.0125 9
0 0.015 9
0 0.0175 9
0 0.02 9
0 0.0225 9
0 0.025 9
0 0.0275 9
0 0.03 9
0 0.0325 9
0 0.035 9
0 0.0375 9
0 0.04 9
0 0.0425 9
0 0.045 9
0 0.0475 9
0 0.05 9
0 0.0525 9
0 0.055 9
0 0.0575 9
12888.6 0.06 9
2834.43 0.0625 9
17811.6 0.065 9
5563.39 0.0675 9
111250 0.07 9
206745 0.0725 9
279045 0.075 9
214369 0.0775 9
413897 0.08 9
575794 0.0825 9
902058 0.085 9
1.35323e+06 0.0875 9
1.52859e+06 0.09 9
1.89411e+06 0.0925 9
2.1442e+06 0.095 9
2.0088e+06 0.0975 9
2.33421e+06 0.1 9
2.25587e+06 0.1025 9
2.47301e+06 0.105 9
2.68951e+06 0.1075 9
3.02155e+06 0.11 9
3.07711e+06 0.1125 9
2.95955e+06 0.115 9
2.66321e+06 0.1175 9
2.32031e+06 0.12 9
1.76489e+06 0.1225 9
1.20029e+06 0.125 9
834526 0.1275 9
787425 0.13 9
851505 0.1325 9
1.26898e+06 0.135 9
1.99748e+06 0.1375 9
3.12963e+06 0.14 9
3.90928e+06 0.1425 9
4.66297e+06 0.145 9
4.81855e+06 0.1475 9
4.68121e+06 0.15 9
4.49739e+06 0.1525 9
4.34609e+06 0.155 9
4.21443e+06 0.1575 9
4.15115e+06 0.16 9
3.80936e+06 0.1625 9
3.56122e+06 0.165 9
3.28394e+06 0.1675 9
2.81097e+06 0.17 9
2.38954e+06 0.1725 9
1.99779e+06 0.175 9
1.60861e+06 0.1775 9
1.33171e+06 0.18 9
1.03632e+06 0.1825 9
830702 0.185 9
693042 0.1875 9
540093 0.19 9
544346 0.1925 9
796372 0.195 9
1.36395e+06 0.1975 9
2.29286e+06 0.2 9
3.39246e+06 0.2025 9
4.31305e+06 0.205 9
4.79987e+06 0.2075 9
4.76233e+06 0.21 9
4.21904e+06 0.2125 9
3.29828e+06 0.215 9
2.35839e+06 0.2175 9
1.60239e+06 0.22 9
1.3072e+06 0.2225 9
1.49181e+06 0.225 9
2.0957e+06 0.2275 9
2.87596e+06 0.23 9
3.50895e+06 0.2325 9
3.82596e+06 0.235 9
3.731e+06 0.2375 9
3.28907e+06 0.24 9
2.68786e+06 0.2425 9
2.00921e+06 0.245 9
1.45867e+06 0.2475 9
1.07949e+06 0.25 9
921590 0.2525 9
910635 0.255 9
1.09294e+06 0.2575 9
1.25777e+06 0.26 9
1.37412e+06 0.2625 9
1.43047e+06 0.265 9
1.40512e+06 0.2675 9
1.22185e+06 0.27 9
981793 0.2725 9
722555 0.275 9
497939 0.2775 9
477330 0.28 9
569190 0.2825 9
765153 0.285 9
977229 0.2875 9
1.15188e+06 0.29 9
1.18285e+06 0.2925 9
0 0.01 10
0 0.0125 10
0 0.015 10
0 0.0175 10
0 0.02 10
0 0.0225 10
0 0.025 10
0 0.0275 10
0 0.03 10
10355.8 0.0325 10
50682.6 0.035 10
51859.4 0.0375 10
189847 0.04 10
126354 0.0425 10
287276 0.045 10
383624 0.0475 10
629066 0.05 10
691819 0.0525 10
666673 0.055 10
578372 0.0575 10
418277 0.06 10
329055 0.0625 10
132382 0.065 10
36235.7 0.0675 10
40306.5 0.07 10
219703 0.0725 10
516326 0.075 10
891828 0.0775 10
1.10258e+06 0.08 10
1.16614e+06 0.0825 10
897789 0.085 10
575012 0.0875 10
202258 0.09 10
80373.4 0.0925 10
262039 0.095 10
776464 0.0975 10
1.48702e+06 0.1 10
2.07195e+06 0.1025 10
2.55402e+06 0.105 10
2.81586e+06 0.1075 10
2.78198e+06 0.11 10
2.60093e+06 0.1125 10
2.43301e+06 0.115 10
2.33241e+06 0.1175 10
2.2944e+06 0.12 10
2.22659e+06 0.1225 10
2.00038e+06 0.125 10
1.66484e+06 0.1275 10
1.23386e+06 0.13 10
847973 0.1325 10
573211 0.135 10
422846 0.1375 10
359523 0.14 10
512841 0.1425 10
751004 0.145 10
961645 0.1475 10
1.21559e+06 0.15 10
1.39507e+06 0.1525 10
1.55877e+06 0.155 10
1.82264e+06 0.1575 10
2.08285e+06 0.16 10
2.30296e+06 0.1625 10
2.26643e+06 0.165 10
1.92812e+06 0.1675 10
1.40421e+06 0.17 10
820806 0.1725 10
528666 0.175 10
692874 0.1775 10
1.33787e+06 0.18 10
2.40152e+06 0.1825 10
3.50707e+06 0.185 10
4.16141e+06 0.1875 10
4.24099e+06 0.19 10
3.60963e+06 0.1925 10
2.62909e+06 0.195 10
1.79177e+06 0.1975 10
1.42681e+06 0.2 10
1.68818e+06 0.2025 10
2.49377e+06 0.205 10
3.38917e+06 0.2075 10
4.01435e+06 0.21 10
4.1012e+06 0.2125 10
3.50945e+06 0.215 10
2.50247e+06 0.2175 10
1.62575e+06 0.22 10
1.19503e+06 0.2225 10
1.10318e+06 0.225 10
1.32379e+06 0.2275 10
1.59564e+06 0.23 10
1.72598e+06 0.2325 10
1.65904e+06 0.235 10
1.41847e+06 0.2375 10
1.20544e+06 0.24 10
1.03748e+06 0.2425 10
1.07247e+06 0.245 10
1.00516e+06 0.2475 10
941396 0.25 10
921929 0.2525 10
817319 0.255 10
773340 0.2575 10
860230 0.26 10
1.018e+06 0.2625 10
1.22107e+06 0.265 10
1.39665e+06 0.2675 10
1.47115e+06 0.27 10
1.41287e+06 0.2725 10
1.38035e+06 0.275 10
1.23803e+06 0.2775 10
1.06621e+06 0.28 10
1.0154e+06 0.2825 10
930085 0.285 10
814722 0.2875 10
163149 0.01 11
523577 0.0125 11
1.1329e+06 0.015 11
2.18233e+06 0.0175 11
3.58918e+06 0.02 11
5.05309e+06 0.0225 11
6.25429e+06 0.025 11
6.87248e+06 0.0275 11
6.74559e+06 0.03 11
5.95001e+06 0.0325 11
4.78472e+06 0.035 11
3.66599e+06 0.0375 11
2.98144e+06 0.04 11
2.96656e+06 0.0425 11
3.64851e+06 0.045 11
4.86461e+06 0.0475 11
6.33052e+06 0.05 11
7.72196e+06 0.0525 11
8.74423e+06 0.055 11
9.18287e+06 0.0575 11
8.93975e+06 0.06 11
8.05537e+06 0.0625 11
6.70708e+06 0.065 11
5.16921e+06 0.0675 11
3.73382e+06 0.07 11
2.6151e+06 0.0725 11
1.87974e+06 0.075 11
1.44254e+06 0.0775 11
1.13623e+06 0.08 11
822630 0.0825 11
483409 0.085 11
234959 0.0875 11
252632 0.09 11
644176 0.0925 11
1.34723e+06 0.095 11
2.11808e+06 0.0975 11
2.63004e+06 0.1 11
2.63591e+06 0.1025 11
2.10786e+06 0.105 11
1.27435e+06 0.1075 11
525737 0.11 11
230945 0.1125 11
556247 0.115 11
1.37874e+06 0.1175 11
2.33946e+06 0.12 11
3.01033e+06 0.1225 11
3.09279e+06 0.125 11
2.55215e+06 0.1275 11
1.6238e+06 0.13 11
693275 0.1325 11
115033 0.135 11
60274.1 0.1375 11
477130 0.14 11
1.10135e+06 0.1425 11
1.62866e+06 0.145 11
1.88511e+06 0.1475 11
1.95017e+06 0.15 11
1.975e+06 0.1525 11
2.0652e+06 0.155 11
2.30807e+06 0.1575 11
2.49223e+06 0.16 11
2.66683e+06 0.1625 11
2.62031e+06 0.165 11
2.37956e+06 0.1675 11
2.04779e+06 0.17 11
1.9817e+06 0.1725 11
2.34799e+06 0.175 11
2.83415e+06 0.1775 11
3.93283e+06 0.18 11
4.63371e+06 0.1825 11
4.52831e+06 0.185 11
3.94461e+06 0.1875 11
2.89431e+06 0.19 11
1.92309e+06 0.1925 11
1.5069e+06 0.195 11
1.9639e+06 0.1975 11
2.7884e+06 0.2 11
3.58846e+06 0.2025 11
4.04577e+06 0.205 11
3.72985e+06 0.2075 11
3.24757e+06 0.21 11
2.32564e+06 0.2125 11
1.78725e+06 0.215 11
1.57094e+06 0.2175 11
1.67621e+06 0.22 11
1.95567e+06 0.2225 11
1.91284e+06 0.225 11
1.61158e+06 0.2275 11
1.21671e+06 0.23 11
852795 0.2325 11
754864 0.235 11
895481 0.2375 11
1.13973e+06 0.24 11
1.3005e+06 0.2425 11
1.29975e+06 0.245 11
1.1329e+06 0.2475 11
946365 0.25 11
935255 0.2525 11
1.02403e+06 0.255 11
1.30665e+06 0.2575 11
1.56526e+06 0.26 11
1.66608e+06 0.2625 11
1.49897e+06 0.265 11
1.24634e+06 0.2675 11
946514 0.27 11
785529 0.2725 11
703089 0.275 11
751577 0.2775 11
844661 0.28 11
883287 0.2825 11
3.53037e+06 0.01 12
6.85027e+06 0.0125 12
1.0667e+07 0.015 12
1.39687e+07 0.0175 12
1.578e+07 0.02 12
1.55924e+07 0.0225 12
1.35785e+07 0.025 12
1.04859e+07 0.0275 12
7.28242e+06 0.03 12
4.74611e+06 0.0325 12
3.2028e+06 0.035 12
2.51866e+06 0.0375 12
2.30937e+06 0.04 12
2.2231e+06 0.0425 12
2.13724e+06 0.045 12
2.1798e+06 0.0475 12
2.59296e+06 0.05 12
3.53767e+06 0.0525 12
4.95438e+06 0.055 12
6.54849e+06 0.0575 12
7.89547e+06 0.06 12
8.6027e+06 0.0625 12
8.44926e+06 0.065 12
7.44975e+06 0.0675 12
5.83138e+06 0.07 12
3.95029e+06 0.0725 12
2.1872e+06 0.075 12
856197 0.0775 12
144160 0.08 12
84822.3 0.0825 12
564962 0.085 12
1.35937e+06 0.0875 12
2.18973e+06 0.09 12
2.79729e+06 0.0925 12
3.01182e+06 0.095 12
2.79523e+06 0.0975 12
2.24292e+06 0.1 12
1.53966e+06 0.1025 12
885663 0.105 12
422293 0.1075 12
189069 0.11 12
129738 0.1125 12
141923 0.115 12
142622 0.1175 12
113356 0.12 12
99987.5 0.1225 12
168458 0.125 12
344945 0.1275 12
580584 0.13 12
768140 0.1325 12
806548 0.135 12
675064 0.1375 12
461768 0.14 12
349013 0.1425 12
507449 0.145 12
918734 0.1475 12
1.50394e+06 0.15 12
1.95853e+06 0.1525 12
2.08529e+06 0.155 12
1.87612e+06 0.1575 12
1.47633e+06 0.16 12
1.02956e+06 0.1625 12
955150 0.165 12
1.23971e+06 0.1675 12
1.65371e+06 0.17 12
2.03105e+06 0.1725 12
2.53849e+06 0.175 12
2.41699e+06 0.1775 12
2.40554e+06 0.18 12
2.46536e+06 0.1825 12
2.74398e+06 0.185 12
3.42959e+06 0.1875 12
4.26223e+06 0.19 12
4.45095e+06 0.1925 12
4.32882e+06 0.195 12
3.65024e+06 0.1975 12
2.78475e+06 0.2 12
2.14626e+06 0.2025 12
1.95889e+06 0.205 12
2.37587e+06 0.2075 12
3.23844e+06 0.21 12
3.79192e+06 0.2125 12
3.83694e+06 0.215 12
3.5887e+06 0.2175 12
2.88145e+06 0.22 12
2.04244e+06 0.2225 12
1.66943e+06 0.225 12
1.58209e+06 0.2275 12
1.68577e+06 0.23 12
1.7476e+06 0.2325 12
1.46729e+06 0.235 12
1.03344e+06 0.2375 12
659768 0.24 12
482985 0.2425 12
676998 0.245 12
1.15264e+06 0.2475 12
1.59639e+06 0.25 12
1.78743e+06 0.2525 12
1.64875e+06 0.255 12
1.22178e+06 0.2575 12
758667 0.26 12
449742 0.2625 12
440415 0.265 12
674989 0.2675 12
971698 0.27 12
1.17947e+06 0.2725 12
1.18085e+06 0.275 12
0 0.01 13
0 0.0125 13
0 0.015 13
0 0.0175 13
0 0.02 13
0 0.0225 13
0 0.025 13
4771.55 0.0275 13
77851.4 0.03 13
179609 0.0325 13
722947 0.035 13
1.0601e+06 0.0375 13
1.6312e+06 0.04 13
2.60767e+06 0.0425 13
3.30029e+06 0.045 13
3.87453e+06 0.0475 13
4.60542e+06 0.05 13
4.71647e+06 0.0525 13
4.70223e+06 0.055 13
4.08635e+06 0.0575 13
4.09687e+06 0.06 13
4.00227e+06 0.0625 13
3.98878e+06 0.065 13
4.43577e+06 0.0675 13
4.86174e+06 0.07 13
4.62026e+06 0.0725 13
4.57432e+06 0.075 13
4.05137e+06 0.0775 13
3.36963e+06 0.08 13
2.56292e+06 0.0825 13
1.91655e+06 0.085 13
1.26413e+06 0.0875 13
757628 0.09 13
472687 0.0925 13
260705 0.095 13
125144 0.0975 13
44562.4 0.1 13
7075.47 0.1025 13
710.527 0.105 13
10954 0.1075 13
29094.3 0.11 13
54501.1 0.1125 13
134539 0.115 13
203211 0.1175 13
332398 0.12 13
425818 0.1225 13
448232 0.125 13
455300 0.1275 13
394256 0.13 13
343168 0.1325 13
292231 0.135 13
315505 0.1375 13
456050 0.14 13
551827 0.1425 13
808464 0.145 13
910993 0.1475 13
1.03663e+06 0.15 13
1.12644e+06 0.1525 13
1.26426e+06 0.155 13
1.29094e+06 0.1575 13
1.22968e+06 0.16 13
1.24072e+06 0.1625 13
1.12102e+06 0.165 13
1.06941e+06 0.1675 13
1.21386e+06 0.17 13
1.42876e+06 0.1725 13
1.71903e+06 0.175 13
2.07508e+06 0.1775 13
2.36056e+06 0.18 13
2.4965e+06 0.1825 13
2.80427e+06 0.185 13
3.38529e+06 0.1875 13
3.83021e+06 0.19 13
4.20507e+06 0.1925 13
4.36031e+06 0.195 13
4.1812e+06 0.1975 13
3.64487e+06 0.2 13
2.61893e+06 0.2025 13
1.61122e+06 0.205 13
945869 0.2075 13
737153 0.21 13
1.03321e+06 0.2125 13
1.56549e+06 0.215 13
1.96466e+06 0.2175 13
2.00569e+06 0.22 13
1.66091e+06 0.2225 13
1.11916e+06 0.225 13
884192 0.2275 13
1.06387e+06 0.23 13
1.74553e+06 0.2325 13
2.60595e+06 0.235 13
3.27465e+06 0.2375 13
3.49641e+06 0.24 13
3.21352e+06 0.2425 13
2.61836e+06 0.245 13
1.90467e+06 0.2475 13
1.49216e+06 0.25 13
1.33961e+06 0.2525 13
1.44411e+06 0.255 13
1.52827e+06 0.2575 13
1.37827e+06 0.26 13
1.13485e+06 0.2625 13
798019 0.265 13
456764 0.2675 13
0 0.02 14
0 0.0225 14
0 0.025 14
0 0.0275 14
0 0.03 14
0 0.0325 14
0 0.035 14
0 0.0375 14
0 0.04 14
0 0.0425 14
0 0.045 14
0 0.0475 14
0 0.05 14
0 0.0525 14
12955.6 0.055 14
116222 0.0575 14
348576 0.06 14
552242 0.0625 14
787860 0.065 14
1.18955e+06 0.0675 14
1.80799e+06 0.07 14
1.93965e+06 0.0725 14
2.13487e+06 0.075 14
2.28124e+06 0.0775 14
2.13762e+06 0.08 14
1.9817e+06 0.0825 14
1.9348e+06 0.085 14
1.69986e+06 0.0875 14
1.94675e+06 0.09 14
2.41121e+06 0.0925 14
2.73908e+06 0.095 14
3.27862e+06 0.0975 14
4.01788e+06 0.1 14
4.19256e+06 0.1025 14
4.01824e+06 0.105 14
3.55353e+06 0.1075 14
2.9702e+06 0.11 14
2.17424e+06 0.1125 14
1.43695e+06 0.115 14
990302 0.1175 14
837912 0.12 14
994805 0.1225 14
1.05782e+06 0.125 14
1.10964e+06 0.1275 14
1.072e+06 0.13 14
660327 0.1325 14
441462 0.135 14
443498 0.1375 14
700658 0.14 14
1.35709e+06 0.1425 14
2.17899e+06 0.145 14
3.09084e+06 0.1475 14
4.07366e+06 0.15 14
4.67019e+06 0.1525 14
5.06193e+06 0.155 14
5.28076e+06 0.1575 14
5.18669e+06 0.16 14
4.72125e+06 0.1625 14
4.13425e+06 0.165 14
3.44971e+06 0.1675 14
2.64782e+06 0.17 14
2.05214e+06 0.1725 14
1.66974e+06 0.175 14
1.50476e+06 0.1775 14
1.44615e+06 0.18 14
1.49938e+06 0.1825 14
1.56795e+06 0.185 14
1.66763e+06 0.1875 14
1.68049e+06 0.19 14
1.76528e+06 0.1925 14
1.83618e+06 0.195 14
1.94623e+06 0.1975 14
1.96627e+06 0.2 14
1.94777e+06 0.2025 14
1.85379e+06 0.205 14
1.79339e+06 0.2075 14
1.76482e+06 0.21 14
1.85305e+06 0.2125 14
1.9854e+06 0.215 14
2.04623e+06 0.2175 14
1.99246e+06 0.22 14
1.75276e+06 0.2225 14
1.31387e+06 0.225 14
816716 0.2275 14
453096 0.23 14
370543 0.2325 14
565184 0.235 14
900298 0.2375 14
1.21237e+06 0.24 14
1.32985e+06 0.2425 14
1.19212e+06 0.245 14
873253 0.2475 14
536101 0.25 14
322832 0.2525 14
293267 0.255 14
458593 0.2575 14
0 0.0125 15
0 0.015 15
0 0.0175 15
0 0.02 15
0 0.0225 15
0 0.025 15
0 0.0275 15
0 0.03 15
0 0.0325 15
0 0.035 15
0 0.0375 15
0 0.04 15
0 0.0425 15
0 0.045 15
0 0.0475 15
0 0.05 15
0 0.0525 15
12100.7 0.055 15
45019.8 0.0575 15
68389 0.06 15
202606 0.0625 15
273716 0.065 15
437226 0.0675 15
407963 0.07 15
482508 0.0725 15
672110 0.075 15
703869 0.0775 15
779515 0.08 15
758288 0.0825 15
856179 0.085 15
1.06341e+06 0.0875 15
1.1722e+06 0.09 15
1.35631e+06 0.0925 15
1.34865e+06 0.095 15
1.59355e+06 0.0975 15
1.81729e+06 0.1 15
1.74716e+06 0.1025 15
2.1916e+06 0.105 15
2.23935e+06 0.1075 15
2.39212e+06 0.11 15
2.84118e+06 0.1125 15
3.35473e+06 0.115 15
3.89625e+06 0.1175 15
4.8362e+06 0.12 15
5.38631e+06 0.1225 15
5.89382e+06 0.125 15
6.14854e+06 0.1275 15
6.2472e+06 0.13 15
6.46733e+06 0.1325 15
5.98681e+06 0.135 15
5.16934e+06 0.1375 15
4.26358e+06 0.14 15
3.23937e+06 0.1425 15
2.07321e+06 0.145 15
1.2196e+06 0.1475 15
603410 0.15 15
170353 0.1525 15
49822.3 0.155 15
182381 0.1575 15
427856 0.16 15
828784 0.1625 15
1.08266e+06 0.165 15
1.36745e+06 0.1675 15
1.63543e+06 0.17 15
1.94439e+06 0.1725 15
2.25524e+06 0.175 15
2.52591e+06 0.1775 15
2.59312e+06 0.18 15
2.4688e+06 0.1825 15
2.09634e+06 0.185 15
1.63313e+06 0.1875 15
1.10711e+06 0.19 15
658558 0.1925 15
324405 0.195 15
169017 0.1975 15
158382 0.2 15
236438 0.2025 15
356266 0.205 15
435237 0.2075 15
492898 0.21 15
600186 0.2125 15
706459 0.215 15
825552 0.2175 15
934671 0.22 15
1.03159e+06 0.2225 15
945877 0.225 15
826634 0.2275 15
696635 0.23 15
581204 0.2325 15
592045 0.235 15
748915 0.2375 15
949727 0.24 15
1.13022e+06 0.2425 15
1.20743e+06 0.245 15
1.15923e+06 0.2475 15
0 0.0025 16
0 0.005 16
0 0.0075 16
0 0.01 16
0 0.0125 16
0 0.015 16
0 0.0175 16
0 0.02 16
0 0.0225 16
0 0.025 16
8620.39 0.0275 16
38900.9 0.03 16
211095 0.0325 16
282460 0.035 16
421224 0.0375 16
642063 0.04 16
798858 0.0425 16
760547 0.045 16
747809 0.0475 16
690379 0.05 16
533257 0.0525 16
445896 0.055 16
528322 0.0575 16
848621 0.06 16
1.46214e+06 0.0625 16
2.25448e+06 0.065 16
3.21362e+06 0.0675 16
3.85871e+06 0.07 16
4.33768e+06 0.0725 16
4.3598e+06 0.075 16
4.09397e+06 0.0775 16
3.71782e+06 0.08 16
3.23967e+06 0.0825 16
2.75845e+06 0.085 16
2.36781e+06 0.0875 16
2.03325e+06 0.09 16
1.58522e+06 0.0925 16
1.12796e+06 0.095 16
665401 0.0975 16
313929 0.1 16
188812 0.1025 16
334215 0.105 16
694321 0.1075 16
1.10998e+06 0.11 16
1.45363e+06 0.1125 16
1.58398e+06 0.115 16
1.57796e+06 0.1175 16
1.43987e+06 0.12 16
1.24796e+06 0.1225 16
946318 0.125 16
825617 0.1275 16
922802 0.13 16
1.02817e+06 0.1325 16
1.01885e+06 0.135 16
1.01495e+06 0.1375 16
1.2078e+06 0.14 16
1.32901e+06 0.1425 16
1.58631e+06 0.145 16
1.95688e+06 0.1475 16
2.50745e+06 0.15 16
2.99403e+06 0.1525 16
3.34806e+06 0.155 16
3.65072e+06 0.1575 16
3.76595e+06 0.16 16
3.56969e+06 0.1625 16
3.25023e+06 0.165 16
2.68228e+06 0.1675 16
2.1386e+06 0.17 16
1.62192e+06 0.1725 16
1.17265e+06 0.175 16
897059 0.1775 16
634127 0.18 16
501019 0.1825 16
477287 0.185 16
544312 0.1875 16
601418 0.19 16
640170 0.1925 16
616900 0.195 16
539069 0.1975 16
502635 0.2 16
499697 0.2025 16
528836 0.205 16
683949 0.2075 16
889444 0.21 16
1.08993e+06 0.2125 16
1.32054e+06 0.215 16
1.41117e+06 0.2175 16
1.4904e+06 0.22 16
1.32334e+06 0.2225 16
1.15419e+06 0.225 16
971328 0.2275 16
840562 0.23 16
712084 0.2325 16
631054 0.235 16
615851 0.2375 16
3794.51 0.0025 17
54861 0.005 17
234202 0.0075 17
581211 0.01 17
1.03493e+06 0.0125 17
1.4516e+06 0.015 17
1.69099e+06 0.0175 17
1.7075e+06 0.02 17
1.57424e+06 0.0225 17
1.41777e+06 0.025 17
1.31316e+06 0.0275 17
1.22742e+06 0.03 17
1.07026e+06 0.0325 17
829890 0.035 17
694600 0.0375 17
1.04848e+06 0.04 17
2.30004e+06 0.0425 17
4.61621e+06 0.045 17
7.71672e+06 0.0475 17
1.08739e+07 0.05 17
1.31576e+07 0.0525 17
1.3823e+07 0.055 17
1.26469e+07 0.0575 17
1.00349e+07 0.06 17
6.84287e+06 0.0625 17
4.00367e+06 0.065 17
2.15364e+06 0.0675 17
1.43577e+06 0.07 17
1.55239e+06 0.0725 17
2.00322e+06 0.075 17
2.35909e+06 0.0775 17
2.42905e+06 0.08 17
2.26194e+06 0.0825 17
2.02436e+06 0.085 17
1.85527e+06 0.0875 17
1.78613e+06 0.09 17
1.7547e+06 0.0925 17
1.6767e+06 0.095 17
1.51235e+06 0.0975 17
1.28473e+06 0.1 17
1.05001e+06 0.1025 17
853775 0.105 17
709457 0.1075 17
610316 0.11 17
556733 0.1125 17
569842 0.115 17
676523 0.1175 17
876676 0.12 17
1.12046e+06 0.1225 17
1.31795e+06 0.125 17
1.38055e+06 0.1275 17
1.26961e+06 0.13 17
1.02078e+06 0.1325 17
732900 0.135 17
494797 0.1375 17
389960 0.14 17
394967 0.1425 17
517188 0.145 17
556600 0.1475 17
607702 0.15 17
590055 0.1525 17
511309 0.155 17
511689 0.1575 17
468646 0.16 17
563475 0.1625 17
618280 0.165 17
675976 0.1675 17
567688 0.17 17
516295 0.1725 17
534027 0.175 17
509524 0.1775 17
502877 0.18 17
505165 0.1825 17
501586 0.185 17
478502 0.1875 17
528852 0.19 17
573356 0.1925 17
683115 0.195 17
854279 0.1975 17
981471 0.2 17
967926 0.2025 17
858913 0.205 17
754683 0.2075 17
585391 0.21 17
399505 0.2125 17
274264 0.215 17
211094 0.2175 17
231379 0.22 17
263137 0.2225 17
325147 0.225 17
0 0.0025 18
0 0.005 18
16711 0.0075 18
109023 0.01 18
286842 0.0125 18
646393 0.015 18
1.10213e+06 0.0175 18
1.65386e+06 0.02 18
2.11217e+06 0.0225 18
2.34952e+06 0.025 18
2.33802e+06 0.0275 18
2.18873e+06 0.03 18
2.1082e+06 0.0325 18
2.29054e+06 0.035 18
2.80531e+06 0.0375 18
3.55057e+06 0.04 18
4.30394e+06 0.0425 18
4.84413e+06 0.045 18
5.06945e+06 0.0475 18
5.03985e+06 0.05 18
4.9162e+06 0.0525 18
4.83682e+06 0.055 18
4.81204e+06 0.0575 18
4.70755e+06 0.06 18
4.33107e+06 0.0625 18
3.57024e+06 0.065 18
2.49526e+06 0.0675 18
1.35913e+06 0.07 18
489795 0.0725 18
132542 0.075 18
330138 0.0775 18
904806 0.08 18
1.54756e+06 0.0825 18
1.9625e+06 0.085 18
1.98975e+06 0.0875 18
1.65074e+06 0.09 18
1.10686e+06 0.0925 18
566886 0.095 18
195791 0.0975 18
64011.5 0.1 18
146268 0.1025 18
353834 0.105 18
576488 0.1075 18
718285 0.11 18
723028 0.1125 18
590239 0.115 18
379089 0.1175 18
193545 0.12 18
145505 0.1225 18
305038 0.125 18
660281 0.1275 18
1.1141e+06 0.13 18
1.50531e+06 0.1325 18
1.70383e+06 0.135 18
1.63947e+06 0.1375 18
1.37453e+06 0.14 18
1.03447e+06 0.1425 18
764051 0.145 18
618642 0.1475 18
629526 0.15 18
686553 0.1525 18
730803 0.155 18
672801 0.1575 18
540793 0.16 18
357594 0.1625 18
223533 0.165 18
136588 0.1675 18
148475 0.17 18
202093 0.1725 18
267014 0.175 18
254267 0.1775 18
245760 0.18 18
241807 0.1825 18
237614 0.185 18
241465 0.1875 18
279308 0.19 18
274472 0.1925 18
328669 0.195 18
298455 0.1975 18
337053 0.2 18
343623 0.2025 18
301146 0.205 18
271434 0.2075 18
253090 0.21 18
220802 0.2125 18
0 0.0025 19
0 0.005 19
0 0.0075 19
0 0.01 19
0 0.0125 19
0 0.015 19
0 0.0175 19
0 0.02 19
0 0.0225 19
0 0.025 19
0 0.0275 19
0 0.03 19
420.474 0.0325 19
41704.2 0.035 19
45368.1 0.0375 19
155926 0.04 19
235231 0.0425 19
372536 0.045 19
794028 0.0475 19
1.21641e+06 0.05 19
1.4465e+06 0.0525 19
1.69864e+06 0.055 19
2.04912e+06 0.0575 19
2.17557e+06 0.06 19
2.11277e+06 0.0625 19
1.99149e+06 0.065 19
1.67324e+06 0.0675 19
1.64557e+06 0.07 19
1.59796e+06 0.0725 19
1.70097e+06 0.075 19
1.87604e+06 0.0775 19
2.04022e+06 0.08 19
1.981e+06 0.0825 19
1.78591e+06 0.085 19
1.60469e+06 0.0875 19
1.3815e+06 0.09 19
1.23705e+06 0.0925 19
1.29581e+06 0.095 19
1.47536e+06 0.0975 19
1.87303e+06 0.1 19
2.12443e+06 0.1025 19
2.39326e+06 0.105 19
2.48552e+06 0.1075 19
2.32958e+06 0.11 19
2.07184e+06 0.1125 19
1.70004e+06 0.115 19
1.27962e+06 0.1175 19
994518 0.12 19
785633 0.1225 19
782033 0.125 19
902337 0.1275 19
1.06444e+06 0.13 19
1.21847e+06 0.1325 19
1.30332e+06 0.135 19
1.30484e+06 0.1375 19
1.21048e+06 0.14 19
969897 0.1425 19
728268 0.145 19
457726 0.1475 19
297023 0.15 19
154876 0.1525 19
85477.8 0.155 19
20997.7 0.1575 19
15385.4 0.16 19
50954.7 0.1625 19
127531 0.165 19
268830 0.1675 19
399074 0.17 19
525437 0.1725 19
520004 0.175 19
454018 0.1775 19
322468 0.18 19
182860 0.1825 19
110714 0.185 19
111743 0.1875 19
164160 0.19 19
252495 0.1925 19
341075 0.195 19
376556 0.1975 19
0 0.0025 20
0 0.005 20
0 0.0075 20
0 0.01 20
0 0.0125 20
0 0.015 20
0 0.0175 20
0 0.02 20
0 0.0225 20
0 0.025 20
0 0.0275 20
0 0.03 20
0 0.0325 20
0 0.035 20
0 0.0375 20
0 0.04 20
0 0.0425 20
0 0.045 20
0 0.0475 20
0 0.05 20
0 0.0525 20
0 0.055 20
0 0.0575 20
76.0055 0.06 20
145.375 0.0625 20
33145 0.065 20
29483.8 0.0675 20
63761.2 0.07 20
150296 0.0725 20
198500 0.075 20
274711 0.0775 20
425985 0.08 20
499247 0.0825 20
701085 0.085 20
865246 0.0875 20
950989 0.09 20
1.19538e+06 0.0925 20
1.11981e+06 0.095 20
1.11512e+06 0.0975 20
1.11994e+06 0.1 20
1.10189e+06 0.1025 20
1.16966e+06 0.105 20
1.23583e+06 0.1075 20
1.27941e+06 0.11 20
1.37553e+06 0.1125 20
1.40941e+06 0.115 20
1.33495e+06 0.1175 20
1.24851e+06 0.12 20
1.00335e+06 0.1225 20
738367 0.125 20
501827 0.1275 20
281896 0.13 20
179297 0.1325 20
178400 0.135 20
303262 0.1375 20
431499 0.14 20
459575 0.1425 20
587408 0.145 20
711163 0.1475 20
789913 0.15 20
916044 0.1525 20
1.00928e+06 0.155 20
1.04312e+06 0.1575 20
1.09784e+06 0.16 20
1.14482e+06 0.1625 20
1.0705e+06 0.165 20
925591 0.1675 20
633336 0.17 20
374585 0.1725 20
188517 0.175 20
63434.9 0.1775 20
0 0.0025 21
0 0.005 21
0 0.0075 21
0 0.01 21
0 0.0125 21
0 0.015 21
0 0.0175 21
0 0.02 21
0 0.0225 21
0 0.025 21
0 0.0275 21
0 0.03 21
0 0.0325 21
0 0.035 21
0 0.0375 21
0 0.04 21
0 0.0425 21
0 0.045 21
0 0.0475 21
19947.7 0.05 21
38297.8 0.0525 21
31422.8 0.055 21
92320.5 0.0575 21
160511 0.06 21
267076 0.0625 21
335194 0.065 21
408631 0.0675 21
513397 0.07 21
574911 0.0725 21
517072 0.075 21
612294 0.0775 21
553803 0.08 21
383961 0.0825 21
198023 0.085 21
98075 0.0875 21
41579 0.09 21
52459.4 0.0925 21
59088.3 0.095 21
73790.9 0.0975 21
65076.2 0.1 21
130471 0.1025 21
161366 0.105 21
240541 0.1075 21
262441 0.11 21
298615 0.1125 21
378196 0.115 21
492929 0.1175 21
634051 0.12 21
753121 0.1225 21
832345 0.125 21
874129 0.1275 21
773620 0.13 21
654023 0.1325 21
501689 0.135 21
364001 0.1375 21
335965 0.14 21
373296 0.1425 21
545454 0.145 21
721715 0.1475 21
901899 0.15 21
996519 0.1525 21
949275 0.155 21
811684 0.1575 21
605219 0.16 21
0 0.0025 22
0 0.005 22
0 0.0075 22
0 0.01 22
0 0.0125 22
0 0.015 22
0 0.0175 22
0 0.02 22
7109.97 0.0225 22
10927.5 0.025 22
39819.4 0.0275 22
70484.9 0.03 22
118710 0.0325 22
226425 0.035 22
291353 0.0375 22
316538 0.04 22
330607 0.0425 22
297929 0.045 22
221383 0.0475 22
140436 0.05 22
93856 0.0525 22
67029.2 0.055 22
75022 0.0575 22
141120 0.06 22
218443 0.0625 22
295953 0.065 22
353789 0.0675 22
394987 0.07 22
403097 0.0725 22
424359 0.075 22
444977 0.0775 22
467723 0.08 22
496242 0.0825 22
534196 0.085 22
581035 0.0875 22
627307 0.09 22
654364 0.0925 22
641175 0.095 22
575829 0.0975 22
464897 0.1 22
333812 0.1025 22
216643 0.105 22
140735 0.1075 22
115586 0.11 22
133346 0.1125 22
177649 0.115 22
236477 0.1175 22
312169 0.12 22
403886 0.1225 22
510906 0.125 22
613627 0.1275 22
679760 0.13 22
666911 0.1325 22
596781 0.135 22
430332 0.1375 22
56879.8 0.0025 23
218173 0.005 23
457268 0.0075 23
734286 0.01 23
1.00211e+06 0.0125 23
1.21423e+06 0.015 23
1.3342e+06 0.0175 23
1.34563e+06 0.02 23
1.25939e+06 0.0225 23
1.11356e+06 0.025 23
962812 0.0275 23
858875 0.03 23
829351 0.0325 23
865250 0.035 23
924892 0.0375 23
953641 0.04 23
910090 0.0425 23
785118 0.045 23
604077 0.0475 23
411914 0.05 23
250659 0.0525 23
142125 0.055 23
84180.4 0.0575 23
59825.6 0.06 23
50917.2 0.0625 23
47334.5 0.065 23
47560.2 0.0675 23
53564.7 0.07 23
66261 0.0725 23
85570.7 0.075 23
113779 0.0775 23
157192 0.08 23
222338 0.0825 23
308080 0.085 23
399728 0.0875 23
471260 0.09 23
496556 0.0925 23
463770 0.095 23
383682 0.0975 23
286018 0.1 23
205252 0.1025 23
