1996.44 0.0843 0
1765.56 0.0853 0
1482.65 0.0863 0
1173.72 0.0873 0
865.31 0.0883 0
581.881 0.0893 0
343.457 0.0903 0
163.98 0.0913 0
50.3761 0.0923 0
2.43412 0.0933 0
13.436 0.0943 0
71.4272 0.0953 0
160.941 0.0963 0
264.958 0.0973 0
366.878 0.0983 0
452.275 0.0993 0
510.284 0.1003 0
534.479 0.1013 0
523.187 0.1023 0
479.266 0.1033 0
409.388 0.1043 0
322.964 0.1053 0
230.848 0.1063 0
143.986 0.1073 0
72.154 0.1083 0
22.9311 0.1093 0
0.986541 0.1103 0
7.74623 0.1113 0
41.4395 0.1123 0
97.4919 0.1133 0
169.193 0.1143 0
248.548 0.1153 0
327.195 0.1163 0
397.301 0.1173 0
452.325 0.1183 0
487.587 0.1193 0
500.595 0.1203 0
491.121 0.1213 0
461.033 0.1223 0
413.934 0.1233 0
354.649 0.1243 0
288.648 0.1253 0
221.456 0.1263 0
158.115 0.1273 0
102.761 0.1283 0
58.3301 0.1293 0
26.4264 0.1303 0
7.3324 0.1313 0
0.15534 0.1323 0
3.1649 0.1333 0
13.8596 0.1343 0
29.356 0.1353 0
46.7831 0.1363 0
64.431 0.1373 0
79.8728 0.1383 0
90.7978 0.1393 0
97.9559 0.1403 0
100.776 0.1413 0
99.2156 0.1423 0
92.8616 0.1433 0
86.8946 0.1443 0
80.4928 0.1453 0
70.2396 0.1463 0
59.2579 0.1473 0
49.1417 0.1483 0
41.1892 0.1493 0
32.6899 0.1503 0
27.1833 0.1513 0
23.0233 0.1523 0
21.9177 0.1533 0
23.3769 0.1543 0
23.5894 0.1553 0
23.8845 0.1563 0
27.687 0.1573 0
31.219 0.1583 0
35.1145 0.1593 0
38.3803 0.1603 0
45.2964 0.1613 0
52.6349 0.1623 0
60.2937 0.1633 0
65.1172 0.1643 0
66.6473 0.1653 0
73.9304 0.1663 0
80.435 0.1673 0
87.8399 0.1683 0
90.565 0.1693 0
93.1167 0.1703 0
95.7311 0.1713 0
93.3241 0.1723 0
95.1373 0.1733 0
91.8426 0.1743 0
85.6553 0.1753 0
75.3059 0.1763 0
65.8917 0.1773 0
57.198 0.1783 0
46.3209 0.1793 0
37.5755 0.1803 0
30.9184 0.1813 0
24.2744 0.1823 0
13.5932 0.1833 0
11.1296 0.1843 0
5.56131 0.1853 0
5.0837 0.1863 0
5.86196 0.1873 0
8.76129 0.1883 0
11.0917 0.1893 0
15.0149 0.1903 0
19.3245 0.1913 0
25.5052 0.1923 0
32.2432 0.1933 0
39.4769 0.1943 0
47.9161 0.1953 0
55.5273 0.1963 0
62.1714 0.1973 0
69.4082 0.1983 0
76.4497 0.1993 0
81.3698 0.2003 0
85.2624 0.2013 0
92.3168 0.2023 0
97.4188 0.2033 0
103.865 0.2043 0
107.777 0.2053 0
110.771 0.2063 0
112.73 0.2073 0
116.009 0.2083 0
112.412 0.2093 0
108.339 0.2103 0
112.584 0.2113 0
107.216 0.2123 0
100.678 0.2133 0
101.073 0.2143 0
96.8301 0.2153 0
89.4779 0.2163 0
85.631 0.2173 0
80.2963 0.2183 0
65.9678 0.2193 0
57.4887 0.2203 0
52.3656 0.2213 0
44.8293 0.2223 0
38.0724 0.2233 0
32.2671 0.2243 0
28.5399 0.2253 0
26.06 0.2263 0
24.9152 0.2273 0
22.1536 0.2283 0
24.3865 0.2293 0
26.6721 0.2303 0
28.5243 0.2313 0
29.4141 0.2323 0
30.2969 0.2333 0
31.7437 0.2343 0
34.3612 0.2353 0
36.1194 0.2363 0
37.4076 0.2373 0
38.0994 0.2383 0
38.9515 0.2393 0
38.2964 0.2403 0
38.2038 0.2413 0
36.6031 0.2423 0
33.99 0.2433 0
30.9558 0.2443 0
28.7417 0.2453 0
25.2176 0.2463 0
21.7735 0.2473 0
19.7766 0.2483 0
16.9084 0.2493 0
14.5994 0.2503 0
11.2551 0.2513 0
10.75 0.2523 0
10.3039 0.2533 0
11.5934 0.2543 0
14.6963 0.2553 0
18.3387 0.2563 0
21.0722 0.2573 0
24.0379 0.2583 0
25.375 0.2593 0
30.5062 0.2603 0
29.3794 0.2613 0
31.1535 0.2623 0
32.3008 0.2633 0
32.7285 0.2643 0
33.0693 0.2653 0
32.0648 0.2663 0
30.3212 0.2673 0
27.6141 0.2683 0
26.0407 0.2693 0
24.2296 0.2703 0
20.3503 0.2713 0
15.1911 0.2723 0
12.1058 0.2733 0
8.86395 0.2743 0
6.69215 0.2753 0
4.27104 0.2763 0
2.52469 0.2773 0
0.927901 0.2783 0
0.490189 0.2793 0
0.263112 0.2803 0
0.488939 0.2813 0
1.33559 0.2823 0
2.29593 0.2833 0
3.37575 0.2843 0
4.45835 0.2853 0
5.4392 0.2863 0
7.08573 0.2873 0
7.69291 0.2883 0
7.99586 0.2893 0
9.1448 0.2903 0
8.83854 0.2913 0
7.3862 0.2923 0
6.60173 0.2933 0
5.68196 0.2943 0
4.7041 0.2953 0
3.74547 0.2963 0
2.87782 0.2973 0
1.81365 0.2983 0
1.75107 0.2993 0
1.21324 0.3003 0
0.914906 0.3013 0
0.86226 0.3023 0
1.04779 0.3033 0
1.45277 0.3043 0
2.05028 0.3053 0
2.80847 0.3063 0
3.69383 0.3073 0
4.67413 0.3083 0
4.77198 0.3093 0
5.87933 0.3103 0
7.05695 0.3113 0
8.29861 0.3123 0
9.60393 0.3133 0
10.9773 0.3143 0
12.4265 0.3153 0
13.0124 0.3163 0
15.2811 0.3173 0
17.5284 0.3183 0
18.622 0.3193 0
20.8252 0.3203 0
23.1395 0.3213 0
25.5338 0.3223 0
27.9658 0.3233 0
30.3816 0.3243 0
32.7179 0.3253 0
34.9032 0.3263 0
35.246 0.3273 0
36.8046 0.3283 0
38.3394 0.3293 0
39.0199 0.3303 0
39.3591 0.3313 0
39.1941 0.3323 0
201.644 0.0833 1
180.976 0.0843 1
154.398 0.0853 1
147.708 0.0863 1
168.709 0.0873 1
200.609 0.0883 1
241.506 0.0893 1
306.227 0.0903 1
404.869 0.0913 1
496.83 0.0923 1
605.65 0.0933 1
704.934 0.0943 1
827.646 0.0953 1
969.095 0.0963 1
1081.89 0.0973 1
1222.73 0.0983 1
1329.26 0.0993 1
1422.94 0.1003 1
1507.15 0.1013 1
1539.67 0.1023 1
1546.07 0.1033 1
1558.16 0.1043 1
1519.55 0.1053 1
1474.2 0.1063 1
1415.62 0.1073 1
1342.77 0.1083 1
1251.11 0.1093 1
1149.37 0.1103 1
1036.03 0.1113 1
921.838 0.1123 1
818.801 0.1133 1
708.73 0.1143 1
646.685 0.1153 1
567.142 0.1163 1
492.262 0.1173 1
420.101 0.1183 1
370.31 0.1193 1
325.23 0.1203 1
289.973 0.1213 1
250.561 0.1223 1
235.962 0.1233 1
213.279 0.1243 1
195.733 0.1253 1
180.413 0.1263 1
169.759 0.1273 1
151.497 0.1283 1
136.562 0.1293 1
119.489 0.1303 1
99.5934 0.1313 1
87.4352 0.1323 1
73.5202 0.1333 1
60.4069 0.1343 1
51.9416 0.1353 1
46.9211 0.1363 1
44.2626 0.1373 1
41.0296 0.1383 1
34.1987 0.1393 1
36.6587 0.1403 1
36.4243 0.1413 1
40.6516 0.1423 1
50.5438 0.1433 1
55.7947 0.1443 1
60.7995 0.1453 1
72.1159 0.1463 1
77.9873 0.1473 1
86.0023 0.1483 1
88.0727 0.1493 1
90.7876 0.1503 1
94.9358 0.1513 1
88.505 0.1523 1
85.6872 0.1533 1
83.066 0.1543 1
81.0378 0.1553 1
77.8107 0.1563 1
75.3498 0.1573 1
74.1935 0.1583 1
71.2763 0.1593 1
66.7818 0.1603 1
65.9932 0.1613 1
59.9087 0.1623 1
57.4166 0.1633 1
51.9325 0.1643 1
48.3672 0.1653 1
44.7124 0.1663 1
40.3201 0.1673 1
36.9693 0.1683 1
33.6838 0.1693 1
30.5353 0.1703 1
27.6368 0.1713 1
25.1265 0.1723 1
23.2052 0.1733 1
21.5707 0.1743 1
20.768 0.1753 1
20.9219 0.1763 1
22.6086 0.1773 1
28.2277 0.1783 1
31.731 0.1793 1
36.4877 0.1803 1
41.9728 0.1813 1
47.9435 0.1823 1
55.33 0.1833 1
61.3879 0.1843 1
70.8067 0.1853 1
75.9048 0.1863 1
79.9881 0.1873 1
82.8754 0.1883 1
84.4699 0.1893 1
86.8028 0.1903 1
85.1957 0.1913 1
84.6338 0.1923 1
81.7863 0.1933 1
78.5135 0.1943 1
75.0662 0.1953 1
71.777 0.1963 1
68.9094 0.1973 1
66.24 0.1983 1
64.9159 0.1993 1
64.5582 0.2003 1
64.7891 0.2013 1
63.2753 0.2023 1
65.043 0.2033 1
67.4222 0.2043 1
69.8834 0.2053 1
71.5222 0.2063 1
72.7852 0.2073 1
73.7393 0.2083 1
75.4819 0.2093 1
77.931 0.2103 1
78.7393 0.2113 1
78.912 0.2123 1
78.6506 0.2133 1
79.1587 0.2143 1
79.852 0.2153 1
79.9007 0.2163 1
83.6081 0.2173 1
84.4267 0.2183 1
86.3919 0.2193 1
88.1063 0.2203 1
89.8602 0.2213 1
91.4599 0.2223 1
92.9255 0.2233 1
96.6732 0.2243 1
95.8094 0.2253 1
94.342 0.2263 1
92.5656 0.2273 1
90.9473 0.2283 1
85.7726 0.2293 1
77.4641 0.2303 1
71.3591 0.2313 1
65.0034 0.2323 1
59.6502 0.2333 1
54.7143 0.2343 1
50.1204 0.2353 1
45.4264 0.2363 1
45.0763 0.2373 1
44.037 0.2383 1
44.6775 0.2393 1
45.2327 0.2403 1
48.4458 0.2413 1
50.4862 0.2423 1
54.3739 0.2433 1
56.1563 0.2443 1
59.9447 0.2453 1
64.5959 0.2463 1
67.112 0.2473 1
67.7574 0.2483 1
68.5642 0.2493 1
68.5608 0.2503 1
65.2797 0.2513 1
62.3854 0.2523 1
60.4537 0.2533 1
58.4442 0.2543 1
55.2639 0.2553 1
52.079 0.2563 1
48.3933 0.2573 1
50.3925 0.2583 1
46.6065 0.2593 1
45.9113 0.2603 1
44.1793 0.2613 1
45.2644 0.2623 1
47.0704 0.2633 1
48.822 0.2643 1
55.6118 0.2653 1
59.5557 0.2663 1
65.2177 0.2673 1
68.9226 0.2683 1
73.1488 0.2693 1
80.9582 0.2703 1
84.7389 0.2713 1
87.9151 0.2723 1
92.5479 0.2733 1
92.979 0.2743 1
92.9729 0.2753 1
92.4658 0.2763 1
93.8757 0.2773 1
88.8612 0.2783 1
87.5467 0.2793 1
84.1501 0.2803 1
81.4799 0.2813 1
76.4293 0.2823 1
69.7759 0.2833 1
63.6784 0.2843 1
59.9325 0.2853 1
56.9542 0.2863 1
53.5982 0.2873 1
51.0367 0.2883 1
51.996 0.2893 1
50.6442 0.2903 1
48.8733 0.2913 1
48.2325 0.2923 1
48.2413 0.2933 1
48.4926 0.2943 1
49.5768 0.2953 1
48.8184 0.2963 1
49.8206 0.2973 1
49.3739 0.2983 1
49.2516 0.2993 1
49.7108 0.3003 1
48.9511 0.3013 1
48.7479 0.3023 1
46.913 0.3033 1
45.9871 0.3043 1
43.7408 0.3053 1
41.3366 0.3063 1
39.1788 0.3073 1
37.4386 0.3083 1
35.6116 0.3093 1
33.6819 0.3103 1
31.5719 0.3113 1
29.0669 0.3123 1
27.3333 0.3133 1
25.767 0.3143 1
23.9957 0.3153 1
23.3752 0.3163 1
21.9982 0.3173 1
20.4162 0.3183 1
19.9278 0.3193 1
19.5476 0.3203 1
19.9146 0.3213 1
20.7743 0.3223 1
22.2115 0.3233 1
23.3226 0.3243 1
24.9569 0.3253 1
26.4906 0.3263 1
28.4563 0.3273 1
29.7851 0.3283 1
30.8699 0.3293 1
30.2959 0.3303 1
30.3085 0.3313 1
29.4191 0.3323 1
500.703 0.0833 2
536.852 0.0843 2
573.331 0.0853 2
608.94 0.0863 2
642.357 0.0873 2
672.258 0.0883 2
697.467 0.0893 2
717.093 0.0903 2
730.651 0.0913 2
738.142 0.0923 2
740.095 0.0933 2
737.546 0.0943 2
731.957 0.0953 2
725.095 0.0963 2
718.854 0.0973 2
715.065 0.0983 2
715.292 0.0993 2
720.653 0.1003 2
731.668 0.1013 2
748.173 0.1023 2
769.294 0.1033 2
793.501 0.1043 2
818.727 0.1053 2
842.726 0.1063 2
863.193 0.1073 2
876.892 0.1083 2
881.887 0.1093 2
878.042 0.1103 2
863.62 0.1113 2
838.203 0.1123 2
805.156 0.1133 2
763.691 0.1143 2
717.721 0.1153 2
673.428 0.1163 2
631.223 0.1173 2
591.645 0.1183 2
557.186 0.1193 2
536.344 0.1203 2
526.587 0.1213 2
522.992 0.1223 2
540.849 0.1233 2
558.74 0.1243 2
584.455 0.1253 2
599.711 0.1263 2
619.757 0.1273 2
634.445 0.1283 2
645.71 0.1293 2
651.483 0.1303 2
650.936 0.1313 2
635.445 0.1323 2
609.232 0.1333 2
572.6 0.1343 2
544.345 0.1353 2
494.73 0.1363 2
437.95 0.1373 2
378.131 0.1383 2
325.266 0.1393 2
276.427 0.1403 2
225.795 0.1413 2
180.554 0.1423 2
141.096 0.1433 2
113.931 0.1443 2
94.7527 0.1453 2
84.4394 0.1463 2
70.2502 0.1473 2
61.1128 0.1483 2
58.331 0.1493 2
49.6137 0.1503 2
39.5722 0.1513 2
32.7571 0.1523 2
25.7282 0.1533 2
20.917 0.1543 2
14.669 0.1553 2
11.2189 0.1563 2
10.933 0.1573 2
11.9865 0.1583 2
15.8824 0.1593 2
22.8283 0.1603 2
32.219 0.1613 2
43.1713 0.1623 2
57.1128 0.1633 2
69.2251 0.1643 2
86.9802 0.1653 2
96.7489 0.1663 2
102.321 0.1673 2
112.403 0.1683 2
111.31 0.1693 2
114.372 0.1703 2
115.405 0.1713 2
115.205 0.1723 2
112.51 0.1733 2
112.942 0.1743 2
102.598 0.1753 2
87.0359 0.1763 2
77.7685 0.1773 2
72.3939 0.1783 2
69.3317 0.1793 2
63.1859 0.1803 2
56.5712 0.1813 2
50.2503 0.1823 2
48.5484 0.1833 2
41.2241 0.1843 2
40.7394 0.1853 2
45.184 0.1863 2
51.552 0.1873 2
52.2001 0.1883 2
55.368 0.1893 2
58.119 0.1903 2
62.7976 0.1913 2
66.4139 0.1923 2
70.469 0.1933 2
78.4704 0.1943 2
87.4932 0.1953 2
98.3283 0.1963 2
100.57 0.1973 2
105.145 0.1983 2
104.453 0.1993 2
108.705 0.2003 2
108.311 0.2013 2
106.773 0.2023 2
106.679 0.2033 2
106.221 0.2043 2
108.039 0.2053 2
107.208 0.2063 2
105.075 0.2073 2
96.333 0.2083 2
94.7746 0.2093 2
91.9906 0.2103 2
86.9181 0.2113 2
78.6667 0.2123 2
74.3994 0.2133 2
70.5907 0.2143 2
62.659 0.2153 2
56.031 0.2163 2
51.1538 0.2173 2
46.0968 0.2183 2
43.2263 0.2193 2
39.7457 0.2203 2
36.798 0.2213 2
33.5865 0.2223 2
29.1453 0.2233 2
28.2081 0.2243 2
28.04 0.2253 2
27.8816 0.2263 2
28.5168 0.2273 2
28.9864 0.2283 2
29.1442 0.2293 2
29.6698 0.2303 2
30.2341 0.2313 2
31.3694 0.2323 2
32.2214 0.2333 2
32.669 0.2343 2
33.8492 0.2353 2
34.6656 0.2363 2
33.9203 0.2373 2
35.1792 0.2383 2
36.7345 0.2393 2
39.1915 0.2403 2
40.6109 0.2413 2
43.3391 0.2423 2
45.6822 0.2433 2
47.1813 0.2443 2
50.2392 0.2453 2
51.7279 0.2463 2
54.4352 0.2473 2
56.7735 0.2483 2
57.0427 0.2493 2
55.4581 0.2503 2
54.2339 0.2513 2
52.1542 0.2523 2
53.98 0.2533 2
54.0165 0.2543 2
47.5244 0.2553 2
45.7501 0.2563 2
43.9962 0.2573 2
42.0045 0.2583 2
40.3621 0.2593 2
38.1078 0.2603 2
36.4013 0.2613 2
33.3131 0.2623 2
32.0372 0.2633 2
30.4334 0.2643 2
29.2404 0.2653 2
28.3919 0.2663 2
27.5805 0.2673 2
26.8096 0.2683 2
26.4424 0.2693 2
26.581 0.2703 2
27.5337 0.2713 2
26.7102 0.2723 2
28.8643 0.2733 2
29.7703 0.2743 2
28.4476 0.2753 2
29.875 0.2763 2
32.0569 0.2773 2
34.7198 0.2783 2
38.6933 0.2793 2
42.1157 0.2803 2
48.3774 0.2813 2
53.9788 0.2823 2
58.5777 0.2833 2
64.5998 0.2843 2
70.3642 0.2853 2
76.3493 0.2863 2
82.7926 0.2873 2
89.6049 0.2883 2
91.8601 0.2893 2
98.9859 0.2903 2
104.567 0.2913 2
108.063 0.2923 2
113.613 0.2933 2
117.146 0.2943 2
120.756 0.2953 2
125.349 0.2963 2
128.311 0.2973 2
125.777 0.2983 2
121.598 0.2993 2
119.502 0.3003 2
115.764 0.3013 2
109.898 0.3023 2
103.881 0.3033 2
98.1052 0.3043 2
90.98 0.3053 2
83.3012 0.3063 2
72.3463 0.3073 2
65.5453 0.3083 2
57.3023 0.3093 2
51.1883 0.3103 2
44.8575 0.3113 2
37.8157 0.3123 2
32.9437 0.3133 2
28.4459 0.3143 2
24.8593 0.3153 2
22.283 0.3163 2
20.4091 0.3173 2
20.2364 0.3183 2
19.1281 0.3193 2
19.7921 0.3203 2
20.083 0.3213 2
20.2159 0.3223 2
21.5885 0.3233 2
23.727 0.3243 2
26.3397 0.3253 2
28.2637 0.3263 2
30.323 0.3273 2
31.0931 0.3283 2
32.9798 0.3293 2
33.7453 0.3303 2
35.162 0.3313 2
35.9204 0.3323 2
1237.32 0.0833 3
1365.52 0.0843 3
1469.11 0.0853 3
1542.27 0.0863 3
1581.28 0.0873 3
1584.76 0.0883 3
1553.77 0.0893 3
1491.66 0.0903 3
1403.75 0.0913 3
1296.86 0.0923 3
1178.73 0.0933 3
1057.36 0.0943 3
940.351 0.0953 3
834.357 0.0963 3
744.577 0.0973 3
674.437 0.0983 3
625.43 0.0993 3
597.136 0.1003 3
587.42 0.1013 3
592.807 0.1023 3
608.7 0.1033 3
630.359 0.1043 3
652.346 0.1053 3
671.051 0.1063 3
682.555 0.1073 3
684.588 0.1083 3
676.538 0.1093 3
660.695 0.1103 3
636.196 0.1113 3
604.194 0.1123 3
569.079 0.1133 3
535.21 0.1143 3
501.268 0.1153 3
477.204 0.1163 3
451.922 0.1173 3
444.042 0.1183 3
444.967 0.1193 3
459.747 0.1203 3
470.085 0.1213 3
482.393 0.1223 3
502.084 0.1233 3
520.294 0.1243 3
533.663 0.1253 3
535.794 0.1263 3
529.266 0.1273 3
522.936 0.1283 3
498.646 0.1293 3
471.175 0.1303 3
448.301 0.1313 3
414.527 0.1323 3
377.742 0.1333 3
330.62 0.1343 3
287.762 0.1353 3
255.542 0.1363 3
223.874 0.1373 3
196.532 0.1383 3
158.709 0.1393 3
143.157 0.1403 3
124.085 0.1413 3
123.434 0.1423 3
116.458 0.1433 3
108.806 0.1443 3
111.382 0.1453 3
104.519 0.1463 3
100.575 0.1473 3
97.7112 0.1483 3
88.3884 0.1493 3
85.2993 0.1503 3
74.4688 0.1513 3
62.4638 0.1523 3
51.4781 0.1533 3
39.0305 0.1543 3
30.6858 0.1553 3
23.2228 0.1563 3
16.3821 0.1573 3
12.4896 0.1583 3
10.008 0.1593 3
10.4327 0.1603 3
10.8101 0.1613 3
16.92 0.1623 3
21.1369 0.1633 3
28.4037 0.1643 3
35.2248 0.1653 3
42.966 0.1663 3
59.0138 0.1673 3
70.4875 0.1683 3
79.0322 0.1693 3
87.3428 0.1703 3
95.2923 0.1713 3
94.1308 0.1723 3
96.9 0.1733 3
100.924 0.1743 3
103.688 0.1753 3
105.138 0.1763 3
110.386 0.1773 3
103.189 0.1783 3
103.235 0.1793 3
102.869 0.1803 3
98.9681 0.1813 3
92.6978 0.1823 3
87.867 0.1833 3
82.0665 0.1843 3
81.7167 0.1853 3
73.2575 0.1863 3
66.6896 0.1873 3
59.0109 0.1883 3
52.5707 0.1893 3
51.6528 0.1903 3
56.1684 0.1913 3
60.3891 0.1923 3
65.2843 0.1933 3
71.065 0.1943 3
73.453 0.1953 3
74.6179 0.1963 3
81.8941 0.1973 3
87.1133 0.1983 3
99.3125 0.1993 3
106.214 0.2003 3
110.038 0.2013 3
123.031 0.2023 3
138.214 0.2033 3
150.482 0.2043 3
142.676 0.2053 3
145.938 0.2063 3
154.117 0.2073 3
155.559 0.2083 3
156.72 0.2093 3
149.601 0.2103 3
138.361 0.2113 3
132.367 0.2123 3
129.046 0.2133 3
127.043 0.2143 3
120.752 0.2153 3
110.347 0.2163 3
99.5934 0.2173 3
89.1786 0.2183 3
80.8336 0.2193 3
75.8303 0.2203 3
69.4109 0.2213 3
63.2436 0.2223 3
56.9933 0.2233 3
52.1391 0.2243 3
47.1813 0.2253 3
45.0153 0.2263 3
44.1453 0.2273 3
41.6317 0.2283 3
42.9394 0.2293 3
42.2963 0.2303 3
43.4775 0.2313 3
40.9568 0.2323 3
38.8839 0.2333 3
37.6022 0.2343 3
34.514 0.2353 3
35.8963 0.2363 3
34.3981 0.2373 3
32.0825 0.2383 3
30.6134 0.2393 3
26.3487 0.2403 3
23.4971 0.2413 3
22.453 0.2423 3
19.9941 0.2433 3
17.9275 0.2443 3
15.1285 0.2453 3
14.7373 0.2463 3
14.4957 0.2473 3
14.6619 0.2483 3
14.9224 0.2493 3
15.1359 0.2503 3
15.2224 0.2513 3
16.4779 0.2523 3
17.3794 0.2533 3
18.1539 0.2543 3
18.3737 0.2553 3
18.4485 0.2563 3
18.4471 0.2573 3
18.2061 0.2583 3
18.259 0.2593 3
18.0271 0.2603 3
17.905 0.2613 3
18.1471 0.2623 3
18.6026 0.2633 3
18.8852 0.2643 3
20.1996 0.2653 3
24.0886 0.2663 3
24.4838 0.2673 3
25.867 0.2683 3
27.5275 0.2693 3
30.2863 0.2703 3
35.1291 0.2713 3
35.5598 0.2723 3
36.5297 0.2733 3
38.2688 0.2743 3
37.7996 0.2753 3
39.0307 0.2763 3
39.2699 0.2773 3
39.4362 0.2783 3
39.5733 0.2793 3
38.3073 0.2803 3
39.8683 0.2813 3
41.1002 0.2823 3
39.621 0.2833 3
38.7018 0.2843 3
37.3117 0.2853 3
37.5486 0.2863 3
37.265 0.2873 3
37.7032 0.2883 3
39.6531 0.2893 3
42.7437 0.2903 3
43.7092 0.2913 3
46.3956 0.2923 3
49.6737 0.2933 3
54.3625 0.2943 3
56.2852 0.2953 3
60.2717 0.2963 3
63.6511 0.2973 3
67.0918 0.2983 3
71.7454 0.2993 3
76.0082 0.3003 3
80.5166 0.3013 3
82.887 0.3023 3
85.9619 0.3033 3
87.9548 0.3043 3
90.6033 0.3053 3
91.6501 0.3063 3
94.1057 0.3073 3
95.9069 0.3083 3
96.9379 0.3093 3
94.9445 0.3103 3
94.027 0.3113 3
91.9003 0.3123 3
91.526 0.3133 3
87.8818 0.3143 3
85.8226 0.3153 3
82.7276 0.3163 3
75.5851 0.3173 3
71.296 0.3183 3
66.4172 0.3193 3
58.809 0.3203 3
52.8951 0.3213 3
46.8185 0.3223 3
41.4061 0.3233 3
37.0945 0.3243 3
32.1903 0.3253 3
28.9023 0.3263 3
25.8386 0.3273 3
23.0154 0.3283 3
21.4075 0.3293 3
20.8371 0.3303 3
172.694 0.0833 4
181.968 0.0843 4
184.58 0.0853 4
184.288 0.0863 4
186.49 0.0873 4
180.195 0.0883 4
185.23 0.0893 4
187.214 0.0903 4
183.438 0.0913 4
172.398 0.0923 4
166.155 0.0933 4
157.91 0.0943 4
154.008 0.0953 4
163.9 0.0963 4
159.339 0.0973 4
157.635 0.0983 4
176.161 0.0993 4
188.542 0.1003 4
197.601 0.1013 4
216.319 0.1023 4
238.25 0.1033 4
297.108 0.1043 4
334.608 0.1053 4
398.426 0.1063 4
451.412 0.1073 4
509.662 0.1083 4
565.491 0.1093 4
650.72 0.1103 4
694.098 0.1113 4
758.483 0.1123 4
805.988 0.1133 4
855.826 0.1143 4
883.112 0.1153 4
894.321 0.1163 4
886.272 0.1173 4
874.339 0.1183 4
850.875 0.1193 4
810.752 0.1203 4
761.496 0.1213 4
710.559 0.1223 4
677.003 0.1233 4
615.667 0.1243 4
580.622 0.1253 4
521.138 0.1263 4
473.261 0.1273 4
418.179 0.1283 4
361.892 0.1293 4
324.186 0.1303 4
291.113 0.1313 4
269.639 0.1323 4
239.039 0.1333 4
211.557 0.1343 4
193.34 0.1353 4
180.238 0.1363 4
156.531 0.1373 4
137.62 0.1383 4
121.844 0.1393 4
109.616 0.1403 4
104.096 0.1413 4
92.1341 0.1423 4
84.7672 0.1433 4
82.9748 0.1443 4
75.5963 0.1453 4
72.0364 0.1463 4
70.2931 0.1473 4
73.3584 0.1483 4
79.2489 0.1493 4
87.2262 0.1503 4
102.075 0.1513 4
110.925 0.1523 4
132.453 0.1533 4
144.045 0.1543 4
153.886 0.1553 4
161.947 0.1563 4
166.919 0.1573 4
169.172 0.1583 4
173.141 0.1593 4
170.223 0.1603 4
166.951 0.1613 4
156.577 0.1623 4
142.938 0.1633 4
132.867 0.1643 4
128.906 0.1653 4
121.561 0.1663 4
120.202 0.1673 4
120.536 0.1683 4
127.798 0.1693 4
136.938 0.1703 4
149.746 0.1713 4
165.21 0.1723 4
184.297 0.1733 4
202.189 0.1743 4
224.771 0.1753 4
246.697 0.1763 4
267.83 0.1773 4
287.273 0.1783 4
308.568 0.1793 4
321.191 0.1803 4
331.528 0.1813 4
337.922 0.1823 4
340.246 0.1833 4
338.547 0.1843 4
333.025 0.1853 4
332.898 0.1863 4
321.718 0.1873 4
307.573 0.1883 4
291.331 0.1893 4
276.734 0.1903 4
252.23 0.1913 4
233.622 0.1923 4
214.044 0.1933 4
194.356 0.1943 4
175.102 0.1953 4
153.958 0.1963 4
137.303 0.1973 4
119.915 0.1983 4
105.61 0.1993 4
92.7394 0.2003 4
81.0025 0.2013 4
72.7099 0.2023 4
66.5455 0.2033 4
62.1075 0.2043 4
58.5496 0.2053 4
54.8801 0.2063 4
53.0524 0.2073 4
52.4852 0.2083 4
52.8896 0.2093 4
56.0361 0.2103 4
57.7197 0.2113 4
59.5526 0.2123 4
59.4548 0.2133 4
61.2695 0.2143 4
63.7468 0.2153 4
65.5077 0.2163 4
65.3401 0.2173 4
66.1009 0.2183 4
66.455 0.2193 4
68.2955 0.2203 4
69.6359 0.2213 4
68.2117 0.2223 4
68.0287 0.2233 4
66.866 0.2243 4
66.2458 0.2253 4
64.7293 0.2263 4
63.3496 0.2273 4
61.9755 0.2283 4
60.0018 0.2293 4
57.7747 0.2303 4
56.7036 0.2313 4
54.36 0.2323 4
53.0072 0.2333 4
50.8456 0.2343 4
48.8195 0.2353 4
47.744 0.2363 4
46.1464 0.2373 4
45.0402 0.2383 4
42.6304 0.2393 4
40.8946 0.2403 4
42.9657 0.2413 4
42.4586 0.2423 4
42.9826 0.2433 4
45.1733 0.2443 4
45.7602 0.2453 4
46.5445 0.2463 4
46.9368 0.2473 4
47.161 0.2483 4
45.8927 0.2493 4
46.4117 0.2503 4
48.4909 0.2513 4
48.4075 0.2523 4
47.488 0.2533 4
47.1095 0.2543 4
47.6424 0.2553 4
49.5286 0.2563 4
50.8459 0.2573 4
54.8387 0.2583 4
57.0905 0.2593 4
58.4084 0.2603 4
60.3059 0.2613 4
63.6857 0.2623 4
65.5922 0.2633 4
69.3088 0.2643 4
70.2158 0.2653 4
70.4858 0.2663 4
72.1533 0.2673 4
71.0956 0.2683 4
71.2661 0.2693 4
71.106 0.2703 4
70.9326 0.2713 4
70.2047 0.2723 4
70.2639 0.2733 4
69.9344 0.2743 4
69.47 0.2753 4
69.5198 0.2763 4
70.2667 0.2773 4
71.1537 0.2783 4
71.1399 0.2793 4
71.3881 0.2803 4
69.7717 0.2813 4
67.9602 0.2823 4
66.2943 0.2833 4
64.1548 0.2843 4
60.5355 0.2853 4
56.2982 0.2863 4
51.2399 0.2873 4
45.6 0.2883 4
40.657 0.2893 4
38.0366 0.2903 4
34.5649 0.2913 4
32.5212 0.2923 4
31.5033 0.2933 4
31.585 0.2943 4
32.8429 0.2953 4
33.7879 0.2963 4
35.6382 0.2973 4
37.6549 0.2983 4
40.8392 0.2993 4
43.3941 0.3003 4
45.3302 0.3013 4
47.5138 0.3023 4
48.4567 0.3033 4
49.1782 0.3043 4
49.4525 0.3053 4
50.2111 0.3063 4
49.2248 0.3073 4
48.6375 0.3083 4
47.5756 0.3093 4
46.9634 0.3103 4
46.4005 0.3113 4
45.2757 0.3123 4
44.344 0.3133 4
43.735 0.3143 4
42.9842 0.3153 4
42.595 0.3163 4
41.4819 0.3173 4
40.2879 0.3183 4
38.8097 0.3193 4
36.4343 0.3203 4
33.8415 0.3213 4
31.0665 0.3223 4
27.944 0.3233 4
24.7505 0.3243 4
21.5105 0.3253 4
18.6609 0.3263 4
16.1077 0.3273 4
13.4388 0.3283 4
13.4279 0.3293 4
46.1215 0.0833 5
47.1264 0.0843 5
50.1086 0.0853 5
54.5047 0.0863 5
59.6914 0.0873 5
65.0522 0.0883 5
70.037 0.0893 5
74.2072 0.0903 5
77.2651 0.0913 5
79.0639 0.0923 5
79.6012 0.0933 5
78.9966 0.0943 5
77.4587 0.0953 5
75.2471 0.0963 5
72.6334 0.0973 5
69.8665 0.0983 5
67.1476 0.0993 5
64.6143 0.1003 5
62.3384 0.1013 5
60.3328 0.1023 5
58.5683 0.1033 5
56.9948 0.1043 5
55.5642 0.1053 5
54.2501 0.1063 5
53.0616 0.1073 5
52.0492 0.1083 5
51.2999 0.1093 5
50.9245 0.1103 5
51.0371 0.1113 5
51.7308 0.1123 5
53.053 0.1133 5
54.9848 0.1143 5
57.4272 0.1153 5
60.1982 0.1163 5
63.0408 0.1173 5
65.6436 0.1183 5
67.6705 0.1193 5
68.7967 0.1203 5
68.7487 0.1213 5
67.3398 0.1223 5
64.5001 0.1233 5
60.2934 0.1243 5
54.9211 0.1253 5
48.7088 0.1263 5
42.079 0.1273 5
35.7794 0.1283 5
30.2123 0.1293 5
25.312 0.1303 5
22.1694 0.1313 5
20.1725 0.1323 5
19.3249 0.1333 5
19.8223 0.1343 5
22.5163 0.1353 5
25.1205 0.1363 5
28.4153 0.1373 5
33.7407 0.1383 5
39.7682 0.1393 5
42.4283 0.1403 5
42.1056 0.1413 5
41.4882 0.1423 5
42.1079 0.1433 5
46.0304 0.1443 5
48.6043 0.1453 5
40.8513 0.1463 5
36.777 0.1473 5
40.8005 0.1483 5
42.115 0.1493 5
41.8451 0.1503 5
43.0457 0.1513 5
49.103 0.1523 5
53.6833 0.1533 5
63.7599 0.1543 5
77.112 0.1553 5
82.9673 0.1563 5
103.465 0.1573 5
108.017 0.1583 5
115.225 0.1593 5
114.782 0.1603 5
113.484 0.1613 5
112.239 0.1623 5
111.009 0.1633 5
108.579 0.1643 5
102.6 0.1653 5
106.384 0.1663 5
113.313 0.1673 5
112.578 0.1683 5
121.666 0.1693 5
122.472 0.1703 5
124.909 0.1713 5
128.573 0.1723 5
138.532 0.1733 5
147.636 0.1743 5
144.784 0.1753 5
143.627 0.1763 5
141.037 0.1773 5
137.24 0.1783 5
131.593 0.1793 5
121.27 0.1803 5
107.885 0.1813 5
90.9353 0.1823 5
75.542 0.1833 5
59.7224 0.1843 5
41.3185 0.1853 5
28.0702 0.1863 5
18.3307 0.1873 5
13.1789 0.1883 5
12.1235 0.1893 5
17.5516 0.1903 5
24.0204 0.1913 5
32.3722 0.1923 5
47.7702 0.1933 5
63.1223 0.1943 5
79.8749 0.1953 5
93.5564 0.1963 5
105.626 0.1973 5
117.604 0.1983 5
127.992 0.1993 5
136.302 0.2003 5
137.349 0.2013 5
137.631 0.2023 5
138.79 0.2033 5
137.664 0.2043 5
139.14 0.2053 5
138.032 0.2063 5
135.762 0.2073 5
131.466 0.2083 5
131.922 0.2093 5
134.244 0.2103 5
129.963 0.2113 5
137.974 0.2123 5
139.212 0.2133 5
143.282 0.2143 5
142.288 0.2153 5
140.04 0.2163 5
130.816 0.2173 5
128.406 0.2183 5
124.845 0.2193 5
112.382 0.2203 5
102.948 0.2213 5
91.2232 0.2223 5
80.2989 0.2233 5
71.6318 0.2243 5
61.6545 0.2253 5
50.1117 0.2263 5
41.7367 0.2273 5
36.4575 0.2283 5
29.7363 0.2293 5
22.9648 0.2303 5
18.8003 0.2313 5
14.7726 0.2323 5
13.2047 0.2333 5
11.4544 0.2343 5
10.4259 0.2353 5
10.7501 0.2363 5
11.0959 0.2373 5
12.747 0.2383 5
13.3941 0.2393 5
15.008 0.2403 5
15.7967 0.2413 5
18.4698 0.2423 5
20.1714 0.2433 5
24.3617 0.2443 5
26.7326 0.2453 5
32.4048 0.2463 5
37.1918 0.2473 5
41.5569 0.2483 5
45.0132 0.2493 5
52.0347 0.2503 5
56.8227 0.2513 5
59.7313 0.2523 5
63.6008 0.2533 5
66.4851 0.2543 5
68.454 0.2553 5
71.0615 0.2563 5
72.7318 0.2573 5
77.3646 0.2583 5
79.6577 0.2593 5
81.4774 0.2603 5
88.4169 0.2613 5
92.2218 0.2623 5
91.3736 0.2633 5
90.4504 0.2643 5
88.5233 0.2653 5
87.621 0.2663 5
88.9061 0.2673 5
88.5167 0.2683 5
89.2474 0.2693 5
89.4011 0.2703 5
91.7697 0.2713 5
93.5518 0.2723 5
95.6302 0.2733 5
97.9491 0.2743 5
97.6161 0.2753 5
99.5342 0.2763 5
101.691 0.2773 5
101.585 0.2783 5
103.23 0.2793 5
105.625 0.2803 5
106.115 0.2813 5
105.666 0.2823 5
105.063 0.2833 5
101.079 0.2843 5
96.9967 0.2853 5
91.141 0.2863 5
84.4104 0.2873 5
80.2473 0.2883 5
76.1857 0.2893 5
72.5209 0.2903 5
69.6133 0.2913 5
67.9063 0.2923 5
67.4802 0.2933 5
68.5531 0.2943 5
70.3826 0.2953 5
73.038 0.2963 5
76.1586 0.2973 5
79.0322 0.2983 5
82.0136 0.2993 5
84.2762 0.3003 5
84.9921 0.3013 5
84.8402 0.3023 5
83.3948 0.3033 5
80.1143 0.3043 5
75.4673 0.3053 5
69.6564 0.3063 5
63.0625 0.3073 5
56.0058 0.3083 5
48.8882 0.3093 5
42.6543 0.3103 5
37.41 0.3113 5
32.213 0.3123 5
28.1296 0.3133 5
25.3031 0.3143 5
23.5887 0.3153 5
22.8899 0.3163 5
21.8808 0.3173 5
22.7296 0.3183 5
23.9794 0.3193 5
25.3774 0.3203 5
26.703 0.3213 5
28.154 0.3223 5
29.0343 0.3233 5
29.5461 0.3243 5
30.2046 0.3253 5
29.815 0.3263 5
91.5093 0.0833 6
101.211 0.0843 6
94.6407 0.0853 6
107.031 0.0863 6
111.283 0.0873 6
114.406 0.0883 6
112.797 0.0893 6
111.836 0.0903 6
117.383 0.0913 6
119.148 0.0923 6
127.712 0.0933 6
125.913 0.0943 6
121.216 0.0953 6
114.499 0.0963 6
102.105 0.0973 6
95.6041 0.0983 6
84.7363 0.0993 6
76.3234 0.1003 6
73.6825 0.1013 6
64.8659 0.1023 6
66.8537 0.1033 6
69.418 0.1043 6
68.1603 0.1053 6
64.2997 0.1063 6
62.2798 0.1073 6
62.2025 0.1083 6
66.0494 0.1093 6
70.9099 0.1103 6
76.0506 0.1113 6
85.2745 0.1123 6
87.4383 0.1133 6
85.9643 0.1143 6
88.2219 0.1153 6
89.2561 0.1163 6
86.2212 0.1173 6
87.1682 0.1183 6
93.0203 0.1193 6
92.481 0.1203 6
89.0313 0.1213 6
86.3956 0.1223 6
82.2006 0.1233 6
79.2366 0.1243 6
72.8972 0.1253 6
66.1515 0.1263 6
62.7702 0.1273 6
57.4859 0.1283 6
46.4054 0.1293 6
40.0619 0.1303 6
30.5526 0.1313 6
25.9723 0.1323 6
23.2238 0.1333 6
20.3378 0.1343 6
19.5283 0.1353 6
20.4549 0.1363 6
21.9624 0.1373 6
20.7437 0.1383 6
23.8424 0.1393 6
27.2924 0.1403 6
29.6987 0.1413 6
35.2578 0.1423 6
39.7224 0.1433 6
48.1719 0.1443 6
49.2948 0.1453 6
53.9405 0.1463 6
60.3116 0.1473 6
64.665 0.1483 6
67.6608 0.1493 6
72.838 0.1503 6
81.5228 0.1513 6
89.1598 0.1523 6
95.593 0.1533 6
102.637 0.1543 6
110.484 0.1553 6
112.2 0.1563 6
121.369 0.1573 6
131.207 0.1583 6
143.195 0.1593 6
151.309 0.1603 6
161.615 0.1613 6
171.589 0.1623 6
183.703 0.1633 6
189.066 0.1643 6
195.676 0.1653 6
201.713 0.1663 6
203.522 0.1673 6
202.549 0.1683 6
193.499 0.1693 6
181.484 0.1703 6
169.598 0.1713 6
155.337 0.1723 6
140.652 0.1733 6
124.318 0.1743 6
106.91 0.1753 6
87.1081 0.1763 6
70.7543 0.1773 6
54.0682 0.1783 6
38.922 0.1793 6
25.8478 0.1803 6
14.8594 0.1813 6
7.33265 0.1823 6
2.81837 0.1833 6
1.11622 0.1843 6
2.46339 0.1853 6
6.51402 0.1863 6
11.9956 0.1873 6
19.1585 0.1883 6
28.3603 0.1893 6
38.5723 0.1903 6
50.9974 0.1913 6
64.2708 0.1923 6
75.5459 0.1933 6
86.2295 0.1943 6
95.8524 0.1953 6
104.539 0.1963 6
112.153 0.1973 6
118.649 0.1983 6
123.468 0.1993 6
126.902 0.2003 6
129.075 0.2013 6
122.075 0.2023 6
121.712 0.2033 6
121.011 0.2043 6
117.932 0.2053 6
115.078 0.2063 6
108.164 0.2073 6
105.136 0.2083 6
98.1025 0.2093 6
91.8754 0.2103 6
86.1743 0.2113 6
82.1262 0.2123 6
77.9639 0.2133 6
73.2018 0.2143 6
66.5594 0.2153 6
60.2553 0.2163 6
55.8342 0.2173 6
52.2847 0.2183 6
49.7622 0.2193 6
47.9878 0.2203 6
50.4045 0.2213 6
47.5709 0.2223 6
47.8107 0.2233 6
51.2121 0.2243 6
51.4118 0.2253 6
52.6787 0.2263 6
51.6011 0.2273 6
53.079 0.2283 6
53.4142 0.2293 6
55.9156 0.2303 6
57.1485 0.2313 6
56.4713 0.2323 6
56.4073 0.2333 6
55.2513 0.2343 6
58.1573 0.2353 6
53.2919 0.2363 6
50.7806 0.2373 6
46.8113 0.2383 6
46.2481 0.2393 6
42.3473 0.2403 6
41.4144 0.2413 6
41.4188 0.2423 6
38.0165 0.2433 6
31.4105 0.2443 6
30.6637 0.2453 6
29.3858 0.2463 6
25.5157 0.2473 6
24.512 0.2483 6
23.6659 0.2493 6
23.8753 0.2503 6
24.7798 0.2513 6
26.3689 0.2523 6
30.2613 0.2533 6
35.4774 0.2543 6
41.5151 0.2553 6
48.9611 0.2563 6
59.1035 0.2573 6
67.5377 0.2583 6
78.0644 0.2593 6
89.1834 0.2603 6
98.2652 0.2613 6
105.229 0.2623 6
113.286 0.2633 6
119.841 0.2643 6
126.807 0.2653 6
133.66 0.2663 6
137.479 0.2673 6
140.635 0.2683 6
142.775 0.2693 6
143.593 0.2703 6
145.665 0.2713 6
144.718 0.2723 6
143.047 0.2733 6
142.298 0.2743 6
140.509 0.2753 6
137.981 0.2763 6
135.139 0.2773 6
135.117 0.2783 6
130.299 0.2793 6
128.453 0.2803 6
125.993 0.2813 6
122.084 0.2823 6
118.797 0.2833 6
114.651 0.2843 6
109.299 0.2853 6
106.102 0.2863 6
101.352 0.2873 6
99.9334 0.2883 6
96.8793 0.2893 6
94.5766 0.2903 6
92.7453 0.2913 6
89.0641 0.2923 6
88.2588 0.2933 6
87.7616 0.2943 6
84.6524 0.2953 6
82.8935 0.2963 6
81.6694 0.2973 6
78.4739 0.2983 6
77.2192 0.2993 6
74.6829 0.3003 6
70.2966 0.3013 6
66.3069 0.3023 6
62.7477 0.3033 6
57.646 0.3043 6
51.8671 0.3053 6
46.6917 0.3063 6
41.263 0.3073 6
36.9801 0.3083 6
32.926 0.3093 6
30.525 0.3103 6
28.3108 0.3113 6
25.4399 0.3123 6
23.9386 0.3133 6
23.1595 0.3143 6
22.9932 0.3153 6
24.7463 0.3163 6
25.6615 0.3173 6
28.0416 0.3183 6
29.9154 0.3193 6
32.3494 0.3203 6
35.0988 0.3213 6
38.094 0.3223 6
39.7761 0.3233 6
43.0072 0.3243 6
16.9094 0.0833 7
14.2356 0.0843 7
11.8105 0.0853 7
9.60331 0.0863 7
7.60413 0.0873 7
5.84874 0.0883 7
4.436 0.0893 7
3.53511 0.0903 7
3.38045 0.0913 7
4.25373 0.0923 7
6.45491 0.0933 7
10.2648 0.0943 7
15.9035 0.0953 7
23.4904 0.0963 7
33.01 0.0973 7
44.2888 0.0983 7
56.9877 0.0993 7
70.6104 0.1003 7
84.5299 0.1013 7
98.03 0.1023 7
110.359 0.1033 7
120.788 0.1043 7
128.679 0.1053 7
133.53 0.1063 7
135.029 0.1073 7
133.08 0.1083 7
127.81 0.1093 7
119.56 0.1103 7
108.854 0.1113 7
96.5075 0.1123 7
82.9905 0.1133 7
69.0461 0.1143 7
55.8122 0.1153 7
44.0439 0.1163 7
33.2537 0.1173 7
24.4276 0.1183 7
17.9345 0.1193 7
13.2564 0.1203 7
11.3222 0.1213 7
11.749 0.1223 7
8.01197 0.1233 7
7.42031 0.1243 7
8.3045 0.1253 7
8.34362 0.1263 7
6.49586 0.1273 7
8.29653 0.1283 7
6.84747 0.1293 7
6.04317 0.1303 7
6.16746 0.1313 7
5.5424 0.1323 7
6.29242 0.1333 7
8.69668 0.1343 7
9.3672 0.1353 7
9.33084 0.1363 7
11.4603 0.1373 7
11.2063 0.1383 7
13.7184 0.1393 7
13.1336 0.1403 7
14.2541 0.1413 7
14.4076 0.1423 7
14.5834 0.1433 7
15.7113 0.1443 7
17.6404 0.1453 7
16.8192 0.1463 7
19.4652 0.1473 7
24.0561 0.1483 7
30.8545 0.1493 7
38.3485 0.1503 7
46.8795 0.1513 7
58.2912 0.1523 7
67.4389 0.1533 7
82.3636 0.1543 7
93.7141 0.1553 7
102.108 0.1563 7
115.556 0.1573 7
122.171 0.1583 7
124.068 0.1593 7
128.837 0.1603 7
126.578 0.1613 7
122.039 0.1623 7
115.198 0.1633 7
102.134 0.1643 7
90.5636 0.1653 7
78.4695 0.1663 7
66.9862 0.1673 7
53.8155 0.1683 7
39.8703 0.1693 7
28.8035 0.1703 7
20.2742 0.1713 7
16.136 0.1723 7
13.386 0.1733 7
14.9329 0.1743 7
20.2999 0.1753 7
23.4277 0.1763 7
27.0668 0.1773 7
33.2509 0.1783 7
39.5652 0.1793 7
46.1807 0.1803 7
50.1316 0.1813 7
55.4503 0.1823 7
61.9897 0.1833 7
76.9109 0.1843 7
86.1941 0.1853 7
94.6008 0.1863 7
102.751 0.1873 7
112.284 0.1883 7
121.234 0.1893 7
125.443 0.1903 7
133.62 0.1913 7
153.617 0.1923 7
157.756 0.1933 7
169.04 0.1943 7
181.888 0.1953 7
195.494 0.1963 7
213.198 0.1973 7
219.124 0.1983 7
223.85 0.1993 7
224.093 0.2003 7
215.24 0.2013 7
211.213 0.2023 7
202.251 0.2033 7
192.469 0.2043 7
179.454 0.2053 7
169.42 0.2063 7
158.775 0.2073 7
142.488 0.2083 7
132.447 0.2093 7
124.058 0.2103 7
113.913 0.2113 7
108.887 0.2123 7
97.3491 0.2133 7
87.9385 0.2143 7
81.062 0.2153 7
76.5382 0.2163 7
67.7706 0.2173 7
60.8963 0.2183 7
53.2895 0.2193 7
44.2211 0.2203 7
39.4552 0.2213 7
34.5833 0.2223 7
29.7486 0.2233 7
28.637 0.2243 7
28.5519 0.2253 7
29.2408 0.2263 7
29.8713 0.2273 7
34.5631 0.2283 7
33.5547 0.2293 7
35.3461 0.2303 7
38.2411 0.2313 7
40.7083 0.2323 7
46.5557 0.2333 7
51.1179 0.2343 7
53.5817 0.2353 7
56.0937 0.2363 7
57.8727 0.2373 7
60.5621 0.2383 7
63.3278 0.2393 7
66.4997 0.2403 7
71.3712 0.2413 7
74.2579 0.2423 7
76.8963 0.2433 7
83.7355 0.2443 7
85.8155 0.2453 7
86.8361 0.2463 7
88.8549 0.2473 7
90.6982 0.2483 7
89.8856 0.2493 7
87.6477 0.2503 7
85.0875 0.2513 7
79.5393 0.2523 7
76.654 0.2533 7
70.9622 0.2543 7
68.3902 0.2553 7
64.2506 0.2563 7
61.7407 0.2573 7
59.9701 0.2583 7
59.2422 0.2593 7
60.067 0.2603 7
60.7656 0.2613 7
63.03 0.2623 7
65.6713 0.2633 7
70.2476 0.2643 7
74.5344 0.2653 7
78.3337 0.2663 7
80.808 0.2673 7
82.3108 0.2683 7
82.9263 0.2693 7
81.9539 0.2703 7
80.3018 0.2713 7
78.3399 0.2723 7
74.5928 0.2733 7
70.3361 0.2743 7
64.9831 0.2753 7
59.8991 0.2763 7
56.1817 0.2773 7
50.6754 0.2783 7
46.9076 0.2793 7
43.3918 0.2803 7
42.155 0.2813 7
41.2115 0.2823 7
41.5056 0.2833 7
41.3952 0.2843 7
43.2157 0.2853 7
45.6212 0.2863 7
48.7898 0.2873 7
50.3228 0.2883 7
52.3739 0.2893 7
54.093 0.2903 7
56.9293 0.2913 7
58.0409 0.2923 7
57.4992 0.2933 7
55.7151 0.2943 7
54.448 0.2953 7
53.1483 0.2963 7
49.6417 0.2973 7
46.0668 0.2983 7
42.7262 0.2993 7
38.8915 0.3003 7
35.1089 0.3013 7
30.6528 0.3023 7
28.7069 0.3033 7
25.6754 0.3043 7
23.9517 0.3053 7
24.3707 0.3063 7
25.2339 0.3073 7
25.7125 0.3083 7
27.5453 0.3093 7
30.421 0.3103 7
33.7907 0.3113 7
36.971 0.3123 7
39.7935 0.3133 7
41.9083 0.3143 7
45.1884 0.3153 7
49.686 0.3163 7
52.407 0.3173 7
54.663 0.3183 7
55.9019 0.3193 7
55.9302 0.3203 7
8.91163 0.0833 8
13.5957 0.0843 8
16.88 0.0853 8
21.7412 0.0863 8
26.7145 0.0873 8
31.5574 0.0883 8
36.9591 0.0893 8
40.4554 0.0903 8
43.5878 0.0913 8
45.7762 0.0923 8
46.9264 0.0933 8
47.0059 0.0943 8
46.0449 0.0953 8
44.7956 0.0963 8
42.2239 0.0973 8
39.1438 0.0983 8
35.2428 0.0993 8
31.1798 0.1003 8
27.7702 0.1013 8
24.1649 0.1023 8
22.2167 0.1033 8
22.8769 0.1043 8
18.5516 0.1053 8
17.4985 0.1063 8
18.7013 0.1073 8
20.6292 0.1083 8
24.9983 0.1093 8
20.6048 0.1103 8
21.789 0.1113 8
17.0477 0.1123 8
15.8208 0.1133 8
14.5914 0.1143 8
12.7098 0.1153 8
16.1576 0.1163 8
15.5578 0.1173 8
17.1529 0.1183 8
21.3663 0.1193 8
23.9648 0.1203 8
24.5106 0.1213 8
25.9121 0.1223 8
26.8072 0.1233 8
31.1902 0.1243 8
33.5453 0.1253 8
38.9434 0.1263 8
40.0536 0.1273 8
42.0655 0.1283 8
44.9087 0.1293 8
45.3707 0.1303 8
45.2274 0.1313 8
44.8367 0.1323 8
41.154 0.1333 8
37.4083 0.1343 8
34.4326 0.1353 8
30.4895 0.1363 8
25.4979 0.1373 8
20.2151 0.1383 8
18.7359 0.1393 8
13.7618 0.1403 8
12.4442 0.1413 8
12.66 0.1423 8
13.3637 0.1433 8
15.1944 0.1443 8
18.3775 0.1453 8
21.2384 0.1463 8
25.819 0.1473 8
31.5217 0.1483 8
36.6722 0.1493 8
39.635 0.1503 8
42.3272 0.1513 8
45.037 0.1523 8
46.0543 0.1533 8
47.1159 0.1543 8
45.316 0.1553 8
44.1926 0.1563 8
42.037 0.1573 8
35.3469 0.1583 8
32.161 0.1593 8
29.5717 0.1603 8
27.802 0.1613 8
25.7031 0.1623 8
23.3954 0.1633 8
22.1834 0.1643 8
23.7359 0.1653 8
26.7454 0.1663 8
29.0852 0.1673 8
34.6162 0.1683 8
39.8402 0.1693 8
44.8764 0.1703 8
49.5717 0.1713 8
55.4299 0.1723 8
57.7278 0.1733 8
61.0887 0.1743 8
60.5441 0.1753 8
62.4161 0.1763 8
60.5631 0.1773 8
57.628 0.1783 8
51.5655 0.1793 8
47.4422 0.1803 8
46.5078 0.1813 8
40.9553 0.1823 8
34.8932 0.1833 8
31.309 0.1843 8
31.1482 0.1853 8
32.3456 0.1863 8
37.8589 0.1873 8
47.9621 0.1883 8
56.8723 0.1893 8
68.7389 0.1903 8
76.7389 0.1913 8
90.3154 0.1923 8
102.57 0.1933 8
114.579 0.1943 8
127.058 0.1953 8
147.731 0.1963 8
158.72 0.1973 8
167.947 0.1983 8
177.991 0.1993 8
174.196 0.2003 8
180.528 0.2013 8
178.023 0.2023 8
173.705 0.2033 8
164.438 0.2043 8
151.241 0.2053 8
133.496 0.2063 8
115.426 0.2073 8
101.685 0.2083 8
87.4456 0.2093 8
71.4145 0.2103 8
56.5923 0.2113 8
48.0034 0.2123 8
40.485 0.2133 8
37.4438 0.2143 8
37.4478 0.2153 8
44.2202 0.2163 8
53.4688 0.2173 8
65.0027 0.2183 8
74.4082 0.2193 8
86.4483 0.2203 8
99.2343 0.2213 8
114.598 0.2223 8
122.132 0.2233 8
133.728 0.2243 8
139.705 0.2253 8
146.152 0.2263 8
150.483 0.2273 8
152.47 0.2283 8
155.066 0.2293 8
148.704 0.2303 8
143.842 0.2313 8
139.98 0.2323 8
135.672 0.2333 8
130.257 0.2343 8
125.364 0.2353 8
125.341 0.2363 8
124.072 0.2373 8
118.74 0.2383 8
116.197 0.2393 8
114.919 0.2403 8
113.443 0.2413 8
111.427 0.2423 8
109.591 0.2433 8
109.591 0.2443 8
107.498 0.2453 8
103.935 0.2463 8
100.594 0.2473 8
97.2882 0.2483 8
94.288 0.2493 8
91.706 0.2503 8
88.7563 0.2513 8
87.3264 0.2523 8
86.1053 0.2533 8
85.1679 0.2543 8
83.8554 0.2553 8
84.0459 0.2563 8
84.7746 0.2573 8
86.0289 0.2583 8
85.2995 0.2593 8
89.715 0.2603 8
91.7082 0.2613 8
92.9356 0.2623 8
93.6081 0.2633 8
96.0629 0.2643 8
96.4287 0.2653 8
93.657 0.2663 8
90.1991 0.2673 8
86.9737 0.2683 8
85.4059 0.2693 8
82.2287 0.2703 8
78.5322 0.2713 8
74.9158 0.2723 8
69.085 0.2733 8
63.6071 0.2743 8
60.3257 0.2753 8
56.6635 0.2763 8
53.7059 0.2773 8
51.6136 0.2783 8
49.3119 0.2793 8
45.4947 0.2803 8
44.6521 0.2813 8
43.2335 0.2823 8
41.364 0.2833 8
39.542 0.2843 8
37.224 0.2853 8
35.5476 0.2863 8
34.7674 0.2873 8
34.5292 0.2883 8
33.1368 0.2893 8
33.5851 0.2903 8
33.459 0.2913 8
33.191 0.2923 8
32.2403 0.2933 8
32.1533 0.2943 8
31.8715 0.2953 8
31.594 0.2963 8
32.7905 0.2973 8
33.5504 0.2983 8
35.6601 0.2993 8
38.2348 0.3003 8
41.2486 0.3013 8
43.0998 0.3023 8
46.7277 0.3033 8
48.7908 0.3043 8
52.0769 0.3053 8
54.0803 0.3063 8
54.8753 0.3073 8
53.9951 0.3083 8
54.6447 0.3093 8
53.2772 0.3103 8
51.7241 0.3113 8
48.6897 0.3123 8
45.6294 0.3133 8
42.0575 0.3143 8
37.3342 0.3153 8
32.8999 0.3163 8
32.2281 0.0833 9
36.8479 0.0843 9
42.4388 0.0853 9
47.073 0.0863 9
50.5892 0.0873 9
51.9786 0.0883 9
55.3089 0.0893 9
55.1258 0.0903 9
51.3213 0.0913 9
45.6456 0.0923 9
40.9318 0.0933 9
34.3272 0.0943 9
24.2359 0.0953 9
21.2939 0.0963 9
15.0374 0.0973 9
14.1433 0.0983 9
15.9152 0.0993 9
19.6506 0.1003 9
19.8549 0.1013 9
28.1962 0.1023 9
40.1628 0.1033 9
60.4728 0.1043 9
79.8396 0.1053 9
101.2 0.1063 9
122.31 0.1073 9
144.56 0.1083 9
166.4 0.1093 9
183.696 0.1103 9
189.662 0.1113 9
207.875 0.1123 9
219.142 0.1133 9
224.418 0.1143 9
222.85 0.1153 9
220.35 0.1163 9
223.886 0.1173 9
211.136 0.1183 9
203.489 0.1193 9
189.602 0.1203 9
174.731 0.1213 9
167.993 0.1223 9
157.278 0.1233 9
147.808 0.1243 9
132.499 0.1253 9
121.722 0.1263 9
111.261 0.1273 9
101.766 0.1283 9
95.8576 0.1293 9
84.7193 0.1303 9
73.9287 0.1313 9
62.6461 0.1323 9
54.2979 0.1333 9
49.423 0.1343 9
41.8782 0.1353 9
32.965 0.1363 9
25.5176 0.1373 9
21.0909 0.1383 9
16.6761 0.1393 9
11.8963 0.1403 9
8.32531 0.1413 9
8.28269 0.1423 9
9.85965 0.1433 9
11.8667 0.1443 9
14.6477 0.1453 9
20.5667 0.1463 9
27.9579 0.1473 9
36.8525 0.1483 9
42.9652 0.1493 9
47.099 0.1503 9
56.1565 0.1513 9
65.3969 0.1523 9
70.5809 0.1533 9
78.4964 0.1543 9
86.6082 0.1553 9
95.9107 0.1563 9
102.154 0.1573 9
111.571 0.1583 9
129.937 0.1593 9
140.79 0.1603 9
150.793 0.1613 9
164.359 0.1623 9
182.579 0.1633 9
191.133 0.1643 9
203.092 0.1653 9
215.205 0.1663 9
220.248 0.1673 9
229.635 0.1683 9
230.538 0.1693 9
229.836 0.1703 9
233.192 0.1713 9
234.904 0.1723 9
228.079 0.1733 9
220.081 0.1743 9
211.34 0.1753 9
198.25 0.1763 9
190.867 0.1773 9
181.291 0.1783 9
164.308 0.1793 9
153.37 0.1803 9
145.751 0.1813 9
138.625 0.1823 9
134.336 0.1833 9
129.854 0.1843 9
132.443 0.1853 9
134.543 0.1863 9
145.863 0.1873 9
157.877 0.1883 9
172.329 0.1893 9
187.866 0.1903 9
203.748 0.1913 9
218.347 0.1923 9
230.826 0.1933 9
239.993 0.1943 9
245.195 0.1953 9
245.83 0.1963 9
240.42 0.1973 9
230.408 0.1983 9
214.81 0.1993 9
196.14 0.2003 9
173.365 0.2013 9
149.639 0.2023 9
126.45 0.2033 9
103.769 0.2043 9
83.1811 0.2053 9
65.1724 0.2063 9
52.9797 0.2073 9
44.046 0.2083 9
43.5722 0.2093 9
45.5789 0.2103 9
58.0809 0.2113 9
71.875 0.2123 9
88.6242 0.2133 9
108.298 0.2143 9
131.864 0.2153 9
150.222 0.2163 9
168.68 0.2173 9
184.134 0.2183 9
195.049 0.2193 9
201.078 0.2203 9
207.569 0.2213 9
208.768 0.2223 9
205.799 0.2233 9
200.935 0.2243 9
194.656 0.2253 9
188.906 0.2263 9
180.329 0.2273 9
171.62 0.2283 9
164.92 0.2293 9
156.12 0.2303 9
156.198 0.2313 9
154.065 0.2323 9
147.485 0.2333 9
143.938 0.2343 9
138.271 0.2353 9
143.817 0.2363 9
144.907 0.2373 9
144.603 0.2383 9
137.581 0.2393 9
131.926 0.2403 9
125.8 0.2413 9
121.589 0.2423 9
115.632 0.2433 9
111.92 0.2443 9
104.338 0.2453 9
96.8611 0.2463 9
92.0236 0.2473 9
88.4152 0.2483 9
82.926 0.2493 9
81.2446 0.2503 9
81.3881 0.2513 9
81.4668 0.2523 9
78.776 0.2533 9
75.6245 0.2543 9
74.3089 0.2553 9
71.8757 0.2563 9
67.565 0.2573 9
62.8358 0.2583 9
59.1668 0.2593 9
55.9614 0.2603 9
51.7428 0.2613 9
45.2987 0.2623 9
38.355 0.2633 9
36.2042 0.2643 9
31.8151 0.2653 9
31.515 0.2663 9
31.9626 0.2673 9
32.6647 0.2683 9
36.4925 0.2693 9
42.4917 0.2703 9
48.9168 0.2713 9
54.2823 0.2723 9
64.789 0.2733 9
72.8034 0.2743 9
80.4185 0.2753 9
86.7238 0.2763 9
93.3877 0.2773 9
98.9324 0.2783 9
102.164 0.2793 9
104.948 0.2803 9
105.655 0.2813 9
105.022 0.2823 9
100.996 0.2833 9
99.6781 0.2843 9
93.7859 0.2853 9
88.1592 0.2863 9
79.8753 0.2873 9
73.3633 0.2883 9
64.2511 0.2893 9
58.0751 0.2903 9
52.9816 0.2913 9
46.3623 0.2923 9
42.3162 0.2933 9
37.6796 0.2943 9
36.6352 0.2953 9
37.8694 0.2963 9
41.7026 0.2973 9
41.337 0.2983 9
46.0734 0.2993 9
51.7236 0.3003 9
57.8236 0.3013 9
64.888 0.3023 9
70.1005 0.3033 9
74.5013 0.3043 9
78.5226 0.3053 9
80.2105 0.3063 9
80.3183 0.3073 9
78.5771 0.3083 9
75.4111 0.3093 9
70.547 0.3103 9
64.4484 0.3113 9
56.7266 0.3123 9
28.7414 0.0833 10
28.8999 0.0843 10
28.8868 0.0853 10
28.6481 0.0863 10
28.1532 0.0873 10
27.4002 0.0883 10
26.4193 0.0893 10
25.274 0.0903 10
24.0579 0.0913 10
22.8895 0.0923 10
21.9021 0.0933 10
21.2322 0.0943 10
21.0053 0.0953 10
21.3225 0.0963 10
22.2471 0.0973 10
23.7949 0.0983 10
25.9281 0.0993 10
28.5541 0.1003 10
31.5301 0.1013 10
34.672 0.1023 10
37.7692 0.1033 10
40.601 0.1043 10
42.9556 0.1053 10
44.6482 0.1063 10
45.5373 0.1073 10
45.5365 0.1083 10
44.6218 0.1093 10
42.8323 0.1103 10
40.2661 0.1113 10
37.0693 0.1123 10
33.4228 0.1133 10
29.5252 0.1143 10
25.5755 0.1153 10
21.7576 0.1163 10
18.2271 0.1173 10
15.1027 0.1183 10
12.4629 0.1193 10
10.3469 0.1203 10
8.76074 0.1213 10
7.83367 0.1223 10
7.247 0.1233 10
7.12762 0.1243 10
7.51813 0.1253 10
8.02101 0.1263 10
9.25102 0.1273 10
11.061 0.1283 10
13.6732 0.1293 10
16.6778 0.1303 10
19.7158 0.1313 10
26.4022 0.1323 10
30.8412 0.1333 10
35.5631 0.1343 10
39.4573 0.1353 10
44.3621 0.1363 10
46.1084 0.1373 10
53.4636 0.1383 10
57.0655 0.1393 10
60.6122 0.1403 10
58.6607 0.1413 10
59.6703 0.1423 10
61.0574 0.1433 10
58.4351 0.1443 10
60.5997 0.1453 10
63.7512 0.1463 10
66.6563 0.1473 10
65.3382 0.1483 10
66.1726 0.1493 10
70.8138 0.1503 10
77.7318 0.1513 10
88.5165 0.1523 10
97.9886 0.1533 10
109.998 0.1543 10
127.147 0.1553 10
144.233 0.1563 10
157.235 0.1573 10
170.699 0.1583 10
175.898 0.1593 10
181.351 0.1603 10
185.119 0.1613 10
188.317 0.1623 10
187.554 0.1633 10
184.328 0.1643 10
173.796 0.1653 10
162.001 0.1663 10
154.264 0.1673 10
147.812 0.1683 10
144.708 0.1693 10
149.799 0.1703 10
147.654 0.1713 10
150.884 0.1723 10
162.835 0.1733 10
178.289 0.1743 10
200.026 0.1753 10
226.26 0.1763 10
244.747 0.1773 10
266.656 0.1783 10
283.04 0.1793 10
308.183 0.1803 10
324.363 0.1813 10
335.708 0.1823 10
353.715 0.1833 10
365.246 0.1843 10
363.946 0.1853 10
356.656 0.1863 10
352.266 0.1873 10
355.643 0.1883 10
341.105 0.1893 10
327.43 0.1903 10
310.008 0.1913 10
290.001 0.1923 10
276.328 0.1933 10
257.215 0.1943 10
243.382 0.1953 10
224.975 0.1963 10
218.484 0.1973 10
210.786 0.1983 10
198.931 0.1993 10
193.501 0.2003 10
201.302 0.2013 10
213.704 0.2023 10
215.492 0.2033 10
217.885 0.2043 10
212.349 0.2053 10
209.156 0.2063 10
207.09 0.2073 10
206.512 0.2083 10
200.392 0.2093 10
195.004 0.2103 10
182.19 0.2113 10
171.132 0.2123 10
153.958 0.2133 10
138.661 0.2143 10
127.478 0.2153 10
110.794 0.2163 10
93.8661 0.2173 10
77.7027 0.2183 10
64.7267 0.2193 10
56.0355 0.2203 10
50.115 0.2213 10
47.2456 0.2223 10
43.9111 0.2233 10
45.0658 0.2243 10
47.6615 0.2253 10
53.9381 0.2263 10
60.5931 0.2273 10
67.387 0.2283 10
75.2828 0.2293 10
82.0265 0.2303 10
90.1475 0.2313 10
92.0223 0.2323 10
93.6645 0.2333 10
93.419 0.2343 10
90.5925 0.2353 10
87.6456 0.2363 10
80.9821 0.2373 10
74.5204 0.2383 10
69.2132 0.2393 10
63.1026 0.2403 10
57.1105 0.2413 10
51.6304 0.2423 10
47.1194 0.2433 10
42.3496 0.2443 10
38.9556 0.2453 10
35.8271 0.2463 10
32.6199 0.2473 10
30.4495 0.2483 10
28.1369 0.2493 10
25.5411 0.2503 10
23.8013 0.2513 10
20.8746 0.2523 10
18.7697 0.2533 10
17.4201 0.2543 10
16.192 0.2553 10
15.1973 0.2563 10
15.4311 0.2573 10
16.2503 0.2583 10
19.3777 0.2593 10
22.4586 0.2603 10
27.24 0.2613 10
32.3838 0.2623 10
37.3365 0.2633 10
41.653 0.2643 10
46.1625 0.2653 10
49.9415 0.2663 10
53.1836 0.2673 10
55.8556 0.2683 10
56.3335 0.2693 10
55.2531 0.2703 10
52.3799 0.2713 10
48.5534 0.2723 10
44.5853 0.2733 10
40.7424 0.2743 10
36.2058 0.2753 10
33.8019 0.2763 10
30.6299 0.2773 10
28.0617 0.2783 10
26.3519 0.2793 10
25.0496 0.2803 10
24.3759 0.2813 10
24.6561 0.2823 10
25.8111 0.2833 10
28.1755 0.2843 10
29.7117 0.2853 10
30.4788 0.2863 10
31.1477 0.2873 10
31.0581 0.2883 10
30.0359 0.2893 10
28.6758 0.2903 10
25.8842 0.2913 10
23.3456 0.2923 10
21.261 0.2933 10
18.2369 0.2943 10
15.7789 0.2953 10
13.7832 0.2963 10
12.6486 0.2973 10
12.0043 0.2983 10
12.2433 0.2993 10
13.6164 0.3003 10
14.3635 0.3013 10
16.382 0.3023 10
18.7333 0.3033 10
21.5151 0.3043 10
24.4148 0.3053 10
26.8128 0.3063 10
28.8396 0.3073 10
56.1256 0.0833 11
60.688 0.0843 11
60.1879 0.0853 11
66.3864 0.0863 11
68.4113 0.0873 11
70.5049 0.0883 11
77.8103 0.0893 11
74.1878 0.0903 11
76.8727 0.0913 11
80.8609 0.0923 11
94.2601 0.0933 11
99.8909 0.0943 11
97.1707 0.0953 11
104.174 0.0963 11
100.966 0.0973 11
101.931 0.0983 11
100.972 0.0993 11
100.344 0.1003 11
86.335 0.1013 11
82.2312 0.1023 11
82.5842 0.1033 11
75.2707 0.1043 11
68.6147 0.1053 11
60.4388 0.1063 11
53.2453 0.1073 11
53.0513 0.1083 11
46.5345 0.1093 11
45.6922 0.1103 11
46.0275 0.1113 11
44.4719 0.1123 11
41.9959 0.1133 11
47.4969 0.1143 11
49.8055 0.1153 11
58.7965 0.1163 11
66.8962 0.1173 11
75.7777 0.1183 11
86.3854 0.1193 11
99.9067 0.1203 11
107.983 0.1213 11
114.283 0.1223 11
109.289 0.1233 11
115.602 0.1243 11
118.622 0.1253 11
121.28 0.1263 11
119.997 0.1273 11
117.937 0.1283 11
115.626 0.1293 11
108.659 0.1303 11
99.2417 0.1313 11
95.7715 0.1323 11
87.8645 0.1333 11
81.9566 0.1343 11
76.7017 0.1353 11
75.0762 0.1363 11
74.3052 0.1373 11
77.1328 0.1383 11
79.8468 0.1393 11
82.7864 0.1403 11
89.8924 0.1413 11
100.553 0.1423 11
109.374 0.1433 11
128.336 0.1443 11
141.368 0.1453 11
153.782 0.1463 11
165.202 0.1473 11
175.21 0.1483 11
187.075 0.1493 11
192.646 0.1503 11
199.759 0.1513 11
203.202 0.1523 11
212.89 0.1533 11
213.865 0.1543 11
213.943 0.1553 11
209.713 0.1563 11
212.726 0.1573 11
209.629 0.1583 11
212.12 0.1593 11
211.951 0.1603 11
212.121 0.1613 11
212.662 0.1623 11
211.724 0.1633 11
213.114 0.1643 11
212.168 0.1653 11
210.774 0.1663 11
208.421 0.1673 11
204.907 0.1683 11
200.096 0.1693 11
194.182 0.1703 11
186.547 0.1713 11
177.753 0.1723 11
171.753 0.1733 11
158.653 0.1743 11
147.458 0.1753 11
135.184 0.1763 11
127.455 0.1773 11
118.308 0.1783 11
105.964 0.1793 11
100.129 0.1803 11
90.3793 0.1813 11
82.4127 0.1823 11
75.2229 0.1833 11
68.7337 0.1843 11
64.739 0.1853 11
59.8233 0.1863 11
56.2565 0.1873 11
51.5794 0.1883 11
47.1385 0.1893 11
42.9201 0.1903 11
37.3737 0.1913 11
33.1606 0.1923 11
28.6324 0.1933 11
25.8849 0.1943 11
23.7632 0.1953 11
22.2365 0.1963 11
19.8686 0.1973 11
19.6494 0.1983 11
19.8063 0.1993 11
20.6486 0.2003 11
21.9152 0.2013 11
24.1144 0.2023 11
25.7562 0.2033 11
27.8712 0.2043 11
29.2066 0.2053 11
30.1972 0.2063 11
30.7783 0.2073 11
30.9686 0.2083 11
31.0861 0.2093 11
30.4721 0.2103 11
29.8462 0.2113 11
29.0985 0.2123 11
29.2947 0.2133 11
29.453 0.2143 11
29.7834 0.2153 11
31.0175 0.2163 11
31.9197 0.2173 11
34.6701 0.2183 11
37.5648 0.2193 11
41.5586 0.2203 11
45.9876 0.2213 11
49.9453 0.2223 11
53.7502 0.2233 11
56.6288 0.2243 11
58.7655 0.2253 11
60.0188 0.2263 11
60.881 0.2273 11
61.3701 0.2283 11
60.9818 0.2293 11
58.5945 0.2303 11
55.1167 0.2313 11
50.8777 0.2323 11
47.3159 0.2333 11
42.4158 0.2343 11
38.2829 0.2353 11
34.8285 0.2363 11
30.464 0.2373 11
27.0938 0.2383 11
25.2189 0.2393 11
23.9716 0.2403 11
21.4115 0.2413 11
20.6452 0.2423 11
20.2787 0.2433 11
19.9078 0.2443 11
20.5142 0.2453 11
21.5739 0.2463 11
22.685 0.2473 11
23.8593 0.2483 11
25.2312 0.2493 11
25.9637 0.2503 11
27.1746 0.2513 11
29.1953 0.2523 11
27.4463 0.2533 11
27.7263 0.2543 11
28.2064 0.2553 11
28.2548 0.2563 11
28.3801 0.2573 11
31.0415 0.2583 11
32.6433 0.2593 11
34.6579 0.2603 11
35.5722 0.2613 11
36.7058 0.2623 11
40.7954 0.2633 11
38.0604 0.2643 11
37.0075 0.2653 11
36.8032 0.2663 11
35.2004 0.2673 11
34.3477 0.2683 11
32.0508 0.2693 11
31.5159 0.2703 11
32.4999 0.2713 11
29.7886 0.2723 11
28.337 0.2733 11
25.5665 0.2743 11
24.2577 0.2753 11
23.0831 0.2763 11
21.4429 0.2773 11
21.0907 0.2783 11
20.1194 0.2793 11
20.2171 0.2803 11
19.5771 0.2813 11
19.4454 0.2823 11
19.1992 0.2833 11
19.3784 0.2843 11
19.9523 0.2853 11
20.6414 0.2863 11
21.2717 0.2873 11
21.3149 0.2883 11
22.422 0.2893 11
24.9388 0.2903 11
26.1242 0.2913 11
29.2401 0.2923 11
32.2395 0.2933 11
38.2065 0.2943 11
42.5409 0.2953 11
46.7378 0.2963 11
53.0364 0.2973 11
57.6007 0.2983 11
62.2922 0.2993 11
65.7838 0.3003 11
69.5796 0.3013 11
95.9455 0.0833 12
100.424 0.0843 12
103.246 0.0853 12
104.464 0.0863 12
104.201 0.0873 12
102.626 0.0883 12
99.9297 0.0893 12
96.3028 0.0903 12
91.9207 0.0913 12
86.9341 0.0923 12
81.4669 0.0933 12
75.6219 0.0943 12
69.4905 0.0953 12
63.1667 0.0963 12
56.7609 0.0973 12
50.4116 0.0983 12
44.2917 0.0993 12
38.6096 0.1003 12
33.6014 0.1013 12
29.5176 0.1023 12
26.6027 0.1033 12
25.0721 0.1043 12
25.0878 0.1053 12
26.7368 0.1063 12
30.015 0.1073 12
34.8192 0.1083 12
40.9488 0.1093 12
48.1187 0.1103 12
55.9811 0.1113 12
64.1568 0.1123 12
72.271 0.1133 12
79.991 0.1143 12
87.0618 0.1153 12
93.3352 0.1163 12
98.8399 0.1173 12
103.928 0.1183 12
108.277 0.1193 12
112.744 0.1203 12
117 0.1213 12
122.616 0.1223 12
128.621 0.1233 12
136.83 0.1243 12
146.804 0.1253 12
157.567 0.1263 12
173.512 0.1273 12
188.476 0.1283 12
207.094 0.1293 12
223.895 0.1303 12
239.358 0.1313 12
254.285 0.1323 12
265.052 0.1333 12
272.321 0.1343 12
276.987 0.1353 12
285.134 0.1363 12
284.79 0.1373 12
278.724 0.1383 12
274.784 0.1393 12
260.764 0.1403 12
245.237 0.1413 12
233.16 0.1423 12
218.432 0.1433 12
198.647 0.1443 12
182.899 0.1453 12
165.388 0.1463 12
154.865 0.1473 12
144.991 0.1483 12
139.288 0.1493 12
140.193 0.1503 12
140.374 0.1513 12
137.437 0.1523 12
147.853 0.1533 12
154.191 0.1543 12
162.617 0.1553 12
172.005 0.1563 12
179.314 0.1573 12
183.009 0.1583 12
185.039 0.1593 12
183.285 0.1603 12
169.655 0.1613 12
160.445 0.1623 12
146.99 0.1633 12
135.532 0.1643 12
119.059 0.1653 12
106.382 0.1663 12
87.8014 0.1673 12
71.4735 0.1683 12
57.3815 0.1693 12
47.8144 0.1703 12
38.3193 0.1713 12
29.6112 0.1723 12
19.6979 0.1733 12
16.2833 0.1743 12
16.132 0.1753 12
19.3938 0.1763 12
21.43 0.1773 12
26.487 0.1783 12
31.6092 0.1793 12
36.5961 0.1803 12
41.5167 0.1813 12
44.613 0.1823 12
50.0047 0.1833 12
54.4255 0.1843 12
56.536 0.1853 12
57.0652 0.1863 12
55.1054 0.1873 12
58.2061 0.1883 12
57.0505 0.1893 12
60.5559 0.1903 12
61.4761 0.1913 12
62.3756 0.1923 12
63.4557 0.1933 12
63.9598 0.1943 12
65.4001 0.1953 12
69.7383 0.1963 12
75.0058 0.1973 12
78.8244 0.1983 12
80.1667 0.1993 12
82.357 0.2003 12
81.1264 0.2013 12
82.0087 0.2023 12
78.6665 0.2033 12
71.2754 0.2043 12
64.4909 0.2053 12
59.4968 0.2063 12
49.8818 0.2073 12
41.3976 0.2083 12
32.9421 0.2093 12
25.7316 0.2103 12
19.9125 0.2113 12
14.6601 0.2123 12
11.3585 0.2133 12
11.1183 0.2143 12
10.7947 0.2153 12
14.2401 0.2163 12
19.0652 0.2173 12
27.9932 0.2183 12
37.1008 0.2193 12
46.3332 0.2203 12
59.3482 0.2213 12
68.5748 0.2223 12
80.9595 0.2233 12
95.9213 0.2243 12
110.246 0.2253 12
120.498 0.2263 12
128.209 0.2273 12
136.164 0.2283 12
140.223 0.2293 12
141.794 0.2303 12
140.689 0.2313 12
138.953 0.2323 12
130.366 0.2333 12
125.133 0.2343 12
117.192 0.2353 12
111.873 0.2363 12
100.105 0.2373 12
91.0221 0.2383 12
81.3558 0.2393 12
68.976 0.2403 12
58.237 0.2413 12
49.9121 0.2423 12
40.8883 0.2433 12
32.0952 0.2443 12
27.4264 0.2453 12
22.2471 0.2463 12
18.5854 0.2473 12
15.9583 0.2483 12
14.2789 0.2493 12
13.5748 0.2503 12
13.6301 0.2513 12
14.3301 0.2523 12
14.485 0.2533 12
14.4786 0.2543 12
15.309 0.2553 12
15.6453 0.2563 12
17.8418 0.2573 12
17.4951 0.2583 12
17.2223 0.2593 12
16.1168 0.2603 12
14.5805 0.2613 12
13.4506 0.2623 12
11.9504 0.2633 12
10.1989 0.2643 12
8.61928 0.2653 12
7.30267 0.2663 12
6.87599 0.2673 12
6.55795 0.2683 12
6.17848 0.2693 12
6.0746 0.2703 12
5.96716 0.2713 12
6.49035 0.2723 12
6.75611 0.2733 12
6.46336 0.2743 12
6.63126 0.2753 12
6.71956 0.2763 12
6.72105 0.2773 12
5.9589 0.2783 12
6.11332 0.2793 12
6.05385 0.2803 12
6.08706 0.2813 12
6.06256 0.2823 12
6.19529 0.2833 12
6.74626 0.2843 12
7.70543 0.2853 12
8.33509 0.2863 12
9.19752 0.2873 12
9.75901 0.2883 12
10.5365 0.2893 12
11.1341 0.2903 12
11.8612 0.2913 12
12.4429 0.2923 12
13.0915 0.2933 12
13.6679 0.2943 12
14.1631 0.2953 12
68.922 0.0833 13
69.6578 0.0843 13
65.5939 0.0853 13
67.116 0.0863 13
68.9636 0.0873 13
70.5504 0.0883 13
75.7312 0.0893 13
81.1232 0.0903 13
84.7446 0.0913 13
88.6127 0.0923 13
88.966 0.0933 13
93.1195 0.0943 13
96.3714 0.0953 13
100.678 0.0963 13
104.752 0.0973 13
102.919 0.0983 13
104.971 0.0993 13
103.404 0.1003 13
104.886 0.1013 13
105.047 0.1023 13
99.9198 0.1033 13
95.8856 0.1043 13
90.4028 0.1053 13
83.8268 0.1063 13
76.3707 0.1073 13
71.9677 0.1083 13
68.4033 0.1093 13
65.2802 0.1103 13
63.4162 0.1113 13
62.0668 0.1123 13
60.5006 0.1133 13
59.8009 0.1143 13
59.9045 0.1153 13
58.6498 0.1163 13
57.8049 0.1173 13
56.4507 0.1183 13
57.0898 0.1193 13
57.1607 0.1203 13
58.633 0.1213 13
62.5586 0.1223 13
65.9744 0.1233 13
70.1676 0.1243 13
74.5023 0.1253 13
76.6105 0.1263 13
83.7503 0.1273 13
93.2711 0.1283 13
96.257 0.1293 13
96.466 0.1303 13
98.1109 0.1313 13
106.836 0.1323 13
103.978 0.1333 13
104.063 0.1343 13
103.489 0.1353 13
102.717 0.1363 13
99.7633 0.1373 13
97.1122 0.1383 13
94.4045 0.1393 13
91.1512 0.1403 13
90.5548 0.1413 13
88.5567 0.1423 13
93.0114 0.1433 13
100.136 0.1443 13
108.513 0.1453 13
114.03 0.1463 13
122.172 0.1473 13
132.471 0.1483 13
137.66 0.1493 13
147.707 0.1503 13
156.273 0.1513 13
163.746 0.1523 13
170.003 0.1533 13
173.978 0.1543 13
176.796 0.1553 13
179.522 0.1563 13
179.841 0.1573 13
179.797 0.1583 13
188.754 0.1593 13
190.382 0.1603 13
192.038 0.1613 13
197.594 0.1623 13
196.964 0.1633 13
202.926 0.1643 13
208.014 0.1653 13
216.654 0.1663 13
223.271 0.1673 13
229.466 0.1683 13
242.385 0.1693 13
246.565 0.1703 13
240.859 0.1713 13
244.073 0.1723 13
233.836 0.1733 13
228.607 0.1743 13
220.413 0.1753 13
210.292 0.1763 13
197.756 0.1773 13
185.619 0.1783 13
173.512 0.1793 13
163.768 0.1803 13
154.495 0.1813 13
146.702 0.1823 13
143.542 0.1833 13
137.711 0.1843 13
136.48 0.1853 13
137.266 0.1863 13
138.73 0.1873 13
141.445 0.1883 13
136.895 0.1893 13
144.144 0.1903 13
144.854 0.1913 13
144.642 0.1923 13
142.017 0.1933 13
136.835 0.1943 13
131.287 0.1953 13
121.613 0.1963 13
111.885 0.1973 13
99.9043 0.1983 13
89.2973 0.1993 13
76.6985 0.2003 13
64.0426 0.2013 13
52.316 0.2023 13
40.0382 0.2033 13
35.4174 0.2043 13
29.0976 0.2053 13
25.3955 0.2063 13
23.5706 0.2073 13
22.7068 0.2083 13
24.225 0.2093 13
26.2872 0.2103 13
27.2312 0.2113 13
30.1359 0.2123 13
32.872 0.2133 13
33.0493 0.2143 13
35.4655 0.2153 13
36.8186 0.2163 13
38.1851 0.2173 13
35.5511 0.2183 13
36.3453 0.2193 13
36.883 0.2203 13
37.8638 0.2213 13
39.1395 0.2223 13
41.944 0.2233 13
44.8208 0.2243 13
45.7965 0.2253 13
47.6979 0.2263 13
48.7646 0.2273 13
51.0103 0.2283 13
52.5695 0.2293 13
55.6573 0.2303 13
53.815 0.2313 13
52.6702 0.2323 13
53.1139 0.2333 13
53.1862 0.2343 13
51.3835 0.2353 13
51.4108 0.2363 13
49.8947 0.2373 13
49.7692 0.2383 13
49.2084 0.2393 13
49.3899 0.2403 13
48.7264 0.2413 13
48.9039 0.2423 13
48.8366 0.2433 13
49.8113 0.2443 13
51.6591 0.2453 13
52.091 0.2463 13
52.3347 0.2473 13
51.6693 0.2483 13
52.3388 0.2493 13
50.4334 0.2503 13
48.3084 0.2513 13
46.9816 0.2523 13
44.4484 0.2533 13
43.2224 0.2543 13
41.3437 0.2553 13
39.3946 0.2563 13
37.7322 0.2573 13
35.1923 0.2583 13
33.159 0.2593 13
30.8278 0.2603 13
29.2845 0.2613 13
27.5051 0.2623 13
25.2275 0.2633 13
24.8689 0.2643 13
23.1369 0.2653 13
21.9458 0.2663 13
20.1285 0.2673 13
18.991 0.2683 13
18.5123 0.2693 13
16.7719 0.2703 13
16.8743 0.2713 13
17.4083 0.2723 13
18.1427 0.2733 13
18.5382 0.2743 13
20.9103 0.2753 13
22.2591 0.2763 13
23.1226 0.2773 13
24.6027 0.2783 13
25.0036 0.2793 13
25.1004 0.2803 13
24.621 0.2813 13
24.4097 0.2823 13
24.0785 0.2833 13
22.7881 0.2843 13
21.1572 0.2853 13
19.8035 0.2863 13
17.3981 0.2873 13
17.6016 0.2883 13
78.3518 0.0833 14
72.9233 0.0843 14
71.0358 0.0853 14
65.5343 0.0863 14
55.092 0.0873 14
47.9333 0.0883 14
40.3352 0.0893 14
37.1531 0.0903 14
33.1059 0.0913 14
29.2792 0.0923 14
23.7489 0.0933 14
21.1962 0.0943 14
19.935 0.0953 14
18.2581 0.0963 14
17.7307 0.0973 14
19.419 0.0983 14
22.3687 0.0993 14
24.2676 0.1003 14
27.3427 0.1013 14
35.0354 0.1023 14
42.004 0.1033 14
40.9796 0.1043 14
43.4225 0.1053 14
40.5809 0.1063 14
44.5816 0.1073 14
47.8866 0.1083 14
55.4991 0.1093 14
60.4892 0.1103 14
64.8255 0.1113 14
79.2785 0.1123 14
93.1588 0.1133 14
104.194 0.1143 14
104.188 0.1153 14
109.547 0.1163 14
117.333 0.1173 14
126.428 0.1183 14
136.393 0.1193 14
136.18 0.1203 14
133.097 0.1213 14
131.565 0.1223 14
125.813 0.1233 14
114.065 0.1243 14
109.849 0.1253 14
105.564 0.1263 14
102.454 0.1273 14
90.623 0.1283 14
83.6959 0.1293 14
78.3887 0.1303 14
73.7626 0.1313 14
66.3594 0.1323 14
66.0499 0.1333 14
68.9151 0.1343 14
72.1164 0.1353 14
77.8597 0.1363 14
86.5337 0.1373 14
97.1665 0.1383 14
102.765 0.1393 14
121.645 0.1403 14
133.616 0.1413 14
140.15 0.1423 14
155.831 0.1433 14
165.582 0.1443 14
188.328 0.1453 14
187.817 0.1463 14
192.271 0.1473 14
195.178 0.1483 14
200.369 0.1493 14
198.099 0.1503 14
190.184 0.1513 14
179.641 0.1523 14
166.706 0.1533 14
151.58 0.1543 14
134.543 0.1553 14
114.368 0.1563 14
100.25 0.1573 14
90.3914 0.1583 14
79.0649 0.1593 14
71.1712 0.1603 14
65.2597 0.1613 14
61.4155 0.1623 14
60.3955 0.1633 14
62.6277 0.1643 14
68.9904 0.1653 14
74.9712 0.1663 14
82.5556 0.1673 14
90.6921 0.1683 14
99.62 0.1693 14
106.903 0.1703 14
108.501 0.1713 14
111.478 0.1723 14
108.777 0.1733 14
107.099 0.1743 14
104.407 0.1753 14
99.8373 0.1763 14
97.6637 0.1773 14
90.0408 0.1783 14
81.4748 0.1793 14
73.5039 0.1803 14
63.4387 0.1813 14
55.9721 0.1823 14
50.2406 0.1833 14
45.3158 0.1843 14
40.4331 0.1853 14
36.9526 0.1863 14
34.0329 0.1873 14
30.7997 0.1883 14
29.055 0.1893 14
30.3237 0.1903 14
31.3469 0.1913 14
31.7811 0.1923 14
32.6417 0.1933 14
33.3767 0.1943 14
31.8196 0.1953 14
31.3116 0.1963 14
30.0298 0.1973 14
27.0918 0.1983 14
25.7607 0.1993 14
23.1985 0.2003 14
21.0071 0.2013 14
19.0609 0.2023 14
18.9347 0.2033 14
18.3582 0.2043 14
19.0418 0.2053 14
20.9404 0.2063 14
23.7803 0.2073 14
27.2972 0.2083 14
31.7964 0.2093 14
36.4593 0.2103 14
41.656 0.2113 14
45.4787 0.2123 14
48.9014 0.2133 14
51.5525 0.2143 14
53.1539 0.2153 14
53.6745 0.2163 14
51.7883 0.2173 14
49.1665 0.2183 14
45.8291 0.2193 14
41.919 0.2203 14
37.847 0.2213 14
34.0043 0.2223 14
31.3887 0.2233 14
28.3395 0.2243 14
27.2628 0.2253 14
28.1079 0.2263 14
29.619 0.2273 14
30.1229 0.2283 14
31.854 0.2293 14
36.1311 0.2303 14
39.2066 0.2313 14
42.7223 0.2323 14
45.2349 0.2333 14
47.1449 0.2343 14
47.7187 0.2353 14
47.6638 0.2363 14
45.6908 0.2373 14
43.2212 0.2383 14
39.293 0.2393 14
36.0441 0.2403 14
29.6789 0.2413 14
24.7153 0.2423 14
19.707 0.2433 14
15.7276 0.2443 14
12.6036 0.2453 14
10.2242 0.2463 14
8.84853 0.2473 14
9.02402 0.2483 14
11.7963 0.2493 14
14.9535 0.2503 14
18.9844 0.2513 14
23.2979 0.2523 14
27.2681 0.2533 14
31.5703 0.2543 14
34.3437 0.2553 14
36.5359 0.2563 14
38.7281 0.2573 14
40.0248 0.2583 14
39.9569 0.2593 14
38.7999 0.2603 14
37.3862 0.2613 14
34.8443 0.2623 14
32.5659 0.2633 14
28.8151 0.2643 14
25.8825 0.2653 14
23.3554 0.2663 14
21.4901 0.2673 14
19.5864 0.2683 14
18.0173 0.2693 14
17.3313 0.2703 14
17.1846 0.2713 14
16.8717 0.2723 14
17.8456 0.2733 14
19.7947 0.2743 14
21.4066 0.2753 14
22.9654 0.2763 14
24.5595 0.2773 14
25.263 0.2783 14
25.3795 0.2793 14
26.4196 0.2803 14
27.0378 0.2813 14
67.0226 0.0833 15
56.9209 0.0843 15
48.6303 0.0853 15
41.8698 0.0863 15
36.3541 0.0873 15
31.8165 0.0883 15
28.0265 0.0893 15
24.798 0.0903 15
21.9931 0.0913 15
19.5191 0.0923 15
17.3215 0.0933 15
15.3754 0.0943 15
13.6754 0.0953 15
12.2272 0.0963 15
11.0403 0.0973 15
10.1241 0.0983 15
9.48611 0.0993 15
9.13263 0.1003 15
9.0716 0.1013 15
9.31577 0.1023 15
9.8858 0.1033 15
10.8123 0.1043 15
12.1359 0.1053 15
13.9049 0.1063 15
16.1713 0.1073 15
18.9834 0.1083 15
22.3784 0.1093 15
26.374 0.1103 15
30.96 0.1113 15
36.0922 0.1123 15
41.6888 0.1133 15
47.6286 0.1143 15
53.7546 0.1153 15
59.8793 0.1163 15
65.8028 0.1173 15
71.5181 0.1183 15
76.4094 0.1193 15
80.4357 0.1203 15
83.5059 0.1213 15
85.7057 0.1223 15
87.3083 0.1233 15
87.4163 0.1243 15
85.7801 0.1253 15
84.786 0.1263 15
79.9376 0.1273 15
75.7727 0.1283 15
70.7712 0.1293 15
66.6504 0.1303 15
59.6706 0.1313 15
51.7642 0.1323 15
45.8865 0.1333 15
40.7087 0.1343 15
37.964 0.1353 15
34.5475 0.1363 15
33.1896 0.1373 15
33.9341 0.1383 15
37.0183 0.1393 15
39.2979 0.1403 15
42.1426 0.1413 15
45.9248 0.1423 15
48.412 0.1433 15
50.1913 0.1443 15
56.2628 0.1453 15
62.2374 0.1463 15
67.0947 0.1473 15
66.2556 0.1483 15
74.4787 0.1493 15
80.0597 0.1503 15
86.4468 0.1513 15
85.7743 0.1523 15
88.1638 0.1533 15
90.4777 0.1543 15
86.8344 0.1553 15
85.1552 0.1563 15
83.8492 0.1573 15
80.0925 0.1583 15
74.0122 0.1593 15
69.5451 0.1603 15
67.3679 0.1613 15
64.8191 0.1623 15
61.5031 0.1633 15
58.4394 0.1643 15
56.0583 0.1653 15
53.8265 0.1663 15
51.4485 0.1673 15
48.6697 0.1683 15
45.3368 0.1693 15
44.7676 0.1703 15
45.4728 0.1713 15
44.57 0.1723 15
45.7513 0.1733 15
43.9408 0.1743 15
42.7544 0.1753 15
50.4236 0.1763 15
51.3637 0.1773 15
47.8665 0.1783 15
46.3989 0.1793 15
42.6645 0.1803 15
47.4849 0.1813 15
50.2671 0.1823 15
47.1441 0.1833 15
48.3072 0.1843 15
48.1181 0.1853 15
51.1205 0.1863 15
52.7038 0.1873 15
56.8903 0.1883 15
59.3287 0.1893 15
63.5105 0.1903 15
68.6459 0.1913 15
67.3237 0.1923 15
66.4757 0.1933 15
68.0738 0.1943 15
68.3728 0.1953 15
65.5016 0.1963 15
61.451 0.1973 15
58.3403 0.1983 15
55.1949 0.1993 15
50.7158 0.2003 15
46.344 0.2013 15
43.4609 0.2023 15
40.1264 0.2033 15
34.9841 0.2043 15
31.6597 0.2053 15
29.7798 0.2063 15
30.2975 0.2073 15
34.7272 0.2083 15
36.656 0.2093 15
41.2574 0.2103 15
47.6281 0.2113 15
53.2497 0.2123 15
58.6222 0.2133 15
64.0308 0.2143 15
71.8593 0.2153 15
76.1814 0.2163 15
80.461 0.2173 15
80.9327 0.2183 15
81.3885 0.2193 15
81.7997 0.2203 15
78.2817 0.2213 15
74.5547 0.2223 15
69.2944 0.2233 15
65.7939 0.2243 15
57.2671 0.2253 15
49.6448 0.2263 15
42.8633 0.2273 15
36.9467 0.2283 15
33.4333 0.2293 15
28.7232 0.2303 15
24.5002 0.2313 15
21.0893 0.2323 15
17.0918 0.2333 15
15.2701 0.2343 15
14.6341 0.2353 15
14.5329 0.2363 15
14.9331 0.2373 15
15.4308 0.2383 15
14.8062 0.2393 15
14.0772 0.2403 15
13.9728 0.2413 15
13.9365 0.2423 15
13.5846 0.2433 15
13.5853 0.2443 15
12.875 0.2453 15
13.7333 0.2463 15
14.5419 0.2473 15
15.509 0.2483 15
16.6841 0.2493 15
18.1855 0.2503 15
20.003 0.2513 15
20.9136 0.2523 15
22.2621 0.2533 15
24.4694 0.2543 15
25.8061 0.2553 15
28.1172 0.2563 15
31.2182 0.2573 15
33.1247 0.2583 15
34.8452 0.2593 15
35.8582 0.2603 15
36.8653 0.2613 15
37.2844 0.2623 15
37.0719 0.2633 15
36.7135 0.2643 15
36.0483 0.2653 15
35.1932 0.2663 15
34.1159 0.2673 15
33.5971 0.2683 15
32.1151 0.2693 15
30.7591 0.2703 15
29.6406 0.2713 15
28.3496 0.2723 15
64.1951 0.0833 16
67.7394 0.0843 16
73.9167 0.0853 16
81.5186 0.0863 16
88.2846 0.0873 16
92.2319 0.0883 16
100.702 0.0893 16
104.92 0.0903 16
115.094 0.0913 16
114.788 0.0923 16
122.804 0.0933 16
114.884 0.0943 16
111.858 0.0953 16
124.475 0.0963 16
128.949 0.0973 16
133.296 0.0983 16
127.827 0.0993 16
124.839 0.1003 16
118.786 0.1013 16
118.775 0.1023 16
125.093 0.1033 16
125.146 0.1043 16
124.733 0.1053 16
116.768 0.1063 16
113.476 0.1073 16
110.288 0.1083 16
118.999 0.1093 16
110.299 0.1103 16
104.425 0.1113 16
109.817 0.1123 16
109.863 0.1133 16
109.344 0.1143 16
106.94 0.1153 16
106.131 0.1163 16
108.855 0.1173 16
111.515 0.1183 16
117.86 0.1193 16
122.702 0.1203 16
124.719 0.1213 16
125.664 0.1223 16
122.561 0.1233 16
123.47 0.1243 16
128.41 0.1253 16
127.584 0.1263 16
124.791 0.1273 16
122.506 0.1283 16
118.868 0.1293 16
116.2 0.1303 16
110.205 0.1313 16
110.534 0.1323 16
110.976 0.1333 16
103.259 0.1343 16
102.185 0.1353 16
99.4028 0.1363 16
100.532 0.1373 16
100.211 0.1383 16
100.016 0.1393 16
102.123 0.1403 16
104.453 0.1413 16
106.813 0.1423 16
110.569 0.1433 16
111.875 0.1443 16
111.544 0.1453 16
109.353 0.1463 16
105.637 0.1473 16
100.488 0.1483 16
94.6745 0.1493 16
88.5522 0.1503 16
82.0076 0.1513 16
76.18 0.1523 16
70.7662 0.1533 16
64.8481 0.1543 16
60.1429 0.1553 16
56.756 0.1563 16
56.0641 0.1573 16
55.5357 0.1583 16
59.2177 0.1593 16
61.6001 0.1603 16
64.7155 0.1613 16
69.3836 0.1623 16
74.135 0.1633 16
75.3225 0.1643 16
74.8599 0.1653 16
74.4528 0.1663 16
72.1693 0.1673 16
67.9619 0.1683 16
61.9646 0.1693 16
53.3311 0.1703 16
44.0539 0.1713 16
35.3283 0.1723 16
27.0159 0.1733 16
19.3938 0.1743 16
13.1259 0.1753 16
8.4838 0.1763 16
7.68141 0.1773 16
9.58852 0.1783 16
13.7668 0.1793 16
19.5634 0.1803 16
29.0778 0.1813 16
40.0326 0.1823 16
52.0467 0.1833 16
64.3529 0.1843 16
77.8731 0.1853 16
89.0099 0.1863 16
97.913 0.1873 16
104.26 0.1883 16
107.767 0.1893 16
108.284 0.1903 16
104.374 0.1913 16
98.596 0.1923 16
90.1583 0.1933 16
81.2905 0.1943 16
72.059 0.1953 16
62.0964 0.1963 16
52.1201 0.1973 16
43.6775 0.1983 16
37.7254 0.1993 16
32.7204 0.2003 16
29.7838 0.2013 16
28.3628 0.2023 16
29.2295 0.2033 16
32.0859 0.2043 16
36.1885 0.2053 16
41.205 0.2063 16
46.6152 0.2073 16
52.009 0.2083 16
57.0288 0.2093 16
61.1869 0.2103 16
64.0765 0.2113 16
65.3424 0.2123 16
63.6382 0.2133 16
62.2505 0.2143 16
59.3634 0.2153 16
55.6139 0.2163 16
49.2349 0.2173 16
44.1772 0.2183 16
38.8737 0.2193 16
33.3982 0.2203 16
28.4301 0.2213 16
23.8853 0.2223 16
19.585 0.2233 16
16.2907 0.2243 16
13.9824 0.2253 16
12.1155 0.2263 16
11.3941 0.2273 16
11.1468 0.2283 16
11.6301 0.2293 16
12.8483 0.2303 16
14.3507 0.2313 16
16.3435 0.2323 16
18.3612 0.2333 16
21.225 0.2343 16
23.8194 0.2353 16
25.8311 0.2363 16
28.1478 0.2373 16
30.1363 0.2383 16
32.2204 0.2393 16
33.6822 0.2403 16
34.4958 0.2413 16
35.0273 0.2423 16
35.1785 0.2433 16
35.3946 0.2443 16
35.1943 0.2453 16
35.2449 0.2463 16
33.0691 0.2473 16
31.3269 0.2483 16
30.0851 0.2493 16
28.2768 0.2503 16
26.2636 0.2513 16
24.3158 0.2523 16
22.2536 0.2533 16
20.406 0.2543 16
18.5594 0.2553 16
16.8608 0.2563 16
15.2053 0.2573 16
14.5153 0.2583 16
14.3646 0.2593 16
14.6182 0.2603 16
15.136 0.2613 16
16.0841 0.2623 16
17.2651 0.2633 16
174.423 0.0833 17
205.087 0.0843 17
235.88 0.0853 17
265.45 0.0863 17
292.562 0.0873 17
316.184 0.0883 17
335.541 0.0893 17
350.158 0.0903 17
359.87 0.0913 17
364.807 0.0923 17
365.357 0.0933 17
362.106 0.0943 17
355.767 0.0953 17
347.103 0.0963 17
336.851 0.0973 17
325.66 0.0983 17
314.04 0.0993 17
302.337 0.1003 17
290.722 0.1013 17
279.211 0.1023 17
267.696 0.1033 17
255.991 0.1043 17
243.889 0.1053 17
231.216 0.1063 17
217.878 0.1073 17
203.895 0.1083 17
189.426 0.1093 17
174.763 0.1103 17
160.319 0.1113 17
146.589 0.1123 17
134.104 0.1133 17
123.377 0.1143 17
114.847 0.1153 17
108.831 0.1163 17
105.481 0.1173 17
104.761 0.1183 17
106.441 0.1193 17
110.112 0.1203 17
115.212 0.1213 17
121.183 0.1223 17
127.086 0.1233 17
132.331 0.1243 17
136.362 0.1253 17
138.469 0.1263 17
138.191 0.1273 17
135.863 0.1283 17
130.796 0.1293 17
123.399 0.1303 17
114.247 0.1313 17
103.593 0.1323 17
92.5972 0.1333 17
80.6792 0.1343 17
70.4717 0.1353 17
59.7276 0.1363 17
50.0306 0.1373 17
42.7 0.1383 17
38.1605 0.1393 17
33.511 0.1403 17
30.2031 0.1413 17
27.7502 0.1423 17
27.7625 0.1433 17
27.248 0.1443 17
27.6024 0.1453 17
30.6795 0.1463 17
32.0199 0.1473 17
34.7683 0.1483 17
36.1915 0.1493 17
37.3859 0.1503 17
35.5939 0.1513 17
36.7176 0.1523 17
37.4225 0.1533 17
37.5652 0.1543 17
35.3347 0.1553 17
34.9612 0.1563 17
32.5513 0.1573 17
31.6701 0.1583 17
35.1373 0.1593 17
32.3299 0.1603 17
32.7622 0.1613 17
30.5737 0.1623 17
30.7673 0.1633 17
30.2364 0.1643 17
28.5682 0.1653 17
28.6901 0.1663 17
26.5144 0.1673 17
28.0843 0.1683 17
25.4439 0.1693 17
24.4789 0.1703 17
20.6533 0.1713 17
18.5221 0.1723 17
16.5155 0.1733 17
15.6379 0.1743 17
13.978 0.1753 17
12.5786 0.1763 17
11.9558 0.1773 17
12.0206 0.1783 17
11.5871 0.1793 17
11.3995 0.1803 17
12.0474 0.1813 17
12.8473 0.1823 17
15.5272 0.1833 17
15.8054 0.1843 17
17.7556 0.1853 17
17.097 0.1863 17
20.7317 0.1873 17
19.0296 0.1883 17
20.0378 0.1893 17
20.19 0.1903 17
20.1833 0.1913 17
21.7192 0.1923 17
22.8586 0.1933 17
23.7102 0.1943 17
25.4656 0.1953 17
25.9591 0.1963 17
27.1279 0.1973 17
27.6572 0.1983 17
27.6492 0.1993 17
26.494 0.2003 17
27.6064 0.2013 17
29.1243 0.2023 17
30.5518 0.2033 17
32.199 0.2043 17
32.6723 0.2053 17
32.5246 0.2063 17
32.6635 0.2073 17
34.2078 0.2083 17
32.7067 0.2093 17
33.3064 0.2103 17
32.3035 0.2113 17
31.5704 0.2123 17
30.8243 0.2133 17
29.671 0.2143 17
27.248 0.2153 17
26.606 0.2163 17
24.8028 0.2173 17
22.7794 0.2183 17
20.6715 0.2193 17
16.1664 0.2203 17
15.1 0.2213 17
13.1224 0.2223 17
13.4692 0.2233 17
12.8803 0.2243 17
12.2123 0.2253 17
12.4724 0.2263 17
13.238 0.2273 17
13.6386 0.2283 17
15.2914 0.2293 17
17.4567 0.2303 17
19.8803 0.2313 17
22.6163 0.2323 17
24.4503 0.2333 17
26.6886 0.2343 17
28.6712 0.2353 17
30.7549 0.2363 17
31.8667 0.2373 17
32.7034 0.2383 17
35.2154 0.2393 17
33.7198 0.2403 17
33.2574 0.2413 17
32.4594 0.2423 17
29.5958 0.2433 17
27.7552 0.2443 17
26.4318 0.2453 17
24.7677 0.2463 17
22.917 0.2473 17
19.3887 0.2483 17
18.1144 0.2493 17
20.1214 0.2503 17
18.7993 0.2513 17
17.81 0.2523 17
77.967 0.0833 18
76.3374 0.0843 18
77.3181 0.0853 18
77.6359 0.0863 18
80.0047 0.0873 18
79.3245 0.0883 18
81.3 0.0893 18
79.29 0.0903 18
75.8327 0.0913 18
73.5647 0.0923 18
71.5275 0.0933 18
67.785 0.0943 18
61.9427 0.0953 18
57.4562 0.0963 18
54.698 0.0973 18
53.5672 0.0983 18
51.7667 0.0993 18
56.4451 0.1003 18
58.0608 0.1013 18
64.0922 0.1023 18
73.9861 0.1033 18
79.6344 0.1043 18
89.8475 0.1053 18
102.326 0.1063 18
112.912 0.1073 18
124.119 0.1083 18
137.72 0.1093 18
145.899 0.1103 18
153.976 0.1113 18
157.256 0.1123 18
160.086 0.1133 18
163.27 0.1143 18
169.183 0.1153 18
168.867 0.1163 18
165.452 0.1173 18
156.056 0.1183 18
146.985 0.1193 18
138.944 0.1203 18
128.481 0.1213 18
119.357 0.1223 18
106.655 0.1233 18
94.5681 0.1243 18
85.8045 0.1253 18
73.6592 0.1263 18
63.202 0.1273 18
53.8532 0.1283 18
45.7859 0.1293 18
38.2176 0.1303 18
31.5696 0.1313 18
25.2753 0.1323 18
21.1252 0.1333 18
19.1866 0.1343 18
17.994 0.1353 18
18.5456 0.1363 18
18.8551 0.1373 18
19.9653 0.1383 18
21.0803 0.1393 18
22.5738 0.1403 18
24.2593 0.1413 18
26.1169 0.1423 18
27.832 0.1433 18
28.7636 0.1443 18
30.3564 0.1453 18
30.5147 0.1463 18
30.1131 0.1473 18
29.1389 0.1483 18
28.1427 0.1493 18
26.2335 0.1503 18
24.5416 0.1513 18
22.5712 0.1523 18
18.8563 0.1533 18
16.1404 0.1543 18
14.1523 0.1553 18
11.7753 0.1563 18
10.0301 0.1573 18
8.00403 0.1583 18
6.7967 0.1593 18
5.32369 0.1603 18
3.87351 0.1613 18
3.06515 0.1623 18
2.73504 0.1633 18
3.40428 0.1643 18
4.69669 0.1653 18
7.01538 0.1663 18
10.8291 0.1673 18
14.6489 0.1683 18
18.9287 0.1693 18
23.468 0.1703 18
28.7157 0.1713 18
32.4824 0.1723 18
39.283 0.1733 18
43.9066 0.1743 18
47.7312 0.1753 18
52.8523 0.1763 18
53.422 0.1773 18
54.239 0.1783 18
55.8967 0.1793 18
55.5951 0.1803 18
54.1934 0.1813 18
51.6585 0.1823 18
48.1461 0.1833 18
43.7344 0.1843 18
38.8796 0.1853 18
34.0047 0.1863 18
28.3553 0.1873 18
23.479 0.1883 18
19.0241 0.1893 18
15.0756 0.1903 18
12.2344 0.1913 18
9.15007 0.1923 18
7.52049 0.1933 18
6.60383 0.1943 18
6.14035 0.1953 18
5.92942 0.1963 18
6.29701 0.1973 18
6.12798 0.1983 18
6.6682 0.1993 18
7.18219 0.2003 18
7.37739 0.2013 18
7.38192 0.2023 18
7.07279 0.2033 18
7.34175 0.2043 18
6.69283 0.2053 18
5.69192 0.2063 18
4.97691 0.2073 18
4.76916 0.2083 18
4.41414 0.2093 18
4.75329 0.2103 18
5.17314 0.2113 18
6.06161 0.2123 18
6.42149 0.2133 18
7.41211 0.2143 18
7.81112 0.2153 18
8.45172 0.2163 18
9.78975 0.2173 18
11.0353 0.2183 18
12.2602 0.2193 18
13.5309 0.2203 18
14.6583 0.2213 18
14.9722 0.2223 18
16.2734 0.2233 18
17.9818 0.2243 18
18.6368 0.2253 18
20.2793 0.2263 18
22.4012 0.2273 18
24.6964 0.2283 18
27.0796 0.2293 18
27.771 0.2303 18
31.8981 0.2313 18
34.9076 0.2323 18
37.4058 0.2333 18
39.9517 0.2343 18
42.3733 0.2353 18
43.7232 0.2363 18
43.415 0.2373 18
42.8793 0.2383 18
41.7401 0.2393 18
39.7476 0.2403 18
37.3919 0.2413 18
56.6395 0.0833 19
64.3892 0.0843 19
68.3289 0.0853 19
72.0135 0.0863 19
74.5502 0.0873 19
75.8317 0.0883 19
74.7923 0.0893 19
71.7989 0.0903 19
69.177 0.0913 19
65.5096 0.0923 19
60.9807 0.0933 19
55.8076 0.0943 19
50.2271 0.0953 19
44.4971 0.0963 19
38.8265 0.0973 19
33.4692 0.0983 19
28.5392 0.0993 19
24.2528 0.1003 19
20.7426 0.1013 19
18.0306 0.1023 19
16.2307 0.1033 19
15.2401 0.1043 19
15.169 0.1053 19
15.7718 0.1063 19
17.111 0.1073 19
19.5552 0.1083 19
22.1691 0.1093 19
26.5347 0.1103 19
28.9145 0.1113 19
30.775 0.1123 19
33.9242 0.1133 19
36.6842 0.1143 19
39.599 0.1153 19
41.0735 0.1163 19
40.5904 0.1173 19
40.2195 0.1183 19
41.7618 0.1193 19
40.9761 0.1203 19
39.2599 0.1213 19
34.7125 0.1223 19
32.5432 0.1233 19
27.8579 0.1243 19
24.4827 0.1253 19
24.1669 0.1263 19
24.0009 0.1273 19
26.3076 0.1283 19
28.9687 0.1293 19
33.9688 0.1303 19
39.7463 0.1313 19
43.8861 0.1323 19
53.7921 0.1333 19
59.5964 0.1343 19
65.4902 0.1353 19
71.3595 0.1363 19
74.1082 0.1373 19
76.8124 0.1383 19
77.9576 0.1393 19
77.9384 0.1403 19
73.888 0.1413 19
69.8118 0.1423 19
65.2159 0.1433 19
58.9145 0.1443 19
51.2059 0.1453 19
46.5377 0.1463 19
38.4113 0.1473 19
34.5275 0.1483 19
29.7424 0.1493 19
29.1777 0.1503 19
27.9896 0.1513 19
27.1335 0.1523 19
29.7438 0.1533 19
30.1493 0.1543 19
31.5355 0.1553 19
33.4268 0.1563 19
34.6618 0.1573 19
37.6194 0.1583 19
38.3079 0.1593 19
37.5228 0.1603 19
35.9029 0.1613 19
34.1357 0.1623 19
31.4275 0.1633 19
27.5445 0.1643 19
24.6542 0.1653 19
21.4091 0.1663 19
18.381 0.1673 19
16.3649 0.1683 19
14.8843 0.1693 19
14.3654 0.1703 19
14.5553 0.1713 19
15.5728 0.1723 19
16.9365 0.1733 19
19.5592 0.1743 19
22.344 0.1753 19
23.8571 0.1763 19
25.7461 0.1773 19
27.3441 0.1783 19
28.0906 0.1793 19
28.4069 0.1803 19
29.7641 0.1813 19
29.0541 0.1823 19
27.9435 0.1833 19
26.7865 0.1843 19
26.0245 0.1853 19
24.5613 0.1863 19
24.8445 0.1873 19
23.4199 0.1883 19
22.4096 0.1893 19
21.4742 0.1903 19
19.9022 0.1913 19
19.8961 0.1923 19
18.5078 0.1933 19
17.0492 0.1943 19
15.7667 0.1953 19
15.1274 0.1963 19
15.0854 0.1973 19
14.2153 0.1983 19
12.6995 0.1993 19
12.7207 0.2003 19
13.8849 0.2013 19
13.8849 0.2023 19
14.315 0.2033 19
15.0222 0.2043 19
15.1877 0.2053 19
15.3715 0.2063 19
15.7341 0.2073 19
15.5688 0.2083 19
16.0744 0.2093 19
16.8717 0.2103 19
18.1312 0.2113 19
18.6919 0.2123 19
18.1799 0.2133 19
17.9406 0.2143 19
17.3105 0.2153 19
17.4244 0.2163 19
16.6822 0.2173 19
16.6445 0.2183 19
16.8201 0.2193 19
17.6828 0.2203 19
20.4482 0.2213 19
22.5354 0.2223 19
26.4872 0.2233 19
29.8051 0.2243 19
31.8906 0.2253 19
34.4338 0.2263 19
36.509 0.2273 19
39.0578 0.2283 19
