4.78984e+07 0.085 0
2.89034e+07 0.0875 0
1.06466e+07 0.09 0
927645 0.0925 0
1.29977e+06 0.095 0
7.43972e+06 0.0975 0
1.29079e+07 0.1 0
1.34442e+07 0.1025 0
9.10403e+06 0.105 0
3.33308e+06 0.1075 0
118539 0.11 0
1.32791e+06 0.1125 0
5.83804e+06 0.115 0
1.06568e+07 0.1175 0
1.29821e+07 0.12 0
1.1779e+07 0.1225 0
8.03297e+06 0.125 0
3.80534e+06 0.1275 0
901071 0.13 0
64.8979 0.1325 0
633608 0.135 0
1.75977e+06 0.1375 0
2.5019e+06 0.14 0
2.55992e+06 0.1425 0
2.12851e+06 0.145 0
1.49318e+06 0.1475 0
908463 0.15 0
583255 0.1525 0
603065 0.155 0
735201 0.1575 0
956243 0.16 0
1.3761e+06 0.1625 0
1.75403e+06 0.165 0
2.12426e+06 0.1675 0
2.42582e+06 0.17 0
2.39435e+06 0.1725 0
2.28141e+06 0.175 0
1.6686e+06 0.1775 0
1.04226e+06 0.18 0
531399 0.1825 0
148142 0.185 0
171567 0.1875 0
369161 0.19 0
697325 0.1925 0
1.15281e+06 0.195 0
1.65512e+06 0.1975 0
2.06578e+06 0.2 0
2.42917e+06 0.2025 0
2.77513e+06 0.205 0
3.00742e+06 0.2075 0
2.89865e+06 0.21 0
2.76518e+06 0.2125 0
2.57234e+06 0.215 0
2.18484e+06 0.2175 0
1.56084e+06 0.22 0
1.12916e+06 0.2225 0
775272 0.225 0
641530 0.2275 0
682899 0.23 0
811340 0.2325 0
878310 0.235 0
977965 0.2375 0
969430 0.24 0
939584 0.2425 0
774783 0.245 0
549136 0.2475 0
396059 0.25 0
275784 0.2525 0
366404 0.255 0
563229 0.2575 0
771470 0.26 0
817726 0.2625 0
917519 0.265 0
777510 0.2675 0
656386 0.27 0
387704 0.2725 0
195587 0.275 0
57314.2 0.2775 0
7276.05 0.28 0
39337.5 0.2825 0
107684 0.285 0
188069 0.2875 0
238652 0.29 0
188421 0.2925 0
130030 0.295 0
70773.8 0.2975 0
35118.9 0.3 0
22910.4 0.3025 0
48190.7 0.305 0
101011 0.3075 0
144087 0.31 0
222518 0.3125 0
311706 0.315 0
5.87698e+06 0.0825 1
4.76695e+06 0.085 1
8.63214e+06 0.0875 1
1.26356e+07 0.09 1
1.29631e+07 0.0925 1
9.18493e+06 0.095 1
3.91822e+06 0.0975 1
535596 0.1 1
788810 0.1025 1
3.90837e+06 0.105 1
7.48348e+06 0.1075 1
9.22183e+06 0.11 1
8.30305e+06 0.1125 1
5.55906e+06 0.115 1
2.61765e+06 0.1175 1
770595 0.12 1
329516 0.1225 1
746733 0.125 1
1.2281e+06 0.1275 1
1.31416e+06 0.13 1
1.07945e+06 0.1325 1
909673 0.135 1
1.1203e+06 0.1375 1
1.76841e+06 0.14 1
2.54496e+06 0.1425 1
3.05659e+06 0.145 1
3.13924e+06 0.1475 1
2.99272e+06 0.15 1
2.5862e+06 0.1525 1
2.02568e+06 0.155 1
1.69403e+06 0.1575 1
1.73892e+06 0.16 1
2.20353e+06 0.1625 1
2.70143e+06 0.165 1
3.18434e+06 0.1675 1
3.90037e+06 0.17 1
4.10266e+06 0.1725 1
4.22534e+06 0.175 1
4.36151e+06 0.1775 1
4.18967e+06 0.18 1
3.69121e+06 0.1825 1
3.13842e+06 0.185 1
2.81895e+06 0.1875 1
2.53863e+06 0.19 1
2.31103e+06 0.1925 1
2.12138e+06 0.195 1
1.85938e+06 0.1975 1
1.64484e+06 0.2 1
1.64804e+06 0.2025 1
1.70985e+06 0.205 1
1.94483e+06 0.2075 1
2.13835e+06 0.21 1
2.00862e+06 0.2125 1
2.01516e+06 0.215 1
1.95181e+06 0.2175 1
1.72189e+06 0.22 1
1.46371e+06 0.2225 1
1.18241e+06 0.225 1
1.19973e+06 0.2275 1
1.39307e+06 0.23 1
1.72983e+06 0.2325 1
2.00559e+06 0.235 1
2.24353e+06 0.2375 1
2.39798e+06 0.24 1
2.34457e+06 0.2425 1
2.17373e+06 0.245 1
1.84672e+06 0.2475 1
1.35391e+06 0.25 1
843298 0.2525 1
486863 0.255 1
328513 0.2575 1
355725 0.26 1
488883 0.2625 1
648861 0.265 1
766524 0.2675 1
802418 0.27 1
740712 0.2725 1
585927 0.275 1
387516 0.2775 1
243360 0.28 1
251260 0.2825 1
406231 0.285 1
659375 0.2875 1
916349 0.29 1
1.19466e+06 0.2925 1
1.35301e+06 0.295 1
1.45705e+06 0.2975 1
1.38611e+06 0.3 1
1.22302e+06 0.3025 1
1.07637e+06 0.305 1
878523 0.3075 1
719384 0.31 1
570013 0.3125 1
485369 0.315 1
9.8338e+07 0.08 2
7.58502e+07 0.0825 2
5.17203e+07 0.085 2
3.29696e+07 0.0875 2
2.27194e+07 0.09 2
1.98205e+07 0.0925 2
2.06337e+07 0.095 2
2.15397e+07 0.0975 2
2.06656e+07 0.1 2
1.81092e+07 0.1025 2
1.49921e+07 0.105 2
1.22735e+07 0.1075 2
1.0148e+07 0.11 2
8.23638e+06 0.1125 2
6.1816e+06 0.115 2
4.07504e+06 0.1175 2
2.39538e+06 0.12 2
1.58528e+06 0.1225 2
1.65659e+06 0.125 2
2.14285e+06 0.1275 2
2.42886e+06 0.13 2
2.17745e+06 0.1325 2
1.66542e+06 0.135 2
1.1496e+06 0.1375 2
1.04786e+06 0.14 2
1.3753e+06 0.1425 2
2.31554e+06 0.145 2
3.11741e+06 0.1475 2
3.37451e+06 0.15 2
3.20047e+06 0.1525 2
2.96931e+06 0.155 2
3.10242e+06 0.1575 2
3.46343e+06 0.16 2
4.03512e+06 0.1625 2
4.48597e+06 0.165 2
5.16288e+06 0.1675 2
4.90989e+06 0.17 2
4.54377e+06 0.1725 2
4.00613e+06 0.175 2
3.87102e+06 0.1775 2
3.05495e+06 0.18 2
2.60388e+06 0.1825 2
2.50931e+06 0.185 2
2.45904e+06 0.1875 2
2.07317e+06 0.19 2
2.047e+06 0.1925 2
2.07834e+06 0.195 2
2.22661e+06 0.1975 2
2.5023e+06 0.2 2
2.77296e+06 0.2025 2
2.85765e+06 0.205 2
2.95554e+06 0.2075 2
2.60943e+06 0.21 2
2.17727e+06 0.2125 2
1.65945e+06 0.215 2
1.32213e+06 0.2175 2
987232 0.22 2
729307 0.2225 2
715858 0.225 2
844306 0.2275 2
1.1535e+06 0.23 2
1.6847e+06 0.2325 2
2.01666e+06 0.235 2
2.32695e+06 0.2375 2
2.48342e+06 0.24 2
2.45004e+06 0.2425 2
2.2589e+06 0.245 2
2.01106e+06 0.2475 2
1.71195e+06 0.25 2
1.4151e+06 0.2525 2
1.17596e+06 0.255 2
948534 0.2575 2
657683 0.26 2
457264 0.2625 2
334527 0.265 2
301227 0.2675 2
477040 0.27 2
719445 0.2725 2
1.04054e+06 0.275 2
1.36324e+06 0.2775 2
1.4702e+06 0.28 2
1.39361e+06 0.2825 2
1.23328e+06 0.285 2
1.00101e+06 0.2875 2
743621 0.29 2
573231 0.2925 2
432569 0.295 2
412833 0.2975 2
441270 0.3 2
565987 0.3025 2
686066 0.305 2
806850 0.3075 2
912136 0.31 2
985647 0.3125 2
1.05399e+06 0.315 2
8.50957e+06 0.075 3
8.93698e+06 0.0775 3
7.44105e+06 0.08 3
5.12148e+06 0.0825 3
4.05558e+06 0.085 3
6.11132e+06 0.0875 3
1.16949e+07 0.09 3
1.92285e+07 0.0925 3
2.57632e+07 0.095 3
2.84536e+07 0.0975 3
2.60737e+07 0.1 3
1.96957e+07 0.1025 3
1.2134e+07 0.105 3
6.47497e+06 0.1075 3
4.53676e+06 0.11 3
6.10641e+06 0.1125 3
9.3126e+06 0.115 3
1.18239e+07 0.1175 3
1.21225e+07 0.12 3
1.01258e+07 0.1225 3
6.99368e+06 0.125 3
4.32375e+06 0.1275 3
3.04632e+06 0.13 3
3.22535e+06 0.1325 3
3.83786e+06 0.135 3
4.23279e+06 0.1375 3
4.08614e+06 0.14 3
3.19617e+06 0.1425 3
2.23329e+06 0.145 3
1.68242e+06 0.1475 3
1.51239e+06 0.15 3
2.31473e+06 0.1525 3
2.59707e+06 0.155 3
2.70863e+06 0.1575 3
2.39422e+06 0.16 3
2.10826e+06 0.1625 3
1.49742e+06 0.165 3
1.38071e+06 0.1675 3
1.12603e+06 0.17 3
1.35628e+06 0.1725 3
1.8392e+06 0.175 3
1.52796e+06 0.1775 3
1.53933e+06 0.18 3
1.41069e+06 0.1825 3
1.11831e+06 0.185 3
1.08268e+06 0.1875 3
914093 0.19 3
886866 0.1925 3
1.20535e+06 0.195 3
1.45832e+06 0.1975 3
1.77933e+06 0.2 3
2.23811e+06 0.2025 3
2.74453e+06 0.205 3
2.96e+06 0.2075 3
2.81292e+06 0.21 3
2.6294e+06 0.2125 3
2.4986e+06 0.215 3
2.20598e+06 0.2175 3
1.9514e+06 0.22 3
1.74266e+06 0.2225 3
1.71668e+06 0.225 3
1.70336e+06 0.2275 3
1.56929e+06 0.23 3
1.5131e+06 0.2325 3
1.49839e+06 0.235 3
1.48358e+06 0.2375 3
1.35944e+06 0.24 3
1.22022e+06 0.2425 3
993342 0.245 3
875505 0.2475 3
938154 0.25 3
1.13984e+06 0.2525 3
1.3758e+06 0.255 3
1.45941e+06 0.2575 3
1.49052e+06 0.26 3
1.40275e+06 0.2625 3
1.23504e+06 0.265 3
1.07167e+06 0.2675 3
901222 0.27 3
865789 0.2725 3
974800 0.275 3
1.1219e+06 0.2775 3
1.26172e+06 0.28 3
1.32824e+06 0.2825 3
1.33486e+06 0.285 3
1.25607e+06 0.2875 3
1.17127e+06 0.29 3
1.20437e+06 0.2925 3
1.27432e+06 0.295 3
1.34826e+06 0.2975 3
1.37819e+06 0.3 3
1.28427e+06 0.3025 3
1.0323e+06 0.305 3
681288 0.3075 3
345298 0.31 3
131709 0.3125 3
106405 0.315 3
4.88542e+06 0.0675 4
3.10786e+06 0.07 4
1.84912e+06 0.0725 4
1.77989e+06 0.075 4
2.96535e+06 0.0775 4
4.80697e+06 0.08 4
6.33843e+06 0.0825 4
6.73013e+06 0.085 4
5.72793e+06 0.0875 4
3.77813e+06 0.09 4
1.76646e+06 0.0925 4
524031 0.095 4
390465 0.0975 4
1.08617e+06 0.1 4
1.954e+06 0.1025 4
2.4043e+06 0.105 4
2.27883e+06 0.1075 4
1.91101e+06 0.11 4
1.86854e+06 0.1125 4
2.52472e+06 0.115 4
3.77085e+06 0.1175 4
5.1239e+06 0.12 4
6.08682e+06 0.1225 4
6.10606e+06 0.125 4
5.3164e+06 0.1275 4
4.3666e+06 0.13 4
3.89138e+06 0.1325 4
3.99505e+06 0.135 4
5.2712e+06 0.1375 4
6.57926e+06 0.14 4
7.38352e+06 0.1425 4
7.6943e+06 0.145 4
6.71641e+06 0.1475 4
5.34999e+06 0.15 4
3.70926e+06 0.1525 4
2.35579e+06 0.155 4
1.4137e+06 0.1575 4
1.05825e+06 0.16 4
851348 0.1625 4
866209 0.165 4
902846 0.1675 4
973437 0.17 4
1.04799e+06 0.1725 4
1.28138e+06 0.175 4
1.74622e+06 0.1775 4
2.243e+06 0.18 4
2.60463e+06 0.1825 4
2.42621e+06 0.185 4
2.20012e+06 0.1875 4
1.87389e+06 0.19 4
1.42534e+06 0.1925 4
1.17891e+06 0.195 4
1.36275e+06 0.1975 4
1.23841e+06 0.2 4
899407 0.2025 4
814232 0.205 4
767150 0.2075 4
781722 0.21 4
870510 0.2125 4
1.0077e+06 0.215 4
1.00631e+06 0.2175 4
1.16022e+06 0.22 4
1.10523e+06 0.2225 4
1.0797e+06 0.225 4
1.19943e+06 0.2275 4
1.58819e+06 0.23 4
2.05689e+06 0.2325 4
2.68323e+06 0.235 4
3.16238e+06 0.2375 4
3.24466e+06 0.24 4
2.9246e+06 0.2425 4
2.28674e+06 0.245 4
1.69509e+06 0.2475 4
1.21742e+06 0.25 4
1.07938e+06 0.2525 4
1.28912e+06 0.255 4
1.70529e+06 0.2575 4
2.12409e+06 0.26 4
2.55004e+06 0.2625 4
2.61345e+06 0.265 4
2.56358e+06 0.2675 4
2.3753e+06 0.27 4
1.96423e+06 0.2725 4
1.68731e+06 0.275 4
1.47368e+06 0.2775 4
1.13564e+06 0.28 4
917511 0.2825 4
714590 0.285 4
571982 0.2875 4
504300 0.29 4
464228 0.2925 4
497664 0.295 4
466804 0.2975 4
501243 0.3 4
506312 0.3025 4
562259 0.305 4
646584 0.3075 4
705953 0.31 4
679583 0.3125 4
4.2019e+06 0.055 5
3.29297e+06 0.0575 5
2.07688e+06 0.06 5
936124 0.0625 5
241973 0.065 5
198456 0.0675 5
749461 0.07 5
1.59982e+06 0.0725 5
2.34648e+06 0.075 5
2.65897e+06 0.0775 5
2.42078e+06 0.08 5
1.76298e+06 0.0825 5
977572 0.085 5
361666 0.0875 5
77471.6 0.09 5
99604.3 0.0925 5
268658 0.095 5
409612 0.0975 5
440294 0.1 5
406869 0.1025 5
431289 0.105 5
624647 0.1075 5
953599 0.11 5
1.2801e+06 0.1125 5
1.47478e+06 0.115 5
1.39183e+06 0.1175 5
1.18337e+06 0.12 5
763661 0.1225 5
795268 0.125 5
686698 0.1275 5
839020 0.13 5
1.41926e+06 0.1325 5
1.57815e+06 0.135 5
1.7632e+06 0.1375 5
1.96969e+06 0.14 5
2.05088e+06 0.1425 5
2.31272e+06 0.145 5
2.65059e+06 0.1475 5
3.35638e+06 0.15 5
3.87185e+06 0.1525 5
4.09925e+06 0.155 5
3.75938e+06 0.1575 5
2.99906e+06 0.16 5
2.17972e+06 0.1625 5
1.74072e+06 0.165 5
1.97542e+06 0.1675 5
2.75557e+06 0.17 5
3.85117e+06 0.1725 5
4.77507e+06 0.175 5
5.16963e+06 0.1775 5
4.97704e+06 0.18 5
4.35221e+06 0.1825 5
3.53323e+06 0.185 5
2.91245e+06 0.1875 5
2.52255e+06 0.19 5
2.0825e+06 0.1925 5
1.87321e+06 0.195 5
1.80539e+06 0.1975 5
1.31815e+06 0.2 5
1.30715e+06 0.2025 5
1.53668e+06 0.205 5
1.81708e+06 0.2075 5
2.12873e+06 0.21 5
2.07505e+06 0.2125 5
1.89723e+06 0.215 5
1.50428e+06 0.2175 5
1.19749e+06 0.22 5
1.20782e+06 0.2225 5
1.43203e+06 0.225 5
1.71371e+06 0.2275 5
1.8136e+06 0.23 5
1.76263e+06 0.2325 5
1.46157e+06 0.235 5
1.03524e+06 0.2375 5
861754 0.24 5
863605 0.2425 5
1.0526e+06 0.245 5
1.34991e+06 0.2475 5
1.70471e+06 0.25 5
1.90503e+06 0.2525 5
1.91809e+06 0.255 5
1.98804e+06 0.2575 5
2.10024e+06 0.26 5
2.31019e+06 0.2625 5
2.49298e+06 0.265 5
2.56493e+06 0.2675 5
2.4825e+06 0.27 5
2.40159e+06 0.2725 5
2.36733e+06 0.275 5
2.4343e+06 0.2775 5
2.67935e+06 0.28 5
3.14564e+06 0.2825 5
3.39942e+06 0.285 5
3.42007e+06 0.2875 5
3.25031e+06 0.29 5
2.74425e+06 0.2925 5
2.08872e+06 0.295 5
1.46414e+06 0.2975 5
991018 0.3 5
749453 0.3025 5
673338 0.305 5
651027 0.3075 5
621155 0.31 5
2.52954e+06 0.035 6
3.53934e+06 0.0375 6
4.22573e+06 0.04 6
4.35053e+06 0.0425 6
4.0905e+06 0.045 6
3.27697e+06 0.0475 6
2.22694e+06 0.05 6
1.28333e+06 0.0525 6
1.16396e+06 0.055 6
2.36273e+06 0.0575 6
4.95552e+06 0.06 6
8.51703e+06 0.0625 6
1.23074e+07 0.065 6
1.54733e+07 0.0675 6
1.65925e+07 0.07 6
1.57065e+07 0.0725 6
1.27641e+07 0.075 6
8.88662e+06 0.0775 6
5.20171e+06 0.08 6
2.60331e+06 0.0825 6
1.43977e+06 0.085 6
1.46513e+06 0.0875 6
2.05535e+06 0.09 6
2.56064e+06 0.0925 6
2.60682e+06 0.095 6
2.20278e+06 0.0975 6
1.62839e+06 0.1 6
1.21944e+06 0.1025 6
1.07918e+06 0.105 6
1.14161e+06 0.1075 6
1.26285e+06 0.11 6
1.16579e+06 0.1125 6
1.10281e+06 0.115 6
1.00442e+06 0.1175 6
1.06405e+06 0.12 6
1.39673e+06 0.1225 6
2.00901e+06 0.125 6
2.46548e+06 0.1275 6
2.4861e+06 0.13 6
2.33258e+06 0.1325 6
1.77793e+06 0.135 6
1.26923e+06 0.1375 6
1.04784e+06 0.14 6
1.54103e+06 0.1425 6
2.1427e+06 0.145 6
2.66597e+06 0.1475 6
2.75202e+06 0.15 6
2.41713e+06 0.1525 6
1.94759e+06 0.155 6
1.37102e+06 0.1575 6
1.03032e+06 0.16 6
965869 0.1625 6
1.11378e+06 0.165 6
1.24836e+06 0.1675 6
1.28554e+06 0.17 6
1.4142e+06 0.1725 6
1.50923e+06 0.175 6
1.82251e+06 0.1775 6
1.92565e+06 0.18 6
2.13626e+06 0.1825 6
2.16907e+06 0.185 6
1.84821e+06 0.1875 6
1.48407e+06 0.19 6
926557 0.1925 6
992419 0.195 6
1.52983e+06 0.1975 6
2.27153e+06 0.2 6
3.02263e+06 0.2025 6
3.44043e+06 0.205 6
3.62668e+06 0.2075 6
3.3292e+06 0.21 6
2.57327e+06 0.2125 6
2.07966e+06 0.215 6
1.70905e+06 0.2175 6
1.4993e+06 0.22 6
1.27518e+06 0.2225 6
1.08588e+06 0.225 6
1.02332e+06 0.2275 6
889976 0.23 6
1.03811e+06 0.2325 6
1.31069e+06 0.235 6
1.74704e+06 0.2375 6
2.15606e+06 0.24 6
2.43587e+06 0.2425 6
2.51543e+06 0.245 6
2.33326e+06 0.2475 6
1.89585e+06 0.25 6
1.59088e+06 0.2525 6
1.1707e+06 0.255 6
838916 0.2575 6
591776 0.26 6
408000 0.2625 6
266023 0.265 6
173551 0.2675 6
148126 0.27 6
193410 0.2725 6
299815 0.275 6
529594 0.2775 6
858357 0.28 6
1.25264e+06 0.2825 6
1.5881e+06 0.285 6
1.8072e+06 0.2875 6
1.96441e+06 0.29 6
2.02952e+06 0.2925 6
2.03521e+06 0.295 6
2.10991e+06 0.2975 6
2.31097e+06 0.3 6
2.6161e+06 0.3025 6
2.88724e+06 0.305 6
2.98636e+06 0.3075 6
0 0.0125 7
0 0.015 7
0 0.0175 7
0 0.02 7
0 0.0225 7
0 0.025 7
567.652 0.0275 7
140471 0.03 7
533443 0.0325 7
861564 0.035 7
1.93649e+06 0.0375 7
3.10566e+06 0.04 7
4.90606e+06 0.0425 7
7.0963e+06 0.045 7
8.48628e+06 0.0475 7
1.05104e+07 0.05 7
1.15278e+07 0.0525 7
1.15054e+07 0.055 7
9.88515e+06 0.0575 7
7.35765e+06 0.06 7
4.71587e+06 0.0625 7
2.68862e+06 0.065 7
1.39099e+06 0.0675 7
1.30483e+06 0.07 7
2.52159e+06 0.0725 7
4.17925e+06 0.075 7
5.53951e+06 0.0775 7
5.92353e+06 0.08 7
5.90049e+06 0.0825 7
5.19941e+06 0.085 7
4.33903e+06 0.0875 7
3.90765e+06 0.09 7
3.96177e+06 0.0925 7
4.74324e+06 0.095 7
5.87692e+06 0.0975 7
6.92408e+06 0.1 7
7.60911e+06 0.1025 7
7.83648e+06 0.105 7
7.62245e+06 0.1075 7
7.08206e+06 0.11 7
6.23256e+06 0.1125 7
5.19835e+06 0.115 7
4.11417e+06 0.1175 7
3.15286e+06 0.12 7
2.16815e+06 0.1225 7
1.50251e+06 0.125 7
1.22884e+06 0.1275 7
1.33024e+06 0.13 7
1.57275e+06 0.1325 7
1.92776e+06 0.135 7
2.08878e+06 0.1375 7
1.89064e+06 0.14 7
1.61174e+06 0.1425 7
1.35248e+06 0.145 7
1.37838e+06 0.1475 7
1.56395e+06 0.15 7
1.99064e+06 0.1525 7
2.16553e+06 0.155 7
2.12228e+06 0.1575 7
1.76928e+06 0.16 7
1.44843e+06 0.1625 7
1.27899e+06 0.165 7
1.40899e+06 0.1675 7
1.80315e+06 0.17 7
2.39825e+06 0.1725 7
2.9064e+06 0.175 7
2.95589e+06 0.1775 7
2.61477e+06 0.18 7
1.83654e+06 0.1825 7
1.0638e+06 0.185 7
550631 0.1875 7
421780 0.19 7
724858 0.1925 7
1.14119e+06 0.195 7
1.52163e+06 0.1975 7
1.82063e+06 0.2 7
1.702e+06 0.2025 7
1.43453e+06 0.205 7
1.09813e+06 0.2075 7
651002 0.21 7
467977 0.2125 7
427775 0.215 7
604731 0.2175 7
771369 0.22 7
923209 0.2225 7
1.10467e+06 0.225 7
1.27805e+06 0.2275 7
1.36109e+06 0.23 7
1.47982e+06 0.2325 7
1.63182e+06 0.235 7
1.59547e+06 0.2375 7
1.53043e+06 0.24 7
1.59153e+06 0.2425 7
1.57059e+06 0.245 7
1.35423e+06 0.2475 7
1.37648e+06 0.25 7
1.32264e+06 0.2525 7
1.27689e+06 0.255 7
1.28672e+06 0.2575 7
1.27948e+06 0.26 7
1.44955e+06 0.2625 7
1.77741e+06 0.265 7
2.18587e+06 0.2675 7
2.82079e+06 0.27 7
3.39969e+06 0.2725 7
3.6866e+06 0.275 7
3.58184e+06 0.2775 7
3.06072e+06 0.28 7
2.3426e+06 0.2825 7
1.552e+06 0.285 7
880703 0.2875 7
517609 0.29 7
399755 0.2925 7
427399 0.295 7
553641 0.2975 7
657882 0.3 7
664003 0.3025 7
608542 0.305 7
0 0.01 8
0 0.0125 8
0 0.015 8
0 0.0175 8
0 0.02 8
0 0.0225 8
0 0.025 8
0 0.0275 8
0 0.03 8
3686.33 0.0325 8
21748.5 0.035 8
41711.4 0.0375 8
234734 0.04 8
191400 0.0425 8
476424 0.045 8
843254 0.0475 8
1.30902e+06 0.05 8
1.57431e+06 0.0525 8
2.07753e+06 0.055 8
2.62108e+06 0.0575 8
3.21597e+06 0.06 8
3.27169e+06 0.0625 8
2.71117e+06 0.065 8
2.57352e+06 0.0675 8
2.14772e+06 0.07 8
1.72918e+06 0.0725 8
1.2158e+06 0.075 8
804942 0.0775 8
416797 0.08 8
185229 0.0825 8
127919 0.085 8
221910 0.0875 8
412866 0.09 8
681573 0.0925 8
961395 0.095 8
1.22267e+06 0.0975 8
1.25195e+06 0.1 8
1.13449e+06 0.1025 8
941581 0.105 8
611640 0.1075 8
466058 0.11 8
617462 0.1125 8
783349 0.115 8
949242 0.1175 8
1.18113e+06 0.12 8
1.40124e+06 0.1225 8
1.59511e+06 0.125 8
1.75594e+06 0.1275 8
1.96399e+06 0.13 8
2.08144e+06 0.1325 8
2.18827e+06 0.135 8
2.08142e+06 0.1375 8
1.78494e+06 0.14 8
1.34254e+06 0.1425 8
879067 0.145 8
540317 0.1475 8
362757 0.15 8
677166 0.1525 8
1.2587e+06 0.155 8
1.9852e+06 0.1575 8
2.6594e+06 0.16 8
3.04708e+06 0.1625 8
2.98301e+06 0.165 8
2.5769e+06 0.1675 8
1.93987e+06 0.17 8
1.39157e+06 0.1725 8
975831 0.175 8
1.23117e+06 0.1775 8
1.63358e+06 0.18 8
2.22469e+06 0.1825 8
3.01793e+06 0.185 8
3.61339e+06 0.1875 8
3.92106e+06 0.19 8
3.93238e+06 0.1925 8
3.40883e+06 0.195 8
2.72638e+06 0.1975 8
1.78416e+06 0.2 8
1.08927e+06 0.2025 8
670139 0.205 8
641300 0.2075 8
880735 0.21 8
1.24584e+06 0.2125 8
1.83948e+06 0.215 8
2.35743e+06 0.2175 8
2.92866e+06 0.22 8
3.69955e+06 0.2225 8
4.42129e+06 0.225 8
4.81892e+06 0.2275 8
4.9861e+06 0.23 8
4.80286e+06 0.2325 8
4.31633e+06 0.235 8
3.76368e+06 0.2375 8
3.21384e+06 0.24 8
2.85129e+06 0.2425 8
2.82927e+06 0.245 8
3.06647e+06 0.2475 8
3.35757e+06 0.25 8
3.49172e+06 0.2525 8
3.36352e+06 0.255 8
2.92403e+06 0.2575 8
2.34022e+06 0.26 8
1.75847e+06 0.2625 8
1.26986e+06 0.265 8
1.06209e+06 0.2675 8
1.08068e+06 0.27 8
1.3145e+06 0.2725 8
1.55156e+06 0.275 8
1.72245e+06 0.2775 8
1.81533e+06 0.28 8
1.78792e+06 0.2825 8
1.71513e+06 0.285 8
1.56034e+06 0.2875 8
1.34109e+06 0.29 8
1.22636e+06 0.2925 8
1.13355e+06 0.295 8
1.09444e+06 0.2975 8
0 0.01 9
0 0.0125 9
0 0.015 9
0 0.0175 9
0 0.02 9
0 0.0225 9
0 0.025 9
0 0.0275 9
0 0.03 9
0 0.0325 9
0 0.035 9
6939.09 0.0375 9
6216.22 0.04 9
10538 0.0425 9
23674 0.045 9
82646 0.0475 9
92985.7 0.05 9
190928 0.0525 9
285789 0.055 9
468193 0.0575 9
545423 0.06 9
755023 0.0625 9
970604 0.065 9
1.34626e+06 0.0675 9
1.46843e+06 0.07 9
1.13072e+06 0.0725 9
665854 0.075 9
385262 0.0775 9
175601 0.08 9
43201.2 0.0825 9
47698 0.085 9
199539 0.0875 9
422979 0.09 9
825138 0.0925 9
1.15238e+06 0.095 9
1.5383e+06 0.0975 9
1.27623e+06 0.1 9
1.21754e+06 0.1025 9
1.42739e+06 0.105 9
1.48965e+06 0.1075 9
1.44282e+06 0.11 9
1.97661e+06 0.1125 9
2.3799e+06 0.115 9
3.0988e+06 0.1175 9
3.85985e+06 0.12 9
4.66246e+06 0.1225 9
5.50156e+06 0.125 9
5.90897e+06 0.1275 9
6.13811e+06 0.13 9
6.0872e+06 0.1325 9
5.28861e+06 0.135 9
4.02662e+06 0.1375 9
2.76712e+06 0.14 9
1.63947e+06 0.1425 9
900813 0.145 9
661020 0.1475 9
988402 0.15 9
1.51669e+06 0.1525 9
2.13813e+06 0.155 9
2.69822e+06 0.1575 9
3.12046e+06 0.16 9
3.10432e+06 0.1625 9
2.8328e+06 0.165 9
2.34493e+06 0.1675 9
1.82237e+06 0.17 9
1.61448e+06 0.1725 9
1.57507e+06 0.175 9
1.70027e+06 0.1775 9
2.16419e+06 0.18 9
2.53408e+06 0.1825 9
2.67152e+06 0.185 9
2.58282e+06 0.1875 9
2.23159e+06 0.19 9
1.54595e+06 0.1925 9
1.08821e+06 0.195 9
816312 0.1975 9
825747 0.2 9
1.15546e+06 0.2025 9
1.69941e+06 0.205 9
2.3223e+06 0.2075 9
3.03259e+06 0.21 9
3.85641e+06 0.2125 9
4.38471e+06 0.215 9
4.88674e+06 0.2175 9
4.85314e+06 0.22 9
4.71219e+06 0.2225 9
4.31419e+06 0.225 9
3.65305e+06 0.2275 9
2.96393e+06 0.23 9
2.32265e+06 0.2325 9
1.62261e+06 0.235 9
1.12678e+06 0.2375 9
750522 0.24 9
463528 0.2425 9
268080 0.245 9
144688 0.2475 9
69000.1 0.25 9
86665.6 0.2525 9
195284 0.255 9
411505 0.2575 9
660535 0.26 9
1.04437e+06 0.2625 9
1.53003e+06 0.265 9
1.96656e+06 0.2675 9
2.49021e+06 0.27 9
2.87372e+06 0.2725 9
3.05224e+06 0.275 9
3.0612e+06 0.2775 9
2.97053e+06 0.28 9
2.60961e+06 0.2825 9
2.12132e+06 0.285 9
1.54711e+06 0.2875 9
1.12813e+06 0.29 9
871798 0.2925 9
0 0.01 10
0 0.0125 10
0 0.015 10
0 0.0175 10
0 0.02 10
0 0.0225 10
0 0.025 10
0 0.0275 10
0 0.03 10
0 0.0325 10
0 0.035 10
0 0.0375 10
0 0.04 10
751.632 0.0425 10
24902.1 0.045 10
16013.9 0.0475 10
26044.5 0.05 10
42772.7 0.0525 10
197280 0.055 10
184097 0.0575 10
508585 0.06 10
614835 0.0625 10
970367 0.065 10
1.07472e+06 0.0675 10
1.45921e+06 0.07 10
1.54012e+06 0.0725 10
1.45284e+06 0.075 10
1.19635e+06 0.0775 10
983859 0.08 10
740848 0.0825 10
449388 0.085 10
271305 0.0875 10
233313 0.09 10
699808 0.0925 10
1.23774e+06 0.095 10
2.07765e+06 0.0975 10
2.89925e+06 0.1 10
3.37244e+06 0.1025 10
3.71279e+06 0.105 10
3.50363e+06 0.1075 10
3.32559e+06 0.11 10
3.72375e+06 0.1125 10
4.43679e+06 0.115 10
5.99868e+06 0.1175 10
8.02136e+06 0.12 10
9.78111e+06 0.1225 10
1.05611e+07 0.125 10
1.07728e+07 0.1275 10
9.84266e+06 0.13 10
8.17258e+06 0.1325 10
6.29391e+06 0.135 10
4.65536e+06 0.1375 10
3.42354e+06 0.14 10
2.71939e+06 0.1425 10
2.43394e+06 0.145 10
2.2944e+06 0.1475 10
2.28676e+06 0.15 10
1.97156e+06 0.1525 10
1.60059e+06 0.155 10
1.37221e+06 0.1575 10
950077 0.16 10
563038 0.1625 10
191699 0.165 10
182663 0.1675 10
513577 0.17 10
1.21632e+06 0.1725 10
2.14187e+06 0.175 10
3.14572e+06 0.1775 10
4.10946e+06 0.18 10
4.55908e+06 0.1825 10
4.54486e+06 0.185 10
4.22642e+06 0.1875 10
3.48752e+06 0.19 10
2.91197e+06 0.1925 10
2.31963e+06 0.195 10
1.97116e+06 0.1975 10
1.85075e+06 0.2 10
1.75257e+06 0.2025 10
1.69634e+06 0.205 10
1.5785e+06 0.2075 10
1.4378e+06 0.21 10
1.22572e+06 0.2125 10
1.03454e+06 0.215 10
965064 0.2175 10
888676 0.22 10
928872 0.2225 10
954603 0.225 10
924775 0.2275 10
875372 0.23 10
832369 0.2325 10
734271 0.235 10
664899 0.2375 10
631854 0.24 10
586533 0.2425 10
585807 0.245 10
608554 0.2475 10
624526 0.25 10
566702 0.2525 10
509901 0.255 10
437726 0.2575 10
402272 0.26 10
431001 0.2625 10
518120 0.265 10
699348 0.2675 10
919461 0.27 10
1.39698e+06 0.2725 10
1.8536e+06 0.275 10
2.23901e+06 0.2775 10
2.54255e+06 0.28 10
2.67036e+06 0.2825 10
2.69855e+06 0.285 10
2.55559e+06 0.2875 10
0 0.01 11
0 0.0125 11
0 0.015 11
0 0.0175 11
0 0.02 11
0 0.0225 11
0 0.025 11
0 0.0275 11
0 0.03 11
0 0.0325 11
0 0.035 11
0 0.0375 11
0 0.04 11
0 0.0425 11
0 0.045 11
0 0.0475 11
22120.1 0.05 11
104246 0.0525 11
113819 0.055 11
151544 0.0575 11
203396 0.06 11
250276 0.0625 11
185851 0.065 11
228659 0.0675 11
152381 0.07 11
76991.1 0.0725 11
14849.9 0.075 11
38422.8 0.0775 11
111544 0.08 11
372079 0.0825 11
706263 0.085 11
1.24619e+06 0.0875 11
1.76869e+06 0.09 11
1.98225e+06 0.0925 11
2.45808e+06 0.095 11
2.54535e+06 0.0975 11
2.91765e+06 0.1 11
2.83323e+06 0.1025 11
3.09083e+06 0.105 11
3.31327e+06 0.1075 11
3.65804e+06 0.11 11
3.60318e+06 0.1125 11
3.16857e+06 0.115 11
3.01522e+06 0.1175 11
2.99017e+06 0.12 11
3.01329e+06 0.1225 11
3.14564e+06 0.125 11
3.48642e+06 0.1275 11
3.82143e+06 0.13 11
3.62254e+06 0.1325 11
3.53231e+06 0.135 11
3.24761e+06 0.1375 11
2.76222e+06 0.14 11
2.48866e+06 0.1425 11
2.63332e+06 0.145 11
3.18051e+06 0.1475 11
3.9497e+06 0.15 11
4.70963e+06 0.1525 11
5.21356e+06 0.155 11
5.00123e+06 0.1575 11
4.56587e+06 0.16 11
4.20889e+06 0.1625 11
3.81336e+06 0.165 11
3.58039e+06 0.1675 11
3.93697e+06 0.17 11
4.09329e+06 0.1725 11
4.28134e+06 0.175 11
3.9784e+06 0.1775 11
3.72844e+06 0.18 11
3.18723e+06 0.1825 11
2.70983e+06 0.185 11
2.27016e+06 0.1875 11
1.91836e+06 0.19 11
1.66778e+06 0.1925 11
1.47895e+06 0.195 11
1.3113e+06 0.1975 11
1.16135e+06 0.2 11
1.11204e+06 0.2025 11
1.15102e+06 0.205 11
1.32014e+06 0.2075 11
1.51336e+06 0.21 11
1.61481e+06 0.2125 11
1.62941e+06 0.215 11
1.58362e+06 0.2175 11
1.41137e+06 0.22 11
1.21923e+06 0.2225 11
979510 0.225 11
837040 0.2275 11
715581 0.23 11
608479 0.2325 11
554017 0.235 11
546023 0.2375 11
544833 0.24 11
601130 0.2425 11
630251 0.245 11
646464 0.2475 11
623732 0.25 11
508187 0.2525 11
399296 0.255 11
328071 0.2575 11
284756 0.26 11
299119 0.2625 11
326330 0.265 11
332807 0.2675 11
366386 0.27 11
378897 0.2725 11
418897 0.275 11
529134 0.2775 11
685973 0.28 11
890492 0.2825 11
0 0.01 12
0 0.0125 12
0 0.015 12
0 0.0175 12
0 0.02 12
0 0.0225 12
0 0.025 12
0 0.0275 12
0 0.03 12
0 0.0325 12
0 0.035 12
0 0.0375 12
0 0.04 12
0 0.0425 12
0 0.045 12
0 0.0475 12
0 0.05 12
0 0.0525 12
20039.7 0.055 12
160227 0.0575 12
450720 0.06 12
487424 0.0625 12
805066 0.065 12
1.35357e+06 0.0675 12
1.79284e+06 0.07 12
1.80049e+06 0.0725 12
2.1743e+06 0.075 12
2.10282e+06 0.0775 12
1.92808e+06 0.08 12
1.66481e+06 0.0825 12
1.29893e+06 0.085 12
1.25206e+06 0.0875 12
1.42116e+06 0.09 12
1.5244e+06 0.0925 12
2.35012e+06 0.095 12
2.91016e+06 0.0975 12
3.45192e+06 0.1 12
3.83437e+06 0.1025 12
3.86448e+06 0.105 12
3.71365e+06 0.1075 12
3.22315e+06 0.11 12
2.98557e+06 0.1125 12
3.28288e+06 0.115 12
3.87302e+06 0.1175 12
4.58285e+06 0.12 12
6.09544e+06 0.1225 12
6.77823e+06 0.125 12
7.15156e+06 0.1275 12
6.85773e+06 0.13 12
6.10977e+06 0.1325 12
4.92884e+06 0.135 12
3.59799e+06 0.1375 12
2.62825e+06 0.14 12
1.8448e+06 0.1425 12
1.36737e+06 0.145 12
995262 0.1475 12
828453 0.15 12
699999 0.1525 12
697996 0.155 12
913377 0.1575 12
1.34567e+06 0.16 12
2.052e+06 0.1625 12
2.75249e+06 0.165 12
3.82329e+06 0.1675 12
4.86839e+06 0.17 12
5.7059e+06 0.1725 12
6.1898e+06 0.175 12
6.13876e+06 0.1775 12
5.75426e+06 0.18 12
4.9271e+06 0.1825 12
3.86827e+06 0.185 12
2.88314e+06 0.1875 12
1.97499e+06 0.19 12
1.58127e+06 0.1925 12
1.51307e+06 0.195 12
1.58778e+06 0.1975 12
1.66285e+06 0.2 12
1.61893e+06 0.2025 12
1.38282e+06 0.205 12
1.05492e+06 0.2075 12
784560 0.21 12
700280 0.2125 12
812775 0.215 12
1.02598e+06 0.2175 12
1.24174e+06 0.22 12
1.3317e+06 0.2225 12
1.27251e+06 0.225 12
1.09518e+06 0.2275 12
830553 0.23 12
565091 0.2325 12
421377 0.235 12
363924 0.2375 12
327477 0.24 12
347339 0.2425 12
500364 0.245 12
724629 0.2475 12
944937 0.25 12
1.22546e+06 0.2525 12
1.44981e+06 0.255 12
1.44152e+06 0.2575 12
1.31228e+06 0.26 12
1.10028e+06 0.2625 12
940810 0.265 12
842699 0.2675 12
956070 0.27 12
955636 0.2725 12
1.00107e+06 0.275 12
0 0.01 13
0 0.0125 13
0 0.015 13
0 0.0175 13
0 0.02 13
0 0.0225 13
0 0.025 13
0 0.0275 13
0 0.03 13
0 0.0325 13
0 0.035 13
0 0.0375 13
0 0.04 13
0 0.0425 13
0 0.045 13
0 0.0475 13
0 0.05 13
0 0.0525 13
0 0.055 13
0 0.0575 13
20992.7 0.06 13
95372.5 0.0625 13
413147 0.065 13
781877 0.0675 13
1.07707e+06 0.07 13
1.40247e+06 0.0725 13
2.13436e+06 0.075 13
2.92579e+06 0.0775 13
3.16923e+06 0.08 13
3.33244e+06 0.0825 13
3.18831e+06 0.085 13
3.1182e+06 0.0875 13
2.76812e+06 0.09 13
2.75501e+06 0.0925 13
2.87928e+06 0.095 13
3.67883e+06 0.0975 13
4.65814e+06 0.1 13
5.66728e+06 0.1025 13
6.64995e+06 0.105 13
7.16771e+06 0.1075 13
7.60733e+06 0.11 13
7.58194e+06 0.1125 13
6.34671e+06 0.115 13
5.23289e+06 0.1175 13
4.25271e+06 0.12 13
3.71789e+06 0.1225 13
3.99686e+06 0.125 13
4.78593e+06 0.1275 13
5.65555e+06 0.13 13
6.76946e+06 0.1325 13
7.52875e+06 0.135 13
7.65404e+06 0.1375 13
7.20459e+06 0.14 13
6.15843e+06 0.1425 13
4.98541e+06 0.145 13
3.98236e+06 0.1475 13
3.36782e+06 0.15 13
2.7555e+06 0.1525 13
2.38385e+06 0.155 13
1.977e+06 0.1575 13
1.51236e+06 0.16 13
1.21564e+06 0.1625 13
961962 0.165 13
949198 0.1675 13
1.11655e+06 0.17 13
1.32378e+06 0.1725 13
1.41962e+06 0.175 13
1.66247e+06 0.1775 13
1.6561e+06 0.18 13
1.56162e+06 0.1825 13
1.43377e+06 0.185 13
1.24961e+06 0.1875 13
1.20652e+06 0.19 13
1.24784e+06 0.1925 13
1.42659e+06 0.195 13
1.66358e+06 0.1975 13
1.92642e+06 0.2 13
2.04211e+06 0.2025 13
1.95207e+06 0.205 13
1.65255e+06 0.2075 13
1.23645e+06 0.21 13
872090 0.2125 13
777713 0.215 13
1.05003e+06 0.2175 13
1.70404e+06 0.22 13
2.56448e+06 0.2225 13
3.2872e+06 0.225 13
3.6788e+06 0.2275 13
3.53389e+06 0.23 13
2.89824e+06 0.2325 13
1.98191e+06 0.235 13
1.15578e+06 0.2375 13
608222 0.24 13
513136 0.2425 13
771286 0.245 13
1.19191e+06 0.2475 13
1.51445e+06 0.25 13
1.68684e+06 0.2525 13
1.69877e+06 0.255 13
1.59162e+06 0.2575 13
1.46209e+06 0.26 13
1.33846e+06 0.2625 13
1.25547e+06 0.265 13
1.19858e+06 0.2675 13
0 0.02 14
0 0.0225 14
0 0.025 14
0 0.0275 14
0 0.03 14
0 0.0325 14
0 0.035 14
0 0.0375 14
0 0.04 14
0 0.0425 14
0 0.045 14
0 0.0475 14
0 0.05 14
0 0.0525 14
0 0.055 14
0 0.0575 14
1861.61 0.06 14
52339.1 0.0625 14
60056.4 0.065 14
297209 0.0675 14
487800 0.07 14
936227 0.0725 14
1.25206e+06 0.075 14
1.53495e+06 0.0775 14
1.6474e+06 0.08 14
1.88732e+06 0.0825 14
2.28394e+06 0.085 14
2.58252e+06 0.0875 14
2.73517e+06 0.09 14
2.58895e+06 0.0925 14
2.17103e+06 0.095 14
1.65134e+06 0.0975 14
1.41504e+06 0.1 14
1.0314e+06 0.1025 14
886723 0.105 14
1.31413e+06 0.1075 14
2.03804e+06 0.11 14
2.84768e+06 0.1125 14
3.75547e+06 0.115 14
4.56578e+06 0.1175 14
5.57423e+06 0.12 14
5.88374e+06 0.1225 14
6.52737e+06 0.125 14
6.77697e+06 0.1275 14
6.57177e+06 0.13 14
6.40379e+06 0.1325 14
5.53106e+06 0.135 14
4.53322e+06 0.1375 14
3.36674e+06 0.14 14
2.57028e+06 0.1425 14
2.18611e+06 0.145 14
2.15816e+06 0.1475 14
2.70684e+06 0.15 14
3.29644e+06 0.1525 14
3.54493e+06 0.155 14
3.40989e+06 0.1575 14
2.60847e+06 0.16 14
1.56847e+06 0.1625 14
693147 0.165 14
134540 0.1675 14
279419 0.17 14
1.13477e+06 0.1725 14
2.45305e+06 0.175 14
4.16308e+06 0.1775 14
5.41731e+06 0.18 14
6.17059e+06 0.1825 14
6.20533e+06 0.185 14
5.46882e+06 0.1875 14
4.62172e+06 0.19 14
3.66924e+06 0.1925 14
2.98968e+06 0.195 14
2.5617e+06 0.1975 14
2.25213e+06 0.2 14
1.96833e+06 0.2025 14
1.78035e+06 0.205 14
1.48728e+06 0.2075 14
1.16888e+06 0.21 14
869901 0.2125 14
627391 0.215 14
502220 0.2175 14
516930 0.22 14
624606 0.2225 14
776513 0.225 14
919529 0.2275 14
970948 0.23 14
929361 0.2325 14
810725 0.235 14
607672 0.2375 14
525185 0.24 14
589669 0.2425 14
929332 0.245 14
1.4634e+06 0.2475 14
2.19668e+06 0.25 14
2.86934e+06 0.2525 14
3.20494e+06 0.255 14
3.14133e+06 0.2575 14
0 0.0125 15
0 0.015 15
0 0.0175 15
0 0.02 15
0 0.0225 15
0 0.025 15
0 0.0275 15
0 0.03 15
0 0.0325 15
0 0.035 15
0 0.0375 15
0 0.04 15
0 0.0425 15
0 0.045 15
0 0.0475 15
0 0.05 15
0 0.0525 15
24182 0.055 15
93070.6 0.0575 15
181069 0.06 15
273610 0.0625 15
241545 0.065 15
245000 0.0675 15
326021 0.07 15
344160 0.0725 15
576715 0.075 15
722052 0.0775 15
939048 0.08 15
1.32164e+06 0.0825 15
1.51047e+06 0.085 15
1.45503e+06 0.0875 15
1.78526e+06 0.09 15
1.8942e+06 0.0925 15
2.01888e+06 0.095 15
1.9021e+06 0.0975 15
1.49111e+06 0.1 15
1.25814e+06 0.1025 15
776213 0.105 15
496534 0.1075 15
679571 0.11 15
1.04012e+06 0.1125 15
1.53524e+06 0.115 15
2.07041e+06 0.1175 15
2.21065e+06 0.12 15
1.99019e+06 0.1225 15
1.41628e+06 0.125 15
756883 0.1275 15
347975 0.13 15
527054 0.1325 15
1.37718e+06 0.135 15
2.86273e+06 0.1375 15
4.5395e+06 0.14 15
5.76874e+06 0.1425 15
6.09127e+06 0.145 15
5.71388e+06 0.1475 15
4.747e+06 0.15 15
3.43892e+06 0.1525 15
2.17122e+06 0.155 15
1.74086e+06 0.1575 15
1.96396e+06 0.16 15
2.45802e+06 0.1625 15
3.11769e+06 0.165 15
3.45376e+06 0.1675 15
3.36906e+06 0.17 15
2.83208e+06 0.1725 15
1.93162e+06 0.175 15
1.08684e+06 0.1775 15
607458 0.18 15
663045 0.1825 15
1.07173e+06 0.185 15
1.74027e+06 0.1875 15
2.38051e+06 0.19 15
2.70933e+06 0.1925 15
2.80767e+06 0.195 15
2.67808e+06 0.1975 15
2.41128e+06 0.2 15
2.02291e+06 0.2025 15
1.73465e+06 0.205 15
1.4367e+06 0.2075 15
1.14606e+06 0.21 15
858481 0.2125 15
569369 0.215 15
388132 0.2175 15
306344 0.22 15
314462 0.2225 15
440012 0.225 15
604018 0.2275 15
783969 0.23 15
875527 0.2325 15
820212 0.235 15
738824 0.2375 15
757065 0.24 15
767074 0.2425 15
854903 0.245 15
980177 0.2475 15
0 0.0025 16
0 0.005 16
0 0.0075 16
0 0.01 16
0 0.0125 16
0 0.015 16
0 0.0175 16
0 0.02 16
0 0.0225 16
0 0.025 16
0 0.0275 16
0 0.03 16
0 0.0325 16
0 0.035 16
0 0.0375 16
0 0.04 16
0 0.0425 16
0 0.045 16
0 0.0475 16
36611.3 0.05 16
82603.8 0.0525 16
190734 0.055 16
189513 0.0575 16
200825 0.06 16
273798 0.0625 16
416174 0.065 16
394092 0.0675 16
346602 0.07 16
280286 0.0725 16
172405 0.075 16
123284 0.0775 16
270458 0.08 16
477265 0.0825 16
1.03055e+06 0.085 16
1.683e+06 0.0875 16
2.23532e+06 0.09 16
2.60708e+06 0.0925 16
2.82989e+06 0.095 16
2.8313e+06 0.0975 16
2.72002e+06 0.1 16
2.18889e+06 0.1025 16
1.71392e+06 0.105 16
1.58424e+06 0.1075 16
1.19733e+06 0.11 16
1.13926e+06 0.1125 16
1.11359e+06 0.115 16
1.0688e+06 0.1175 16
1.1027e+06 0.12 16
1.23872e+06 0.1225 16
1.48631e+06 0.125 16
1.84902e+06 0.1275 16
1.96416e+06 0.13 16
2.34791e+06 0.1325 16
2.13113e+06 0.135 16
1.89715e+06 0.1375 16
1.67682e+06 0.14 16
1.43443e+06 0.1425 16
1.54107e+06 0.145 16
2.20876e+06 0.1475 16
2.9191e+06 0.15 16
3.47311e+06 0.1525 16
3.64519e+06 0.155 16
3.18711e+06 0.1575 16
2.43372e+06 0.16 16
1.51757e+06 0.1625 16
880213 0.165 16
762533 0.1675 16
1.08714e+06 0.17 16
1.65156e+06 0.1725 16
2.21125e+06 0.175 16
2.48218e+06 0.1775 16
2.34656e+06 0.18 16
1.75936e+06 0.1825 16
1.10928e+06 0.185 16
490300 0.1875 16
170334 0.19 16
221586 0.1925 16
536699 0.195 16
895905 0.1975 16
1.17991e+06 0.2 16
1.14688e+06 0.2025 16
890281 0.205 16
517639 0.2075 16
217669 0.21 16
91018.8 0.2125 16
195182 0.215 16
478614 0.2175 16
897545 0.22 16
1.29501e+06 0.2225 16
1.5113e+06 0.225 16
1.61533e+06 0.2275 16
1.44985e+06 0.23 16
1.20277e+06 0.2325 16
902504 0.235 16
703418 0.2375 16
0 0.0025 17
0 0.005 17
0 0.0075 17
0 0.01 17
0 0.0125 17
0 0.015 17
0 0.0175 17
0 0.02 17
0 0.0225 17
0 0.025 17
0 0.0275 17
0 0.03 17
0 0.0325 17
0 0.035 17
0 0.0375 17
0 0.04 17
492.555 0.0425 17
75285.1 0.045 17
93128.6 0.0475 17
192682 0.05 17
129743 0.0525 17
239327 0.055 17
312125 0.0575 17
418210 0.06 17
461485 0.0625 17
344883 0.065 17
337349 0.0675 17
288142 0.07 17
137012 0.0725 17
91358 0.075 17
15287.9 0.0775 17
32869.4 0.08 17
53029.4 0.0825 17
80152.2 0.085 17
54365.6 0.0875 17
64125.5 0.09 17
216734 0.0925 17
339248 0.095 17
730098 0.0975 17
1.32783e+06 0.1 17
2.03438e+06 0.1025 17
2.56788e+06 0.105 17
3.31975e+06 0.1075 17
3.72813e+06 0.11 17
3.93728e+06 0.1125 17
4.05349e+06 0.115 17
4.15928e+06 0.1175 17
4.41856e+06 0.12 17
4.89054e+06 0.1225 17
4.94303e+06 0.125 17
4.86686e+06 0.1275 17
4.72032e+06 0.13 17
4.36541e+06 0.1325 17
3.93152e+06 0.135 17
3.74262e+06 0.1375 17
3.34816e+06 0.14 17
2.94911e+06 0.1425 17
2.6155e+06 0.145 17
2.2706e+06 0.1475 17
1.86185e+06 0.15 17
1.40123e+06 0.1525 17
1.04487e+06 0.155 17
853024 0.1575 17
713104 0.16 17
622484 0.1625 17
652790 0.165 17
660727 0.1675 17
651755 0.17 17
666121 0.1725 17
872477 0.175 17
1.21309e+06 0.1775 17
1.60041e+06 0.18 17
1.96284e+06 0.1825 17
2.13194e+06 0.185 17
2.01052e+06 0.1875 17
1.62943e+06 0.19 17
1.11299e+06 0.1925 17
648709 0.195 17
340668 0.1975 17
247731 0.2 17
344939 0.2025 17
519361 0.205 17
673976 0.2075 17
769784 0.21 17
732017 0.2125 17
638331 0.215 17
476187 0.2175 17
323218 0.22 17
229826 0.2225 17
128460 0.225 17
0 0.0025 18
0 0.005 18
0 0.0075 18
0 0.01 18
0 0.0125 18
0 0.015 18
0 0.0175 18
0 0.02 18
0 0.0225 18
0 0.025 18
0 0.0275 18
0 0.03 18
0 0.0325 18
0 0.035 18
3838.64 0.0375 18
62508.6 0.04 18
57783.7 0.0425 18
109175 0.045 18
175235 0.0475 18
211429 0.05 18
379218 0.0525 18
442959 0.055 18
549717 0.0575 18
487039 0.06 18
356740 0.0625 18
203640 0.065 18
40530.6 0.0675 18
22108.8 0.07 18
70561.3 0.0725 18
176889 0.075 18
306024 0.0775 18
385662 0.08 18
446679 0.0825 18
464182 0.085 18
371567 0.0875 18
269603 0.09 18
233680 0.0925 18
247967 0.095 18
368780 0.0975 18
554163 0.1 18
936319 0.1025 18
1.50084e+06 0.105 18
2.26414e+06 0.1075 18
3.07431e+06 0.11 18
3.76094e+06 0.1125 18
4.46544e+06 0.115 18
4.87054e+06 0.1175 18
5.05481e+06 0.12 18
4.792e+06 0.1225 18
4.49093e+06 0.125 18
4.22134e+06 0.1275 18
4.09815e+06 0.13 18
3.78531e+06 0.1325 18
3.82441e+06 0.135 18
3.38292e+06 0.1375 18
2.74966e+06 0.14 18
2.40115e+06 0.1425 18
1.87339e+06 0.145 18
1.53468e+06 0.1475 18
1.33941e+06 0.15 18
1.56134e+06 0.1525 18
1.9249e+06 0.155 18
2.1548e+06 0.1575 18
2.15485e+06 0.16 18
1.93336e+06 0.1625 18
1.51214e+06 0.165 18
1.04358e+06 0.1675 18
647422 0.17 18
402519 0.1725 18
322305 0.175 18
330216 0.1775 18
384257 0.18 18
483007 0.1825 18
587298 0.185 18
702234 0.1875 18
799908 0.19 18
845786 0.1925 18
841889 0.195 18
802707 0.1975 18
775477 0.2 18
748592 0.2025 18
733809 0.205 18
672213 0.2075 18
604609 0.21 18
486441 0.2125 18
0 0.0025 19
0 0.005 19
0 0.0075 19
0 0.01 19
0 0.0125 19
0 0.015 19
0 0.0175 19
0 0.02 19
0 0.0225 19
0 0.025 19
0 0.0275 19
0 0.03 19
3662.81 0.0325 19
38859.9 0.035 19
63338.6 0.0375 19
90641.8 0.04 19
189536 0.0425 19
220622 0.045 19
355080 0.0475 19
369341 0.05 19
364266 0.0525 19
273996 0.055 19
337936 0.0575 19
219094 0.06 19
165923 0.0625 19
89172.7 0.065 19
11021.7 0.0675 19
861.654 0.07 19
362.71 0.0725 19
724.025 0.075 19
10196.5 0.0775 19
59810.1 0.08 19
170662 0.0825 19
386891 0.085 19
558153 0.0875 19
892565 0.09 19
1.09852e+06 0.0925 19
1.28433e+06 0.095 19
1.26099e+06 0.0975 19
1.04741e+06 0.1 19
908121 0.1025 19
788898 0.105 19
709161 0.1075 19
835976 0.11 19
1.10112e+06 0.1125 19
1.43225e+06 0.115 19
1.75618e+06 0.1175 19
2.13409e+06 0.12 19
2.53201e+06 0.1225 19
2.7084e+06 0.125 19
2.70432e+06 0.1275 19
2.44249e+06 0.13 19
2.07816e+06 0.1325 19
1.57032e+06 0.135 19
1.16188e+06 0.1375 19
875541 0.14 19
779783 0.1425 19
708729 0.145 19
547300 0.1475 19
442954 0.15 19
283030 0.1525 19
234034 0.155 19
355459 0.1575 19
615903 0.16 19
913015 0.1625 19
1.15094e+06 0.165 19
1.15248e+06 0.1675 19
983231 0.17 19
786161 0.1725 19
614419 0.175 19
613245 0.1775 19
734332 0.18 19
883375 0.1825 19
995039 0.185 19
1.02575e+06 0.1875 19
949012 0.19 19
765051 0.1925 19
527993 0.195 19
357075 0.1975 19
0 0.0025 20
0 0.005 20
0 0.0075 20
0 0.01 20
0 0.0125 20
0 0.015 20
0 0.0175 20
0 0.02 20
0 0.0225 20
0 0.025 20
12686.8 0.0275 20
7151.23 0.03 20
31394.1 0.0325 20
110661 0.035 20
157332 0.0375 20
282948 0.04 20
369852 0.0425 20
549391 0.045 20
500500 0.0475 20
487833 0.05 20
533705 0.0525 20
380754 0.055 20
238475 0.0575 20
136142 0.06 20
124164 0.0625 20
163460 0.065 20
209323 0.0675 20
256150 0.07 20
264476 0.0725 20
322221 0.075 20
342926 0.0775 20
323616 0.08 20
334218 0.0825 20
392428 0.085 20
471916 0.0875 20
580823 0.09 20
713790 0.0925 20
902909 0.095 20
1.08083e+06 0.0975 20
1.1929e+06 0.1 20
1.19028e+06 0.1025 20
1.06125e+06 0.105 20
814515 0.1075 20
541259 0.11 20
270982 0.1125 20
142751 0.115 20
78984.7 0.1175 20
133756 0.12 20
157987 0.1225 20
147022 0.125 20
163219 0.1275 20
176541 0.13 20
169449 0.1325 20
174021 0.135 20
184774 0.1375 20
202636 0.14 20
137429 0.1425 20
113865 0.145 20
130938 0.1475 20
223249 0.15 20
344669 0.1525 20
459242 0.155 20
510211 0.1575 20
457786 0.16 20
412972 0.1625 20
336974 0.165 20
286843 0.1675 20
320226 0.17 20
341632 0.1725 20
312928 0.175 20
228869 0.1775 20
0 0.0025 21
0 0.005 21
0 0.0075 21
0 0.01 21
0 0.0125 21
0 0.015 21
0 0.0175 21
0 0.02 21
6341.89 0.0225 21
12935.7 0.025 21
40940.8 0.0275 21
92679.7 0.03 21
142228 0.0325 21
213009 0.035 21
305097 0.0375 21
340655 0.04 21
266733 0.0425 21
325251 0.045 21
282882 0.0475 21
209482 0.05 21
91932.7 0.0525 21
40244.5 0.055 21
8920.98 0.0575 21
34715.1 0.06 21
111208 0.0625 21
259727 0.065 21
442121 0.0675 21
649581 0.07 21
827932 0.0725 21
977122 0.075 21
1.06085e+06 0.0775 21
1.06053e+06 0.08 21
978351 0.0825 21
838828 0.085 21
680388 0.0875 21
540910 0.09 21
444869 0.0925 21
398466 0.095 21
393727 0.0975 21
416788 0.1 21
455323 0.1025 21
493618 0.105 21
521117 0.1075 21
522236 0.11 21
498142 0.1125 21
442424 0.115 21
402196 0.1175 21
425844 0.12 21
585254 0.1225 21
775994 0.125 21
988149 0.1275 21
1.15965e+06 0.13 21
1.25701e+06 0.1325 21
1.22309e+06 0.135 21
1.08019e+06 0.1375 21
856831 0.14 21
649273 0.1425 21
509006 0.145 21
435890 0.1475 21
355846 0.15 21
298002 0.1525 21
255041 0.155 21
274879 0.1575 21
327207 0.16 21
0 0.0025 22
0 0.005 22
0 0.0075 22
0 0.01 22
0 0.0125 22
0 0.015 22
6906.12 0.0175 22
6334.56 0.02 22
16293.4 0.0225 22
39316.5 0.025 22
74140.3 0.0275 22
76587.2 0.03 22
81706.9 0.0325 22
112690 0.035 22
109818 0.0375 22
91905 0.04 22
73288.7 0.0425 22
59650.7 0.045 22
34007.8 0.0475 22
14510.1 0.05 22
9604.18 0.0525 22
31605.6 0.055 22
93309.3 0.0575 22
202896 0.06 22
359703 0.0625 22
550792 0.065 22
752765 0.0675 22
939933 0.07 22
1.09506e+06 0.0725 22
1.21587e+06 0.075 22
1.31198e+06 0.0775 22
1.39273e+06 0.08 22
1.4534e+06 0.0825 22
1.47022e+06 0.085 22
1.41083e+06 0.0875 22
1.25715e+06 0.09 22
1.02832e+06 0.0925 22
788338 0.095 22
629272 0.0975 22
634076 0.1 22
835585 0.1025 22
1.19246e+06 0.105 22
1.59771e+06 0.1075 22
1.91341e+06 0.11 22
2.01558e+06 0.1125 22
1.87684e+06 0.115 22
1.50249e+06 0.1175 22
1.02518e+06 0.12 22
574143 0.1225 22
265743 0.125 22
170396 0.1275 22
262104 0.13 22
412836 0.1325 22
556861 0.135 22
652773 0.1375 22
0 0.0025 23
0 0.005 23
0 0.0075 23
0 0.01 23
3604.01 0.0125 23
1371.49 0.015 23
2275.56 0.0175 23
2278.35 0.02 23
5077.5 0.0225 23
9499.9 0.025 23
40759.3 0.0275 23
86709.1 0.03 23
158010 0.0325 23
241294 0.035 23
303728 0.0375 23
351134 0.04 23
354826 0.0425 23
310830 0.045 23
235591 0.0475 23
161554 0.05 23
121647 0.0525 23
129593 0.055 23
168168 0.0575 23
195860 0.06 23
173029 0.0625 23
95775.4 0.065 23
17123.4 0.0675 23
37600.9 0.07 23
261841 0.0725 23
737892 0.075 23
1.41013e+06 0.0775 23
2.11542e+06 0.08 23
2.63349e+06 0.0825 23
2.77494e+06 0.085 23
2.46813e+06 0.0875 23
1.80214e+06 0.09 23
1.00144e+06 0.0925 23
339596 0.095 23
29209.8 0.0975 23
137521 0.1 23
565294 0.1025 23
