4.5541e+07 0.085 0
2.74808e+07 0.0875 0
1.01226e+07 0.09 0
881989 0.0925 0
1.2358e+06 0.095 0
7.07356e+06 0.0975 0
1.22726e+07 0.1 0
1.27825e+07 0.1025 0
8.65596e+06 0.105 0
3.16903e+06 0.1075 0
112705 0.11 0
1.26255e+06 0.1125 0
5.55071e+06 0.115 0
1.01323e+07 0.1175 0
1.23432e+07 0.12 0
1.11993e+07 0.1225 0
7.63761e+06 0.125 0
3.61805e+06 0.1275 0
856723 0.13 0
61.7038 0.1325 0
596004 0.135 0
1.66347e+06 0.1375 0
2.37358e+06 0.14 0
2.39977e+06 0.1425 0
1.92263e+06 0.145 0
1.3083e+06 0.1475 0
832534 0.15 0
659238 0.1525 0
523802 0.155 0
429676 0.1575 0
629825 0.16 0
931659 0.1625 0
1.38747e+06 0.165 0
1.81833e+06 0.1675 0
2.07784e+06 0.17 0
2.02304e+06 0.1725 0
1.72624e+06 0.175 0
1.29883e+06 0.1775 0
766224 0.18 0
450568 0.1825 0
389678 0.185 0
436115 0.1875 0
784061 0.19 0
1.1406e+06 0.1925 0
1.36618e+06 0.195 0
1.67907e+06 0.1975 0
1.84314e+06 0.2 0
1.98559e+06 0.2025 0
2.02112e+06 0.205 0
1.94395e+06 0.2075 0
1.81532e+06 0.21 0
1.71529e+06 0.2125 0
1.54819e+06 0.215 0
1.36568e+06 0.2175 0
1.28423e+06 0.22 0
1.27963e+06 0.2225 0
1.28469e+06 0.225 0
1.33905e+06 0.2275 0
1.11496e+06 0.23 0
1.02914e+06 0.2325 0
957941 0.235 0
860080 0.2375 0
793909 0.24 0
641366 0.2425 0
546649 0.245 0
414668 0.2475 0
277648 0.25 0
151941 0.2525 0
62756.8 0.255 0
26865.9 0.2575 0
57821.2 0.26 0
119322 0.2625 0
267385 0.265 0
466759 0.2675 0
573166 0.27 0
593533 0.2725 0
592306 0.275 0
454659 0.2775 0
329318 0.28 0
205830 0.2825 0
141055 0.285 0
97983.9 0.2875 0
75522.2 0.29 0
105781 0.2925 0
111693 0.295 0
111025 0.2975 0
87573.3 0.3 0
56687.6 0.3025 0
17204.5 0.305 0
18028.5 0.3075 0
53980 0.31 0
123814 0.3125 0
180781 0.315 0
1.90891e+06 0.0825 1
1.55669e+06 0.085 1
1.72131e+06 0.0875 1
2.03987e+06 0.09 1
2.93613e+06 0.0925 1
3.53916e+06 0.095 1
4.09323e+06 0.0975 1
4.84339e+06 0.1 1
5.74454e+06 0.1025 1
5.80281e+06 0.105 1
5.38738e+06 0.1075 1
5.79236e+06 0.11 1
5.97648e+06 0.1125 1
5.44264e+06 0.115 1
5.24058e+06 0.1175 1
4.89925e+06 0.12 1
4.78223e+06 0.1225 1
5.12363e+06 0.125 1
5.26373e+06 0.1275 1
5.76742e+06 0.13 1
5.95443e+06 0.1325 1
6.18323e+06 0.135 1
6.08025e+06 0.1375 1
6.4399e+06 0.14 1
6.99961e+06 0.1425 1
7.67259e+06 0.145 1
8.68924e+06 0.1475 1
9.64152e+06 0.15 1
1.06436e+07 0.1525 1
1.0495e+07 0.155 1
9.57249e+06 0.1575 1
8.20555e+06 0.16 1
6.54177e+06 0.1625 1
5.19187e+06 0.165 1
4.37298e+06 0.1675 1
3.73352e+06 0.17 1
3.57315e+06 0.1725 1
3.8451e+06 0.175 1
4.10416e+06 0.1775 1
4.21014e+06 0.18 1
4.0462e+06 0.1825 1
3.7237e+06 0.185 1
3.33424e+06 0.1875 1
3.03788e+06 0.19 1
2.64055e+06 0.1925 1
2.3824e+06 0.195 1
2.2001e+06 0.1975 1
1.90549e+06 0.2 1
1.61582e+06 0.2025 1
1.3907e+06 0.205 1
984860 0.2075 1
648086 0.21 1
345587 0.2125 1
217138 0.215 1
216934 0.2175 1
291452 0.22 1
350982 0.2225 1
363318 0.225 1
387932 0.2275 1
441389 0.23 1
475660 0.2325 1
537118 0.235 1
650096 0.2375 1
772656 0.24 1
962513 0.2425 1
1.16756e+06 0.245 1
1.27073e+06 0.2475 1
1.36556e+06 0.25 1
1.35524e+06 0.2525 1
1.37075e+06 0.255 1
1.28682e+06 0.2575 1
1.22629e+06 0.26 1
1.06438e+06 0.2625 1
950066 0.265 1
793869 0.2675 1
796325 0.27 1
989877 0.2725 1
1.11956e+06 0.275 1
1.29448e+06 0.2775 1
1.59093e+06 0.28 1
1.74605e+06 0.2825 1
1.79085e+06 0.285 1
1.69043e+06 0.2875 1
1.47917e+06 0.29 1
1.24919e+06 0.2925 1
943061 0.295 1
747771 0.2975 1
621500 0.3 1
567290 0.3025 1
587403 0.305 1
685271 0.3075 1
753006 0.31 1
834247 0.3125 1
934312 0.315 1
1.04414e+08 0.08 2
6.10158e+07 0.0825 2
2.92527e+07 0.085 2
1.26281e+07 0.0875 2
8.55052e+06 0.09 2
1.09581e+07 0.0925 2
1.38303e+07 0.095 2
1.37513e+07 0.0975 2
1.05226e+07 0.1 2
6.02538e+06 0.1025 2
2.38862e+06 0.105 2
634641 0.1075 2
418728 0.11 2
705905 0.1125 2
700413 0.115 2
449860 0.1175 2
498445 0.12 2
1.50332e+06 0.1225 2
3.79761e+06 0.125 2
6.56514e+06 0.1275 2
9.02459e+06 0.13 2
1.02806e+07 0.1325 2
9.98527e+06 0.135 2
8.28372e+06 0.1375 2
5.88314e+06 0.14 2
3.81436e+06 0.1425 2
2.28721e+06 0.145 2
1.74364e+06 0.1475 2
1.4267e+06 0.15 2
1.48032e+06 0.1525 2
1.58472e+06 0.155 2
1.5215e+06 0.1575 2
1.55225e+06 0.16 2
1.53018e+06 0.1625 2
1.71636e+06 0.165 2
2.03337e+06 0.1675 2
2.27101e+06 0.17 2
2.53546e+06 0.1725 2
2.9481e+06 0.175 2
2.9122e+06 0.1775 2
2.93463e+06 0.18 2
2.93066e+06 0.1825 2
2.38047e+06 0.185 2
1.96646e+06 0.1875 2
1.19945e+06 0.19 2
706776 0.1925 2
459140 0.195 2
771775 0.1975 2
1.0955e+06 0.2 2
1.68096e+06 0.2025 2
2.21795e+06 0.205 2
2.56706e+06 0.2075 2
2.93375e+06 0.21 2
2.70753e+06 0.2125 2
2.49506e+06 0.215 2
2.15253e+06 0.2175 2
1.83114e+06 0.22 2
1.57313e+06 0.2225 2
1.26076e+06 0.225 2
1.08655e+06 0.2275 2
1.0219e+06 0.23 2
1.07611e+06 0.2325 2
1.11767e+06 0.235 2
1.22482e+06 0.2375 2
1.49731e+06 0.24 2
1.53633e+06 0.2425 2
1.53634e+06 0.245 2
1.55878e+06 0.2475 2
1.52362e+06 0.25 2
1.4255e+06 0.2525 2
1.27416e+06 0.255 2
1.04913e+06 0.2575 2
871638 0.26 2
740392 0.2625 2
720905 0.265 2
742172 0.2675 2
769669 0.27 2
842587 0.2725 2
798342 0.275 2
752896 0.2775 2
602526 0.28 2
440954 0.2825 2
316132 0.285 2
248351 0.2875 2
244798 0.29 2
297536 0.2925 2
400947 0.295 2
444032 0.2975 2
474473 0.3 2
496354 0.3025 2
570376 0.305 2
708017 0.3075 2
969290 0.31 2
1.26785e+06 0.3125 2
1.57413e+06 0.315 2
4.7732e+06 0.075 3
6.32402e+06 0.0775 3
8.11516e+06 0.08 3
9.87767e+06 0.0825 3
1.12872e+07 0.085 3
1.20091e+07 0.0875 3
1.17971e+07 0.09 3
1.06036e+07 0.0925 3
8.63661e+06 0.095 3
6.31126e+06 0.0975 3
4.10565e+06 0.1 3
2.38728e+06 0.1025 3
1.29951e+06 0.105 3
763551 0.1075 3
582446 0.11 3
595116 0.1125 3
678234 0.115 3
923359 0.1175 3
1.25292e+06 0.12 3
1.76714e+06 0.1225 3
2.31761e+06 0.125 3
2.93294e+06 0.1275 3
3.42879e+06 0.13 3
4.0382e+06 0.1325 3
4.65393e+06 0.135 3
5.6326e+06 0.1375 3
6.58323e+06 0.14 3
7.8908e+06 0.1425 3
8.30019e+06 0.145 3
7.78543e+06 0.1475 3
6.78175e+06 0.15 3
5.32196e+06 0.1525 3
3.85915e+06 0.155 3
2.61188e+06 0.1575 3
1.67502e+06 0.16 3
1.1801e+06 0.1625 3
1.01571e+06 0.165 3
1.06087e+06 0.1675 3
1.0949e+06 0.17 3
1.15252e+06 0.1725 3
1.09966e+06 0.175 3
823285 0.1775 3
614718 0.18 3
523863 0.1825 3
703389 0.185 3
1.24119e+06 0.1875 3
1.93235e+06 0.19 3
2.51857e+06 0.1925 3
2.85262e+06 0.195 3
3.18324e+06 0.1975 3
3.2705e+06 0.2 3
3.23719e+06 0.2025 3
3.44124e+06 0.205 3
3.3702e+06 0.2075 3
3.22473e+06 0.21 3
2.97095e+06 0.2125 3
2.70303e+06 0.215 3
2.21807e+06 0.2175 3
1.85397e+06 0.22 3
1.34135e+06 0.2225 3
1.05539e+06 0.225 3
852232 0.2275 3
649621 0.23 3
678798 0.2325 3
524484 0.235 3
515298 0.2375 3
625993 0.24 3
763331 0.2425 3
846684 0.245 3
871101 0.2475 3
758998 0.25 3
584211 0.2525 3
399502 0.255 3
329241 0.2575 3
443958 0.26 3
710694 0.2625 3
1.0107e+06 0.265 3
1.29585e+06 0.2675 3
1.44134e+06 0.27 3
1.52057e+06 0.2725 3
1.55984e+06 0.275 3
1.59535e+06 0.2775 3
1.60611e+06 0.28 3
1.54168e+06 0.2825 3
1.35796e+06 0.285 3
1.0335e+06 0.2875 3
702154 0.29 3
487214 0.2925 3
440424 0.295 3
625673 0.2975 3
1.05438e+06 0.3 3
1.58802e+06 0.3025 3
2.09269e+06 0.305 3
2.39824e+06 0.3075 3
2.6126e+06 0.31 3
2.50588e+06 0.3125 3
2.2594e+06 0.315 3
7.29338e+06 0.0675 4
1.05587e+07 0.07 4
1.47188e+07 0.0725 4
1.86437e+07 0.075 4
2.15689e+07 0.0775 4
2.51832e+07 0.08 4
2.62605e+07 0.0825 4
2.49157e+07 0.085 4
2.21254e+07 0.0875 4
1.78697e+07 0.09 4
1.31582e+07 0.0925 4
9.39783e+06 0.095 4
7.472e+06 0.0975 4
8.30732e+06 0.1 4
1.06043e+07 0.1025 4
1.50373e+07 0.105 4
1.97189e+07 0.1075 4
2.40721e+07 0.11 4
2.56812e+07 0.1125 4
2.58113e+07 0.115 4
2.37299e+07 0.1175 4
2.03799e+07 0.12 4
1.64567e+07 0.1225 4
1.3357e+07 0.125 4
1.11298e+07 0.1275 4
9.84111e+06 0.13 4
8.37348e+06 0.1325 4
7.62417e+06 0.135 4
7.22318e+06 0.1375 4
5.9617e+06 0.14 4
4.83487e+06 0.1425 4
3.72378e+06 0.145 4
2.90969e+06 0.1475 4
2.43213e+06 0.15 4
2.411e+06 0.1525 4
2.41411e+06 0.155 4
2.4101e+06 0.1575 4
2.43726e+06 0.16 4
2.19303e+06 0.1625 4
1.91966e+06 0.165 4
1.61079e+06 0.1675 4
1.55805e+06 0.17 4
1.74509e+06 0.1725 4
2.21251e+06 0.175 4
2.72595e+06 0.1775 4
3.2367e+06 0.18 4
3.36947e+06 0.1825 4
3.28851e+06 0.185 4
2.92878e+06 0.1875 4
2.36698e+06 0.19 4
1.70969e+06 0.1925 4
1.06936e+06 0.195 4
582503 0.1975 4
319748 0.2 4
234744 0.2025 4
401232 0.205 4
721872 0.2075 4
1.02327e+06 0.21 4
1.24867e+06 0.2125 4
1.39263e+06 0.215 4
1.3331e+06 0.2175 4
1.29461e+06 0.22 4
1.19087e+06 0.2225 4
948157 0.225 4
885565 0.2275 4
699759 0.23 4
657875 0.2325 4
785454 0.235 4
1.00274e+06 0.2375 4
1.35696e+06 0.24 4
1.72608e+06 0.2425 4
2.2209e+06 0.245 4
2.6341e+06 0.2475 4
3.11159e+06 0.25 4
3.0056e+06 0.2525 4
2.8995e+06 0.255 4
2.49293e+06 0.2575 4
1.92701e+06 0.26 4
1.37691e+06 0.2625 4
952392 0.265 4
753937 0.2675 4
669327 0.27 4
733709 0.2725 4
944383 0.275 4
1.06479e+06 0.2775 4
1.19623e+06 0.28 4
1.25002e+06 0.2825 4
1.16382e+06 0.285 4
1.18372e+06 0.2875 4
1.14864e+06 0.29 4
1.21381e+06 0.2925 4
1.31829e+06 0.295 4
1.30603e+06 0.2975 4
1.25171e+06 0.3 4
1.07797e+06 0.3025 4
866212 0.305 4
682015 0.3075 4
497370 0.31 4
385091 0.3125 4
2.18434e+06 0.0575 5
1.32644e+06 0.06 5
1.16766e+06 0.0625 5
1.63223e+06 0.065 5
2.34034e+06 0.0675 5
2.84881e+06 0.07 5
2.89176e+06 0.0725 5
2.49208e+06 0.075 5
1.90172e+06 0.0775 5
1.42879e+06 0.08 5
1.26399e+06 0.0825 5
1.40206e+06 0.085 5
1.68531e+06 0.0875 5
1.92169e+06 0.09 5
1.99519e+06 0.0925 5
1.90585e+06 0.095 5
1.73197e+06 0.0975 5
1.55701e+06 0.1 5
1.41822e+06 0.1025 5
1.30684e+06 0.105 5
1.20621e+06 0.1075 5
1.12598e+06 0.11 5
1.09922e+06 0.1125 5
1.1438e+06 0.115 5
1.22371e+06 0.1175 5
1.25034e+06 0.12 5
1.13397e+06 0.1225 5
853331 0.125 5
489679 0.1275 5
191037 0.13 5
81651.5 0.1325 5
194845 0.135 5
393766 0.1375 5
498716 0.14 5
445296 0.1425 5
407126 0.145 5
309712 0.1475 5
598340 0.15 5
1.15413e+06 0.1525 5
1.89557e+06 0.155 5
2.23826e+06 0.1575 5
2.48303e+06 0.16 5
2.40576e+06 0.1625 5
2.63506e+06 0.165 5
2.54139e+06 0.1675 5
3.01922e+06 0.17 5
3.62399e+06 0.1725 5
4.6047e+06 0.175 5
5.0698e+06 0.1775 5
4.36357e+06 0.18 5
3.14019e+06 0.1825 5
1.86902e+06 0.185 5
890185 0.1875 5
407516 0.19 5
617384 0.1925 5
1.17657e+06 0.195 5
1.66248e+06 0.1975 5
1.82269e+06 0.2 5
1.7495e+06 0.2025 5
1.3972e+06 0.205 5
1.28008e+06 0.2075 5
1.44906e+06 0.21 5
1.81884e+06 0.2125 5
2.22859e+06 0.215 5
2.41303e+06 0.2175 5
2.4007e+06 0.22 5
2.21296e+06 0.2225 5
1.91171e+06 0.225 5
1.71165e+06 0.2275 5
1.43058e+06 0.23 5
1.1344e+06 0.2325 5
914312 0.235 5
720099 0.2375 5
475845 0.24 5
425991 0.2425 5
494771 0.245 5
761284 0.2475 5
1.00871e+06 0.25 5
1.26746e+06 0.2525 5
1.49656e+06 0.255 5
1.62721e+06 0.2575 5
1.72035e+06 0.26 5
1.84741e+06 0.2625 5
1.95909e+06 0.265 5
2.04849e+06 0.2675 5
2.16706e+06 0.27 5
2.21071e+06 0.2725 5
2.07413e+06 0.275 5
1.98936e+06 0.2775 5
1.96163e+06 0.28 5
2.02655e+06 0.2825 5
2.0462e+06 0.285 5
2.0439e+06 0.2875 5
2.08564e+06 0.29 5
2.29055e+06 0.2925 5
2.51511e+06 0.295 5
2.70314e+06 0.2975 5
2.69576e+06 0.3 5
2.52223e+06 0.3025 5
2.07515e+06 0.305 5
1.4525e+06 0.3075 5
832042 0.31 5
0 0.04 6
651.408 0.0425 6
8610.68 0.045 6
24640.6 0.0475 6
26463.5 0.05 6
90213.2 0.0525 6
150124 0.055 6
342092 0.0575 6
355584 0.06 6
367905 0.0625 6
475964 0.065 6
791028 0.0675 6
1.14929e+06 0.07 6
1.24196e+06 0.0725 6
1.31415e+06 0.075 6
1.53749e+06 0.0775 6
1.90846e+06 0.08 6
2.04914e+06 0.0825 6
1.98766e+06 0.085 6
2.02638e+06 0.0875 6
1.66227e+06 0.09 6
1.52641e+06 0.0925 6
1.20749e+06 0.095 6
836429 0.0975 6
701815 0.1 6
712809 0.1025 6
1.28736e+06 0.105 6
1.64717e+06 0.1075 6
2.30966e+06 0.11 6
3.09358e+06 0.1125 6
3.98562e+06 0.115 6
4.60912e+06 0.1175 6
4.79422e+06 0.12 6
4.7866e+06 0.1225 6
4.08865e+06 0.125 6
3.43218e+06 0.1275 6
2.53124e+06 0.13 6
1.66603e+06 0.1325 6
1.30268e+06 0.135 6
1.58693e+06 0.1375 6
2.563e+06 0.14 6
4.27074e+06 0.1425 6
6.01379e+06 0.145 6
7.55206e+06 0.1475 6
8.94154e+06 0.15 6
9.3783e+06 0.1525 6
9.06934e+06 0.155 6
8.42556e+06 0.1575 6
7.43694e+06 0.16 6
7.09635e+06 0.1625 6
6.38275e+06 0.165 6
5.37791e+06 0.1675 6
4.83219e+06 0.17 6
4.27651e+06 0.1725 6
3.73915e+06 0.175 6
3.67939e+06 0.1775 6
3.98795e+06 0.18 6
4.50237e+06 0.1825 6
4.94284e+06 0.185 6
5.19243e+06 0.1875 6
5.2921e+06 0.19 6
5.13605e+06 0.1925 6
4.84085e+06 0.195 6
4.48422e+06 0.1975 6
4.11231e+06 0.2 6
3.72972e+06 0.2025 6
3.06139e+06 0.205 6
2.32359e+06 0.2075 6
1.6215e+06 0.21 6
992215 0.2125 6
558560 0.215 6
414576 0.2175 6
462267 0.22 6
621562 0.2225 6
768560 0.225 6
752338 0.2275 6
646115 0.23 6
439824 0.2325 6
304455 0.235 6
198621 0.2375 6
185046 0.24 6
227863 0.2425 6
337722 0.245 6
423489 0.2475 6
548053 0.25 6
767076 0.2525 6
1.17451e+06 0.255 6
1.50708e+06 0.2575 6
1.83344e+06 0.26 6
1.99638e+06 0.2625 6
2.02107e+06 0.265 6
1.96957e+06 0.2675 6
1.84923e+06 0.27 6
1.78378e+06 0.2725 6
1.77489e+06 0.275 6
1.83697e+06 0.2775 6
1.96944e+06 0.28 6
1.91281e+06 0.2825 6
1.78764e+06 0.285 6
1.52169e+06 0.2875 6
1.21965e+06 0.29 6
943574 0.2925 6
730606 0.295 6
554355 0.2975 6
469878 0.3 6
376280 0.3025 6
296808 0.305 6
293809 0.3075 6
0 0.0125 7
0 0.015 7
0 0.0175 7
0 0.02 7
0 0.0225 7
0 0.025 7
1098.8 0.0275 7
151435 0.03 7
549683 0.0325 7
1.00502e+06 0.035 7
2.06788e+06 0.0375 7
3.20952e+06 0.04 7
4.84168e+06 0.0425 7
6.53582e+06 0.045 7
7.62729e+06 0.0475 7
8.88717e+06 0.05 7
8.86848e+06 0.0525 7
8.10239e+06 0.055 7
6.21604e+06 0.0575 7
3.66879e+06 0.06 7
1.6234e+06 0.0625 7
739576 0.065 7
1.31054e+06 0.0675 7
3.32413e+06 0.07 7
6.62966e+06 0.0725 7
9.82829e+06 0.075 7
1.20964e+07 0.0775 7
1.24557e+07 0.08 7
1.18472e+07 0.0825 7
1.01048e+07 0.085 7
8.00336e+06 0.0875 7
6.54737e+06 0.09 7
5.81982e+06 0.0925 7
6.10074e+06 0.095 7
6.82135e+06 0.0975 7
7.42323e+06 0.1 7
7.5242e+06 0.1025 7
6.98158e+06 0.105 7
5.99726e+06 0.1075 7
4.95106e+06 0.11 7
3.90609e+06 0.1125 7
3.25957e+06 0.115 7
2.58586e+06 0.1175 7
1.89153e+06 0.12 7
1.31469e+06 0.1225 7
944582 0.125 7
887724 0.1275 7
1.01293e+06 0.13 7
1.37094e+06 0.1325 7
1.67905e+06 0.135 7
1.74143e+06 0.1375 7
1.50874e+06 0.14 7
1.22939e+06 0.1425 7
984927 0.145 7
894808 0.1475 7
1.08637e+06 0.15 7
1.38117e+06 0.1525 7
1.69249e+06 0.155 7
1.59437e+06 0.1575 7
1.32072e+06 0.16 7
1.04499e+06 0.1625 7
892691 0.165 7
1.1167e+06 0.1675 7
1.71953e+06 0.17 7
2.59568e+06 0.1725 7
3.22878e+06 0.175 7
3.38935e+06 0.1775 7
2.94437e+06 0.18 7
2.21506e+06 0.1825 7
1.38791e+06 0.185 7
684064 0.1875 7
421882 0.19 7
519724 0.1925 7
891933 0.195 7
1.30819e+06 0.1975 7
1.44858e+06 0.2 7
1.42827e+06 0.2025 7
1.25225e+06 0.205 7
977911 0.2075 7
809132 0.21 7
654257 0.2125 7
541528 0.215 7
476233 0.2175 7
365338 0.22 7
263758 0.2225 7
234006 0.225 7
288341 0.2275 7
358469 0.23 7
553783 0.2325 7
774291 0.235 7
865687 0.2375 7
977820 0.24 7
1.14925e+06 0.2425 7
1.05454e+06 0.245 7
1.09634e+06 0.2475 7
1.21404e+06 0.25 7
1.25354e+06 0.2525 7
1.28102e+06 0.255 7
1.20244e+06 0.2575 7
1.07206e+06 0.26 7
867556 0.2625 7
705782 0.265 7
680342 0.2675 7
837306 0.27 7
1.13629e+06 0.2725 7
1.54866e+06 0.275 7
1.95206e+06 0.2775 7
2.20845e+06 0.28 7
2.23718e+06 0.2825 7
2.09328e+06 0.285 7
1.79019e+06 0.2875 7
1.44525e+06 0.29 7
1.04448e+06 0.2925 7
746954 0.295 7
523565 0.2975 7
448014 0.3 7
498340 0.3025 7
681918 0.305 7
0 0.01 8
26398.2 0.0125 8
172083 0.015 8
609908 0.0175 8
768839 0.02 8
1.7586e+06 0.0225 8
2.77095e+06 0.025 8
3.94939e+06 0.0275 8
4.86589e+06 0.03 8
5.2324e+06 0.0325 8
4.77632e+06 0.035 8
3.77304e+06 0.0375 8
2.64538e+06 0.04 8
1.66808e+06 0.0425 8
1.11924e+06 0.045 8
1.05638e+06 0.0475 8
1.31174e+06 0.05 8
1.60752e+06 0.0525 8
1.7239e+06 0.055 8
1.62134e+06 0.0575 8
1.44624e+06 0.06 8
1.42008e+06 0.0625 8
1.68347e+06 0.065 8
2.19234e+06 0.0675 8
2.72948e+06 0.07 8
3.02204e+06 0.0725 8
2.89138e+06 0.075 8
2.3462e+06 0.0775 8
1.5689e+06 0.08 8
812676 0.0825 8
276821 0.085 8
31428.1 0.0875 8
22764.9 0.09 8
137979 0.0925 8
278371 0.095 8
399433 0.0975 8
509490 0.1 8
647844 0.1025 8
866551 0.105 8
1.22045e+06 0.1075 8
1.75034e+06 0.11 8
2.4465e+06 0.1125 8
3.20535e+06 0.115 8
3.81934e+06 0.1175 8
4.02648e+06 0.12 8
3.6624e+06 0.1225 8
2.73602e+06 0.125 8
1.59624e+06 0.1275 8
545311 0.13 8
171374 0.1325 8
637261 0.135 8
1.782e+06 0.1375 8
3.08277e+06 0.14 8
3.98764e+06 0.1425 8
4.00722e+06 0.145 8
3.52575e+06 0.1475 8
2.38007e+06 0.15 8
1.20021e+06 0.1525 8
467261 0.155 8
217912 0.1575 8
288175 0.16 8
474640 0.1625 8
530712 0.165 8
470455 0.1675 8
376092 0.17 8
388535 0.1725 8
429345 0.175 8
493934 0.1775 8
547751 0.18 8
617365 0.1825 8
577436 0.185 8
699578 0.1875 8
862867 0.19 8
1.09193e+06 0.1925 8
1.48701e+06 0.195 8
1.72587e+06 0.1975 8
1.81323e+06 0.2 8
2.16525e+06 0.2025 8
2.83351e+06 0.205 8
3.20624e+06 0.2075 8
3.63375e+06 0.21 8
3.96222e+06 0.2125 8
3.90028e+06 0.215 8
3.64798e+06 0.2175 8
3.30938e+06 0.22 8
3.13853e+06 0.2225 8
3.34849e+06 0.225 8
3.891e+06 0.2275 8
4.58105e+06 0.23 8
5.2359e+06 0.2325 8
5.3222e+06 0.235 8
4.80466e+06 0.2375 8
3.83233e+06 0.24 8
2.97411e+06 0.2425 8
2.15671e+06 0.245 8
1.87022e+06 0.2475 8
1.97976e+06 0.25 8
2.40815e+06 0.2525 8
2.93992e+06 0.255 8
3.30969e+06 0.2575 8
3.40007e+06 0.26 8
3.25562e+06 0.2625 8
2.83256e+06 0.265 8
2.34165e+06 0.2675 8
1.86359e+06 0.27 8
1.4489e+06 0.2725 8
1.12609e+06 0.275 8
930894 0.2775 8
834791 0.28 8
738293 0.2825 8
708474 0.285 8
674621 0.2875 8
676925 0.29 8
677288 0.2925 8
713513 0.295 8
745080 0.2975 8
0 0.01 9
0 0.0125 9
0 0.015 9
0 0.0175 9
0 0.02 9
0 0.0225 9
0 0.025 9
0 0.0275 9
0 0.03 9
0 0.0325 9
0 0.035 9
0 0.0375 9
0 0.04 9
0 0.0425 9
0 0.045 9
0 0.0475 9
0 0.05 9
0 0.0525 9
0 0.055 9
0 0.0575 9
8576.29 0.06 9
6256.51 0.0625 9
60305.8 0.065 9
185880 0.0675 9
576324 0.07 9
1.57777e+06 0.0725 9
2.29485e+06 0.075 9
2.78376e+06 0.0775 9
3.74859e+06 0.08 9
5.19361e+06 0.0825 9
6.55336e+06 0.085 9
7.26016e+06 0.0875 9
8.19604e+06 0.09 9
8.19139e+06 0.0925 9
7.82528e+06 0.095 9
7.2474e+06 0.0975 9
6.13696e+06 0.1 9
4.95917e+06 0.1025 9
3.94071e+06 0.105 9
2.98597e+06 0.1075 9
2.0984e+06 0.11 9
1.30834e+06 0.1125 9
537803 0.115 9
320153 0.1175 9
233542 0.12 9
415050 0.1225 9
709066 0.125 9
1.17153e+06 0.1275 9
1.79207e+06 0.13 9
2.28699e+06 0.1325 9
3.04014e+06 0.135 9
3.80335e+06 0.1375 9
4.44572e+06 0.14 9
4.46059e+06 0.1425 9
3.92557e+06 0.145 9
3.36794e+06 0.1475 9
2.60071e+06 0.15 9
2.15108e+06 0.1525 9
1.86012e+06 0.155 9
1.97862e+06 0.1575 9
2.5815e+06 0.16 9
3.61683e+06 0.1625 9
4.69056e+06 0.165 9
5.84286e+06 0.1675 9
6.7686e+06 0.17 9
7.39831e+06 0.1725 9
7.58438e+06 0.175 9
7.35625e+06 0.1775 9
6.68306e+06 0.18 9
6.11757e+06 0.1825 9
5.38833e+06 0.185 9
4.80611e+06 0.1875 9
4.28681e+06 0.19 9
3.83768e+06 0.1925 9
3.65493e+06 0.195 9
3.67583e+06 0.1975 9
3.71956e+06 0.2 9
3.77573e+06 0.2025 9
3.6553e+06 0.205 9
3.37538e+06 0.2075 9
3.1408e+06 0.21 9
2.93764e+06 0.2125 9
2.75564e+06 0.215 9
2.6543e+06 0.2175 9
2.6384e+06 0.22 9
2.69556e+06 0.2225 9
2.82187e+06 0.225 9
2.8368e+06 0.2275 9
2.65602e+06 0.23 9
2.29936e+06 0.2325 9
1.6411e+06 0.235 9
978089 0.2375 9
461091 0.24 9
275590 0.2425 9
523171 0.245 9
1.16885e+06 0.2475 9
1.9556e+06 0.25 9
2.70016e+06 0.2525 9
3.2014e+06 0.255 9
3.38983e+06 0.2575 9
3.18618e+06 0.26 9
2.72239e+06 0.2625 9
2.28321e+06 0.265 9
1.852e+06 0.2675 9
1.55622e+06 0.27 9
1.51557e+06 0.2725 9
1.64293e+06 0.275 9
1.80603e+06 0.2775 9
1.91488e+06 0.28 9
1.96475e+06 0.2825 9
1.83416e+06 0.285 9
1.61646e+06 0.2875 9
1.28487e+06 0.29 9
1.00158e+06 0.2925 9
632064 0.01 10
1.22149e+06 0.0125 10
1.89507e+06 0.015 10
2.47734e+06 0.0175 10
2.80815e+06 0.02 10
2.81788e+06 0.0225 10
2.55965e+06 0.025 10
2.18322e+06 0.0275 10
1.86679e+06 0.03 10
1.7426e+06 0.0325 10
1.85099e+06 0.035 10
2.13895e+06 0.0375 10
2.49528e+06 0.04 10
2.79996e+06 0.0425 10
2.9645e+06 0.045 10
2.95078e+06 0.0475 10
2.76868e+06 0.05 10
2.461e+06 0.0525 10
2.08458e+06 0.055 10
1.69405e+06 0.0575 10
1.33107e+06 0.06 10
1.0209e+06 0.0625 10
776805 0.065 10
610126 0.0675 10
539456 0.07 10
590786 0.0725 10
783781 0.075 10
1.10854e+06 0.0775 10
1.50663e+06 0.08 10
1.87265e+06 0.0825 10
2.08409e+06 0.085 10
2.05055e+06 0.0875 10
1.75847e+06 0.09 10
1.28516e+06 0.0925 10
769923 0.095 10
353794 0.0975 10
119211 0.1 10
62577 0.1025 10
114509 0.105 10
193991 0.1075 10
261985 0.11 10
340887 0.1125 10
488891 0.115 10
748282 0.1175 10
1.10409e+06 0.12 10
1.48219e+06 0.1225 10
1.78852e+06 0.125 10
1.96303e+06 0.1275 10
2.01203e+06 0.13 10
1.9907e+06 0.1325 10
1.96732e+06 0.135 10
1.98103e+06 0.1375 10
2.0351e+06 0.14 10
1.9964e+06 0.1425 10
2.0609e+06 0.145 10
2.07978e+06 0.1475 10
2.3288e+06 0.15 10
2.80001e+06 0.1525 10
3.30065e+06 0.155 10
3.64155e+06 0.1575 10
3.63311e+06 0.16 10
3.38172e+06 0.1625 10
2.61514e+06 0.165 10
1.65614e+06 0.1675 10
1.26328e+06 0.17 10
1.44698e+06 0.1725 10
2.35229e+06 0.175 10
3.92295e+06 0.1775 10
5.29609e+06 0.18 10
6.47386e+06 0.1825 10
7.05963e+06 0.185 10
6.73592e+06 0.1875 10
6.13643e+06 0.19 10
5.79417e+06 0.1925 10
5.48362e+06 0.195 10
5.83941e+06 0.1975 10
5.84659e+06 0.2 10
5.88051e+06 0.2025 10
5.44777e+06 0.205 10
4.64677e+06 0.2075 10
3.71321e+06 0.21 10
2.75333e+06 0.2125 10
1.76007e+06 0.215 10
1.26049e+06 0.2175 10
972745 0.22 10
943406 0.2225 10
1.1288e+06 0.225 10
1.22375e+06 0.2275 10
1.40189e+06 0.23 10
1.4803e+06 0.2325 10
1.64092e+06 0.235 10
1.81163e+06 0.2375 10
2.11316e+06 0.24 10
2.29865e+06 0.2425 10
2.2746e+06 0.245 10
2.06797e+06 0.2475 10
1.65265e+06 0.25 10
1.10832e+06 0.2525 10
591228 0.255 10
299286 0.2575 10
351390 0.26 10
761961 0.2625 10
1.32578e+06 0.265 10
1.78754e+06 0.2675 10
2.03605e+06 0.27 10
2.06071e+06 0.2725 10
1.83266e+06 0.275 10
1.45368e+06 0.2775 10
1.10406e+06 0.28 10
796759 0.2825 10
629341 0.285 10
559876 0.2875 10
0 0.01 11
0 0.0125 11
0 0.015 11
0 0.0175 11
0 0.02 11
0 0.0225 11
0 0.025 11
0 0.0275 11
0 0.03 11
0 0.0325 11
0 0.035 11
9006.86 0.0375 11
11472.5 0.04 11
147372 0.0425 11
143498 0.045 11
210353 0.0475 11
174563 0.05 11
428126 0.0525 11
489176 0.055 11
482916 0.0575 11
531160 0.06 11
293770 0.0625 11
170260 0.065 11
182348 0.0675 11
266908 0.07 11
287673 0.0725 11
519136 0.075 11
736188 0.0775 11
1.05072e+06 0.08 11
1.22838e+06 0.0825 11
1.28252e+06 0.085 11
1.14455e+06 0.0875 11
730297 0.09 11
419854 0.0925 11
181940 0.095 11
119104 0.0975 11
348882 0.1 11
754276 0.1025 11
1.22903e+06 0.105 11
1.88773e+06 0.1075 11
2.67052e+06 0.11 11
3.25365e+06 0.1125 11
3.66614e+06 0.115 11
3.57263e+06 0.1175 11
3.86972e+06 0.12 11
3.97201e+06 0.1225 11
3.76863e+06 0.125 11
4.11782e+06 0.1275 11
4.05962e+06 0.13 11
4.16736e+06 0.1325 11
3.69008e+06 0.135 11
3.08872e+06 0.1375 11
2.8509e+06 0.14 11
2.55662e+06 0.1425 11
2.55178e+06 0.145 11
2.88422e+06 0.1475 11
3.51142e+06 0.15 11
4.41096e+06 0.1525 11
5.47016e+06 0.155 11
6.53542e+06 0.1575 11
7.05975e+06 0.16 11
7.20372e+06 0.1625 11
6.92381e+06 0.165 11
5.88748e+06 0.1675 11
4.61118e+06 0.17 11
3.26352e+06 0.1725 11
2.04454e+06 0.175 11
1.126e+06 0.1775 11
670252 0.18 11
651439 0.1825 11
901952 0.185 11
1.31818e+06 0.1875 11
1.72415e+06 0.19 11
1.86065e+06 0.1925 11
1.67762e+06 0.195 11
1.23955e+06 0.1975 11
693626 0.2 11
263136 0.2025 11
68781.1 0.205 11
171145 0.2075 11
481514 0.21 11
947701 0.2125 11
1.29843e+06 0.215 11
1.30393e+06 0.2175 11
1.20392e+06 0.22 11
1.01638e+06 0.2225 11
856760 0.225 11
969827 0.2275 11
1.22332e+06 0.23 11
1.72245e+06 0.2325 11
2.18407e+06 0.235 11
2.52437e+06 0.2375 11
2.51509e+06 0.24 11
2.26611e+06 0.2425 11
1.82855e+06 0.245 11
1.35822e+06 0.2475 11
842851 0.25 11
410119 0.2525 11
161421 0.255 11
82751 0.2575 11
121323 0.26 11
216697 0.2625 11
289056 0.265 11
395161 0.2675 11
377117 0.27 11
374357 0.2725 11
380751 0.275 11
387316 0.2775 11
371755 0.28 11
396352 0.2825 11
0 0.01 12
0 0.0125 12
0 0.015 12
0 0.0175 12
0 0.02 12
0 0.0225 12
0 0.025 12
0 0.0275 12
0 0.03 12
11747.8 0.0325 12
81098.7 0.035 12
177405 0.0375 12
587116 0.04 12
1.07446e+06 0.0425 12
1.43513e+06 0.045 12
1.84918e+06 0.0475 12
2.58248e+06 0.05 12
3.5739e+06 0.0525 12
4.23637e+06 0.055 12
4.38283e+06 0.0575 12
4.13574e+06 0.06 12
3.99484e+06 0.0625 12
3.70219e+06 0.065 12
3.42535e+06 0.0675 12
3.18079e+06 0.07 12
2.79972e+06 0.0725 12
2.65425e+06 0.075 12
2.56664e+06 0.0775 12
1.95767e+06 0.08 12
1.31752e+06 0.0825 12
787600 0.085 12
308516 0.0875 12
47498.5 0.09 12
166833 0.0925 12
429402 0.095 12
808515 0.0975 12
1.05772e+06 0.1 12
1.135e+06 0.1025 12
1.0463e+06 0.105 12
740879 0.1075 12
556928 0.11 12
383033 0.1125 12
443502 0.115 12
387406 0.1175 12
401690 0.12 12
406057 0.1225 12
306578 0.125 12
232424 0.1275 12
222809 0.13 12
332414 0.1325 12
547108 0.135 12
976629 0.1375 12
1.45415e+06 0.14 12
1.93072e+06 0.1425 12
2.13535e+06 0.145 12
2.42865e+06 0.1475 12
2.52616e+06 0.15 12
2.45588e+06 0.1525 12
2.48763e+06 0.155 12
2.88237e+06 0.1575 12
3.36875e+06 0.16 12
3.72172e+06 0.1625 12
4.00805e+06 0.165 12
4.29773e+06 0.1675 12
4.48243e+06 0.17 12
4.56861e+06 0.1725 12
4.39333e+06 0.175 12
4.31257e+06 0.1775 12
4.12282e+06 0.18 12
3.64133e+06 0.1825 12
3.07105e+06 0.185 12
2.23616e+06 0.1875 12
1.3039e+06 0.19 12
676751 0.1925 12
611633 0.195 12
1.20628e+06 0.1975 12
2.21968e+06 0.2 12
3.37247e+06 0.2025 12
4.207e+06 0.205 12
4.4231e+06 0.2075 12
4.04836e+06 0.21 12
3.26009e+06 0.2125 12
2.43884e+06 0.215 12
2.21765e+06 0.2175 12
2.37391e+06 0.22 12
2.991e+06 0.2225 12
3.5752e+06 0.225 12
3.89427e+06 0.2275 12
3.79961e+06 0.23 12
3.34122e+06 0.2325 12
2.63309e+06 0.235 12
1.94029e+06 0.2375 12
1.48551e+06 0.24 12
1.28021e+06 0.2425 12
1.2284e+06 0.245 12
1.14023e+06 0.2475 12
1.12916e+06 0.25 12
1.05198e+06 0.2525 12
1.1251e+06 0.255 12
1.19194e+06 0.2575 12
1.19592e+06 0.26 12
1.35416e+06 0.2625 12
1.38875e+06 0.265 12
1.28088e+06 0.2675 12
1.04283e+06 0.27 12
836676 0.2725 12
691658 0.275 12
40430.9 0.01 13
75533.4 0.0125 13
147796 0.015 13
242776 0.0175 13
303418 0.02 13
278583 0.0225 13
172605 0.025 13
46080.8 0.0275 13
6904.06 0.03 13
154172 0.0325 13
509810 0.035 13
982221 0.0375 13
1.39377e+06 0.04 13
1.56678e+06 0.0425 13
1.42321e+06 0.045 13
1.03822e+06 0.0475 13
610470 0.05 13
360492 0.0525 13
413303 0.055 13
733251 0.0575 13
1.1486e+06 0.06 13
1.44942e+06 0.0625 13
1.49881e+06 0.065 13
1.29227e+06 0.0675 13
936151 0.07 13
568983 0.0725 13
283924 0.075 13
104186 0.0775 13
21084.3 0.08 13
56416.2 0.0825 13
291118 0.085 13
825551 0.0875 13
1.68843e+06 0.09 13
2.75594e+06 0.0925 13
3.74781e+06 0.095 13
4.32528e+06 0.0975 13
4.25185e+06 0.1 13
3.53098e+06 0.1025 13
2.43748e+06 0.105 13
1.41328e+06 0.1075 13
873263 0.11 13
1.01848e+06 0.1125 13
1.75297e+06 0.115 13
2.7445e+06 0.1175 13
3.59313e+06 0.12 13
4.01781e+06 0.1225 13
3.96893e+06 0.125 13
3.58753e+06 0.1275 13
3.11314e+06 0.13 13
2.7701e+06 0.1325 13
2.71766e+06 0.135 13
2.64957e+06 0.1375 13
2.47785e+06 0.14 13
2.32625e+06 0.1425 13
2.07805e+06 0.145 13
1.87686e+06 0.1475 13
1.9659e+06 0.15 13
1.85098e+06 0.1525 13
2.1015e+06 0.155 13
2.40363e+06 0.1575 13
2.6102e+06 0.16 13
2.54372e+06 0.1625 13
2.37053e+06 0.165 13
1.94225e+06 0.1675 13
1.31283e+06 0.17 13
1.01695e+06 0.1725 13
981660 0.175 13
1.05456e+06 0.1775 13
1.12603e+06 0.18 13
1.29844e+06 0.1825 13
1.30269e+06 0.185 13
1.29016e+06 0.1875 13
1.3187e+06 0.19 13
1.5418e+06 0.1925 13
1.56584e+06 0.195 13
1.62089e+06 0.1975 13
1.58441e+06 0.2 13
1.57234e+06 0.2025 13
1.47491e+06 0.205 13
1.25595e+06 0.2075 13
1.00305e+06 0.21 13
746126 0.2125 13
540229 0.215 13
375774 0.2175 13
368995 0.22 13
542005 0.2225 13
889430 0.225 13
1.3989e+06 0.2275 13
2.14204e+06 0.23 13
2.6696e+06 0.2325 13
3.31568e+06 0.235 13
3.35097e+06 0.2375 13
3.12506e+06 0.24 13
2.68962e+06 0.2425 13
2.08238e+06 0.245 13
1.56978e+06 0.2475 13
1.21556e+06 0.25 13
1.01837e+06 0.2525 13
873231 0.255 13
891927 0.2575 13
864624 0.26 13
784787 0.2625 13
682930 0.265 13
504475 0.2675 13
0 0.02 14
0 0.0225 14
0 0.025 14
0 0.0275 14
0 0.03 14
0 0.0325 14
0 0.035 14
0 0.0375 14
0 0.04 14
0 0.0425 14
0 0.045 14
0 0.0475 14
0 0.05 14
0 0.0525 14
0 0.055 14
0 0.0575 14
0 0.06 14
0 0.0625 14
11770.9 0.065 14
92405 0.0675 14
307276 0.07 14
751100 0.0725 14
1.11584e+06 0.075 14
1.46847e+06 0.0775 14
1.95582e+06 0.08 14
2.24646e+06 0.0825 14
2.84225e+06 0.085 14
2.99425e+06 0.0875 14
3.05091e+06 0.09 14
2.74672e+06 0.0925 14
2.4713e+06 0.095 14
2.14817e+06 0.0975 14
2.08282e+06 0.1 14
2.35168e+06 0.1025 14
2.97816e+06 0.105 14
3.88677e+06 0.1075 14
4.93793e+06 0.11 14
5.5043e+06 0.1125 14
5.72796e+06 0.115 14
5.76539e+06 0.1175 14
5.48332e+06 0.12 14
4.75992e+06 0.1225 14
4.27891e+06 0.125 14
4.33687e+06 0.1275 14
4.68504e+06 0.13 14
5.48122e+06 0.1325 14
6.52377e+06 0.135 14
7.03009e+06 0.1375 14
7.19093e+06 0.14 14
6.40278e+06 0.1425 14
5.56325e+06 0.145 14
4.28081e+06 0.1475 14
3.40257e+06 0.15 14
2.75818e+06 0.1525 14
2.71027e+06 0.155 14
2.6174e+06 0.1575 14
2.61867e+06 0.16 14
2.19956e+06 0.1625 14
1.67286e+06 0.165 14
963968 0.1675 14
392077 0.17 14
243529 0.1725 14
432098 0.175 14
1.05061e+06 0.1775 14
1.62033e+06 0.18 14
2.05459e+06 0.1825 14
2.22761e+06 0.185 14
2.08361e+06 0.1875 14
1.9468e+06 0.19 14
1.8241e+06 0.1925 14
1.91813e+06 0.195 14
2.18526e+06 0.1975 14
2.38305e+06 0.2 14
2.42497e+06 0.2025 14
2.39007e+06 0.205 14
2.2418e+06 0.2075 14
2.0174e+06 0.21 14
1.77725e+06 0.2125 14
1.5209e+06 0.215 14
1.29833e+06 0.2175 14
1.10771e+06 0.22 14
944235 0.2225 14
858236 0.225 14
895546 0.2275 14
1.06805e+06 0.23 14
1.33825e+06 0.2325 14
1.62036e+06 0.235 14
1.72926e+06 0.2375 14
1.63392e+06 0.24 14
1.36136e+06 0.2425 14
1.02405e+06 0.245 14
788509 0.2475 14
767002 0.25 14
1.05866e+06 0.2525 14
1.52784e+06 0.255 14
2.0243e+06 0.2575 14
17570 0.0125 15
70291.8 0.015 15
187606 0.0175 15
377660 0.02 15
749780 0.0225 15
1.39222e+06 0.025 15
2.39896e+06 0.0275 15
3.80731e+06 0.03 15
5.53755e+06 0.0325 15
7.35839e+06 0.035 15
8.91168e+06 0.0375 15
9.80856e+06 0.04 15
9.77162e+06 0.0425 15
8.76514e+06 0.045 15
7.04703e+06 0.0475 15
5.10394e+06 0.05 15
3.48465e+06 0.0525 15
2.59992e+06 0.055 15
2.5797e+06 0.0575 15
3.25488e+06 0.06 15
4.26978e+06 0.0625 15
5.2654e+06 0.065 15
6.03752e+06 0.0675 15
6.58961e+06 0.07 15
7.06024e+06 0.0725 15
7.57518e+06 0.075 15
8.1162e+06 0.0775 15
8.48748e+06 0.08 15
8.40346e+06 0.0825 15
7.65063e+06 0.085 15
6.232e+06 0.0875 15
4.41064e+06 0.09 15
2.62339e+06 0.0925 15
1.30591e+06 0.095 15
716613 0.0975 15
844845 0.1 15
1.44167e+06 0.1025 15
2.14826e+06 0.105 15
2.65156e+06 0.1075 15
2.79306e+06 0.11 15
2.59023e+06 0.1125 15
2.17954e+06 0.115 15
1.72588e+06 0.1175 15
1.34863e+06 0.12 15
1.09299e+06 0.1225 15
949443 0.125 15
867395 0.1275 15
836502 0.13 15
784721 0.1325 15
646331 0.135 15
496713 0.1375 15
325538 0.14 15
272566 0.1425 15
451486 0.145 15
883699 0.1475 15
1.45387e+06 0.15 15
2.16395e+06 0.1525 15
2.77982e+06 0.155 15
3.38022e+06 0.1575 15
3.51057e+06 0.16 15
3.2265e+06 0.1625 15
2.6034e+06 0.165 15
1.88024e+06 0.1675 15
1.38174e+06 0.17 15
1.02883e+06 0.1725 15
976868 0.175 15
1.072e+06 0.1775 15
1.38096e+06 0.18 15
1.8166e+06 0.1825 15
2.00767e+06 0.185 15
2.00883e+06 0.1875 15
2.03653e+06 0.19 15
1.76708e+06 0.1925 15
1.57728e+06 0.195 15
1.39016e+06 0.1975 15
1.02102e+06 0.2 15
721929 0.2025 15
447496 0.205 15
321968 0.2075 15
344116 0.21 15
559462 0.2125 15
867885 0.215 15
1.24412e+06 0.2175 15
1.47562e+06 0.22 15
1.63083e+06 0.2225 15
1.59052e+06 0.225 15
1.36855e+06 0.2275 15
1.19065e+06 0.23 15
1.05782e+06 0.2325 15
933086 0.235 15
916341 0.2375 15
954491 0.24 15
816026 0.2425 15
669048 0.245 15
510711 0.2475 15
0 0.0025 16
0 0.005 16
0 0.0075 16
0 0.01 16
0 0.0125 16
0 0.015 16
0 0.0175 16
0 0.02 16
0 0.0225 16
0 0.025 16
0 0.0275 16
0 0.03 16
994.056 0.0325 16
47383.1 0.035 16
241465 0.0375 16
340526 0.04 16
383029 0.0425 16
654121 0.045 16
842780 0.0475 16
1.22357e+06 0.05 16
1.45938e+06 0.0525 16
1.90211e+06 0.055 16
2.03411e+06 0.0575 16
1.79413e+06 0.06 16
1.44098e+06 0.0625 16
1.31308e+06 0.065 16
1.0344e+06 0.0675 16
740682 0.07 16
671194 0.0725 16
672778 0.075 16
818710 0.0775 16
1.27956e+06 0.08 16
1.87072e+06 0.0825 16
2.58484e+06 0.085 16
3.70668e+06 0.0875 16
4.63575e+06 0.09 16
5.14698e+06 0.0925 16
5.33736e+06 0.095 16
4.96615e+06 0.0975 16
4.08134e+06 0.1 16
2.90665e+06 0.1025 16
2.02837e+06 0.105 16
1.7674e+06 0.1075 16
1.94237e+06 0.11 16
2.54866e+06 0.1125 16
3.21373e+06 0.115 16
3.56353e+06 0.1175 16
3.50003e+06 0.12 16
2.86299e+06 0.1225 16
2.20474e+06 0.125 16
1.71113e+06 0.1275 16
1.59637e+06 0.13 16
1.9221e+06 0.1325 16
2.36644e+06 0.135 16
2.84571e+06 0.1375 16
3.11149e+06 0.14 16
3.03979e+06 0.1425 16
2.799e+06 0.145 16
2.42858e+06 0.1475 16
2.02377e+06 0.15 16
1.70402e+06 0.1525 16
1.39378e+06 0.155 16
1.17434e+06 0.1575 16
1.16334e+06 0.16 16
1.15824e+06 0.1625 16
1.28216e+06 0.165 16
1.47414e+06 0.1675 16
2.01854e+06 0.17 16
2.26369e+06 0.1725 16
2.51676e+06 0.175 16
2.53367e+06 0.1775 16
2.33905e+06 0.18 16
1.83832e+06 0.1825 16
1.24235e+06 0.185 16
783560 0.1875 16
578344 0.19 16
610924 0.1925 16
908857 0.195 16
1.18493e+06 0.1975 16
1.71546e+06 0.2 16
1.93512e+06 0.2025 16
2.02241e+06 0.205 16
1.93118e+06 0.2075 16
1.60471e+06 0.21 16
1.19653e+06 0.2125 16
895198 0.215 16
637729 0.2175 16
658783 0.22 16
779735 0.2225 16
955238 0.225 16
1.10508e+06 0.2275 16
1.26387e+06 0.23 16
1.26105e+06 0.2325 16
1.15035e+06 0.235 16
1.07109e+06 0.2375 16
0 0.0025 17
0 0.005 17
0 0.0075 17
0 0.01 17
0 0.0125 17
0 0.015 17
0 0.0175 17
0 0.02 17
0 0.0225 17
0 0.025 17
0 0.0275 17
0 0.03 17
0 0.0325 17
0 0.035 17
164.518 0.0375 17
583.372 0.04 17
13705.4 0.0425 17
77470.3 0.045 17
265924 0.0475 17
542480 0.05 17
1.07646e+06 0.0525 17
1.87437e+06 0.055 17
2.86306e+06 0.0575 17
4.03859e+06 0.06 17
5.4934e+06 0.0625 17
6.83053e+06 0.065 17
8.21029e+06 0.0675 17
8.93732e+06 0.07 17
9.56269e+06 0.0725 17
1.01488e+07 0.075 17
1.03377e+07 0.0775 17
9.37887e+06 0.08 17
8.19228e+06 0.0825 17
6.94097e+06 0.085 17
5.9243e+06 0.0875 17
5.02726e+06 0.09 17
4.24937e+06 0.0925 17
3.4203e+06 0.095 17
2.67788e+06 0.0975 17
1.91572e+06 0.1 17
1.35463e+06 0.1025 17
1.1046e+06 0.105 17
1.1974e+06 0.1075 17
1.53425e+06 0.11 17
1.81265e+06 0.1125 17
2.2975e+06 0.115 17
2.64438e+06 0.1175 17
2.62145e+06 0.12 17
2.59908e+06 0.1225 17
2.17542e+06 0.125 17
1.78443e+06 0.1275 17
1.36092e+06 0.13 17
1.12164e+06 0.1325 17
863871 0.135 17
715492 0.1375 17
672110 0.14 17
637300 0.1425 17
587815 0.145 17
557173 0.1475 17
569938 0.15 17
483787 0.1525 17
422012 0.155 17
400881 0.1575 17
312907 0.16 17
349892 0.1625 17
406504 0.165 17
518132 0.1675 17
671504 0.17 17
934972 0.1725 17
1.10761e+06 0.175 17
1.37829e+06 0.1775 17
1.47124e+06 0.18 17
1.48679e+06 0.1825 17
1.29591e+06 0.185 17
1.05938e+06 0.1875 17
620161 0.19 17
317359 0.1925 17
138482 0.195 17
132235 0.1975 17
299850 0.2 17
595189 0.2025 17
964471 0.205 17
1.18503e+06 0.2075 17
1.20332e+06 0.21 17
1.03845e+06 0.2125 17
869130 0.215 17
574013 0.2175 17
453050 0.22 17
391999 0.2225 17
346024 0.225 17
6836.36 0.0025 18
99289.3 0.005 18
426764 0.0075 18
1.06705e+06 0.01 18
1.90899e+06 0.0125 18
2.66256e+06 0.015 18
3.00334e+06 0.0175 18
2.76177e+06 0.02 18
2.03253e+06 0.0225 18
1.12973e+06 0.025 18
416009 0.0275 18
115743 0.03 18
229661 0.0325 18
596187 0.035 18
1.04544e+06 0.0375 18
1.53309e+06 0.04 18
2.16133e+06 0.0425 18
3.07646e+06 0.045 18
4.31806e+06 0.0475 18
5.72642e+06 0.05 18
6.9741e+06 0.0525 18
7.70552e+06 0.055 18
7.70151e+06 0.0575 18
6.97565e+06 0.06 18
5.7562e+06 0.0625 18
4.37672e+06 0.065 18
3.14292e+06 0.0675 18
2.24191e+06 0.07 18
1.72174e+06 0.0725 18
1.52676e+06 0.075 18
1.55439e+06 0.0775 18
1.70563e+06 0.08 18
1.91999e+06 0.0825 18
2.19521e+06 0.085 18
2.58807e+06 0.0875 18
3.18669e+06 0.09 18
4.05106e+06 0.0925 18
5.14088e+06 0.095 18
6.2724e+06 0.0975 18
7.14594e+06 0.1 18
7.45388e+06 0.1025 18
7.02815e+06 0.105 18
5.95022e+06 0.1075 18
4.55321e+06 0.11 18
3.29829e+06 0.1125 18
2.57828e+06 0.115 18
2.54682e+06 0.1175 18
3.06222e+06 0.12 18
3.77359e+06 0.1225 18
4.29979e+06 0.125 18
4.4042e+06 0.1275 18
4.07715e+06 0.13 18
3.4846e+06 0.1325 18
2.87028e+06 0.135 18
2.37884e+06 0.1375 18
2.05514e+06 0.14 18
1.85088e+06 0.1425 18
1.6201e+06 0.145 18
1.36401e+06 0.1475 18
1.06908e+06 0.15 18
853752 0.1525 18
876057 0.155 18
1.08305e+06 0.1575 18
1.3233e+06 0.16 18
1.55847e+06 0.1625 18
1.56962e+06 0.165 18
1.50872e+06 0.1675 18
1.25365e+06 0.17 18
964647 0.1725 18
667988 0.175 18
497439 0.1775 18
276899 0.18 18
245759 0.1825 18
279725 0.185 18
337093 0.1875 18
435928 0.19 18
557787 0.1925 18
551475 0.195 18
599869 0.1975 18
580786 0.2 18
604761 0.2025 18
606977 0.205 18
487475 0.2075 18
422779 0.21 18
360656 0.2125 18
0 0.0025 19
0 0.005 19
0 0.0075 19
0 0.01 19
0 0.0125 19
0 0.015 19
0 0.0175 19
0 0.02 19
0 0.0225 19
0 0.025 19
0 0.0275 19
0 0.03 19
0 0.0325 19
0 0.035 19
0 0.0375 19
0 0.04 19
0 0.0425 19
0 0.045 19
0 0.0475 19
0 0.05 19
0 0.0525 19
0 0.055 19
0 0.0575 19
9477.82 0.06 19
61237.4 0.0625 19
93648 0.065 19
68701.5 0.0675 19
184891 0.07 19
267551 0.0725 19
484243 0.075 19
615505 0.0775 19
771356 0.08 19
699552 0.0825 19
733697 0.085 19
956315 0.0875 19
901306 0.09 19
877245 0.0925 19
1.10282e+06 0.095 19
1.17462e+06 0.0975 19
1.4348e+06 0.1 19
1.73263e+06 0.1025 19
1.87437e+06 0.105 19
2.02615e+06 0.1075 19
2.1551e+06 0.11 19
2.0655e+06 0.1125 19
2.19082e+06 0.115 19
2.04894e+06 0.1175 19
1.73595e+06 0.12 19
1.46397e+06 0.1225 19
1.23127e+06 0.125 19
1.04741e+06 0.1275 19
873742 0.13 19
733563 0.1325 19
675824 0.135 19
700035 0.1375 19
608282 0.14 19
582169 0.1425 19
504707 0.145 19
501619 0.1475 19
498143 0.15 19
508257 0.1525 19
548609 0.155 19
599639 0.1575 19
568997 0.16 19
510526 0.1625 19
341039 0.165 19
157493 0.1675 19
19159.2 0.17 19
37253.3 0.1725 19
254025 0.175 19
611192 0.1775 19
1.03045e+06 0.18 19
1.27999e+06 0.1825 19
1.31314e+06 0.185 19
1.13486e+06 0.1875 19
771832 0.19 19
479745 0.1925 19
250086 0.195 19
188780 0.1975 19
0 0.0025 20
0 0.005 20
0 0.0075 20
0 0.01 20
1030.79 0.0125 20
1033.58 0.015 20
5937.32 0.0175 20
14400.4 0.02 20
19702.2 0.0225 20
42593.2 0.025 20
108394 0.0275 20
147394 0.03 20
191209 0.0325 20
218480 0.035 20
250029 0.0375 20
251449 0.04 20
241070 0.0425 20
254552 0.045 20
345805 0.0475 20
569933 0.05 20
958571 0.0525 20
1.49827e+06 0.055 20
2.12382e+06 0.0575 20
2.73272e+06 0.06 20
3.21695e+06 0.0625 20
3.49848e+06 0.065 20
3.55236e+06 0.0675 20
3.40699e+06 0.07 20
3.12344e+06 0.0725 20
2.76629e+06 0.075 20
2.3816e+06 0.0775 20
1.99169e+06 0.08 20
1.60495e+06 0.0825 20
1.23035e+06 0.085 20
885259 0.0875 20
592283 0.09 20
369749 0.0925 20
224821 0.095 20
154956 0.0975 20
155396 0.1 20
224532 0.1025 20
360321 0.105 20
548914 0.1075 20
754994 0.11 20
924894 0.1125 20
1.00584e+06 0.115 20
975783 0.1175 20
847739 0.12 20
683264 0.1225 20
547220 0.125 20
483224 0.1275 20
495704 0.13 20
538976 0.1325 20
574380 0.135 20
598762 0.1375 20
627917 0.14 20
752604 0.1425 20
1.02285e+06 0.145 20
1.44329e+06 0.1475 20
1.96166e+06 0.15 20
2.43206e+06 0.1525 20
2.77145e+06 0.155 20
2.81156e+06 0.1575 20
2.59766e+06 0.16 20
2.16625e+06 0.1625 20
1.64238e+06 0.165 20
1.14637e+06 0.1675 20
775007 0.17 20
557856 0.1725 20
506211 0.175 20
670712 0.1775 20
0 0.0025 21
0 0.005 21
0 0.0075 21
0 0.01 21
0 0.0125 21
0 0.015 21
0 0.0175 21
0 0.02 21
0 0.0225 21
0 0.025 21
11201.3 0.0275 21
7782.16 0.03 21
32788.5 0.0325 21
96466 0.035 21
159776 0.0375 21
261360 0.04 21
361156 0.0425 21
507903 0.045 21
521686 0.0475 21
504536 0.05 21
474861 0.0525 21
340421 0.055 21
243365 0.0575 21
115536 0.06 21
86957.8 0.0625 21
111687 0.065 21
140738 0.0675 21
199174 0.07 21
240542 0.0725 21
343886 0.075 21
423969 0.0775 21
463403 0.08 21
519639 0.0825 21
604964 0.085 21
674476 0.0875 21
731308 0.09 21
780010 0.0925 21
862191 0.095 21
925619 0.0975 21
941157 0.1 21
884633 0.1025 21
748834 0.105 21
558293 0.1075 21
358212 0.11 21
198458 0.1125 21
108096 0.115 21
89876.6 0.1175 21
91322.7 0.12 21
133205 0.1225 21
128573 0.125 21
126129 0.1275 21
115492 0.13 21
138905 0.1325 21
226030 0.135 21
315214 0.1375 21
361169 0.14 21
355140 0.1425 21
300706 0.145 21
239095 0.1475 21
152791 0.15 21
139807 0.1525 21
138548 0.155 21
141857 0.1575 21
161431 0.16 21
0 0.0025 22
0 0.005 22
0 0.0075 22
0 0.01 22
0 0.0125 22
0 0.015 22
0 0.0175 22
0 0.02 22
0 0.0225 22
0 0.025 22
0 0.0275 22
0 0.03 22
0 0.0325 22
0 0.035 22
0 0.0375 22
0 0.04 22
301.221 0.0425 22
6919.74 0.045 22
5402.78 0.0475 22
25519.5 0.05 22
68738.4 0.0525 22
97450.4 0.055 22
101325 0.0575 22
174561 0.06 22
257389 0.0625 22
348861 0.065 22
388251 0.0675 22
374312 0.07 22
484177 0.0725 22
370455 0.075 22
321665 0.0775 22
312284 0.08 22
311619 0.0825 22
319973 0.085 22
282221 0.0875 22
264249 0.09 22
261699 0.0925 22
270528 0.095 22
244274 0.0975 22
156444 0.1 22
134069 0.1025 22
91563.4 0.105 22
120887 0.1075 22
109042 0.11 22
260133 0.1125 22
444630 0.115 22
642191 0.1175 22
894768 0.12 22
1.03149e+06 0.1225 22
1.07462e+06 0.125 22
1.08928e+06 0.1275 22
1.09317e+06 0.13 22
927875 0.1325 22
703400 0.135 22
521023 0.1375 22
79434.2 0.0025 23
310894 0.005 23
672427 0.0075 23
1.12392e+06 0.01 23
1.60564e+06 0.0125 23
2.04233e+06 0.015 23
2.35541e+06 0.0175 23
2.48204e+06 0.02 23
2.39526e+06 0.0225 23
2.11637e+06 0.025 23
1.71241e+06 0.0275 23
1.27719e+06 0.03 23
902607 0.0325 23
651784 0.035 23
544955 0.0375 23
562158 0.04 23
658290 0.0425 23
781044 0.045 23
883559 0.0475 23
929733 0.05 23
896103 0.0525 23
775391 0.055 23
582549 0.0575 23
358225 0.06 23
162464 0.0625 23
55922.1 0.065 23
74618.1 0.0675 23
210963 0.07 23
413007 0.0725 23
604811 0.075 23
718792 0.0775 23
723521 0.08 23
632839 0.0825 23
492905 0.085 23
356186 0.0875 23
257685 0.09 23
205311 0.0925 23
186312 0.095 23
181959 0.0975 23
179464 0.1 23
174600 0.1025 23
