1.287e+08 0.085 0
1.15084e+08 0.0875 0
9.32445e+07 0.09 0
7.09757e+07 0.0925 0
5.61903e+07 0.095 0
5.06125e+07 0.0975 0
4.87674e+07 0.1 0
4.94171e+07 0.1025 0
4.84061e+07 0.105 0
4.94022e+07 0.1075 0
5.25597e+07 0.11 0
5.81627e+07 0.1125 0
6.49869e+07 0.115 0
6.92819e+07 0.1175 0
6.72092e+07 0.12 0
5.95567e+07 0.1225 0
4.81883e+07 0.125 0
3.52854e+07 0.1275 0
2.47054e+07 0.13 0
1.76973e+07 0.1325 0
1.42004e+07 0.135 0
1.26712e+07 0.1375 0
1.25504e+07 0.14 0
1.27146e+07 0.1425 0
1.40843e+07 0.145 0
1.62828e+07 0.1475 0
1.9103e+07 0.15 0
2.07735e+07 0.1525 0
2.28419e+07 0.155 0
2.3702e+07 0.1575 0
2.29345e+07 0.16 0
1.99902e+07 0.1625 0
1.64452e+07 0.165 0
1.33414e+07 0.1675 0
1.07026e+07 0.17 0
9.02792e+06 0.1725 0
7.32442e+06 0.175 0
6.46094e+06 0.1775 0
6.30273e+06 0.18 0
6.87263e+06 0.1825 0
8.0156e+06 0.185 0
9.09025e+06 0.1875 0
9.71958e+06 0.19 0
1.04993e+07 0.1925 0
1.07224e+07 0.195 0
1.04614e+07 0.1975 0
1.00932e+07 0.2 0
9.223e+06 0.2025 0
8.47204e+06 0.205 0
7.60116e+06 0.2075 0
6.52089e+06 0.21 0
6.37526e+06 0.2125 0
6.31439e+06 0.215 0
7.00458e+06 0.2175 0
7.19663e+06 0.22 0
7.94275e+06 0.2225 0
8.25683e+06 0.225 0
8.16418e+06 0.2275 0
7.89987e+06 0.23 0
7.35835e+06 0.2325 0
7.01397e+06 0.235 0
6.54581e+06 0.2375 0
6.19525e+06 0.24 0
5.92793e+06 0.2425 0
6.14046e+06 0.245 0
6.16573e+06 0.2475 0
6.54897e+06 0.25 0
6.68335e+06 0.2525 0
6.78562e+06 0.255 0
7.23481e+06 0.2575 0
7.19886e+06 0.26 0
7.39094e+06 0.2625 0
7.82271e+06 0.265 0
7.94114e+06 0.2675 0
8.0963e+06 0.27 0
8.29523e+06 0.2725 0
7.75592e+06 0.275 0
7.50782e+06 0.2775 0
7.58093e+06 0.28 0
7.42661e+06 0.2825 0
7.60254e+06 0.285 0
7.91655e+06 0.2875 0
7.99112e+06 0.29 0
7.91429e+06 0.2925 0
7.67519e+06 0.295 0
7.27299e+06 0.2975 0
6.84892e+06 0.3 0
6.56564e+06 0.3025 0
6.28306e+06 0.305 0
5.94484e+06 0.3075 0
5.60183e+06 0.31 0
5.20731e+06 0.3125 0
4.53003e+06 0.315 0
0 0.0825 1
0 0.085 1
0 0.0875 1
0 0.09 1
0 0.0925 1
0 0.095 1
0 0.0975 1
0 0.1 1
0 0.1025 1
0 0.105 1
0 0.1075 1
0 0.11 1
0 0.1125 1
0 0.115 1
0 0.1175 1
0 0.12 1
0 0.1225 1
0 0.125 1
0 0.1275 1
0 0.13 1
0 0.1325 1
0 0.135 1
0 0.1375 1
0 0.14 1
0 0.1425 1
0 0.145 1
0 0.1475 1
0 0.15 1
0 0.1525 1
0 0.155 1
0 0.1575 1
0 0.16 1
0 0.1625 1
0 0.165 1
0 0.1675 1
0 0.17 1
0 0.1725 1
0 0.175 1
0 0.1775 1
0 0.18 1
0 0.1825 1
0 0.185 1
0 0.1875 1
0 0.19 1
0 0.1925 1
0 0.195 1
0 0.1975 1
0 0.2 1
0 0.2025 1
0 0.205 1
0 0.2075 1
0 0.21 1
0 0.2125 1
0 0.215 1
0 0.2175 1
0 0.22 1
0 0.2225 1
0 0.225 1
0 0.2275 1
0 0.23 1
0 0.2325 1
0 0.235 1
0 0.2375 1
0 0.24 1
0 0.2425 1
0 0.245 1
0 0.2475 1
0 0.25 1
0 0.2525 1
0 0.255 1
0 0.2575 1
0 0.26 1
0 0.2625 1
0 0.265 1
0 0.2675 1
0 0.27 1
0 0.2725 1
0 0.275 1
0 0.2775 1
0 0.28 1
0 0.2825 1
0 0.285 1
0 0.2875 1
0 0.29 1
0 0.2925 1
0 0.295 1
0 0.2975 1
0 0.3 1
0 0.3025 1
0 0.305 1
0 0.3075 1
0 0.31 1
0 0.3125 1
0 0.315 1
0 0.08 2
0 0.0825 2
0 0.085 2
0 0.0875 2
0 0.09 2
0 0.0925 2
0 0.095 2
0 0.0975 2
0 0.1 2
0 0.1025 2
0 0.105 2
0 0.1075 2
0 0.11 2
0 0.1125 2
0 0.115 2
0 0.1175 2
0 0.12 2
0 0.1225 2
0 0.125 2
0 0.1275 2
0 0.13 2
0 0.1325 2
0 0.135 2
0 0.1375 2
0 0.14 2
0 0.1425 2
0 0.145 2
0 0.1475 2
0 0.15 2
0 0.1525 2
0 0.155 2
0 0.1575 2
0 0.16 2
0 0.1625 2
0 0.165 2
0 0.1675 2
0 0.17 2
0 0.1725 2
0 0.175 2
0 0.1775 2
0 0.18 2
0 0.1825 2
0 0.185 2
0 0.1875 2
0 0.19 2
0 0.1925 2
0 0.195 2
0 0.1975 2
0 0.2 2
0 0.2025 2
0 0.205 2
0 0.2075 2
0 0.21 2
0 0.2125 2
0 0.215 2
0 0.2175 2
0 0.22 2
0 0.2225 2
0 0.225 2
0 0.2275 2
0 0.23 2
0 0.2325 2
0 0.235 2
0 0.2375 2
0 0.24 2
0 0.2425 2
0 0.245 2
0 0.2475 2
0 0.25 2
0 0.2525 2
0 0.255 2
0 0.2575 2
0 0.26 2
0 0.2625 2
0 0.265 2
0 0.2675 2
0 0.27 2
0 0.2725 2
0 0.275 2
0 0.2775 2
0 0.28 2
0 0.2825 2
0 0.285 2
0 0.2875 2
0 0.29 2
0 0.2925 2
0 0.295 2
0 0.2975 2
0 0.3 2
0 0.3025 2
0 0.305 2
0 0.3075 2
0 0.31 2
0 0.3125 2
0 0.315 2
0 0.0725 3
0 0.075 3
0 0.0775 3
0 0.08 3
0 0.0825 3
0 0.085 3
0 0.0875 3
0 0.09 3
0 0.0925 3
0 0.095 3
0 0.0975 3
0 0.1 3
0 0.1025 3
0 0.105 3
0 0.1075 3
0 0.11 3
0 0.1125 3
0 0.115 3
0 0.1175 3
0 0.12 3
0 0.1225 3
0 0.125 3
0 0.1275 3
0 0.13 3
0 0.1325 3
0 0.135 3
0 0.1375 3
0 0.14 3
0 0.1425 3
0 0.145 3
0 0.1475 3
0 0.15 3
0 0.1525 3
0 0.155 3
0 0.1575 3
0 0.16 3
0 0.1625 3
0 0.165 3
0 0.1675 3
0 0.17 3
0 0.1725 3
0 0.175 3
0 0.1775 3
0 0.18 3
0 0.1825 3
0 0.185 3
0 0.1875 3
0 0.19 3
0 0.1925 3
0 0.195 3
0 0.1975 3
0 0.2 3
0 0.2025 3
0 0.205 3
0 0.2075 3
0 0.21 3
0 0.2125 3
0 0.215 3
0 0.2175 3
0 0.22 3
0 0.2225 3
0 0.225 3
0 0.2275 3
0 0.23 3
0 0.2325 3
0 0.235 3
0 0.2375 3
0 0.24 3
0 0.2425 3
0 0.245 3
0 0.2475 3
0 0.25 3
0 0.2525 3
0 0.255 3
0 0.2575 3
0 0.26 3
0 0.2625 3
0 0.265 3
0 0.2675 3
0 0.27 3
0 0.2725 3
0 0.275 3
0 0.2775 3
0 0.28 3
0 0.2825 3
0 0.285 3
0 0.2875 3
0 0.29 3
0 0.2925 3
0 0.295 3
0 0.2975 3
0 0.3 3
0 0.3025 3
0 0.305 3
0 0.3075 3
0 0.31 3
0 0.3125 3
0 0.315 3
0 0.0625 4
0 0.065 4
0 0.0675 4
0 0.07 4
0 0.0725 4
0 0.075 4
0 0.0775 4
0 0.08 4
0 0.0825 4
0 0.085 4
0 0.0875 4
0 0.09 4
0 0.0925 4
0 0.095 4
0 0.0975 4
0 0.1 4
0 0.1025 4
0 0.105 4
0 0.1075 4
0 0.11 4
0 0.1125 4
0 0.115 4
0 0.1175 4
0 0.12 4
0 0.1225 4
0 0.125 4
0 0.1275 4
0 0.13 4
0 0.1325 4
0 0.135 4
0 0.1375 4
0 0.14 4
0 0.1425 4
0 0.145 4
0 0.1475 4
0 0.15 4
0 0.1525 4
0 0.155 4
0 0.1575 4
0 0.16 4
0 0.1625 4
0 0.165 4
0 0.1675 4
0 0.17 4
0 0.1725 4
0 0.175 4
0 0.1775 4
0 0.18 4
0 0.1825 4
0 0.185 4
0 0.1875 4
0 0.19 4
0 0.1925 4
0 0.195 4
0 0.1975 4
0 0.2 4
0 0.2025 4
0 0.205 4
0 0.2075 4
0 0.21 4
0 0.2125 4
0 0.215 4
0 0.2175 4
0 0.22 4
0 0.2225 4
0 0.225 4
0 0.2275 4
0 0.23 4
0 0.2325 4
0 0.235 4
0 0.2375 4
0 0.24 4
0 0.2425 4
0 0.245 4
0 0.2475 4
0 0.25 4
0 0.2525 4
0 0.255 4
0 0.2575 4
0 0.26 4
0 0.2625 4
0 0.265 4
0 0.2675 4
0 0.27 4
0 0.2725 4
0 0.275 4
0 0.2775 4
0 0.28 4
0 0.2825 4
0 0.285 4
0 0.2875 4
0 0.29 4
0 0.2925 4
0 0.295 4
0 0.2975 4
0 0.3 4
0 0.3025 4
0 0.305 4
0 0.3075 4
0 0.31 4
0 0.3125 4
1.18642e+07 0.0475 5
1.1358e+07 0.05 5
1.08825e+07 0.0525 5
1.02838e+07 0.055 5
9.78916e+06 0.0575 5
9.80103e+06 0.06 5
1.07522e+07 0.0625 5
1.24516e+07 0.065 5
1.42891e+07 0.0675 5
1.61202e+07 0.07 5
1.74141e+07 0.0725 5
1.70577e+07 0.075 5
1.64763e+07 0.0775 5
1.64283e+07 0.08 5
1.69208e+07 0.0825 5
1.70156e+07 0.085 5
1.64909e+07 0.0875 5
1.52936e+07 0.09 5
1.51882e+07 0.0925 5
1.33115e+07 0.095 5
1.18486e+07 0.0975 5
1.04249e+07 0.1 5
9.98545e+06 0.1025 5
9.5475e+06 0.105 5
9.2843e+06 0.1075 5
8.66643e+06 0.11 5
8.40356e+06 0.1125 5
7.91396e+06 0.115 5
7.64497e+06 0.1175 5
7.50683e+06 0.12 5
7.69893e+06 0.1225 5
8.32679e+06 0.125 5
9.14723e+06 0.1275 5
1.0285e+07 0.13 5
1.24726e+07 0.1325 5
1.47403e+07 0.135 5
1.76459e+07 0.1375 5
1.9509e+07 0.14 5
2.09931e+07 0.1425 5
2.054e+07 0.145 5
1.88759e+07 0.1475 5
1.74037e+07 0.15 5
1.58542e+07 0.1525 5
1.56584e+07 0.155 5
1.60285e+07 0.1575 5
1.67686e+07 0.16 5
1.70818e+07 0.1625 5
1.68386e+07 0.165 5
1.57898e+07 0.1675 5
1.4026e+07 0.17 5
1.25786e+07 0.1725 5
1.20162e+07 0.175 5
1.2389e+07 0.1775 5
1.25275e+07 0.18 5
1.26911e+07 0.1825 5
1.23991e+07 0.185 5
1.16267e+07 0.1875 5
1.0632e+07 0.19 5
9.66916e+06 0.1925 5
8.94058e+06 0.195 5
8.51437e+06 0.1975 5
8.23876e+06 0.2 5
7.72664e+06 0.2025 5
6.6039e+06 0.205 5
5.76144e+06 0.2075 5
5.14433e+06 0.21 5
4.87383e+06 0.2125 5
5.11247e+06 0.215 5
5.75098e+06 0.2175 5
6.69551e+06 0.22 5
7.64412e+06 0.2225 5
9.12076e+06 0.225 5
1.0353e+07 0.2275 5
1.15899e+07 0.23 5
1.23572e+07 0.2325 5
1.25685e+07 0.235 5
1.19177e+07 0.2375 5
1.06755e+07 0.24 5
8.94453e+06 0.2425 5
7.16738e+06 0.245 5
5.70597e+06 0.2475 5
4.93459e+06 0.25 5
5.02609e+06 0.2525 5
5.73453e+06 0.255 5
6.59505e+06 0.2575 5
7.37353e+06 0.26 5
7.84817e+06 0.2625 5
8.06696e+06 0.265 5
8.0382e+06 0.2675 5
7.85358e+06 0.27 5
7.72117e+06 0.2725 5
7.23206e+06 0.275 5
6.50819e+06 0.2775 5
5.93904e+06 0.28 5
5.46593e+06 0.2825 5
5.36218e+06 0.285 5
5.45818e+06 0.2875 5
5.81252e+06 0.29 5
6.42583e+06 0.2925 5
6.84246e+06 0.295 5
7.05832e+06 0.2975 5
6.86847e+06 0.3 5
6.46358e+06 0.3025 5
5.79139e+06 0.305 5
5.03481e+06 0.3075 5
4.37524e+06 0.31 5
0 0.0125 6
0 0.015 6
0 0.0175 6
0 0.02 6
0 0.0225 6
0 0.025 6
0 0.0275 6
0 0.03 6
0 0.0325 6
0 0.035 6
0 0.0375 6
0 0.04 6
0 0.0425 6
0 0.045 6
0 0.0475 6
0 0.05 6
0 0.0525 6
0 0.055 6
0 0.0575 6
0 0.06 6
0 0.0625 6
0 0.065 6
0 0.0675 6
0 0.07 6
0 0.0725 6
0 0.075 6
0 0.0775 6
0 0.08 6
0 0.0825 6
0 0.085 6
0 0.0875 6
0 0.09 6
0 0.0925 6
0 0.095 6
0 0.0975 6
0 0.1 6
0 0.1025 6
0 0.105 6
0 0.1075 6
0 0.11 6
0 0.1125 6
0 0.115 6
0 0.1175 6
0 0.12 6
0 0.1225 6
0 0.125 6
0 0.1275 6
0 0.13 6
0 0.1325 6
0 0.135 6
0 0.1375 6
0 0.14 6
0 0.1425 6
0 0.145 6
0 0.1475 6
0 0.15 6
0 0.1525 6
0 0.155 6
0 0.1575 6
0 0.16 6
0 0.1625 6
0 0.165 6
0 0.1675 6
0 0.17 6
0 0.1725 6
0 0.175 6
0 0.1775 6
0 0.18 6
0 0.1825 6
0 0.185 6
0 0.1875 6
0 0.19 6
0 0.1925 6
0 0.195 6
0 0.1975 6
0 0.2 6
0 0.2025 6
0 0.205 6
0 0.2075 6
0 0.21 6
0 0.2125 6
0 0.215 6
0 0.2175 6
0 0.22 6
0 0.2225 6
0 0.225 6
0 0.2275 6
0 0.23 6
0 0.2325 6
0 0.235 6
0 0.2375 6
0 0.24 6
0 0.2425 6
0 0.245 6
0 0.2475 6
0 0.25 6
0 0.2525 6
0 0.255 6
0 0.2575 6
0 0.26 6
0 0.2625 6
0 0.265 6
0 0.2675 6
0 0.27 6
0 0.2725 6
0 0.275 6
0 0.2775 6
0 0.28 6
0 0.2825 6
0 0.285 6
0 0.2875 6
0 0.29 6
0 0.2925 6
0 0.295 6
0 0.2975 6
0 0.3 6
0 0.3025 6
0 0.305 6
0 0.3075 6
0 0.0125 7
0 0.015 7
0 0.0175 7
0 0.02 7
0 0.0225 7
0 0.025 7
0 0.0275 7
0 0.03 7
0 0.0325 7
0 0.035 7
0 0.0375 7
0 0.04 7
0 0.0425 7
0 0.045 7
0 0.0475 7
0 0.05 7
0 0.0525 7
0 0.055 7
0 0.0575 7
0 0.06 7
0 0.0625 7
0 0.065 7
0 0.0675 7
0 0.07 7
0 0.0725 7
0 0.075 7
0 0.0775 7
0 0.08 7
0 0.0825 7
0 0.085 7
0 0.0875 7
0 0.09 7
0 0.0925 7
0 0.095 7
0 0.0975 7
0 0.1 7
0 0.1025 7
0 0.105 7
0 0.1075 7
0 0.11 7
0 0.1125 7
0 0.115 7
0 0.1175 7
0 0.12 7
0 0.1225 7
0 0.125 7
0 0.1275 7
0 0.13 7
0 0.1325 7
0 0.135 7
0 0.1375 7
0 0.14 7
0 0.1425 7
0 0.145 7
0 0.1475 7
0 0.15 7
0 0.1525 7
0 0.155 7
0 0.1575 7
0 0.16 7
0 0.1625 7
0 0.165 7
0 0.1675 7
0 0.17 7
0 0.1725 7
0 0.175 7
0 0.1775 7
0 0.18 7
0 0.1825 7
0 0.185 7
0 0.1875 7
0 0.19 7
0 0.1925 7
0 0.195 7
0 0.1975 7
0 0.2 7
0 0.2025 7
0 0.205 7
0 0.2075 7
0 0.21 7
0 0.2125 7
0 0.215 7
0 0.2175 7
0 0.22 7
0 0.2225 7
0 0.225 7
0 0.2275 7
0 0.23 7
0 0.2325 7
0 0.235 7
0 0.2375 7
0 0.24 7
0 0.2425 7
0 0.245 7
0 0.2475 7
0 0.25 7
0 0.2525 7
0 0.255 7
0 0.2575 7
0 0.26 7
0 0.2625 7
0 0.265 7
0 0.2675 7
0 0.27 7
0 0.2725 7
0 0.275 7
0 0.2775 7
0 0.28 7
0 0.2825 7
0 0.285 7
0 0.2875 7
0 0.29 7
0 0.2925 7
0 0.295 7
0 0.2975 7
0 0.3 7
0 0.3025 7
0 0.305 7
0 0.01 8
0 0.0125 8
0 0.015 8
0 0.0175 8
0 0.02 8
0 0.0225 8
0 0.025 8
0 0.0275 8
0 0.03 8
0 0.0325 8
0 0.035 8
0 0.0375 8
0 0.04 8
0 0.0425 8
0 0.045 8
0 0.0475 8
0 0.05 8
0 0.0525 8
0 0.055 8
0 0.0575 8
0 0.06 8
0 0.0625 8
0 0.065 8
0 0.0675 8
0 0.07 8
0 0.0725 8
0 0.075 8
0 0.0775 8
0 0.08 8
0 0.0825 8
0 0.085 8
0 0.0875 8
0 0.09 8
0 0.0925 8
0 0.095 8
0 0.0975 8
0 0.1 8
0 0.1025 8
0 0.105 8
0 0.1075 8
0 0.11 8
0 0.1125 8
0 0.115 8
0 0.1175 8
0 0.12 8
0 0.1225 8
0 0.125 8
0 0.1275 8
0 0.13 8
0 0.1325 8
0 0.135 8
0 0.1375 8
0 0.14 8
0 0.1425 8
0 0.145 8
0 0.1475 8
0 0.15 8
0 0.1525 8
0 0.155 8
0 0.1575 8
0 0.16 8
0 0.1625 8
0 0.165 8
0 0.1675 8
0 0.17 8
0 0.1725 8
0 0.175 8
0 0.1775 8
0 0.18 8
0 0.1825 8
0 0.185 8
0 0.1875 8
0 0.19 8
0 0.1925 8
0 0.195 8
0 0.1975 8
0 0.2 8
0 0.2025 8
0 0.205 8
0 0.2075 8
0 0.21 8
0 0.2125 8
0 0.215 8
0 0.2175 8
0 0.22 8
0 0.2225 8
0 0.225 8
0 0.2275 8
0 0.23 8
0 0.2325 8
0 0.235 8
0 0.2375 8
0 0.24 8
0 0.2425 8
0 0.245 8
0 0.2475 8
0 0.25 8
0 0.2525 8
0 0.255 8
0 0.2575 8
0 0.26 8
0 0.2625 8
0 0.265 8
0 0.2675 8
0 0.27 8
0 0.2725 8
0 0.275 8
0 0.2775 8
0 0.28 8
0 0.2825 8
0 0.285 8
0 0.2875 8
0 0.29 8
0 0.2925 8
0 0.295 8
0 0.2975 8
0 0.01 9
0 0.0125 9
0 0.015 9
0 0.0175 9
0 0.02 9
0 0.0225 9
0 0.025 9
0 0.0275 9
0 0.03 9
0 0.0325 9
0 0.035 9
0 0.0375 9
0 0.04 9
0 0.0425 9
0 0.045 9
0 0.0475 9
0 0.05 9
0 0.0525 9
0 0.055 9
0 0.0575 9
0 0.06 9
0 0.0625 9
0 0.065 9
0 0.0675 9
0 0.07 9
0 0.0725 9
0 0.075 9
0 0.0775 9
0 0.08 9
0 0.0825 9
0 0.085 9
0 0.0875 9
0 0.09 9
0 0.0925 9
0 0.095 9
0 0.0975 9
0 0.1 9
0 0.1025 9
0 0.105 9
0 0.1075 9
0 0.11 9
0 0.1125 9
0 0.115 9
0 0.1175 9
0 0.12 9
0 0.1225 9
0 0.125 9
0 0.1275 9
0 0.13 9
0 0.1325 9
0 0.135 9
0 0.1375 9
0 0.14 9
0 0.1425 9
0 0.145 9
0 0.1475 9
0 0.15 9
0 0.1525 9
0 0.155 9
0 0.1575 9
0 0.16 9
0 0.1625 9
0 0.165 9
0 0.1675 9
0 0.17 9
0 0.1725 9
0 0.175 9
0 0.1775 9
0 0.18 9
0 0.1825 9
0 0.185 9
0 0.1875 9
0 0.19 9
0 0.1925 9
0 0.195 9
0 0.1975 9
0 0.2 9
0 0.2025 9
0 0.205 9
0 0.2075 9
0 0.21 9
0 0.2125 9
0 0.215 9
0 0.2175 9
0 0.22 9
0 0.2225 9
0 0.225 9
0 0.2275 9
0 0.23 9
0 0.2325 9
0 0.235 9
0 0.2375 9
0 0.24 9
0 0.2425 9
0 0.245 9
0 0.2475 9
0 0.25 9
0 0.2525 9
0 0.255 9
0 0.2575 9
0 0.26 9
0 0.2625 9
0 0.265 9
0 0.2675 9
0 0.27 9
0 0.2725 9
0 0.275 9
0 0.2775 9
0 0.28 9
0 0.2825 9
0 0.285 9
0 0.2875 9
0 0.29 9
0 0.2925 9
5.37075e+06 0.01 10
1.05626e+07 0.0125 10
1.6882e+07 0.015 10
2.26698e+07 0.0175 10
2.63182e+07 0.02 10
2.67024e+07 0.0225 10
2.36378e+07 0.025 10
1.80286e+07 0.0275 10
1.15233e+07 0.03 10
5.81652e+06 0.0325 10
2.33924e+06 0.035 10
1.36625e+06 0.0375 10
2.57629e+06 0.04 10
5.04098e+06 0.0425 10
8.21626e+06 0.045 10
1.0504e+07 0.0475 10
1.15156e+07 0.05 10
1.15126e+07 0.0525 10
1.04949e+07 0.055 10
9.34146e+06 0.0575 10
8.38857e+06 0.06 10
7.732e+06 0.0625 10
7.82192e+06 0.065 10
8.2705e+06 0.0675 10
8.87571e+06 0.07 10
9.26533e+06 0.0725 10
9.49208e+06 0.075 10
8.95974e+06 0.0775 10
7.98328e+06 0.08 10
6.85012e+06 0.0825 10
5.84455e+06 0.085 10
5.21965e+06 0.0875 10
5.15239e+06 0.09 10
5.36866e+06 0.0925 10
6.00969e+06 0.095 10
6.77336e+06 0.0975 10
7.99871e+06 0.1 10
9.1688e+06 0.1025 10
9.82675e+06 0.105 10
1.01337e+07 0.1075 10
1.0044e+07 0.11 10
9.31804e+06 0.1125 10
8.73761e+06 0.115 10
7.79256e+06 0.1175 10
6.98897e+06 0.12 10
6.11151e+06 0.1225 10
5.73432e+06 0.125 10
5.53959e+06 0.1275 10
5.97607e+06 0.13 10
7.51993e+06 0.1325 10
9.46466e+06 0.135 10
1.12839e+07 0.1375 10
1.32089e+07 0.14 10
1.51142e+07 0.1425 10
1.68297e+07 0.145 10
1.77606e+07 0.1475 10
1.83249e+07 0.15 10
1.89335e+07 0.1525 10
1.93938e+07 0.155 10
1.98861e+07 0.1575 10
1.97487e+07 0.16 10
1.92868e+07 0.1625 10
1.78372e+07 0.165 10
1.54326e+07 0.1675 10
1.29598e+07 0.17 10
1.13652e+07 0.1725 10
1.10536e+07 0.175 10
1.20199e+07 0.1775 10
1.36435e+07 0.18 10
1.63819e+07 0.1825 10
1.83156e+07 0.185 10
1.9371e+07 0.1875 10
1.8533e+07 0.19 10
1.66569e+07 0.1925 10
1.45572e+07 0.195 10
1.26027e+07 0.1975 10
1.18713e+07 0.2 10
1.16222e+07 0.2025 10
1.24196e+07 0.205 10
1.27015e+07 0.2075 10
1.24485e+07 0.21 10
1.15634e+07 0.2125 10
1.02388e+07 0.215 10
9.09426e+06 0.2175 10
8.07123e+06 0.22 10
7.40228e+06 0.2225 10
7.65029e+06 0.225 10
8.07813e+06 0.2275 10
8.58482e+06 0.23 10
8.88951e+06 0.2325 10
8.55218e+06 0.235 10
7.82855e+06 0.2375 10
6.97902e+06 0.24 10
6.19226e+06 0.2425 10
5.3747e+06 0.245 10
4.94765e+06 0.2475 10
4.84865e+06 0.25 10
4.75714e+06 0.2525 10
4.56978e+06 0.255 10
4.23331e+06 0.2575 10
3.76142e+06 0.26 10
3.32011e+06 0.2625 10
3.03871e+06 0.265 10
2.94362e+06 0.2675 10
3.06146e+06 0.27 10
3.30511e+06 0.2725 10
3.52403e+06 0.275 10
3.64493e+06 0.2775 10
3.66345e+06 0.28 10
3.52953e+06 0.2825 10
3.68623e+06 0.285 10
3.70082e+06 0.2875 10
0 0.01 11
0 0.0125 11
0 0.015 11
0 0.0175 11
0 0.02 11
0 0.0225 11
0 0.025 11
0 0.0275 11
0 0.03 11
0 0.0325 11
0 0.035 11
0 0.0375 11
0 0.04 11
0 0.0425 11
0 0.045 11
0 0.0475 11
0 0.05 11
0 0.0525 11
0 0.055 11
0 0.0575 11
0 0.06 11
0 0.0625 11
0 0.065 11
0 0.0675 11
0 0.07 11
0 0.0725 11
0 0.075 11
0 0.0775 11
0 0.08 11
0 0.0825 11
0 0.085 11
0 0.0875 11
0 0.09 11
0 0.0925 11
0 0.095 11
0 0.0975 11
0 0.1 11
0 0.1025 11
0 0.105 11
0 0.1075 11
0 0.11 11
0 0.1125 11
0 0.115 11
0 0.1175 11
0 0.12 11
0 0.1225 11
0 0.125 11
0 0.1275 11
0 0.13 11
0 0.1325 11
0 0.135 11
0 0.1375 11
0 0.14 11
0 0.1425 11
0 0.145 11
0 0.1475 11
0 0.15 11
0 0.1525 11
0 0.155 11
0 0.1575 11
0 0.16 11
0 0.1625 11
0 0.165 11
0 0.1675 11
0 0.17 11
0 0.1725 11
0 0.175 11
0 0.1775 11
0 0.18 11
0 0.1825 11
0 0.185 11
0 0.1875 11
0 0.19 11
0 0.1925 11
0 0.195 11
0 0.1975 11
0 0.2 11
0 0.2025 11
0 0.205 11
0 0.2075 11
0 0.21 11
0 0.2125 11
0 0.215 11
0 0.2175 11
0 0.22 11
0 0.2225 11
0 0.225 11
0 0.2275 11
0 0.23 11
0 0.2325 11
0 0.235 11
0 0.2375 11
0 0.24 11
0 0.2425 11
0 0.245 11
0 0.2475 11
0 0.25 11
0 0.2525 11
0 0.255 11
0 0.2575 11
0 0.26 11
0 0.2625 11
0 0.265 11
0 0.2675 11
0 0.27 11
0 0.2725 11
0 0.275 11
0 0.2775 11
0 0.28 11
0 0.2825 11
0 0.01 12
0 0.0125 12
0 0.015 12
0 0.0175 12
0 0.02 12
0 0.0225 12
0 0.025 12
0 0.0275 12
0 0.03 12
0 0.0325 12
0 0.035 12
0 0.0375 12
0 0.04 12
0 0.0425 12
0 0.045 12
0 0.0475 12
0 0.05 12
0 0.0525 12
0 0.055 12
0 0.0575 12
0 0.06 12
0 0.0625 12
0 0.065 12
0 0.0675 12
0 0.07 12
0 0.0725 12
0 0.075 12
0 0.0775 12
0 0.08 12
0 0.0825 12
0 0.085 12
0 0.0875 12
0 0.09 12
0 0.0925 12
0 0.095 12
0 0.0975 12
0 0.1 12
0 0.1025 12
0 0.105 12
0 0.1075 12
0 0.11 12
0 0.1125 12
0 0.115 12
0 0.1175 12
0 0.12 12
0 0.1225 12
0 0.125 12
0 0.1275 12
0 0.13 12
0 0.1325 12
0 0.135 12
0 0.1375 12
0 0.14 12
0 0.1425 12
0 0.145 12
0 0.1475 12
0 0.15 12
0 0.1525 12
0 0.155 12
0 0.1575 12
0 0.16 12
0 0.1625 12
0 0.165 12
0 0.1675 12
0 0.17 12
0 0.1725 12
0 0.175 12
0 0.1775 12
0 0.18 12
0 0.1825 12
0 0.185 12
0 0.1875 12
0 0.19 12
0 0.1925 12
0 0.195 12
0 0.1975 12
0 0.2 12
0 0.2025 12
0 0.205 12
0 0.2075 12
0 0.21 12
0 0.2125 12
0 0.215 12
0 0.2175 12
0 0.22 12
0 0.2225 12
0 0.225 12
0 0.2275 12
0 0.23 12
0 0.2325 12
0 0.235 12
0 0.2375 12
0 0.24 12
0 0.2425 12
0 0.245 12
0 0.2475 12
0 0.25 12
0 0.2525 12
0 0.255 12
0 0.2575 12
0 0.26 12
0 0.2625 12
0 0.265 12
0 0.2675 12
0 0.27 12
0 0.2725 12
0 0.275 12
0 0.01 13
0 0.0125 13
0 0.015 13
0 0.0175 13
0 0.02 13
0 0.0225 13
0 0.025 13
0 0.0275 13
0 0.03 13
0 0.0325 13
0 0.035 13
0 0.0375 13
0 0.04 13
0 0.0425 13
0 0.045 13
0 0.0475 13
0 0.05 13
0 0.0525 13
0 0.055 13
0 0.0575 13
0 0.06 13
0 0.0625 13
0 0.065 13
0 0.0675 13
0 0.07 13
0 0.0725 13
0 0.075 13
0 0.0775 13
0 0.08 13
0 0.0825 13
0 0.085 13
0 0.0875 13
0 0.09 13
0 0.0925 13
0 0.095 13
0 0.0975 13
0 0.1 13
0 0.1025 13
0 0.105 13
0 0.1075 13
0 0.11 13
0 0.1125 13
0 0.115 13
0 0.1175 13
0 0.12 13
0 0.1225 13
0 0.125 13
0 0.1275 13
0 0.13 13
0 0.1325 13
0 0.135 13
0 0.1375 13
0 0.14 13
0 0.1425 13
0 0.145 13
0 0.1475 13
0 0.15 13
0 0.1525 13
0 0.155 13
0 0.1575 13
0 0.16 13
0 0.1625 13
0 0.165 13
0 0.1675 13
0 0.17 13
0 0.1725 13
0 0.175 13
0 0.1775 13
0 0.18 13
0 0.1825 13
0 0.185 13
0 0.1875 13
0 0.19 13
0 0.1925 13
0 0.195 13
0 0.1975 13
0 0.2 13
0 0.2025 13
0 0.205 13
0 0.2075 13
0 0.21 13
0 0.2125 13
0 0.215 13
0 0.2175 13
0 0.22 13
0 0.2225 13
0 0.225 13
0 0.2275 13
0 0.23 13
0 0.2325 13
0 0.235 13
0 0.2375 13
0 0.24 13
0 0.2425 13
0 0.245 13
0 0.2475 13
0 0.25 13
0 0.2525 13
0 0.255 13
0 0.2575 13
0 0.26 13
0 0.2625 13
0 0.265 13
0 0.2675 13
0 0.02 14
0 0.0225 14
0 0.025 14
0 0.0275 14
0 0.03 14
0 0.0325 14
0 0.035 14
0 0.0375 14
0 0.04 14
0 0.0425 14
0 0.045 14
0 0.0475 14
0 0.05 14
0 0.0525 14
0 0.055 14
0 0.0575 14
0 0.06 14
0 0.0625 14
0 0.065 14
0 0.0675 14
0 0.07 14
0 0.0725 14
0 0.075 14
0 0.0775 14
0 0.08 14
0 0.0825 14
0 0.085 14
0 0.0875 14
0 0.09 14
0 0.0925 14
0 0.095 14
0 0.0975 14
0 0.1 14
0 0.1025 14
0 0.105 14
0 0.1075 14
0 0.11 14
0 0.1125 14
0 0.115 14
0 0.1175 14
0 0.12 14
0 0.1225 14
0 0.125 14
0 0.1275 14
0 0.13 14
0 0.1325 14
0 0.135 14
0 0.1375 14
0 0.14 14
0 0.1425 14
0 0.145 14
0 0.1475 14
0 0.15 14
0 0.1525 14
0 0.155 14
0 0.1575 14
0 0.16 14
0 0.1625 14
0 0.165 14
0 0.1675 14
0 0.17 14
0 0.1725 14
0 0.175 14
0 0.1775 14
0 0.18 14
0 0.1825 14
0 0.185 14
0 0.1875 14
0 0.19 14
0 0.1925 14
0 0.195 14
0 0.1975 14
0 0.2 14
0 0.2025 14
0 0.205 14
0 0.2075 14
0 0.21 14
0 0.2125 14
0 0.215 14
0 0.2175 14
0 0.22 14
0 0.2225 14
0 0.225 14
0 0.2275 14
0 0.23 14
0 0.2325 14
0 0.235 14
0 0.2375 14
0 0.24 14
0 0.2425 14
0 0.245 14
0 0.2475 14
0 0.25 14
0 0.2525 14
0 0.255 14
0 0.2575 14
1.74763e+06 0.0125 15
3.32875e+06 0.015 15
5.73377e+06 0.0175 15
8.79482e+06 0.02 15
1.20395e+07 0.0225 15
1.48594e+07 0.025 15
1.65487e+07 0.0275 15
1.66204e+07 0.03 15
1.4883e+07 0.0325 15
1.18959e+07 0.035 15
8.75612e+06 0.0375 15
6.59682e+06 0.04 15
6.32542e+06 0.0425 15
8.12521e+06 0.045 15
1.1521e+07 0.0475 15
1.55331e+07 0.05 15
1.83891e+07 0.0525 15
2.10314e+07 0.055 15
2.20359e+07 0.0575 15
2.20102e+07 0.06 15
2.18998e+07 0.0625 15
2.15265e+07 0.065 15
2.16286e+07 0.0675 15
2.07537e+07 0.07 15
1.95391e+07 0.0725 15
1.7989e+07 0.075 15
1.6243e+07 0.0775 15
1.50724e+07 0.08 15
1.49831e+07 0.0825 15
1.52247e+07 0.085 15
1.59282e+07 0.0875 15
1.70246e+07 0.09 15
1.68229e+07 0.0925 15
1.60784e+07 0.095 15
1.41231e+07 0.0975 15
1.22634e+07 0.1 15
9.85739e+06 0.1025 15
8.51766e+06 0.105 15
7.59486e+06 0.1075 15
7.49714e+06 0.11 15
7.54819e+06 0.1125 15
7.90822e+06 0.115 15
8.00168e+06 0.1175 15
8.06772e+06 0.12 15
8.38329e+06 0.1225 15
8.32061e+06 0.125 15
8.44471e+06 0.1275 15
8.40716e+06 0.13 15
8.53721e+06 0.1325 15
8.50037e+06 0.135 15
8.94481e+06 0.1375 15
9.62229e+06 0.14 15
1.02057e+07 0.1425 15
1.05326e+07 0.145 15
1.02033e+07 0.1475 15
9.83706e+06 0.15 15
8.69701e+06 0.1525 15
7.23861e+06 0.155 15
5.97245e+06 0.1575 15
4.77584e+06 0.16 15
4.08125e+06 0.1625 15
3.73208e+06 0.165 15
3.88412e+06 0.1675 15
4.20601e+06 0.17 15
4.64842e+06 0.1725 15
4.94819e+06 0.175 15
5.01603e+06 0.1775 15
5.17876e+06 0.18 15
5.29095e+06 0.1825 15
5.29618e+06 0.185 15
4.98122e+06 0.1875 15
4.82798e+06 0.19 15
4.65382e+06 0.1925 15
4.53444e+06 0.195 15
4.59567e+06 0.1975 15
4.61498e+06 0.2 15
4.76033e+06 0.2025 15
4.74754e+06 0.205 15
4.62147e+06 0.2075 15
4.41571e+06 0.21 15
4.12613e+06 0.2125 15
3.86039e+06 0.215 15
3.65008e+06 0.2175 15
3.45188e+06 0.22 15
3.1854e+06 0.2225 15
3.00368e+06 0.225 15
2.92078e+06 0.2275 15
2.74559e+06 0.23 15
2.74657e+06 0.2325 15
3.00429e+06 0.235 15
3.13826e+06 0.2375 15
3.24893e+06 0.24 15
3.28509e+06 0.2425 15
3.04502e+06 0.245 15
2.74463e+06 0.2475 15
0 0.0025 16
0 0.005 16
0 0.0075 16
0 0.01 16
0 0.0125 16
0 0.015 16
0 0.0175 16
0 0.02 16
0 0.0225 16
0 0.025 16
0 0.0275 16
0 0.03 16
0 0.0325 16
0 0.035 16
0 0.0375 16
0 0.04 16
0 0.0425 16
0 0.045 16
0 0.0475 16
0 0.05 16
0 0.0525 16
0 0.055 16
0 0.0575 16
0 0.06 16
0 0.0625 16
0 0.065 16
0 0.0675 16
0 0.07 16
0 0.0725 16
0 0.075 16
0 0.0775 16
0 0.08 16
0 0.0825 16
0 0.085 16
0 0.0875 16
0 0.09 16
0 0.0925 16
0 0.095 16
0 0.0975 16
0 0.1 16
0 0.1025 16
0 0.105 16
0 0.1075 16
0 0.11 16
0 0.1125 16
0 0.115 16
0 0.1175 16
0 0.12 16
0 0.1225 16
0 0.125 16
0 0.1275 16
0 0.13 16
0 0.1325 16
0 0.135 16
0 0.1375 16
0 0.14 16
0 0.1425 16
0 0.145 16
0 0.1475 16
0 0.15 16
0 0.1525 16
0 0.155 16
0 0.1575 16
0 0.16 16
0 0.1625 16
0 0.165 16
0 0.1675 16
0 0.17 16
0 0.1725 16
0 0.175 16
0 0.1775 16
0 0.18 16
0 0.1825 16
0 0.185 16
0 0.1875 16
0 0.19 16
0 0.1925 16
0 0.195 16
0 0.1975 16
0 0.2 16
0 0.2025 16
0 0.205 16
0 0.2075 16
0 0.21 16
0 0.2125 16
0 0.215 16
0 0.2175 16
0 0.22 16
0 0.2225 16
0 0.225 16
0 0.2275 16
0 0.23 16
0 0.2325 16
0 0.235 16
0 0.2375 16
0 0.0025 17
0 0.005 17
0 0.0075 17
0 0.01 17
0 0.0125 17
0 0.015 17
0 0.0175 17
0 0.02 17
0 0.0225 17
0 0.025 17
0 0.0275 17
0 0.03 17
0 0.0325 17
0 0.035 17
0 0.0375 17
0 0.04 17
0 0.0425 17
0 0.045 17
0 0.0475 17
0 0.05 17
0 0.0525 17
0 0.055 17
0 0.0575 17
0 0.06 17
0 0.0625 17
0 0.065 17
0 0.0675 17
0 0.07 17
0 0.0725 17
0 0.075 17
0 0.0775 17
0 0.08 17
0 0.0825 17
0 0.085 17
0 0.0875 17
0 0.09 17
0 0.0925 17
0 0.095 17
0 0.0975 17
0 0.1 17
0 0.1025 17
0 0.105 17
0 0.1075 17
0 0.11 17
0 0.1125 17
0 0.115 17
0 0.1175 17
0 0.12 17
0 0.1225 17
0 0.125 17
0 0.1275 17
0 0.13 17
0 0.1325 17
0 0.135 17
0 0.1375 17
0 0.14 17
0 0.1425 17
0 0.145 17
0 0.1475 17
0 0.15 17
0 0.1525 17
0 0.155 17
0 0.1575 17
0 0.16 17
0 0.1625 17
0 0.165 17
0 0.1675 17
0 0.17 17
0 0.1725 17
0 0.175 17
0 0.1775 17
0 0.18 17
0 0.1825 17
0 0.185 17
0 0.1875 17
0 0.19 17
0 0.1925 17
0 0.195 17
0 0.1975 17
0 0.2 17
0 0.2025 17
0 0.205 17
0 0.2075 17
0 0.21 17
0 0.2125 17
0 0.215 17
0 0.2175 17
0 0.22 17
0 0.2225 17
0 0.225 17
0 0.0025 18
0 0.005 18
0 0.0075 18
0 0.01 18
0 0.0125 18
0 0.015 18
0 0.0175 18
0 0.02 18
0 0.0225 18
0 0.025 18
0 0.0275 18
0 0.03 18
0 0.0325 18
0 0.035 18
0 0.0375 18
0 0.04 18
0 0.0425 18
0 0.045 18
0 0.0475 18
0 0.05 18
0 0.0525 18
0 0.055 18
0 0.0575 18
0 0.06 18
0 0.0625 18
0 0.065 18
0 0.0675 18
0 0.07 18
0 0.0725 18
0 0.075 18
0 0.0775 18
0 0.08 18
0 0.0825 18
0 0.085 18
0 0.0875 18
0 0.09 18
0 0.0925 18
0 0.095 18
0 0.0975 18
0 0.1 18
0 0.1025 18
0 0.105 18
0 0.1075 18
0 0.11 18
0 0.1125 18
0 0.115 18
0 0.1175 18
0 0.12 18
0 0.1225 18
0 0.125 18
0 0.1275 18
0 0.13 18
0 0.1325 18
0 0.135 18
0 0.1375 18
0 0.14 18
0 0.1425 18
0 0.145 18
0 0.1475 18
0 0.15 18
0 0.1525 18
0 0.155 18
0 0.1575 18
0 0.16 18
0 0.1625 18
0 0.165 18
0 0.1675 18
0 0.17 18
0 0.1725 18
0 0.175 18
0 0.1775 18
0 0.18 18
0 0.1825 18
0 0.185 18
0 0.1875 18
0 0.19 18
0 0.1925 18
0 0.195 18
0 0.1975 18
0 0.2 18
0 0.2025 18
0 0.205 18
0 0.2075 18
0 0.21 18
0 0.2125 18
0 0.0025 19
0 0.005 19
0 0.0075 19
0 0.01 19
0 0.0125 19
0 0.015 19
0 0.0175 19
0 0.02 19
0 0.0225 19
0 0.025 19
0 0.0275 19
0 0.03 19
0 0.0325 19
0 0.035 19
0 0.0375 19
0 0.04 19
0 0.0425 19
0 0.045 19
0 0.0475 19
0 0.05 19
0 0.0525 19
0 0.055 19
0 0.0575 19
0 0.06 19
0 0.0625 19
0 0.065 19
0 0.0675 19
0 0.07 19
0 0.0725 19
0 0.075 19
0 0.0775 19
0 0.08 19
0 0.0825 19
0 0.085 19
0 0.0875 19
0 0.09 19
0 0.0925 19
0 0.095 19
0 0.0975 19
0 0.1 19
0 0.1025 19
0 0.105 19
0 0.1075 19
0 0.11 19
0 0.1125 19
0 0.115 19
0 0.1175 19
0 0.12 19
0 0.1225 19
0 0.125 19
0 0.1275 19
0 0.13 19
0 0.1325 19
0 0.135 19
0 0.1375 19
0 0.14 19
0 0.1425 19
0 0.145 19
0 0.1475 19
0 0.15 19
0 0.1525 19
0 0.155 19
0 0.1575 19
0 0.16 19
0 0.1625 19
0 0.165 19
0 0.1675 19
0 0.17 19
0 0.1725 19
0 0.175 19
0 0.1775 19
0 0.18 19
0 0.1825 19
0 0.185 19
0 0.1875 19
0 0.19 19
0 0.1925 19
0 0.195 19
0 0.1975 19
66786.2 0.0025 20
258950 0.005 20
551797 0.0075 20
904406 0.01 20
1.26326e+06 0.0125 20
1.57865e+06 0.015 20
1.79205e+06 0.0175 20
1.84454e+06 0.02 20
1.76268e+06 0.0225 20
1.58095e+06 0.025 20
1.36983e+06 0.0275 20
1.23495e+06 0.03 20
1.18532e+06 0.0325 20
1.16401e+06 0.035 20
1.18352e+06 0.0375 20
1.25908e+06 0.04 20
1.28239e+06 0.0425 20
1.35802e+06 0.045 20
1.44856e+06 0.0475 20
1.49908e+06 0.05 20
1.54807e+06 0.0525 20
1.49367e+06 0.055 20
1.38932e+06 0.0575 20
1.10023e+06 0.06 20
912221 0.0625 20
1.00808e+06 0.065 20
1.16357e+06 0.0675 20
1.58382e+06 0.07 20
2.16698e+06 0.0725 20
2.78857e+06 0.075 20
3.37199e+06 0.0775 20
3.77025e+06 0.08 20
3.82076e+06 0.0825 20
3.66823e+06 0.085 20
3.37991e+06 0.0875 20
3.13304e+06 0.09 20
2.81481e+06 0.0925 20
2.53352e+06 0.095 20
2.27457e+06 0.0975 20
2.10947e+06 0.1 20
1.91017e+06 0.1025 20
1.92231e+06 0.105 20
2.02959e+06 0.1075 20
2.18559e+06 0.11 20
2.37956e+06 0.1125 20
2.52992e+06 0.115 20
2.4877e+06 0.1175 20
2.50901e+06 0.12 20
2.45022e+06 0.1225 20
2.33735e+06 0.125 20
2.36673e+06 0.1275 20
2.33332e+06 0.13 20
2.58941e+06 0.1325 20
2.80059e+06 0.135 20
3.00237e+06 0.1375 20
3.24509e+06 0.14 20
3.33093e+06 0.1425 20
3.11844e+06 0.145 20
2.77602e+06 0.1475 20
2.40817e+06 0.15 20
2.07933e+06 0.1525 20
1.85088e+06 0.155 20
1.90362e+06 0.1575 20
2.18951e+06 0.16 20
2.69545e+06 0.1625 20
3.14549e+06 0.165 20
3.41129e+06 0.1675 20
3.56763e+06 0.17 20
3.37961e+06 0.1725 20
3.00015e+06 0.175 20
2.6159e+06 0.1775 20
0 0.0025 21
0 0.005 21
0 0.0075 21
0 0.01 21
0 0.0125 21
0 0.015 21
0 0.0175 21
0 0.02 21
0 0.0225 21
0 0.025 21
0 0.0275 21
0 0.03 21
0 0.0325 21
0 0.035 21
0 0.0375 21
0 0.04 21
0 0.0425 21
0 0.045 21
0 0.0475 21
0 0.05 21
0 0.0525 21
0 0.055 21
0 0.0575 21
0 0.06 21
0 0.0625 21
0 0.065 21
0 0.0675 21
0 0.07 21
0 0.0725 21
0 0.075 21
0 0.0775 21
0 0.08 21
0 0.0825 21
0 0.085 21
0 0.0875 21
0 0.09 21
0 0.0925 21
0 0.095 21
0 0.0975 21
0 0.1 21
0 0.1025 21
0 0.105 21
0 0.1075 21
0 0.11 21
0 0.1125 21
0 0.115 21
0 0.1175 21
0 0.12 21
0 0.1225 21
0 0.125 21
0 0.1275 21
0 0.13 21
0 0.1325 21
0 0.135 21
0 0.1375 21
0 0.14 21
0 0.1425 21
0 0.145 21
0 0.1475 21
0 0.15 21
0 0.1525 21
0 0.155 21
0 0.1575 21
0 0.16 21
0 0.0025 22
0 0.005 22
0 0.0075 22
0 0.01 22
0 0.0125 22
0 0.015 22
0 0.0175 22
0 0.02 22
0 0.0225 22
0 0.025 22
0 0.0275 22
0 0.03 22
0 0.0325 22
0 0.035 22
0 0.0375 22
0 0.04 22
0 0.0425 22
0 0.045 22
0 0.0475 22
0 0.05 22
0 0.0525 22
0 0.055 22
0 0.0575 22
0 0.06 22
0 0.0625 22
0 0.065 22
0 0.0675 22
0 0.07 22
0 0.0725 22
0 0.075 22
0 0.0775 22
0 0.08 22
0 0.0825 22
0 0.085 22
0 0.0875 22
0 0.09 22
0 0.0925 22
0 0.095 22
0 0.0975 22
0 0.1 22
0 0.1025 22
0 0.105 22
0 0.1075 22
0 0.11 22
0 0.1125 22
0 0.115 22
0 0.1175 22
0 0.12 22
0 0.1225 22
0 0.125 22
0 0.1275 22
0 0.13 22
0 0.1325 22
0 0.135 22
0 0.1375 22
0 0.0025 23
0 0.005 23
0 0.0075 23
0 0.01 23
0 0.0125 23
0 0.015 23
0 0.0175 23
0 0.02 23
0 0.0225 23
0 0.025 23
0 0.0275 23
0 0.03 23
0 0.0325 23
0 0.035 23
0 0.0375 23
0 0.04 23
0 0.0425 23
0 0.045 23
0 0.0475 23
0 0.05 23
0 0.0525 23
0 0.055 23
0 0.0575 23
0 0.06 23
0 0.0625 23
0 0.065 23
0 0.0675 23
0 0.07 23
0 0.0725 23
0 0.075 23
0 0.0775 23
0 0.08 23
0 0.0825 23
0 0.085 23
0 0.0875 23
0 0.09 23
0 0.0925 23
0 0.095 23
0 0.0975 23
0 0.1 23
