9.94879e+06 0.085 0
6.99936e+06 0.0875 0
4.04872e+06 0.09 0
1.83725e+06 0.0925 0
566846 0.095 0
62625.6 0.0975 0
18587.7 0.1 0
169736 0.1025 0
350272 0.105 0
477139 0.1075 0
514055 0.11 0
450207 0.1125 0
301527 0.115 0
122701 0.1175 0
6855.82 0.12 0
53401.8 0.1225 0
309947 0.125 0
711424 0.1275 0
1.12382e+06 0.13 0
1.31667e+06 0.1325 0
1.2353e+06 0.135 0
920547 0.1375 0
461295 0.14 0
210494 0.1425 0
490652 0.145 0
956478 0.1475 0
1.26705e+06 0.15 0
1.53954e+06 0.1525 0
1.64402e+06 0.155 0
1.30319e+06 0.1575 0
1.07451e+06 0.16 0
853359 0.1625 0
703539 0.165 0
671064 0.1675 0
551359 0.17 0
804380 0.1725 0
1.07758e+06 0.175 0
1.24965e+06 0.1775 0
1.45698e+06 0.18 0
1.53383e+06 0.1825 0
1.4265e+06 0.185 0
960659 0.1875 0
689602 0.19 0
735603 0.1925 0
1.20849e+06 0.195 0
1.77828e+06 0.1975 0
2.47932e+06 0.2 0
3.0355e+06 0.2025 0
3.11427e+06 0.205 0
2.83353e+06 0.2075 0
2.22994e+06 0.21 0
1.48034e+06 0.2125 0
851825 0.215 0
493765 0.2175 0
446785 0.22 0
798815 0.2225 0
1.24485e+06 0.225 0
1.71052e+06 0.2275 0
2.07317e+06 0.23 0
2.1086e+06 0.2325 0
2.02315e+06 0.235 0
1.93375e+06 0.2375 0
1.74641e+06 0.24 0
1.48103e+06 0.2425 0
1.14119e+06 0.245 0
858820 0.2475 0
606382 0.25 0
411623 0.2525 0
307994 0.255 0
296391 0.2575 0
365600 0.26 0
336988 0.2625 0
399636 0.265 0
405223 0.2675 0
561700 0.27 0
647741 0.2725 0
762430 0.275 0
935572 0.2775 0
1.10838e+06 0.28 0
1.40375e+06 0.2825 0
1.65375e+06 0.285 0
2.05223e+06 0.2875 0
2.3916e+06 0.29 0
2.68636e+06 0.2925 0
2.92926e+06 0.295 0
2.85127e+06 0.2975 0
2.66347e+06 0.3 0
2.30852e+06 0.3025 0
1.74256e+06 0.305 0
1.11756e+06 0.3075 0
560800 0.31 0
145804 0.3125 0
55593 0.315 0
1.56537e+06 0.085 1
2.90374e+06 0.0875 1
6.09775e+06 0.09 1
1.05119e+07 0.0925 1
1.43645e+07 0.095 1
1.77621e+07 0.0975 1
1.95453e+07 0.1 1
2.05222e+07 0.1025 1
1.91482e+07 0.105 1
1.74628e+07 0.1075 1
1.47649e+07 0.11 1
1.22792e+07 0.1125 1
9.50348e+06 0.115 1
6.82603e+06 0.1175 1
4.75799e+06 0.12 1
2.89354e+06 0.1225 1
1.68961e+06 0.125 1
1.0291e+06 0.1275 1
941519 0.13 1
1.06936e+06 0.1325 1
1.27253e+06 0.135 1
1.57564e+06 0.1375 1
1.88926e+06 0.14 1
2.08842e+06 0.1425 1
2.19779e+06 0.145 1
2.28953e+06 0.1475 1
2.72766e+06 0.15 1
2.90516e+06 0.1525 1
2.90082e+06 0.155 1
2.80563e+06 0.1575 1
2.36906e+06 0.16 1
2.01429e+06 0.1625 1
1.51652e+06 0.165 1
1.20385e+06 0.1675 1
1.0254e+06 0.17 1
992053 0.1725 1
1.14846e+06 0.175 1
1.14794e+06 0.1775 1
1.12352e+06 0.18 1
956497 0.1825 1
771422 0.185 1
542960 0.1875 1
349441 0.19 1
238414 0.1925 1
237413 0.195 1
374693 0.1975 1
591587 0.2 1
903066 0.2025 1
1.24615e+06 0.205 1
1.52842e+06 0.2075 1
1.62032e+06 0.21 1
1.4735e+06 0.2125 1
1.18953e+06 0.215 1
907937 0.2175 1
598153 0.22 1
363104 0.2225 1
301643 0.225 1
274087 0.2275 1
396802 0.23 1
581060 0.2325 1
807029 0.235 1
1.02793e+06 0.2375 1
1.26494e+06 0.24 1
1.44627e+06 0.2425 1
1.55319e+06 0.245 1
1.44986e+06 0.2475 1
1.23122e+06 0.25 1
1.05623e+06 0.2525 1
958481 0.255 1
930965 0.2575 1
964768 0.26 1
1.05209e+06 0.2625 1
1.17221e+06 0.265 1
1.20127e+06 0.2675 1
1.11344e+06 0.27 1
1.00754e+06 0.2725 1
869841 0.275 1
737445 0.2775 1
669703 0.28 1
645416 0.2825 1
634658 0.285 1
592461 0.2875 1
504320 0.29 1
407850 0.2925 1
309591 0.295 1
290791 0.2975 1
353142 0.3 1
471350 0.3025 1
594224 0.305 1
640869 0.3075 1
560422 0.31 1
444768 0.3125 1
311902 0.315 1
6.5208e+07 0.0825 2
5.90186e+07 0.085 2
5.12457e+07 0.0875 2
4.36817e+07 0.09 2
3.72483e+07 0.0925 2
3.20954e+07 0.095 2
2.79556e+07 0.0975 2
2.44501e+07 0.1 2
2.12153e+07 0.1025 2
1.79662e+07 0.105 2
1.44627e+07 0.1075 2
1.07053e+07 0.11 2
7.05582e+06 0.1125 2
3.89274e+06 0.115 2
1.68746e+06 0.1175 2
658272 0.12 2
504440 0.1225 2
817597 0.125 2
1.06676e+06 0.1275 2
990531 0.13 2
695675 0.1325 2
856739 0.135 2
1.3548e+06 0.1375 2
2.31306e+06 0.14 2
3.19564e+06 0.1425 2
4.04436e+06 0.145 2
4.14859e+06 0.1475 2
3.37964e+06 0.15 2
2.54902e+06 0.1525 2
1.60348e+06 0.155 2
928500 0.1575 2
768883 0.16 2
903188 0.1625 2
1.34176e+06 0.165 2
1.58182e+06 0.1675 2
1.82697e+06 0.17 2
1.91295e+06 0.1725 2
1.82601e+06 0.175 2
1.42894e+06 0.1775 2
1.1059e+06 0.18 2
791100 0.1825 2
555434 0.185 2
565602 0.1875 2
649806 0.19 2
823280 0.1925 2
909442 0.195 2
921254 0.1975 2
918925 0.2 2
873266 0.2025 2
726854 0.205 2
592017 0.2075 2
607998 0.21 2
632549 0.2125 2
689631 0.215 2
729800 0.2175 2
788129 0.22 2
845406 0.2225 2
982342 0.225 2
1.09474e+06 0.2275 2
1.11465e+06 0.23 2
1.08608e+06 0.2325 2
944892 0.235 2
736212 0.2375 2
530155 0.24 2
351904 0.2425 2
297517 0.245 2
373307 0.2475 2
521396 0.25 2
752756 0.2525 2
901420 0.255 2
938356 0.2575 2
843000 0.26 2
625289 0.2625 2
410318 0.265 2
216159 0.2675 2
186461 0.27 2
276384 0.2725 2
445309 0.275 2
656848 0.2775 2
847125 0.28 2
904217 0.2825 2
892401 0.285 2
839321 0.2875 2
813618 0.29 2
804420 0.2925 2
723593 0.295 2
650871 0.2975 2
579522 0.3 2
608696 0.3025 2
733674 0.305 2
1.00036e+06 0.3075 2
1.25017e+06 0.31 2
1.43888e+06 0.3125 2
1.53502e+06 0.315 2
2.81221e+07 0.0825 3
2.34049e+07 0.085 3
1.79765e+07 0.0875 3
1.25249e+07 0.09 3
7.7085e+06 0.0925 3
4.05255e+06 0.095 3
1.80289e+06 0.0975 3
897438 0.1 3
938126 0.1025 3
1.40716e+06 0.105 3
1.9127e+06 0.1075 3
2.29882e+06 0.11 3
2.50436e+06 0.1125 3
2.41699e+06 0.115 3
2.25727e+06 0.1175 3
2.09845e+06 0.12 3
2.21148e+06 0.1225 3
2.29089e+06 0.125 3
2.51621e+06 0.1275 3
2.36658e+06 0.13 3
2.1877e+06 0.1325 3
1.65645e+06 0.135 3
1.1656e+06 0.1375 3
728303 0.14 3
470989 0.1425 3
479683 0.145 3
651683 0.1475 3
838082 0.15 3
1.00888e+06 0.1525 3
1.12e+06 0.155 3
1.16296e+06 0.1575 3
1.14378e+06 0.16 3
986566 0.1625 3
715401 0.165 3
641764 0.1675 3
575035 0.17 3
655600 0.1725 3
1.10647e+06 0.175 3
1.74851e+06 0.1775 3
2.35491e+06 0.18 3
2.77545e+06 0.1825 3
2.98222e+06 0.185 3
2.76341e+06 0.1875 3
2.38567e+06 0.19 3
2.01607e+06 0.1925 3
1.7648e+06 0.195 3
1.8358e+06 0.1975 3
1.87736e+06 0.2 3
2.04183e+06 0.2025 3
1.93128e+06 0.205 3
1.69282e+06 0.2075 3
1.27039e+06 0.21 3
858264 0.2125 3
549727 0.215 3
423921 0.2175 3
506581 0.22 3
684797 0.2225 3
958868 0.225 3
1.22139e+06 0.2275 3
1.44255e+06 0.23 3
1.51282e+06 0.2325 3
1.54603e+06 0.235 3
1.56282e+06 0.2375 3
1.50829e+06 0.24 3
1.49993e+06 0.2425 3
1.45438e+06 0.245 3
1.36453e+06 0.2475 3
1.22728e+06 0.25 3
1.02334e+06 0.2525 3
767962 0.255 3
505780 0.2575 3
302707 0.26 3
209584 0.2625 3
229038 0.265 3
359931 0.2675 3
561329 0.27 3
844801 0.2725 3
1.09146e+06 0.275 3
1.18862e+06 0.2775 3
1.18664e+06 0.28 3
1.14291e+06 0.2825 3
908798 0.285 3
681364 0.2875 3
483174 0.29 3
310344 0.2925 3
212574 0.295 3
171508 0.2975 3
163028 0.3 3
202019 0.3025 3
302339 0.305 3
419596 0.3075 3
576218 0.31 3
835587 0.3125 3
1.05376e+06 0.315 3
2.10418e+06 0.08 4
2.9052e+06 0.0825 4
3.32692e+06 0.085 4
3.73646e+06 0.0875 4
3.93026e+06 0.09 4
4.17167e+06 0.0925 4
4.23011e+06 0.095 4
4.43829e+06 0.0975 4
4.62652e+06 0.1 4
4.90298e+06 0.1025 4
4.62519e+06 0.105 4
4.18207e+06 0.1075 4
3.56173e+06 0.11 4
2.86292e+06 0.1125 4
1.86471e+06 0.115 4
1.0302e+06 0.1175 4
433364 0.12 4
179892 0.1225 4
374473 0.125 4
1.08855e+06 0.1275 4
2.08194e+06 0.13 4
2.80597e+06 0.1325 4
3.29161e+06 0.135 4
3.44633e+06 0.1375 4
2.91573e+06 0.14 4
2.08904e+06 0.1425 4
1.31944e+06 0.145 4
747970 0.1475 4
407297 0.15 4
256267 0.1525 4
242129 0.155 4
246132 0.1575 4
300620 0.16 4
472988 0.1625 4
900456 0.165 4
1.54883e+06 0.1675 4
2.23897e+06 0.17 4
2.83903e+06 0.1725 4
3.08738e+06 0.175 4
3.07453e+06 0.1775 4
2.7721e+06 0.18 4
2.38665e+06 0.1825 4
1.83167e+06 0.185 4
1.26958e+06 0.1875 4
907474 0.19 4
755580 0.1925 4
780089 0.195 4
1.01202e+06 0.1975 4
1.32237e+06 0.2 4
1.55375e+06 0.2025 4
1.73097e+06 0.205 4
1.74357e+06 0.2075 4
1.63274e+06 0.21 4
1.27187e+06 0.2125 4
980315 0.215 4
707087 0.2175 4
504792 0.22 4
303333 0.2225 4
214619 0.225 4
142141 0.2275 4
173905 0.23 4
224339 0.2325 4
309248 0.235 4
371601 0.2375 4
337114 0.24 4
377944 0.2425 4
391177 0.245 4
460007 0.2475 4
565254 0.25 4
668026 0.2525 4
846036 0.255 4
961167 0.2575 4
1.04975e+06 0.26 4
1.10131e+06 0.2625 4
1.05236e+06 0.265 4
991660 0.2675 4
932834 0.27 4
779201 0.2725 4
567395 0.275 4
402660 0.2775 4
363138 0.28 4
428314 0.2825 4
595444 0.285 4
929813 0.2875 4
1.18448e+06 0.29 4
1.44053e+06 0.2925 4
1.48895e+06 0.295 4
1.40241e+06 0.2975 4
1.185e+06 0.3 4
886945 0.3025 4
664918 0.305 4
536008 0.3075 4
528928 0.31 4
574180 0.3125 4
4.87442e+07 0.0775 5
5.68431e+07 0.08 5
5.93381e+07 0.0825 5
5.42806e+07 0.085 5
4.34326e+07 0.0875 5
3.09669e+07 0.09 5
2.10753e+07 0.0925 5
1.59816e+07 0.095 5
1.53473e+07 0.0975 5
1.70765e+07 0.1 5
1.87506e+07 0.1025 5
1.87846e+07 0.105 5
1.68119e+07 0.1075 5
1.33838e+07 0.11 5
9.40404e+06 0.1125 5
5.69061e+06 0.115 5
2.79898e+06 0.1175 5
1.02223e+06 0.12 5
411196 0.1225 5
789020 0.125 5
1.71338e+06 0.1275 5
2.75964e+06 0.13 5
3.37913e+06 0.1325 5
3.33627e+06 0.135 5
2.78069e+06 0.1375 5
2.14685e+06 0.14 5
1.41472e+06 0.1425 5
1.08723e+06 0.145 5
856401 0.1475 5
994136 0.15 5
1.29645e+06 0.1525 5
1.48542e+06 0.155 5
1.70882e+06 0.1575 5
1.62808e+06 0.16 5
1.5471e+06 0.1625 5
1.35116e+06 0.165 5
1.13506e+06 0.1675 5
808700 0.17 5
589508 0.1725 5
419675 0.175 5
375573 0.1775 5
450891 0.18 5
649879 0.1825 5
824215 0.185 5
825372 0.1875 5
702631 0.19 5
489885 0.1925 5
293682 0.195 5
142369 0.1975 5
147697 0.2 5
313512 0.2025 5
574537 0.205 5
837425 0.2075 5
1.03922e+06 0.21 5
1.11649e+06 0.2125 5
1.03206e+06 0.215 5
770162 0.2175 5
510613 0.22 5
359355 0.2225 5
291535 0.225 5
381626 0.2275 5
592477 0.23 5
826931 0.2325 5
1.20439e+06 0.235 5
1.40202e+06 0.2375 5
1.54209e+06 0.24 5
1.72818e+06 0.2425 5
1.75383e+06 0.245 5
1.60184e+06 0.2475 5
1.33596e+06 0.25 5
967043 0.2525 5
639234 0.255 5
404842 0.2575 5
246600 0.26 5
226967 0.2625 5
316840 0.265 5
450530 0.2675 5
528339 0.27 5
648794 0.2725 5
781115 0.275 5
861008 0.2775 5
909925 0.28 5
874458 0.2825 5
753606 0.285 5
654261 0.2875 5
589870 0.29 5
632227 0.2925 5
817192 0.295 5
1.03641e+06 0.2975 5
1.21917e+06 0.3 5
1.35069e+06 0.3025 5
1.24145e+06 0.305 5
1.08276e+06 0.3075 5
787722 0.31 5
2.05653e+07 0.075 6
2.53993e+07 0.0775 6
2.80715e+07 0.08 6
2.91922e+07 0.0825 6
2.85039e+07 0.085 6
2.63481e+07 0.0875 6
2.36469e+07 0.09 6
1.86087e+07 0.0925 6
1.38907e+07 0.095 6
9.5167e+06 0.0975 6
5.66027e+06 0.1 6
3.2605e+06 0.1025 6
2.02208e+06 0.105 6
1.64147e+06 0.1075 6
2.34911e+06 0.11 6
3.73669e+06 0.1125 6
4.80021e+06 0.115 6
6.24196e+06 0.1175 6
7.11177e+06 0.12 6
7.15181e+06 0.1225 6
6.84745e+06 0.125 6
5.92241e+06 0.1275 6
4.70647e+06 0.13 6
3.24322e+06 0.1325 6
1.96734e+06 0.135 6
1.17508e+06 0.1375 6
903820 0.14 6
983634 0.1425 6
1.46667e+06 0.145 6
2.24794e+06 0.1475 6
3.13912e+06 0.15 6
3.75152e+06 0.1525 6
4.31232e+06 0.155 6
4.56636e+06 0.1575 6
4.27956e+06 0.16 6
3.85292e+06 0.1625 6
3.09321e+06 0.165 6
2.51117e+06 0.1675 6
2.10103e+06 0.17 6
2.02773e+06 0.1725 6
2.04582e+06 0.175 6
2.03236e+06 0.1775 6
1.92165e+06 0.18 6
1.5795e+06 0.1825 6
1.10208e+06 0.185 6
696819 0.1875 6
524757 0.19 6
605749 0.1925 6
863457 0.195 6
1.17842e+06 0.1975 6
1.38595e+06 0.2 6
1.3337e+06 0.2025 6
1.14105e+06 0.205 6
946581 0.2075 6
829490 0.21 6
833537 0.2125 6
952896 0.215 6
1.08411e+06 0.2175 6
1.18171e+06 0.22 6
1.12232e+06 0.2225 6
1.01423e+06 0.225 6
931259 0.2275 6
992970 0.23 6
1.01453e+06 0.2325 6
1.21409e+06 0.235 6
1.43206e+06 0.2375 6
1.57649e+06 0.24 6
1.81881e+06 0.2425 6
2.13976e+06 0.245 6
2.31828e+06 0.2475 6
2.46703e+06 0.25 6
2.4583e+06 0.2525 6
2.16438e+06 0.255 6
1.65576e+06 0.2575 6
1.11688e+06 0.26 6
595052 0.2625 6
278377 0.265 6
212385 0.2675 6
295308 0.27 6
425987 0.2725 6
492855 0.275 6
443099 0.2775 6
365981 0.28 6
277641 0.2825 6
268647 0.285 6
315229 0.2875 6
385714 0.29 6
449360 0.2925 6
430472 0.295 6
329567 0.2975 6
241512 0.3 6
192299 0.3025 6
156763 0.305 6
148197 0.3075 6
743509 0.0725 7
1.15534e+06 0.075 7
2.74361e+06 0.0775 7
4.99323e+06 0.08 7
6.99046e+06 0.0825 7
7.94107e+06 0.085 7
7.5747e+06 0.0875 7
6.20867e+06 0.09 7
4.48283e+06 0.0925 7
2.9774e+06 0.095 7
1.95883e+06 0.0975 7
1.36986e+06 0.1 7
1.00178e+06 0.1025 7
688717 0.105 7
392400 0.1075 7
160420 0.11 7
50992.4 0.1125 7
24794.1 0.115 7
72653.4 0.1175 7
84634.8 0.12 7
205242 0.1225 7
408893 0.125 7
676649 0.1275 7
1.18514e+06 0.13 7
1.6924e+06 0.1325 7
2.43017e+06 0.135 7
3.10683e+06 0.1375 7
3.66217e+06 0.14 7
3.98585e+06 0.1425 7
3.88746e+06 0.145 7
3.07098e+06 0.1475 7
2.05234e+06 0.15 7
1.0292e+06 0.1525 7
358641 0.155 7
179076 0.1575 7
464170 0.16 7
922897 0.1625 7
1.34044e+06 0.165 7
1.58457e+06 0.1675 7
1.45885e+06 0.17 7
1.2513e+06 0.1725 7
1.08642e+06 0.175 7
831522 0.1775 7
758184 0.18 7
755862 0.1825 7
862341 0.185 7
719860 0.1875 7
791601 0.19 7
892306 0.1925 7
924804 0.195 7
931721 0.1975 7
863195 0.2 7
868171 0.2025 7
861077 0.205 7
908348 0.2075 7
878521 0.21 7
1.00233e+06 0.2125 7
1.18119e+06 0.215 7
1.29898e+06 0.2175 7
1.29024e+06 0.22 7
1.25683e+06 0.2225 7
1.18698e+06 0.225 7
1.13568e+06 0.2275 7
1.04448e+06 0.23 7
952214 0.2325 7
935410 0.235 7
1.00646e+06 0.2375 7
1.11552e+06 0.24 7
1.20041e+06 0.2425 7
1.23429e+06 0.245 7
1.15294e+06 0.2475 7
966667 0.25 7
690787 0.2525 7
486744 0.255 7
349062 0.2575 7
331318 0.26 7
347078 0.2625 7
429186 0.265 7
485957 0.2675 7
468699 0.27 7
414823 0.2725 7
377032 0.275 7
453188 0.2775 7
689181 0.28 7
1.0731e+06 0.2825 7
1.51031e+06 0.285 7
1.8361e+06 0.2875 7
2.08381e+06 0.29 7
2.06933e+06 0.2925 7
1.76707e+06 0.295 7
1.24487e+06 0.2975 7
798611 0.3 7
443765 0.3025 7
281947 0.305 7
1.8087e+07 0.0675 8
1.75729e+07 0.07 8
1.36387e+07 0.0725 8
8.55793e+06 0.075 8
3.78458e+06 0.0775 8
1.33913e+06 0.08 8
2.24885e+06 0.0825 8
5.49276e+06 0.085 8
9.13448e+06 0.0875 8
1.11254e+07 0.09 8
9.95656e+06 0.0925 8
6.37073e+06 0.095 8
2.4349e+06 0.0975 8
487413 0.1 8
2.01218e+06 0.1025 8
7.10816e+06 0.105 8
1.36424e+07 0.1075 8
1.90663e+07 0.11 8
2.1198e+07 0.1125 8
1.94007e+07 0.115 8
1.46961e+07 0.1175 8
8.68769e+06 0.12 8
3.83896e+06 0.1225 8
1.51958e+06 0.125 8
2.0336e+06 0.1275 8
4.30015e+06 0.13 8
7.0347e+06 0.1325 8
8.66892e+06 0.135 8
8.81849e+06 0.1375 8
7.60625e+06 0.14 8
5.55584e+06 0.1425 8
3.3558e+06 0.145 8
1.5796e+06 0.1475 8
584119 0.15 8
182970 0.1525 8
175914 0.155 8
258997 0.1575 8
249839 0.16 8
287919 0.1625 8
287411 0.165 8
286056 0.1675 8
504776 0.17 8
806562 0.1725 8
1.16971e+06 0.175 8
1.58489e+06 0.1775 8
1.75827e+06 0.18 8
1.8123e+06 0.1825 8
1.65173e+06 0.185 8
1.23248e+06 0.1875 8
870630 0.19 8
682680 0.1925 8
449293 0.195 8
429807 0.1975 8
587004 0.2 8
769143 0.2025 8
908393 0.205 8
984547 0.2075 8
999471 0.21 8
1.0741e+06 0.2125 8
1.06059e+06 0.215 8
1.22626e+06 0.2175 8
1.36901e+06 0.22 8
1.50912e+06 0.2225 8
1.63779e+06 0.225 8
1.50283e+06 0.2275 8
1.24676e+06 0.23 8
982983 0.2325 8
731404 0.235 8
623698 0.2375 8
693021 0.24 8
953773 0.2425 8
1.24708e+06 0.245 8
1.41726e+06 0.2475 8
1.36771e+06 0.25 8
1.21047e+06 0.2525 8
1.01374e+06 0.255 8
841434 0.2575 8
824007 0.26 8
906363 0.2625 8
1.0313e+06 0.265 8
1.13615e+06 0.2675 8
1.20228e+06 0.27 8
1.09762e+06 0.2725 8
999803 0.275 8
938302 0.2775 8
887078 0.28 8
975435 0.2825 8
954585 0.285 8
956914 0.2875 8
929695 0.29 8
878443 0.2925 8
857544 0.295 8
975136 0.2975 8
589072 0.0625 9
232529 0.065 9
28452.4 0.0675 9
118951 0.07 9
287891 0.0725 9
556679 0.075 9
785755 0.0775 9
746358 0.08 9
571172 0.0825 9
338536 0.085 9
183695 0.0875 9
327762 0.09 9
916121 0.0925 9
1.895e+06 0.095 9
2.71581e+06 0.0975 9
3.46328e+06 0.1 9
4.09031e+06 0.1025 9
3.86835e+06 0.105 9
3.35066e+06 0.1075 9
2.94351e+06 0.11 9
2.78969e+06 0.1125 9
2.76e+06 0.115 9
2.75732e+06 0.1175 9
3.3427e+06 0.12 9
3.78771e+06 0.1225 9
4.00011e+06 0.125 9
4.04683e+06 0.1275 9
3.95545e+06 0.13 9
3.65415e+06 0.1325 9
3.5284e+06 0.135 9
3.47508e+06 0.1375 9
3.45498e+06 0.14 9
2.99051e+06 0.1425 9
2.7014e+06 0.145 9
2.41172e+06 0.1475 9
2.19568e+06 0.15 9
2.32175e+06 0.1525 9
2.69342e+06 0.155 9
3.22016e+06 0.1575 9
3.60939e+06 0.16 9
3.89024e+06 0.1625 9
3.76782e+06 0.165 9
3.57165e+06 0.1675 9
3.04979e+06 0.17 9
2.65487e+06 0.1725 9
2.40662e+06 0.175 9
2.1171e+06 0.1775 9
1.8653e+06 0.18 9
1.60357e+06 0.1825 9
1.38792e+06 0.185 9
1.18018e+06 0.1875 9
1.0656e+06 0.19 9
1.0339e+06 0.1925 9
1.05863e+06 0.195 9
1.08994e+06 0.1975 9
1.07632e+06 0.2 9
1.09405e+06 0.2025 9
991572 0.205 9
992147 0.2075 9
1.00203e+06 0.21 9
1.109e+06 0.2125 9
1.24945e+06 0.215 9
1.47551e+06 0.2175 9
1.60507e+06 0.22 9
1.70864e+06 0.2225 9
1.52171e+06 0.225 9
1.23424e+06 0.2275 9
825550 0.23 9
537487 0.2325 9
521187 0.235 9
820863 0.2375 9
1.17425e+06 0.24 9
1.48267e+06 0.2425 9
1.56585e+06 0.245 9
1.34052e+06 0.2475 9
1.03525e+06 0.25 9
795132 0.2525 9
735635 0.255 9
935907 0.2575 9
1.15806e+06 0.26 9
1.42666e+06 0.2625 9
1.40341e+06 0.265 9
1.11588e+06 0.2675 9
805165 0.27 9
592652 0.2725 9
556245 0.275 9
722521 0.2775 9
991845 0.28 9
1.23443e+06 0.2825 9
1.33063e+06 0.285 9
1.20055e+06 0.2875 9
1.0121e+06 0.29 9
840865 0.2925 9
2.22283e+06 0.055 10
914222 0.0575 10
311057 0.06 10
345005 0.0625 10
613801 0.065 10
693133 0.0675 10
443552 0.07 10
93343.5 0.0725 10
39621.9 0.075 10
515758 0.0775 10
1.37379e+06 0.08 10
2.15038e+06 0.0825 10
2.37999e+06 0.085 10
1.93679e+06 0.0875 10
1.15901e+06 0.09 10
657140 0.0925 10
925620 0.095 10
2.01353e+06 0.0975 10
3.47045e+06 0.1 10
4.60034e+06 0.1025 10
4.8576e+06 0.105 10
4.13833e+06 0.1075 10
2.80118e+06 0.11 10
1.4315e+06 0.1125 10
520687 0.115 10
244999 0.1175 10
429784 0.12 10
765171 0.1225 10
1.06702e+06 0.125 10
1.17275e+06 0.1275 10
1.14967e+06 0.13 10
1.17467e+06 0.1325 10
1.27717e+06 0.135 10
1.31015e+06 0.1375 10
1.30841e+06 0.14 10
1.1515e+06 0.1425 10
851630 0.145 10
543751 0.1475 10
473779 0.15 10
591988 0.1525 10
1.09072e+06 0.155 10
1.89876e+06 0.1575 10
2.84994e+06 0.16 10
3.6609e+06 0.1625 10
3.85926e+06 0.165 10
3.65087e+06 0.1675 10
3.08758e+06 0.17 10
2.417e+06 0.1725 10
1.62025e+06 0.175 10
1.03715e+06 0.1775 10
676005 0.18 10
675706 0.1825 10
800053 0.185 10
854804 0.1875 10
791782 0.19 10
699961 0.1925 10
627984 0.195 10
536677 0.1975 10
642373 0.2 10
666127 0.2025 10
912259 0.205 10
952366 0.2075 10
853662 0.21 10
837225 0.2125 10
684585 0.215 10
474529 0.2175 10
294300 0.22 10
209361 0.2225 10
298091 0.225 10
519898 0.2275 10
870551 0.23 10
1.35679e+06 0.2325 10
1.822e+06 0.235 10
2.36493e+06 0.2375 10
2.6792e+06 0.24 10
2.69939e+06 0.2425 10
2.41786e+06 0.245 10
2.08536e+06 0.2475 10
1.72143e+06 0.25 10
1.43989e+06 0.2525 10
1.46316e+06 0.255 10
1.72201e+06 0.2575 10
2.11699e+06 0.26 10
2.42836e+06 0.2625 10
2.46126e+06 0.265 10
2.21905e+06 0.2675 10
1.84242e+06 0.27 10
1.37021e+06 0.2725 10
1.00873e+06 0.275 10
780274 0.2775 10
775424 0.28 10
868687 0.2825 10
970588 0.285 10
1.06096e+06 0.2875 10
0 0.0475 11
0 0.05 11
0 0.0525 11
1200.38 0.055 11
2594.59 0.0575 11
7136.52 0.06 11
61389.5 0.0625 11
162333 0.065 11
317875 0.0675 11
532182 0.07 11
826522 0.0725 11
582819 0.075 11
563422 0.0775 11
778447 0.08 11
778586 0.0825 11
667509 0.085 11
359247 0.0875 11
169385 0.09 11
157801 0.0925 11
555395 0.095 11
1.44888e+06 0.0975 11
2.88128e+06 0.1 11
4.61742e+06 0.1025 11
6.12379e+06 0.105 11
7.46973e+06 0.1075 11
7.87529e+06 0.11 11
7.81394e+06 0.1125 11
6.66017e+06 0.115 11
5.11081e+06 0.1175 11
3.12706e+06 0.12 11
1.82366e+06 0.1225 11
978188 0.125 11
681929 0.1275 11
847579 0.13 11
1.17779e+06 0.1325 11
1.53498e+06 0.135 11
1.50318e+06 0.1375 11
1.26047e+06 0.14 11
766768 0.1425 11
575172 0.145 11
687982 0.1475 11
1.15057e+06 0.15 11
2.05158e+06 0.1525 11
3.0734e+06 0.155 11
4.02936e+06 0.1575 11
4.84182e+06 0.16 11
5.19397e+06 0.1625 11
5.06001e+06 0.165 11
4.65975e+06 0.1675 11
4.2009e+06 0.17 11
3.69318e+06 0.1725 11
3.27667e+06 0.175 11
3.10442e+06 0.1775 11
3.08101e+06 0.18 11
3.09815e+06 0.1825 11
3.00891e+06 0.185 11
2.67781e+06 0.1875 11
2.09619e+06 0.19 11
1.451e+06 0.1925 11
810127 0.195 11
458814 0.1975 11
602146 0.2 11
1.2482e+06 0.2025 11
2.20414e+06 0.205 11
3.13673e+06 0.2075 11
3.82701e+06 0.21 11
3.91087e+06 0.2125 11
3.45123e+06 0.215 11
2.80991e+06 0.2175 11
1.95576e+06 0.22 11
1.27046e+06 0.2225 11
867594 0.225 11
691970 0.2275 11
653944 0.23 11
767220 0.2325 11
959219 0.235 11
1.25508e+06 0.2375 11
1.60472e+06 0.24 11
1.95599e+06 0.2425 11
2.15984e+06 0.245 11
2.43158e+06 0.2475 11
2.54702e+06 0.25 11
2.60254e+06 0.2525 11
2.54262e+06 0.255 11
2.39239e+06 0.2575 11
2.12716e+06 0.26 11
1.73116e+06 0.2625 11
1.37142e+06 0.265 11
979495 0.2675 11
784201 0.27 11
719210 0.2725 11
739073 0.275 11
817029 0.2775 11
846610 0.28 11
797010 0.2825 11
3.77597e+06 0.0375 12
3.40864e+06 0.04 12
2.68013e+06 0.0425 12
1.67401e+06 0.045 12
671194 0.0475 12
62809.5 0.05 12
167721 0.0525 12
1.04634e+06 0.055 12
2.41887e+06 0.0575 12
3.74987e+06 0.06 12
4.47468e+06 0.0625 12
4.26368e+06 0.065 12
3.19182e+06 0.0675 12
1.72239e+06 0.07 12
504578 0.0725 12
79148 0.075 12
634391 0.0775 12
1.92996e+06 0.08 12
3.421e+06 0.0825 12
4.51395e+06 0.085 12
4.82325e+06 0.0875 12
4.30646e+06 0.09 12
3.22785e+06 0.0925 12
1.99318e+06 0.095 12
957583 0.0975 12
304389 0.1 12
34954.6 0.1025 12
40245 0.105 12
188098 0.1075 12
375087 0.11 12
535339 0.1125 12
620111 0.115 12
578592 0.1175 12
475943 0.12 12
384630 0.1225 12
367854 0.125 12
661689 0.1275 12
1.2329e+06 0.13 12
1.97927e+06 0.1325 12
2.55104e+06 0.135 12
2.783e+06 0.1375 12
2.54752e+06 0.14 12
2.07066e+06 0.1425 12
1.37676e+06 0.145 12
782428 0.1475 12
629472 0.15 12
774998 0.1525 12
1.34512e+06 0.155 12
1.90856e+06 0.1575 12
2.35351e+06 0.16 12
2.48656e+06 0.1625 12
2.28283e+06 0.165 12
1.80628e+06 0.1675 12
1.35738e+06 0.17 12
1.07498e+06 0.1725 12
1.04052e+06 0.175 12
1.05856e+06 0.1775 12
1.25675e+06 0.18 12
1.41033e+06 0.1825 12
1.59157e+06 0.185 12
1.64623e+06 0.1875 12
1.39633e+06 0.19 12
946440 0.1925 12
669141 0.195 12
411897 0.1975 12
372711 0.2 12
629697 0.2025 12
1.006e+06 0.205 12
1.51605e+06 0.2075 12
2.05514e+06 0.21 12
2.70776e+06 0.2125 12
2.97978e+06 0.215 12
3.25849e+06 0.2175 12
3.07578e+06 0.22 12
2.90989e+06 0.2225 12
2.62099e+06 0.225 12
2.15156e+06 0.2275 12
1.48368e+06 0.23 12
1.08087e+06 0.2325 12
728981 0.235 12
580773 0.2375 12
578375 0.24 12
863476 0.2425 12
1.19258e+06 0.245 12
1.42535e+06 0.2475 12
1.50249e+06 0.25 12
1.32436e+06 0.2525 12
1.00282e+06 0.255 12
649047 0.2575 12
376970 0.26 12
329490 0.2625 12
485260 0.265 12
799173 0.2675 12
1.13931e+06 0.27 12
1.40337e+06 0.2725 12
1.55281e+06 0.275 12
0 0.0175 13
0 0.02 13
0 0.0225 13
0 0.025 13
0 0.0275 13
1151.59 0.03 13
1714.93 0.0325 13
20629.3 0.035 13
22431.5 0.0375 13
126335 0.04 13
236062 0.0425 13
329584 0.045 13
539262 0.0475 13
489411 0.05 13
601289 0.0525 13
675602 0.055 13
623101 0.0575 13
529749 0.06 13
347009 0.0625 13
122189 0.065 13
3480.61 0.0675 13
57350.9 0.07 13
300999 0.0725 13
918633 0.075 13
1.93013e+06 0.0775 13
2.96283e+06 0.08 13
3.89976e+06 0.0825 13
4.38321e+06 0.085 13
4.63694e+06 0.0875 13
4.41129e+06 0.09 13
3.5145e+06 0.0925 13
2.31537e+06 0.095 13
1.18382e+06 0.0975 13
544558 0.1 13
539455 0.1025 13
1.1978e+06 0.105 13
2.21542e+06 0.1075 13
3.32623e+06 0.11 13
4.09295e+06 0.1125 13
4.25209e+06 0.115 13
3.96208e+06 0.1175 13
3.64745e+06 0.12 13
2.87007e+06 0.1225 13
2.27744e+06 0.125 13
2.05185e+06 0.1275 13
1.77871e+06 0.13 13
1.43761e+06 0.1325 13
992804 0.135 13
541490 0.1375 13
301572 0.14 13
469331 0.1425 13
1.16326e+06 0.145 13
2.43659e+06 0.1475 13
3.76604e+06 0.15 13
4.79469e+06 0.1525 13
5.23557e+06 0.155 13
4.76239e+06 0.1575 13
3.78441e+06 0.16 13
2.59888e+06 0.1625 13
1.6026e+06 0.165 13
1.02838e+06 0.1675 13
793457 0.17 13
823545 0.1725 13
971628 0.175 13
1.03546e+06 0.1775 13
1.01637e+06 0.18 13
1.03831e+06 0.1825 13
898693 0.185 13
874658 0.1875 13
858564 0.19 13
898042 0.1925 13
906423 0.195 13
927886 0.1975 13
1.02165e+06 0.2 13
1.17258e+06 0.2025 13
1.14031e+06 0.205 13
1.09562e+06 0.2075 13
1.00255e+06 0.21 13
910483 0.2125 13
850176 0.215 13
975029 0.2175 13
1.13896e+06 0.22 13
1.38577e+06 0.2225 13
1.53527e+06 0.225 13
1.64818e+06 0.2275 13
1.72857e+06 0.23 13
1.76039e+06 0.2325 13
1.67685e+06 0.235 13
1.5926e+06 0.2375 13
1.48707e+06 0.24 13
1.33944e+06 0.2425 13
1.00453e+06 0.245 13
666456 0.2475 13
338317 0.25 13
191302 0.2525 13
217801 0.255 13
377262 0.2575 13
605144 0.26 13
712684 0.2625 13
713933 0.265 13
676143 0.2675 13
0 0.02 14
0 0.0225 14
0 0.025 14
0 0.0275 14
3517.08 0.03 14
10477 0.0325 14
4291.53 0.035 14
25996.8 0.0375 14
51048.4 0.04 14
127717 0.0425 14
290839 0.045 14
362781 0.0475 14
432222 0.05 14
645719 0.0525 14
805883 0.055 14
757692 0.0575 14
838390 0.06 14
1.10214e+06 0.0625 14
1.2209e+06 0.065 14
1.1516e+06 0.0675 14
1.32191e+06 0.07 14
1.54372e+06 0.0725 14
1.62661e+06 0.075 14
2.00143e+06 0.0775 14
2.21715e+06 0.08 14
2.17305e+06 0.0825 14
1.97902e+06 0.085 14
1.64053e+06 0.0875 14
1.15237e+06 0.09 14
916091 0.0925 14
726695 0.095 14
840426 0.0975 14
1.19764e+06 0.1 14
1.498e+06 0.1025 14
1.78649e+06 0.105 14
1.98467e+06 0.1075 14
2.09667e+06 0.11 14
2.17332e+06 0.1125 14
2.41349e+06 0.115 14
2.55425e+06 0.1175 14
2.504e+06 0.12 14
2.30282e+06 0.1225 14
1.88526e+06 0.125 14
1.32296e+06 0.1275 14
838476 0.13 14
407822 0.1325 14
189198 0.135 14
335453 0.1375 14
713513 0.14 14
1.33954e+06 0.1425 14
2.09217e+06 0.145 14
2.83535e+06 0.1475 14
3.43603e+06 0.15 14
4.07854e+06 0.1525 14
4.35356e+06 0.155 14
4.48426e+06 0.1575 14
4.04569e+06 0.16 14
3.33265e+06 0.1625 14
2.61266e+06 0.165 14
1.87669e+06 0.1675 14
1.25851e+06 0.17 14
927067 0.1725 14
853461 0.175 14
866645 0.1775 14
1.14194e+06 0.18 14
1.42536e+06 0.1825 14
1.54661e+06 0.185 14
1.59281e+06 0.1875 14
1.42467e+06 0.19 14
1.23186e+06 0.1925 14
985964 0.195 14
687364 0.1975 14
458868 0.2 14
349609 0.2025 14
404778 0.205 14
534217 0.2075 14
886916 0.21 14
1.178e+06 0.2125 14
1.48176e+06 0.215 14
1.81525e+06 0.2175 14
1.88925e+06 0.22 14
1.75381e+06 0.2225 14
1.48255e+06 0.225 14
1.13603e+06 0.2275 14
973211 0.23 14
945274 0.2325 14
1.01616e+06 0.235 14
1.2008e+06 0.2375 14
1.51549e+06 0.24 14
1.73568e+06 0.2425 14
1.94597e+06 0.245 14
2.05057e+06 0.2475 14
2.02932e+06 0.25 14
1.82934e+06 0.2525 14
1.53424e+06 0.255 14
1.14137e+06 0.2575 14
74663.1 0.0125 15
144404 0.015 15
300598 0.0175 15
460831 0.02 15
587107 0.0225 15
633868 0.025 15
583493 0.0275 15
476775 0.03 15
415957 0.0325 15
535982 0.035 15
953286 0.0375 15
1.71605e+06 0.04 15
2.78164e+06 0.0425 15
4.03296e+06 0.045 15
5.32288e+06 0.0475 15
6.51913e+06 0.05 15
7.5229e+06 0.0525 15
8.25446e+06 0.055 15
8.62499e+06 0.0575 15
8.52813e+06 0.06 15
7.87352e+06 0.0625 15
6.65367e+06 0.065 15
5.00381e+06 0.0675 15
3.20633e+06 0.07 15
1.61634e+06 0.0725 15
531929 0.075 15
71854.9 0.0775 15
128579 0.08 15
428005 0.0825 15
668923 0.085 15
669407 0.0875 15
442509 0.09 15
163265 0.0925 15
49720.8 0.095 15
227181 0.0975 15
651102 0.1 15
1.12853e+06 0.1025 15
1.42271e+06 0.105 15
1.3818e+06 0.1075 15
1.02858e+06 0.11 15
551771 0.1125 15
173380 0.115 15
104282 0.1175 15
445089 0.12 15
989830 0.1225 15
1.53394e+06 0.125 15
1.88491e+06 0.1275 15
1.82642e+06 0.13 15
1.44152e+06 0.1325 15
890119 0.135 15
445375 0.1375 15
223813 0.14 15
209739 0.1425 15
454955 0.145 15
763717 0.1475 15
1.17762e+06 0.15 15
1.5405e+06 0.1525 15
2.15615e+06 0.155 15
2.53999e+06 0.1575 15
2.8862e+06 0.16 15
3.01896e+06 0.1625 15
2.71226e+06 0.165 15
2.4161e+06 0.1675 15
1.96238e+06 0.17 15
1.92814e+06 0.1725 15
2.23198e+06 0.175 15
2.7995e+06 0.1775 15
3.48e+06 0.18 15
3.98391e+06 0.1825 15
4.21817e+06 0.185 15
3.80548e+06 0.1875 15
3.16784e+06 0.19 15
2.44236e+06 0.1925 15
1.83271e+06 0.195 15
1.32334e+06 0.1975 15
1.05859e+06 0.2 15
900912 0.2025 15
742192 0.205 15
636853 0.2075 15
582030 0.21 15
571008 0.2125 15
600943 0.215 15
680106 0.2175 15
718625 0.22 15
793050 0.2225 15
981951 0.225 15
1.17769e+06 0.2275 15
1.66544e+06 0.23 15
2.17271e+06 0.2325 15
2.61612e+06 0.235 15
2.71415e+06 0.2375 15
2.6042e+06 0.24 15
2.27547e+06 0.2425 15
1.87e+06 0.245 15
1.56222e+06 0.2475 15
0 0.0025 16
0 0.005 16
0 0.0075 16
0 0.01 16
0 0.0125 16
0 0.015 16
0 0.0175 16
0 0.02 16
0 0.0225 16
0 0.025 16
0 0.0275 16
0 0.03 16
0 0.0325 16
0 0.035 16
0 0.0375 16
0 0.04 16
0 0.0425 16
0 0.045 16
0 0.0475 16
0 0.05 16
0 0.0525 16
5119.98 0.055 16
12998 0.0575 16
31597.2 0.06 16
27291.2 0.0625 16
85284.9 0.065 16
152740 0.0675 16
232879 0.07 16
447712 0.0725 16
532954 0.075 16
1.01251e+06 0.0775 16
847994 0.08 16
737437 0.0825 16
625593 0.085 16
648792 0.0875 16
486115 0.09 16
433294 0.0925 16
455260 0.095 16
644436 0.0975 16
964600 0.1 16
1.61278e+06 0.1025 16
2.13307e+06 0.105 16
2.34013e+06 0.1075 16
2.5266e+06 0.11 16
2.79101e+06 0.1125 16
2.79512e+06 0.115 16
2.65818e+06 0.1175 16
2.49746e+06 0.12 16
2.52618e+06 0.1225 16
3.38471e+06 0.125 16
4.1036e+06 0.1275 16
4.84388e+06 0.13 16
5.55791e+06 0.1325 16
6.15495e+06 0.135 16
6.30835e+06 0.1375 16
5.88482e+06 0.14 16
5.13853e+06 0.1425 16
4.40128e+06 0.145 16
3.44853e+06 0.1475 16
2.71437e+06 0.15 16
1.97114e+06 0.1525 16
1.41287e+06 0.155 16
906289 0.1575 16
690158 0.16 16
667502 0.1625 16
710969 0.165 16
862066 0.1675 16
849374 0.17 16
658362 0.1725 16
357672 0.175 16
134351 0.1775 16
194946 0.18 16
627204 0.1825 16
1.39222e+06 0.185 16
2.1704e+06 0.1875 16
2.78045e+06 0.19 16
2.98822e+06 0.1925 16
2.66602e+06 0.195 16
2.03041e+06 0.1975 16
1.335e+06 0.2 16
864942 0.2025 16
710056 0.205 16
851787 0.2075 16
965813 0.21 16
968192 0.2125 16
797772 0.215 16
526651 0.2175 16
413633 0.22 16
729263 0.2225 16
1.5547e+06 0.225 16
2.70738e+06 0.2275 16
3.91757e+06 0.23 16
4.73883e+06 0.2325 16
5.02407e+06 0.235 16
4.66172e+06 0.2375 16
7178.22 0.0025 17
109507 0.005 17
511420 0.0075 17
1.43994e+06 0.01 17
3.01631e+06 0.0125 17
5.15048e+06 0.015 17
7.50745e+06 0.0175 17
9.57371e+06 0.02 17
1.08134e+07 0.0225 17
1.08611e+07 0.025 17
9.67179e+06 0.0275 17
7.55616e+06 0.03 17
5.07493e+06 0.0325 17
2.83338e+06 0.035 17
1.26735e+06 0.0375 17
519274 0.04 17
455406 0.0425 17
799343 0.045 17
1.29598e+06 0.0475 17
1.81212e+06 0.05 17
2.32899e+06 0.0525 17
2.8553e+06 0.055 17
3.33877e+06 0.0575 17
3.64643e+06 0.06 17
3.62856e+06 0.0625 17
3.21801e+06 0.065 17
2.49158e+06 0.0675 17
1.64887e+06 0.07 17
922856 0.0725 17
481115 0.075 17
376127 0.0775 17
561998 0.08 17
947659 0.0825 17
1.4396e+06 0.085 17
1.94936e+06 0.0875 17
2.37938e+06 0.09 17
2.62156e+06 0.0925 17
2.58814e+06 0.095 17
2.25998e+06 0.0975 17
1.71334e+06 0.1 17
1.09667e+06 0.1025 17
564990 0.105 17
212993 0.1075 17
49447.7 0.11 17
24107 0.1125 17
82422 0.115 17
200841 0.1175 17
369084 0.12 17
602819 0.1225 17
816428 0.125 17
920643 0.1275 17
933271 0.13 17
1.01862e+06 0.1325 17
1.20895e+06 0.135 17
1.69061e+06 0.1375 17
2.16511e+06 0.14 17
2.77742e+06 0.1425 17
3.13267e+06 0.145 17
3.18081e+06 0.1475 17
2.76642e+06 0.15 17
2.04634e+06 0.1525 17
1.67522e+06 0.155 17
1.69902e+06 0.1575 17
1.83089e+06 0.16 17
2.55639e+06 0.1625 17
3.20738e+06 0.165 17
3.64321e+06 0.1675 17
3.97043e+06 0.17 17
3.79622e+06 0.1725 17
3.36815e+06 0.175 17
2.96639e+06 0.1775 17
2.59544e+06 0.18 17
2.36707e+06 0.1825 17
2.33222e+06 0.185 17
2.55168e+06 0.1875 17
2.62795e+06 0.19 17
2.57078e+06 0.1925 17
2.44711e+06 0.195 17
2.31108e+06 0.1975 17
2.17884e+06 0.2 17
2.04466e+06 0.2025 17
1.87772e+06 0.205 17
1.67462e+06 0.2075 17
1.29711e+06 0.21 17
1.02475e+06 0.2125 17
759004 0.215 17
583414 0.2175 17
448634 0.22 17
575094 0.2225 17
743203 0.225 17
0 0.0025 18
0 0.005 18
0 0.0075 18
0 0.01 18
0 0.0125 18
0 0.015 18
0 0.0175 18
0 0.02 18
0 0.0225 18
0 0.025 18
0 0.0275 18
0 0.03 18
0 0.0325 18
1566.18 0.035 18
5532.87 0.0375 18
2272.13 0.04 18
8062.14 0.0425 18
23002 0.045 18
28108.2 0.0475 18
24320.2 0.05 18
50097.6 0.0525 18
72678.1 0.055 18
148195 0.0575 18
77482.2 0.06 18
125203 0.0625 18
185941 0.065 18
192926 0.0675 18
241077 0.07 18
230480 0.0725 18
136626 0.075 18
166293 0.0775 18
152756 0.08 18
154125 0.0825 18
168790 0.085 18
245131 0.0875 18
345393 0.09 18
536953 0.0925 18
704307 0.095 18
824193 0.0975 18
864566 0.1 18
879043 0.1025 18
857275 0.105 18
656126 0.1075 18
487045 0.11 18
472005 0.1125 18
673492 0.115 18
1.07769e+06 0.1175 18
1.55327e+06 0.12 18
1.93568e+06 0.1225 18
2.0463e+06 0.125 18
1.95177e+06 0.1275 18
1.56941e+06 0.13 18
1.14172e+06 0.1325 18
760715 0.135 18
565510 0.1375 18
534153 0.14 18
632879 0.1425 18
711309 0.145 18
668062 0.1475 18
581100 0.15 18
462525 0.1525 18
285861 0.155 18
181555 0.1575 18
235331 0.16 18
468558 0.1625 18
934114 0.165 18
1.52958e+06 0.1675 18
2.12835e+06 0.17 18
2.55262e+06 0.1725 18
2.79028e+06 0.175 18
2.69702e+06 0.1775 18
2.38185e+06 0.18 18
1.91297e+06 0.1825 18
1.52453e+06 0.185 18
1.27939e+06 0.1875 18
1.28304e+06 0.19 18
1.21106e+06 0.1925 18
1.15972e+06 0.195 18
1.21219e+06 0.1975 18
1.34017e+06 0.2 18
1.80383e+06 0.2025 18
2.51625e+06 0.205 18
3.21731e+06 0.2075 18
3.85038e+06 0.21 18
4.09337e+06 0.2125 18
0 0.0025 19
0 0.005 19
0 0.0075 19
0 0.01 19
0 0.0125 19
0 0.015 19
0 0.0175 19
0 0.02 19
0 0.0225 19
1820.22 0.025 19
31113.8 0.0275 19
96504.1 0.03 19
165206 0.0325 19
431618 0.035 19
753595 0.0375 19
983632 0.04 19
1.16673e+06 0.0425 19
1.54903e+06 0.045 19
1.80177e+06 0.0475 19
1.73929e+06 0.05 19
1.36152e+06 0.0525 19
991494 0.055 19
961584 0.0575 19
1.10002e+06 0.06 19
1.47064e+06 0.0625 19
1.99964e+06 0.065 19
2.4706e+06 0.0675 19
2.72185e+06 0.07 19
2.79185e+06 0.0725 19
2.51379e+06 0.075 19
2.02372e+06 0.0775 19
1.55325e+06 0.08 19
1.0145e+06 0.0825 19
700555 0.085 19
632948 0.0875 19
711130 0.09 19
1.01291e+06 0.0925 19
1.35174e+06 0.095 19
1.64728e+06 0.0975 19
1.649e+06 0.1 19
1.40889e+06 0.1025 19
1.03387e+06 0.105 19
881123 0.1075 19
742168 0.11 19
1.32504e+06 0.1125 19
2.34822e+06 0.115 19
3.45162e+06 0.1175 19
4.09697e+06 0.12 19
4.19179e+06 0.1225 19
3.77855e+06 0.125 19
2.78978e+06 0.1275 19
1.67669e+06 0.13 19
781881 0.1325 19
462306 0.135 19
704831 0.1375 19
1.33139e+06 0.14 19
1.83945e+06 0.1425 19
2.00283e+06 0.145 19
1.80623e+06 0.1475 19
1.34676e+06 0.15 19
1.07461e+06 0.1525 19
1.03474e+06 0.155 19
1.21161e+06 0.1575 19
1.38748e+06 0.16 19
1.33213e+06 0.1625 19
1.02233e+06 0.165 19
665153 0.1675 19
560925 0.17 19
889299 0.1725 19
1.64401e+06 0.175 19
2.6177e+06 0.1775 19
3.35744e+06 0.18 19
3.62204e+06 0.1825 19
3.43483e+06 0.185 19
2.81162e+06 0.1875 19
2.14916e+06 0.19 19
1.91645e+06 0.1925 19
2.06802e+06 0.195 19
2.39559e+06 0.1975 19
0 0.0025 20
0 0.005 20
0 0.0075 20
520.114 0.01 20
1348.01 0.0125 20
14102.3 0.015 20
33831.1 0.0175 20
87140.8 0.02 20
152626 0.0225 20
212609 0.025 20
361647 0.0275 20
526232 0.03 20
628718 0.0325 20
726673 0.035 20
882419 0.0375 20
1.05467e+06 0.04 20
1.19912e+06 0.0425 20
1.27888e+06 0.045 20
1.26431e+06 0.0475 20
1.1428e+06 0.05 20
923220 0.0525 20
637236 0.055 20
339540 0.0575 20
103714 0.06 20
6356.92 0.0625 20
96663.5 0.065 20
362119 0.0675 20
713393 0.07 20
1.00893e+06 0.0725 20
1.1178e+06 0.075 20
989856 0.0775 20
688302 0.08 20
356694 0.0825 20
134410 0.085 20
73542.3 0.0875 20
115403 0.09 20
147354 0.0925 20
103460 0.095 20
36415.6 0.0975 20
102540 0.1 20
460241 0.1025 20
1.15074e+06 0.105 20
2.02888e+06 0.1075 20
2.8108e+06 0.11 20
3.21657e+06 0.1125 20
3.14167e+06 0.115 20
2.65326e+06 0.1175 20
1.99374e+06 0.12 20
1.46129e+06 0.1225 20
1.18446e+06 0.125 20
1.33543e+06 0.1275 20
1.53734e+06 0.13 20
2.14829e+06 0.1325 20
2.30907e+06 0.135 20
2.55789e+06 0.1375 20
2.79891e+06 0.14 20
2.69074e+06 0.1425 20
2.72674e+06 0.145 20
2.5606e+06 0.1475 20
2.37274e+06 0.15 20
2.00366e+06 0.1525 20
1.62095e+06 0.155 20
1.6827e+06 0.1575 20
1.65758e+06 0.16 20
1.70984e+06 0.1625 20
1.70201e+06 0.165 20
1.87833e+06 0.1675 20
1.96213e+06 0.17 20
2.0754e+06 0.1725 20
2.43695e+06 0.175 20
2.7634e+06 0.1775 20
0 0.0025 21
0 0.005 21
0 0.0075 21
0 0.01 21
0 0.0125 21
0 0.015 21
0 0.0175 21
0 0.02 21
0 0.0225 21
0 0.025 21
0 0.0275 21
0 0.03 21
0 0.0325 21
0 0.035 21
0 0.0375 21
0 0.04 21
0 0.0425 21
0 0.045 21
0 0.0475 21
2813.42 0.05 21
14027 0.0525 21
17421.6 0.055 21
19300.8 0.0575 21
77657.8 0.06 21
260182 0.0625 21
375576 0.065 21
667334 0.0675 21
793395 0.07 21
1.05196e+06 0.0725 21
1.51871e+06 0.075 21
1.78558e+06 0.0775 21
1.98971e+06 0.08 21
2.17802e+06 0.0825 21
2.19923e+06 0.085 21
2.15064e+06 0.0875 21
1.86417e+06 0.09 21
1.76987e+06 0.0925 21
1.45267e+06 0.095 21
1.52531e+06 0.0975 21
1.23143e+06 0.1 21
1.14939e+06 0.1025 21
885882 0.105 21
684935 0.1075 21
708906 0.11 21
461633 0.1125 21
326747 0.115 21
201386 0.1175 21
173716 0.12 21
265731 0.1225 21
356956 0.125 21
317409 0.1275 21
322621 0.13 21
356645 0.1325 21
475351 0.135 21
654930 0.1375 21
833297 0.14 21
1.09938e+06 0.1425 21
1.1345e+06 0.145 21
1.25914e+06 0.1475 21
1.39941e+06 0.15 21
1.9036e+06 0.1525 21
2.59396e+06 0.155 21
3.39138e+06 0.1575 21
4.22129e+06 0.16 21
588357 0.0025 22
1.89874e+06 0.005 22
2.90831e+06 0.0075 22
2.80814e+06 0.01 22
1.6695e+06 0.0125 22
509321 0.015 22
677890 0.0175 22
2.9549e+06 0.02 22
6.94355e+06 0.0225 22
1.1165e+07 0.025 22
1.38097e+07 0.0275 22
1.36986e+07 0.03 22
1.08938e+07 0.0325 22
6.63715e+06 0.035 22
2.69696e+06 0.0375 22
522436 0.04 22
655743 0.0425 22
2.64829e+06 0.045 22
5.42623e+06 0.0475 22
7.83982e+06 0.05 22
9.10687e+06 0.0525 22
8.98949e+06 0.055 22
7.71512e+06 0.0575 22
5.76371e+06 0.06 22
3.6559e+06 0.0625 22
1.8209e+06 0.065 22
552208 0.0675 22
14498.1 0.07 22
257174 0.0725 22
1.20882e+06 0.075 22
2.65708e+06 0.0775 22
4.24476e+06 0.08 22
5.52062e+06 0.0825 22
6.06192e+06 0.085 22
5.63961e+06 0.0875 22
4.35041e+06 0.09 22
2.62892e+06 0.0925 22
1.09873e+06 0.095 22
308880 0.0975 22
480254 0.1 22
1.40013e+06 0.1025 22
2.53178e+06 0.105 22
3.2868e+06 0.1075 22
3.31266e+06 0.11 22
2.63927e+06 0.1125 22
1.61382e+06 0.115 22
678515 0.1175 22
136584 0.12 22
29585 0.1225 22
179716 0.125 22
388991 0.1275 22
592892 0.13 22
722220 0.1325 22
984946 0.135 22
1.41959e+06 0.1375 22
0 0.0025 23
0 0.005 23
0 0.0075 23
0 0.01 23
0 0.0125 23
0 0.015 23
0 0.0175 23
0 0.02 23
0 0.0225 23
0 0.025 23
0 0.0275 23
0 0.03 23
0 0.0325 23
0 0.035 23
0 0.0375 23
3386.24 0.04 23
8631.62 0.0425 23
3304.54 0.045 23
11095.5 0.0475 23
60679.3 0.05 23
61177.5 0.0525 23
173171 0.055 23
281109 0.0575 23
372829 0.06 23
525855 0.0625 23
594268 0.065 23
696564 0.0675 23
795137 0.07 23
1.04139e+06 0.0725 23
838873 0.075 23
879598 0.0775 23
1.11808e+06 0.08 23
1.47571e+06 0.0825 23
2.13426e+06 0.085 23
2.94512e+06 0.0875 23
3.57507e+06 0.09 23
3.93156e+06 0.0925 23
4.39421e+06 0.095 23
4.57027e+06 0.0975 23
4.68505e+06 0.1 23
4.67827e+06 0.1025 23
