3.04523e+07 0.085 0
1.83957e+07 0.0875 0
6.78361e+06 0.09 0
591735 0.0925 0
830080 0.095 0
4.757e+06 0.0975 0
8.26357e+06 0.1 0
8.6178e+06 0.1025 0
5.84332e+06 0.105 0
2.14214e+06 0.1075 0
76287.8 0.11 0
855786 0.1125 0
3.76774e+06 0.115 0
6.88768e+06 0.1175 0
8.40303e+06 0.12 0
7.63586e+06 0.1225 0
5.2155e+06 0.125 0
2.47457e+06 0.1275 0
586899 0.13 0
42.3397 0.1325 0
414060 0.135 0
1.15196e+06 0.1375 0
1.64061e+06 0.14 0
1.68163e+06 0.1425 0
1.40074e+06 0.145 0
984439 0.1475 0
600056 0.15 0
385979 0.1525 0
399857 0.155 0
488422 0.1575 0
636530 0.16 0
917858 0.1625 0
1.17234e+06 0.165 0
1.42274e+06 0.1675 0
1.62814e+06 0.17 0
1.61046e+06 0.1725 0
1.53784e+06 0.175 0
1.12724e+06 0.1775 0
705679 0.18 0
360610 0.1825 0
100761 0.185 0
116966 0.1875 0
252271 0.19 0
477665 0.1925 0
791585 0.195 0
1.13929e+06 0.1975 0
1.4255e+06 0.2 0
1.68049e+06 0.2025 0
1.92472e+06 0.205 0
2.09121e+06 0.2075 0
2.02084e+06 0.21 0
1.93289e+06 0.2125 0
1.8029e+06 0.215 0
1.53546e+06 0.2175 0
1.09993e+06 0.22 0
797924 0.2225 0
549383 0.225 0
455896 0.2275 0
486685 0.23 0
579894 0.2325 0
629598 0.235 0
703107 0.2375 0
699054 0.24 0
679578 0.2425 0
562092 0.245 0
399616 0.2475 0
289117 0.25 0
201951 0.2525 0
269164 0.255 0
415080 0.2575 0
570388 0.26 0
606565 0.2625 0
682836 0.265 0
580567 0.2675 0
491773 0.27 0
291460 0.2725 0
147538 0.275 0
43383.7 0.2775 0
5526.79 0.28 0
29985.4 0.2825 0
82375 0.285 0
144382 0.2875 0
183878 0.29 0
145706 0.2925 0
100922 0.295 0
55134.4 0.2975 0
27460.8 0.3 0
17982.1 0.3025 0
37968.1 0.305 0
79889.2 0.3075 0
114399 0.31 0
177358 0.3125 0
249421 0.315 0
1.23455e+06 0.085 1
2.70667e+06 0.0875 1
4.92086e+06 0.09 1
8.44065e+06 0.0925 1
1.14334e+07 0.095 1
1.43298e+07 0.0975 1
1.61146e+07 0.1 1
1.64489e+07 0.1025 1
1.56708e+07 0.105 1
1.4211e+07 0.1075 1
1.26841e+07 0.11 1
1.11641e+07 0.1125 1
1.06746e+07 0.115 1
1.0533e+07 0.1175 1
1.04646e+07 0.12 1
1.00637e+07 0.1225 1
9.59706e+06 0.125 1
8.37601e+06 0.1275 1
6.59566e+06 0.13 1
5.29443e+06 0.1325 1
3.9797e+06 0.135 1
3.00385e+06 0.1375 1
2.3058e+06 0.14 1
2.00984e+06 0.1425 1
1.78833e+06 0.145 1
1.62293e+06 0.1475 1
1.53492e+06 0.15 1
1.3764e+06 0.1525 1
1.40703e+06 0.155 1
1.51815e+06 0.1575 1
1.59168e+06 0.16 1
1.64422e+06 0.1625 1
1.53303e+06 0.165 1
1.39348e+06 0.1675 1
1.16928e+06 0.17 1
884879 0.1725 1
667231 0.175 1
475610 0.1775 1
285543 0.18 1
281564 0.1825 1
431250 0.185 1
596404 0.1875 1
788595 0.19 1
1.00477e+06 0.1925 1
1.24763e+06 0.195 1
1.55355e+06 0.1975 1
1.91844e+06 0.2 1
2.23056e+06 0.2025 1
2.54431e+06 0.205 1
2.64038e+06 0.2075 1
2.5533e+06 0.21 1
2.23167e+06 0.2125 1
1.76821e+06 0.215 1
1.28454e+06 0.2175 1
855283 0.22 1
581790 0.2225 1
522855 0.225 1
637385 0.2275 1
745538 0.23 1
959233 0.2325 1
1.17726e+06 0.235 1
1.36787e+06 0.2375 1
1.47678e+06 0.24 1
1.48617e+06 0.2425 1
1.41284e+06 0.245 1
1.28932e+06 0.2475 1
1.13888e+06 0.25 1
979974 0.2525 1
806013 0.255 1
665875 0.2575 1
640200 0.26 1
568097 0.2625 1
667253 0.265 1
955410 0.2675 1
1.32049e+06 0.27 1
1.68893e+06 0.2725 1
1.98481e+06 0.275 1
2.19332e+06 0.2775 1
2.15748e+06 0.28 1
1.96021e+06 0.2825 1
1.59223e+06 0.285 1
1.2704e+06 0.2875 1
1.09705e+06 0.29 1
941561 0.2925 1
979086 0.295 1
1.09624e+06 0.2975 1
1.21979e+06 0.3 1
1.21407e+06 0.3025 1
1.11339e+06 0.305 1
901529 0.3075 1
656249 0.31 1
407133 0.3125 1
210792 0.315 1
5.11413e+07 0.0825 2
4.43019e+07 0.085 2
3.84675e+07 0.0875 2
3.49834e+07 0.09 2
3.37363e+07 0.0925 2
3.34522e+07 0.095 2
3.25407e+07 0.0975 2
2.99839e+07 0.1 2
2.57872e+07 0.1025 2
2.08057e+07 0.105 2
1.61457e+07 0.1075 2
1.25055e+07 0.11 2
9.94918e+06 0.1125 2
8.05087e+06 0.115 2
6.33906e+06 0.1175 2
4.5636e+06 0.12 2
2.75542e+06 0.1225 2
1.8608e+06 0.125 2
1.08131e+06 0.1275 2
1.13901e+06 0.13 2
1.49128e+06 0.1325 2
1.78096e+06 0.135 2
1.48053e+06 0.1375 2
1.39925e+06 0.14 2
1.38552e+06 0.1425 2
1.72647e+06 0.145 2
2.10238e+06 0.1475 2
2.76783e+06 0.15 2
3.0946e+06 0.1525 2
2.91614e+06 0.155 2
2.33697e+06 0.1575 2
1.5449e+06 0.16 2
976250 0.1625 2
743584 0.165 2
1.03061e+06 0.1675 2
1.66387e+06 0.17 2
2.32258e+06 0.1725 2
2.75491e+06 0.175 2
3.03704e+06 0.1775 2
2.8809e+06 0.18 2
2.45659e+06 0.1825 2
1.79273e+06 0.185 2
1.38186e+06 0.1875 2
959097 0.19 2
659243 0.1925 2
551129 0.195 2
604172 0.1975 2
618312 0.2 2
663349 0.2025 2
552607 0.205 2
534751 0.2075 2
513714 0.21 2
540920 0.2125 2
635401 0.215 2
787920 0.2175 2
843885 0.22 2
877198 0.2225 2
968380 0.225 2
964570 0.2275 2
905695 0.23 2
896325 0.2325 2
932405 0.235 2
921046 0.2375 2
996345 0.24 2
1.06319e+06 0.2425 2
1.17889e+06 0.245 2
1.29201e+06 0.2475 2
1.3275e+06 0.25 2
1.24799e+06 0.2525 2
1.20379e+06 0.255 2
1.0178e+06 0.2575 2
843583 0.26 2
718854 0.2625 2
561406 0.265 2
392628 0.2675 2
282705 0.27 2
293048 0.2725 2
436645 0.275 2
659786 0.2775 2
974864 0.28 2
1.26254e+06 0.2825 2
1.48477e+06 0.285 2
1.69245e+06 0.2875 2
1.83585e+06 0.29 2
1.90637e+06 0.2925 2
1.91484e+06 0.295 2
2.09315e+06 0.2975 2
2.10722e+06 0.3 2
2.07079e+06 0.3025 2
1.97929e+06 0.305 2
1.8954e+06 0.3075 2
1.73433e+06 0.31 2
1.46947e+06 0.3125 2
1.17021e+06 0.315 2
1.79213e+07 0.0825 3
9.47802e+06 0.085 3
6.16625e+06 0.0875 3
6.7723e+06 0.09 3
8.52934e+06 0.0925 3
8.95803e+06 0.095 3
7.19124e+06 0.0975 3
4.12722e+06 0.1 3
1.53151e+06 0.1025 3
792729 0.105 3
2.1016e+06 0.1075 3
4.51956e+06 0.11 3
6.64124e+06 0.1125 3
7.56786e+06 0.115 3
7.19708e+06 0.1175 3
6.04606e+06 0.12 3
5.03372e+06 0.1225 3
4.65639e+06 0.125 3
5.0036e+06 0.1275 3
5.4445e+06 0.13 3
5.48057e+06 0.1325 3
4.69067e+06 0.135 3
3.32471e+06 0.1375 3
1.81165e+06 0.14 3
689050 0.1425 3
174649 0.145 3
213136 0.1475 3
553693 0.15 3
1.01733e+06 0.1525 3
1.3726e+06 0.155 3
1.76279e+06 0.1575 3
2.04065e+06 0.16 3
2.42195e+06 0.1625 3
2.87091e+06 0.165 3
2.96942e+06 0.1675 3
2.95142e+06 0.17 3
2.7738e+06 0.1725 3
2.32153e+06 0.175 3
1.7527e+06 0.1775 3
1.13054e+06 0.18 3
782956 0.1825 3
665786 0.185 3
679862 0.1875 3
1.03111e+06 0.19 3
1.34368e+06 0.1925 3
1.41201e+06 0.195 3
1.43771e+06 0.1975 3
1.21769e+06 0.2 3
911181 0.2025 3
610565 0.205 3
440141 0.2075 3
555227 0.21 3
861217 0.2125 3
1.3085e+06 0.215 3
1.76999e+06 0.2175 3
2.0006e+06 0.22 3
2.03247e+06 0.2225 3
1.8356e+06 0.225 3
1.43027e+06 0.2275 3
1.06668e+06 0.23 3
793750 0.2325 3
675610 0.235 3
778046 0.2375 3
1.07456e+06 0.24 3
1.4486e+06 0.2425 3
1.76333e+06 0.245 3
1.9872e+06 0.2475 3
2.08459e+06 0.25 3
2.11416e+06 0.2525 3
2.02175e+06 0.255 3
1.8824e+06 0.2575 3
1.6307e+06 0.26 3
1.3043e+06 0.2625 3
894434 0.265 3
564054 0.2675 3
270610 0.27 3
134818 0.2725 3
140772 0.275 3
287103 0.2775 3
510240 0.28 3
779430 0.2825 3
920235 0.285 3
944706 0.2875 3
867857 0.29 3
725324 0.2925 3
631858 0.295 3
557925 0.2975 3
584497 0.3 3
638723 0.3025 3
704748 0.305 3
751414 0.3075 3
763007 0.31 3
763643 0.3125 3
813986 0.315 3
1.67143e+06 0.08 4
2.07068e+06 0.0825 4
2.19071e+06 0.085 4
2.22015e+06 0.0875 4
1.71131e+06 0.09 4
1.79598e+06 0.0925 4
1.66422e+06 0.095 4
1.47612e+06 0.0975 4
1.5463e+06 0.1 4
1.99023e+06 0.1025 4
1.78554e+06 0.105 4
1.50393e+06 0.1075 4
1.28482e+06 0.11 4
1.06179e+06 0.1125 4
873488 0.115 4
726926 0.1175 4
908527 0.12 4
1.05743e+06 0.1225 4
1.28029e+06 0.125 4
1.60119e+06 0.1275 4
1.6162e+06 0.13 4
1.29226e+06 0.1325 4
1.13683e+06 0.135 4
1.03021e+06 0.1375 4
915434 0.14 4
894230 0.1425 4
988897 0.145 4
1.02462e+06 0.1475 4
1.05316e+06 0.15 4
1.04686e+06 0.1525 4
918711 0.155 4
871211 0.1575 4
683962 0.16 4
597682 0.1625 4
501269 0.165 4
505493 0.1675 4
764213 0.17 4
1.18457e+06 0.1725 4
1.69678e+06 0.175 4
2.23952e+06 0.1775 4
2.61556e+06 0.18 4
2.74731e+06 0.1825 4
2.57778e+06 0.185 4
2.1942e+06 0.1875 4
1.64149e+06 0.19 4
1.06705e+06 0.1925 4
611983 0.195 4
330812 0.1975 4
208847 0.2 4
282717 0.2025 4
438539 0.205 4
608040 0.2075 4
749050 0.21 4
868513 0.2125 4
802895 0.215 4
758350 0.2175 4
627386 0.22 4
513079 0.2225 4
417584 0.225 4
429856 0.2275 4
442382 0.23 4
504827 0.2325 4
482242 0.235 4
514632 0.2375 4
508315 0.24 4
436968 0.2425 4
421090 0.245 4
459888 0.2475 4
451862 0.25 4
477368 0.2525 4
614742 0.255 4
842015 0.2575 4
1.07876e+06 0.26 4
1.3115e+06 0.2625 4
1.57084e+06 0.265 4
1.65511e+06 0.2675 4
1.62175e+06 0.27 4
1.39671e+06 0.2725 4
1.04989e+06 0.275 4
729406 0.2775 4
505244 0.28 4
403803 0.2825 4
377608 0.285 4
392694 0.2875 4
369356 0.29 4
298763 0.2925 4
198460 0.295 4
142897 0.2975 4
176504 0.3 4
302129 0.3025 4
497234 0.305 4
715472 0.3075 4
931828 0.31 4
1.03276e+06 0.3125 4
2.41042e+07 0.0775 5
2.37837e+07 0.08 5
2.06991e+07 0.0825 5
1.57129e+07 0.085 5
1.08324e+07 0.0875 5
8.12569e+06 0.09 5
8.54063e+06 0.0925 5
1.13545e+07 0.095 5
1.45966e+07 0.0975 5
1.61804e+07 0.1 5
1.50531e+07 0.1025 5
1.16809e+07 0.105 5
7.62883e+06 0.1075 5
4.55732e+06 0.11 5
3.28563e+06 0.1125 5
3.47378e+06 0.115 5
4.04052e+06 0.1175 5
3.97005e+06 0.12 5
2.95868e+06 0.1225 5
1.51674e+06 0.125 5
529124 0.1275 5
616779 0.13 5
1.72974e+06 0.1325 5
3.20341e+06 0.135 5
4.2078e+06 0.1375 5
4.31273e+06 0.14 5
3.46135e+06 0.1425 5
2.24064e+06 0.145 5
1.10553e+06 0.1475 5
875451 0.15 5
1.39473e+06 0.1525 5
2.01782e+06 0.155 5
2.75422e+06 0.1575 5
3.29895e+06 0.16 5
3.53018e+06 0.1625 5
3.07821e+06 0.165 5
2.85793e+06 0.1675 5
2.36859e+06 0.17 5
1.77949e+06 0.1725 5
1.41243e+06 0.175 5
955732 0.1775 5
632707 0.18 5
418751 0.1825 5
240150 0.185 5
158801 0.1875 5
151439 0.19 5
352616 0.1925 5
601479 0.195 5
932318 0.1975 5
1.51015e+06 0.2 5
1.93258e+06 0.2025 5
2.26037e+06 0.205 5
2.4232e+06 0.2075 5
2.37225e+06 0.21 5
2.24796e+06 0.2125 5
1.9467e+06 0.215 5
1.57384e+06 0.2175 5
1.23766e+06 0.22 5
895619 0.2225 5
579500 0.225 5
397319 0.2275 5
257378 0.23 5
254429 0.2325 5
426617 0.235 5
661968 0.2375 5
910836 0.24 5
1.02833e+06 0.2425 5
1.33017e+06 0.245 5
1.32893e+06 0.2475 5
1.28759e+06 0.25 5
1.25685e+06 0.2525 5
1.17622e+06 0.255 5
1.09583e+06 0.2575 5
939960 0.26 5
845645 0.2625 5
746478 0.265 5
590312 0.2675 5
473533 0.27 5
462512 0.2725 5
468635 0.275 5
555188 0.2775 5
672827 0.28 5
766073 0.2825 5
809876 0.285 5
765673 0.2875 5
694943 0.29 5
684555 0.2925 5
701387 0.295 5
743345 0.2975 5
799596 0.3 5
811309 0.3025 5
751167 0.305 5
623871 0.3075 5
466608 0.31 5
3.13488e+07 0.075 6
4.15865e+07 0.0775 6
4.94436e+07 0.08 6
5.60026e+07 0.0825 6
6.06572e+07 0.085 6
6.15786e+07 0.0875 6
5.94846e+07 0.09 6
5.29753e+07 0.0925 6
4.49386e+07 0.095 6
3.47872e+07 0.0975 6
2.53941e+07 0.1 6
1.83369e+07 0.1025 6
1.36154e+07 0.105 6
1.09954e+07 0.1075 6
9.79277e+06 0.11 6
9.89909e+06 0.1125 6
1.05183e+07 0.115 6
1.05158e+07 0.1175 6
1.01223e+07 0.12 6
9.70954e+06 0.1225 6
8.52165e+06 0.125 6
7.2756e+06 0.1275 6
6.50375e+06 0.13 6
5.31504e+06 0.1325 6
4.4406e+06 0.135 6
3.66445e+06 0.1375 6
2.97302e+06 0.14 6
2.44231e+06 0.1425 6
2.07531e+06 0.145 6
1.84248e+06 0.1475 6
1.60083e+06 0.15 6
1.16775e+06 0.1525 6
712374 0.155 6
338895 0.1575 6
181751 0.16 6
415649 0.1625 6
1.0855e+06 0.165 6
2.18911e+06 0.1675 6
3.33146e+06 0.17 6
4.38498e+06 0.1725 6
4.93319e+06 0.175 6
5.06893e+06 0.1775 6
4.45559e+06 0.18 6
3.36322e+06 0.1825 6
2.13497e+06 0.185 6
1.2022e+06 0.1875 6
693397 0.19 6
627574 0.1925 6
815034 0.195 6
1.09936e+06 0.1975 6
1.28726e+06 0.2 6
1.20073e+06 0.2025 6
1.04333e+06 0.205 6
829769 0.2075 6
601697 0.21 6
594302 0.2125 6
676930 0.215 6
938994 0.2175 6
1.16972e+06 0.22 6
1.49293e+06 0.2225 6
1.73377e+06 0.225 6
1.96786e+06 0.2275 6
2.03067e+06 0.23 6
2.05886e+06 0.2325 6
1.84139e+06 0.235 6
1.56532e+06 0.2375 6
1.21589e+06 0.24 6
928562 0.2425 6
707128 0.245 6
676756 0.2475 6
845394 0.25 6
1.17688e+06 0.2525 6
1.52827e+06 0.255 6
1.9193e+06 0.2575 6
2.18235e+06 0.26 6
2.28117e+06 0.2625 6
2.20092e+06 0.265 6
1.99001e+06 0.2675 6
1.73496e+06 0.27 6
1.51004e+06 0.2725 6
1.42633e+06 0.275 6
1.36898e+06 0.2775 6
1.33712e+06 0.28 6
1.25897e+06 0.2825 6
1.215e+06 0.285 6
1.17416e+06 0.2875 6
1.08483e+06 0.29 6
993102 0.2925 6
1.01816e+06 0.295 6
995215 0.2975 6
989040 0.3 6
898730 0.3025 6
765144 0.305 6
540460 0.3075 6
4.50194e+06 0.0725 7
5.18022e+06 0.075 7
6.21332e+06 0.0775 7
7.21971e+06 0.08 7
7.82446e+06 0.0825 7
7.78435e+06 0.085 7
7.0632e+06 0.0875 7
5.82472e+06 0.09 7
4.35012e+06 0.0925 7
2.9245e+06 0.095 7
1.74687e+06 0.0975 7
898334 0.1 7
365902 0.1025 7
90387.7 0.105 7
2857.6 0.1075 7
34864.6 0.11 7
128473 0.1125 7
186213 0.115 7
228008 0.1175 7
194320 0.12 7
232323 0.1225 7
464566 0.125 7
1.02229e+06 0.1275 7
1.8755e+06 0.13 7
3.00628e+06 0.1325 7
4.20309e+06 0.135 7
5.03429e+06 0.1375 7
5.36914e+06 0.14 7
5.17909e+06 0.1425 7
4.42612e+06 0.145 7
3.35541e+06 0.1475 7
2.25628e+06 0.15 7
1.39667e+06 0.1525 7
920189 0.155 7
1.00509e+06 0.1575 7
1.32788e+06 0.16 7
1.88695e+06 0.1625 7
2.23692e+06 0.165 7
2.51256e+06 0.1675 7
2.49594e+06 0.17 7
2.21645e+06 0.1725 7
1.93177e+06 0.175 7
1.676e+06 0.1775 7
1.75453e+06 0.18 7
1.75463e+06 0.1825 7
2.1572e+06 0.185 7
2.3801e+06 0.1875 7
2.73505e+06 0.19 7
2.83647e+06 0.1925 7
2.76827e+06 0.195 7
2.78473e+06 0.1975 7
2.72287e+06 0.2 7
2.51892e+06 0.2025 7
2.26175e+06 0.205 7
1.72505e+06 0.2075 7
1.2682e+06 0.21 7
722035 0.2125 7
313759 0.215 7
312374 0.2175 7
511628 0.22 7
727363 0.2225 7
943327 0.225 7
1.09152e+06 0.2275 7
1.01063e+06 0.23 7
968883 0.2325 7
741892 0.235 7
636631 0.2375 7
562595 0.24 7
496103 0.2425 7
481965 0.245 7
471846 0.2475 7
553579 0.25 7
654024 0.2525 7
594569 0.255 7
496872 0.2575 7
325809 0.26 7
216147 0.2625 7
261947 0.265 7
498726 0.2675 7
828821 0.27 7
1.2358e+06 0.2725 7
1.50889e+06 0.275 7
1.65426e+06 0.2775 7
1.67998e+06 0.28 7
1.67283e+06 0.2825 7
1.70314e+06 0.285 7
1.7624e+06 0.2875 7
1.94388e+06 0.29 7
2.02406e+06 0.2925 7
1.94985e+06 0.295 7
1.75106e+06 0.2975 7
1.37571e+06 0.3 7
1.09908e+06 0.3025 7
809018 0.305 7
5.07694e+06 0.0675 8
4.34807e+06 0.07 8
3.04289e+06 0.0725 8
1.80691e+06 0.075 8
1.03587e+06 0.0775 8
876117 0.08 8
1.51278e+06 0.0825 8
2.39125e+06 0.085 8
3.09929e+06 0.0875 8
3.17743e+06 0.09 8
2.41766e+06 0.0925 8
1.28321e+06 0.095 8
291733 0.0975 8
34682 0.1 8
818747 0.1025 8
2.51153e+06 0.105 8
4.49733e+06 0.1075 8
6.00372e+06 0.11 8
6.46749e+06 0.1125 8
5.94218e+06 0.115 8
4.70125e+06 0.1175 8
3.24865e+06 0.12 8
2.20189e+06 0.1225 8
2.39038e+06 0.125 8
2.78656e+06 0.1275 8
3.58423e+06 0.13 8
3.95438e+06 0.1325 8
4.08223e+06 0.135 8
3.77704e+06 0.1375 8
3.23987e+06 0.14 8
2.51184e+06 0.1425 8
1.99195e+06 0.145 8
1.55865e+06 0.1475 8
1.24666e+06 0.15 8
986065 0.1525 8
756874 0.155 8
545744 0.1575 8
415748 0.16 8
358224 0.1625 8
413990 0.165 8
627976 0.1675 8
1.07045e+06 0.17 8
1.36995e+06 0.1725 8
1.65418e+06 0.175 8
1.92304e+06 0.1775 8
2.0026e+06 0.18 8
2.00111e+06 0.1825 8
1.91627e+06 0.185 8
1.63911e+06 0.1875 8
1.34866e+06 0.19 8
965079 0.1925 8
715550 0.195 8
683391 0.1975 8
946736 0.2 8
929719 0.2025 8
1.05501e+06 0.205 8
1.14021e+06 0.2075 8
1.00697e+06 0.21 8
835115 0.2125 8
609976 0.215 8
520164 0.2175 8
562386 0.22 8
770731 0.2225 8
1.06397e+06 0.225 8
1.41417e+06 0.2275 8
1.5655e+06 0.23 8
1.60604e+06 0.2325 8
1.55424e+06 0.235 8
1.38622e+06 0.2375 8
1.15227e+06 0.24 8
1.05062e+06 0.2425 8
1.09154e+06 0.245 8
1.25034e+06 0.2475 8
1.37974e+06 0.25 8
1.45845e+06 0.2525 8
1.39985e+06 0.255 8
1.22683e+06 0.2575 8
967258 0.26 8
632121 0.2625 8
404702 0.265 8
290875 0.2675 8
376366 0.27 8
634636 0.2725 8
939310 0.275 8
1.27652e+06 0.2775 8
1.51695e+06 0.28 8
1.63883e+06 0.2825 8
1.63182e+06 0.285 8
1.57495e+06 0.2875 8
1.44787e+06 0.29 8
1.19934e+06 0.2925 8
974357 0.295 8
761067 0.2975 8
1.64889e+06 0.0625 9
2.17606e+06 0.065 9
2.25927e+06 0.0675 9
2.64164e+06 0.07 9
2.78472e+06 0.0725 9
3.30877e+06 0.075 9
3.51668e+06 0.0775 9
3.88366e+06 0.08 9
3.46577e+06 0.0825 9
2.90674e+06 0.085 9
2.17177e+06 0.0875 9
1.3517e+06 0.09 9
782989 0.0925 9
704278 0.095 9
1.40171e+06 0.0975 9
2.86425e+06 0.1 9
4.78092e+06 0.1025 9
6.7363e+06 0.105 9
8.48557e+06 0.1075 9
9.0746e+06 0.11 9
9.70672e+06 0.1125 9
9.44259e+06 0.115 9
9.3436e+06 0.1175 9
9.00786e+06 0.12 9
8.80464e+06 0.1225 9
8.68231e+06 0.125 9
8.43553e+06 0.1275 9
7.63397e+06 0.13 9
6.78075e+06 0.1325 9
5.60821e+06 0.135 9
4.16488e+06 0.1375 9
2.87748e+06 0.14 9
2.07664e+06 0.1425 9
1.43138e+06 0.145 9
995504 0.1475 9
877397 0.15 9
905518 0.1525 9
1.15853e+06 0.155 9
1.45801e+06 0.1575 9
1.97775e+06 0.16 9
2.68876e+06 0.1625 9
3.59333e+06 0.165 9
4.17347e+06 0.1675 9
4.47327e+06 0.17 9
4.39766e+06 0.1725 9
3.71942e+06 0.175 9
3.15655e+06 0.1775 9
2.5686e+06 0.18 9
2.17442e+06 0.1825 9
1.898e+06 0.185 9
1.68192e+06 0.1875 9
1.55869e+06 0.19 9
1.51013e+06 0.1925 9
1.53958e+06 0.195 9
1.75208e+06 0.1975 9
2.23563e+06 0.2 9
2.79044e+06 0.2025 9
3.34276e+06 0.205 9
3.66697e+06 0.2075 9
3.65525e+06 0.21 9
3.19309e+06 0.2125 9
2.53392e+06 0.215 9
1.74533e+06 0.2175 9
939826 0.22 9
415028 0.2225 9
210612 0.225 9
300590 0.2275 9
577883 0.23 9
891806 0.2325 9
1.10785e+06 0.235 9
1.19859e+06 0.2375 9
1.12801e+06 0.24 9
1.04901e+06 0.2425 9
991769 0.245 9
994912 0.2475 9
1.01068e+06 0.25 9
1.1203e+06 0.2525 9
1.15386e+06 0.255 9
1.23028e+06 0.2575 9
1.14932e+06 0.26 9
1.03424e+06 0.2625 9
890475 0.265 9
765247 0.2675 9
677427 0.27 9
615993 0.2725 9
549334 0.275 9
518007 0.2775 9
545649 0.28 9
686328 0.2825 9
946894 0.285 9
1.23591e+06 0.2875 9
1.48201e+06 0.29 9
1.5775e+06 0.2925 9
3.84703e+06 0.055 10
4.72011e+06 0.0575 10
4.77247e+06 0.06 10
4.03983e+06 0.0625 10
2.86761e+06 0.065 10
1.72699e+06 0.0675 10
992339 0.07 10
793741 0.0725 10
1.00716e+06 0.075 10
1.36618e+06 0.0775 10
1.61848e+06 0.08 10
1.63904e+06 0.0825 10
1.45115e+06 0.085 10
1.16578e+06 0.0875 10
893988 0.09 10
690670 0.0925 10
555116 0.095 10
470908 0.0975 10
443167 0.1 10
500253 0.1025 10
659775 0.105 10
889828 0.1075 10
1.10257e+06 0.11 10
1.19389e+06 0.1125 10
1.10697e+06 0.115 10
875484 0.1175 10
612104 0.12 10
445317 0.1225 10
446727 0.125 10
556883 0.1275 10
665456 0.13 10
683356 0.1325 10
593071 0.135 10
482104 0.1375 10
399828 0.14 10
573552 0.1425 10
713732 0.145 10
943833 0.1475 10
1.15626e+06 0.15 10
1.56695e+06 0.1525 10
1.57375e+06 0.155 10
1.80469e+06 0.1575 10
2.31052e+06 0.16 10
2.7285e+06 0.1625 10
2.96682e+06 0.165 10
2.91979e+06 0.1675 10
2.33266e+06 0.17 10
1.85934e+06 0.1725 10
1.17002e+06 0.175 10
1.0134e+06 0.1775 10
990141 0.18 10
1.36821e+06 0.1825 10
1.82541e+06 0.185 10
2.13685e+06 0.1875 10
2.01011e+06 0.19 10
1.61342e+06 0.1925 10
1.15388e+06 0.195 10
852422 0.1975 10
934984 0.2 10
1.25281e+06 0.2025 10
1.62318e+06 0.205 10
2.00833e+06 0.2075 10
2.17044e+06 0.21 10
2.11374e+06 0.2125 10
1.94911e+06 0.215 10
1.80192e+06 0.2175 10
1.72923e+06 0.22 10
1.60126e+06 0.2225 10
1.34515e+06 0.225 10
1.13447e+06 0.2275 10
880362 0.23 10
725879 0.2325 10
641530 0.235 10
817777 0.2375 10
990918 0.24 10
1.05246e+06 0.2425 10
936675 0.245 10
758294 0.2475 10
582751 0.25 10
583666 0.2525 10
754341 0.255 10
994024 0.2575 10
1.31157e+06 0.26 10
1.62127e+06 0.2625 10
1.92783e+06 0.265 10
2.20371e+06 0.2675 10
2.56648e+06 0.27 10
2.83835e+06 0.2725 10
2.87225e+06 0.275 10
2.83401e+06 0.2775 10
2.68667e+06 0.28 10
2.50648e+06 0.2825 10
2.24365e+06 0.285 10
1.97266e+06 0.2875 10
0 0.0475 11
0 0.05 11
0 0.0525 11
0 0.055 11
0 0.0575 11
3045.91 0.06 11
23155.7 0.0625 11
40935.5 0.065 11
59390.7 0.0675 11
198397 0.07 11
447067 0.0725 11
732207 0.075 11
1.14996e+06 0.0775 11
1.55794e+06 0.08 11
2.18473e+06 0.0825 11
3.16088e+06 0.085 11
4.08791e+06 0.0875 11
4.43801e+06 0.09 11
4.99843e+06 0.0925 11
5.37164e+06 0.095 11
6.20633e+06 0.0975 11
6.1177e+06 0.1 11
6.35467e+06 0.1025 11
6.28337e+06 0.105 11
5.9153e+06 0.1075 11
5.23305e+06 0.11 11
5.46142e+06 0.1125 11
4.76807e+06 0.115 11
4.23745e+06 0.1175 11
3.45121e+06 0.12 11
2.83467e+06 0.1225 11
2.57437e+06 0.125 11
2.18763e+06 0.1275 11
1.95458e+06 0.13 11
1.89106e+06 0.1325 11
1.6887e+06 0.135 11
1.58844e+06 0.1375 11
1.51549e+06 0.14 11
1.4711e+06 0.1425 11
1.47575e+06 0.145 11
1.58595e+06 0.1475 11
1.77591e+06 0.15 11
1.9317e+06 0.1525 11
2.11885e+06 0.155 11
2.04848e+06 0.1575 11
1.94931e+06 0.16 11
1.81462e+06 0.1625 11
1.82487e+06 0.165 11
1.75493e+06 0.1675 11
1.71498e+06 0.17 11
1.88652e+06 0.1725 11
1.95202e+06 0.175 11
2.23297e+06 0.1775 11
2.37843e+06 0.18 11
2.46631e+06 0.1825 11
2.44708e+06 0.185 11
2.18947e+06 0.1875 11
1.9617e+06 0.19 11
1.66768e+06 0.1925 11
1.28603e+06 0.195 11
867733 0.1975 11
567058 0.2 11
429814 0.2025 11
485431 0.205 11
688950 0.2075 11
961423 0.21 11
1.14783e+06 0.2125 11
1.14136e+06 0.215 11
983424 0.2175 11
784008 0.22 11
490788 0.2225 11
502671 0.225 11
993905 0.2275 11
1.61729e+06 0.23 11
2.41468e+06 0.2325 11
2.98131e+06 0.235 11
3.31077e+06 0.2375 11
3.13172e+06 0.24 11
2.57111e+06 0.2425 11
1.99597e+06 0.245 11
1.60062e+06 0.2475 11
1.47582e+06 0.25 11
1.63365e+06 0.2525 11
1.9284e+06 0.255 11
2.14678e+06 0.2575 11
2.20193e+06 0.26 11
2.09225e+06 0.2625 11
1.7687e+06 0.265 11
1.36371e+06 0.2675 11
1.04026e+06 0.27 11
849528 0.2725 11
820685 0.275 11
854694 0.2775 11
908244 0.28 11
1.03383e+06 0.2825 11
1.23107e+07 0.0375 12
1.11207e+07 0.04 12
9.53104e+06 0.0425 12
7.57981e+06 0.045 12
5.38988e+06 0.0475 12
3.22022e+06 0.05 12
1.42563e+06 0.0525 12
329293 0.055 12
72903.4 0.0575 12
532192 0.06 12
1.35403e+06 0.0625 12
2.10389e+06 0.065 12
2.44932e+06 0.0675 12
2.28498e+06 0.07 12
1.73939e+06 0.0725 12
1.07116e+06 0.075 12
521221 0.0775 12
204836 0.08 12
94374.4 0.0825 12
85626.9 0.085 12
92945.6 0.0875 12
109265 0.09 12
197411 0.0925 12
426446 0.095 12
800552 0.0975 12
1.22911e+06 0.1 12
1.55808e+06 0.1025 12
1.64493e+06 0.105 12
1.43491e+06 0.1075 12
998674 0.11 12
513383 0.1125 12
198257 0.115 12
237628 0.1175 12
703292 0.12 12
1.56491e+06 0.1225 12
2.61429e+06 0.125 12
3.60656e+06 0.1275 12
4.29949e+06 0.13 12
4.56394e+06 0.1325 12
4.26071e+06 0.135 12
3.50394e+06 0.1375 12
2.52642e+06 0.14 12
1.52593e+06 0.1425 12
833231 0.145 12
569077 0.1475 12
612892 0.15 12
1.00788e+06 0.1525 12
1.54589e+06 0.155 12
1.93193e+06 0.1575 12
2.02264e+06 0.16 12
1.9191e+06 0.1625 12
1.63577e+06 0.165 12
1.30429e+06 0.1675 12
1.25044e+06 0.17 12
1.23266e+06 0.1725 12
1.23111e+06 0.175 12
1.41307e+06 0.1775 12
1.60324e+06 0.18 12
1.45193e+06 0.1825 12
1.21979e+06 0.185 12
883738 0.1875 12
479914 0.19 12
229380 0.1925 12
182054 0.195 12
438401 0.1975 12
900679 0.2 12
1.33112e+06 0.2025 12
1.64088e+06 0.205 12
1.57959e+06 0.2075 12
1.29418e+06 0.21 12
887782 0.2125 12
420846 0.215 12
105841 0.2175 12
19794.8 0.22 12
242087 0.2225 12
653586 0.225 12
1.12171e+06 0.2275 12
1.45178e+06 0.23 12
1.67035e+06 0.2325 12
1.66018e+06 0.235 12
1.47265e+06 0.2375 12
1.23158e+06 0.24 12
1.0032e+06 0.2425 12
957405 0.245 12
1.02637e+06 0.2475 12
1.30235e+06 0.25 12
1.56059e+06 0.2525 12
1.75923e+06 0.255 12
1.84809e+06 0.2575 12
1.81219e+06 0.26 12
1.56005e+06 0.2625 12
1.2415e+06 0.265 12
948725 0.2675 12
714565 0.27 12
593372 0.2725 12
530684 0.275 12
0 0.0175 13
0 0.02 13
0 0.0225 13
0 0.025 13
0 0.0275 13
0 0.03 13
14.8109 0.0325 13
19267.2 0.035 13
203214 0.0375 13
451911 0.04 13
725031 0.0425 13
1.20245e+06 0.045 13
1.85798e+06 0.0475 13
2.29384e+06 0.05 13
2.89609e+06 0.0525 13
3.06423e+06 0.055 13
3.38741e+06 0.0575 13
2.80583e+06 0.06 13
2.1351e+06 0.0625 13
1.40188e+06 0.065 13
1.09537e+06 0.0675 13
1.30591e+06 0.07 13
2.4301e+06 0.0725 13
4.25652e+06 0.075 13
6.81315e+06 0.0775 13
9.02961e+06 0.08 13
1.10437e+07 0.0825 13
1.15597e+07 0.085 13
1.1054e+07 0.0875 13
9.32939e+06 0.09 13
7.19807e+06 0.0925 13
5.19772e+06 0.095 13
3.43818e+06 0.0975 13
2.27552e+06 0.1 13
1.65017e+06 0.1025 13
1.39845e+06 0.105 13
1.1708e+06 0.1075 13
955848 0.11 13
732494 0.1125 13
451153 0.115 13
343581 0.1175 13
543094 0.12 13
756192 0.1225 13
888533 0.125 13
1.16097e+06 0.1275 13
1.26224e+06 0.13 13
1.32169e+06 0.1325 13
1.39208e+06 0.135 13
1.51786e+06 0.1375 13
1.7572e+06 0.14 13
1.95815e+06 0.1425 13
1.93129e+06 0.145 13
1.69133e+06 0.1475 13
1.29287e+06 0.15 13
883543 0.1525 13
732194 0.155 13
756240 0.1575 13
1.01339e+06 0.16 13
1.38709e+06 0.1625 13
1.64003e+06 0.165 13
1.67302e+06 0.1675 13
1.62952e+06 0.17 13
1.23489e+06 0.1725 13
1.05078e+06 0.175 13
1.02784e+06 0.1775 13
879564 0.18 13
745535 0.1825 13
679550 0.185 13
683787 0.1875 13
646711 0.19 13
895524 0.1925 13
1.28499e+06 0.195 13
1.70066e+06 0.1975 13
1.98441e+06 0.2 13
1.89359e+06 0.2025 13
1.6405e+06 0.205 13
1.21304e+06 0.2075 13
857142 0.21 13
495093 0.2125 13
451740 0.215 13
609087 0.2175 13
719257 0.22 13
889635 0.2225 13
1.11677e+06 0.225 13
1.1502e+06 0.2275 13
1.0967e+06 0.23 13
1.16487e+06 0.2325 13
1.14651e+06 0.235 13
1.06409e+06 0.2375 13
1.02909e+06 0.24 13
1.02734e+06 0.2425 13
918575 0.245 13
924874 0.2475 13
886443 0.25 13
873451 0.2525 13
939461 0.255 13
972205 0.2575 13
1.01199e+06 0.26 13
973080 0.2625 13
827025 0.265 13
695903 0.2675 13
0 0.02 14
0 0.0225 14
0 0.025 14
0 0.0275 14
0 0.03 14
5642.61 0.0325 14
42199 0.035 14
41533 0.0375 14
165009 0.04 14
441595 0.0425 14
626503 0.045 14
779580 0.0475 14
1.16592e+06 0.05 14
1.82275e+06 0.0525 14
1.76871e+06 0.055 14
1.78023e+06 0.0575 14
1.7141e+06 0.06 14
1.56369e+06 0.0625 14
1.1824e+06 0.065 14
715158 0.0675 14
324285 0.07 14
60361.8 0.0725 14
2261.97 0.075 14
118401 0.0775 14
348259 0.08 14
533096 0.0825 14
591137 0.085 14
603507 0.0875 14
504388 0.09 14
440613 0.0925 14
425105 0.095 14
432208 0.0975 14
516515 0.1 14
476588 0.1025 14
427262 0.105 14
519947 0.1075 14
543675 0.11 14
577690 0.1125 14
625476 0.115 14
603147 0.1175 14
697699 0.12 14
754069 0.1225 14
810197 0.125 14
882587 0.1275 14
917341 0.13 14
1.04722e+06 0.1325 14
1.02425e+06 0.135 14
994950 0.1375 14
1.03123e+06 0.14 14
1.15273e+06 0.1425 14
1.55262e+06 0.145 14
1.82831e+06 0.1475 14
2.24341e+06 0.15 14
2.37503e+06 0.1525 14
2.31138e+06 0.155 14
2.21241e+06 0.1575 14
2.18085e+06 0.16 14
2.15215e+06 0.1625 14
2.15091e+06 0.165 14
2.2993e+06 0.1675 14
2.51457e+06 0.17 14
2.4058e+06 0.1725 14
2.09313e+06 0.175 14
1.51976e+06 0.1775 14
939911 0.18 14
503696 0.1825 14
339035 0.185 14
333129 0.1875 14
374069 0.19 14
392663 0.1925 14
349622 0.195 14
273709 0.1975 14
318715 0.2 14
421488 0.2025 14
542604 0.205 14
690885 0.2075 14
744420 0.21 14
699932 0.2125 14
714791 0.215 14
787433 0.2175 14
1.17111e+06 0.22 14
1.68246e+06 0.2225 14
2.2895e+06 0.225 14
2.59468e+06 0.2275 14
2.48126e+06 0.23 14
2.10329e+06 0.2325 14
1.65403e+06 0.235 14
1.40768e+06 0.2375 14
1.49519e+06 0.24 14
1.90384e+06 0.2425 14
2.48025e+06 0.245 14
2.9506e+06 0.2475 14
3.05815e+06 0.25 14
2.82607e+06 0.2525 14
2.33257e+06 0.255 14
1.8573e+06 0.2575 14
213095 0.0125 15
464833 0.015 15
862674 0.0175 15
1.2957e+06 0.02 15
1.58672e+06 0.0225 15
1.61394e+06 0.025 15
1.32967e+06 0.0275 15
833460 0.03 15
353563 0.0325 15
151322 0.035 15
391783 0.0375 15
1.05089e+06 0.04 15
1.91687e+06 0.0425 15
2.69397e+06 0.045 15
3.15726e+06 0.0475 15
3.27347e+06 0.05 15
3.21642e+06 0.0525 15
3.26307e+06 0.055 15
3.62412e+06 0.0575 15
4.30371e+06 0.06 15
5.06974e+06 0.0625 15
5.55658e+06 0.065 15
5.44827e+06 0.0675 15
4.64513e+06 0.07 15
3.32543e+06 0.0725 15
1.87086e+06 0.075 15
697328 0.0775 15
79620.1 0.08 15
56002.5 0.0825 15
450438 0.085 15
986549 0.0875 15
1.4243e+06 0.09 15
1.64912e+06 0.0925 15
1.67933e+06 0.095 15
1.60665e+06 0.0975 15
1.51704e+06 0.1 15
1.43997e+06 0.1025 15
1.34797e+06 0.105 15
1.19469e+06 0.1075 15
959506 0.11 15
668999 0.1125 15
385292 0.115 15
180113 0.1175 15
89290.6 0.12 15
84226.7 0.1225 15
164824 0.125 15
326778 0.1275 15
369383 0.13 15
489058 0.1325 15
507628 0.135 15
358058 0.1375 15
313421 0.14 15
305305 0.1425 15
229974 0.145 15
226982 0.1475 15
147127 0.15 15
147314 0.1525 15
193974 0.155 15
243228 0.1575 15
305846 0.16 15
342117 0.1625 15
469041 0.165 15
554078 0.1675 15
550846 0.17 15
525719 0.1725 15
552318 0.175 15
458279 0.1775 15
389188 0.18 15
319815 0.1825 15
311462 0.185 15
544889 0.1875 15
949091 0.19 15
1.57858e+06 0.1925 15
2.07167e+06 0.195 15
2.76041e+06 0.1975 15
3.03083e+06 0.2 15
3.20171e+06 0.2025 15
2.92708e+06 0.205 15
2.4693e+06 0.2075 15
1.72853e+06 0.21 15
1.03139e+06 0.2125 15
582390 0.215 15
503624 0.2175 15
835818 0.22 15
1.32353e+06 0.2225 15
1.85513e+06 0.225 15
2.25135e+06 0.2275 15
2.54753e+06 0.23 15
2.54854e+06 0.2325 15
2.20386e+06 0.235 15
1.89163e+06 0.2375 15
1.63614e+06 0.24 15
1.45019e+06 0.2425 15
1.2473e+06 0.245 15
1.01095e+06 0.2475 15
0 0.0025 16
0 0.005 16
0 0.0075 16
0 0.01 16
0 0.0125 16
0 0.015 16
0 0.0175 16
0 0.02 16
0 0.0225 16
0 0.025 16
0 0.0275 16
0 0.03 16
0 0.0325 16
0 0.035 16
0 0.0375 16
0 0.04 16
0 0.0425 16
0 0.045 16
0 0.0475 16
0 0.05 16
0 0.0525 16
0 0.055 16
0 0.0575 16
11383.6 0.06 16
2188.85 0.0625 16
43229.4 0.065 16
57753.7 0.0675 16
239241 0.07 16
500574 0.0725 16
774641 0.075 16
797535 0.0775 16
1.64757e+06 0.08 16
2.41334e+06 0.0825 16
3.1775e+06 0.085 16
4.03249e+06 0.0875 16
4.87662e+06 0.09 16
5.06868e+06 0.0925 16
4.89026e+06 0.095 16
4.69201e+06 0.0975 16
4.17675e+06 0.1 16
3.44766e+06 0.1025 16
2.59665e+06 0.105 16
1.52514e+06 0.1075 16
910109 0.11 16
549806 0.1125 16
743335 0.115 16
1.43425e+06 0.1175 16
2.66353e+06 0.12 16
4.12998e+06 0.1225 16
5.35079e+06 0.125 16
6.15731e+06 0.1275 16
7.07302e+06 0.13 16
7.59334e+06 0.1325 16
7.84811e+06 0.135 16
7.89123e+06 0.1375 16
7.29373e+06 0.14 16
6.61873e+06 0.1425 16
5.76687e+06 0.145 16
4.82014e+06 0.1475 16
3.96342e+06 0.15 16
3.05155e+06 0.1525 16
2.37524e+06 0.155 16
1.8011e+06 0.1575 16
1.31378e+06 0.16 16
1.00972e+06 0.1625 16
786121 0.165 16
725013 0.1675 16
777260 0.17 16
942564 0.1725 16
1.03856e+06 0.175 16
1.09374e+06 0.1775 16
1.02726e+06 0.18 16
1.08465e+06 0.1825 16
1.1956e+06 0.185 16
1.3948e+06 0.1875 16
1.74088e+06 0.19 16
2.07251e+06 0.1925 16
2.4516e+06 0.195 16
2.73e+06 0.1975 16
2.79593e+06 0.2 16
2.61858e+06 0.2025 16
2.20044e+06 0.205 16
1.61615e+06 0.2075 16
1.02353e+06 0.21 16
559779 0.2125 16
334333 0.215 16
376234 0.2175 16
637586 0.22 16
1.08939e+06 0.2225 16
1.65734e+06 0.225 16
2.15278e+06 0.2275 16
2.58381e+06 0.23 16
2.85759e+06 0.2325 16
2.99048e+06 0.235 16
3.07345e+06 0.2375 16
17477.5 0.0025 17
260579 0.005 17
1.17203e+06 0.0075 17
3.13501e+06 0.01 17
6.16299e+06 0.0125 17
9.77517e+06 0.015 17
1.31356e+07 0.0175 17
1.53857e+07 0.02 17
1.5995e+07 0.0225 17
1.49537e+07 0.025 17
1.27238e+07 0.0275 17
1.00007e+07 0.03 17
7.42509e+06 0.0325 17
5.39257e+06 0.035 17
4.02422e+06 0.0375 17
3.26492e+06 0.04 17
3.00924e+06 0.0425 17
3.16588e+06 0.045 17
3.6367e+06 0.0475 17
4.25799e+06 0.05 17
4.77888e+06 0.0525 17
4.9208e+06 0.055 17
4.49717e+06 0.0575 17
3.52184e+06 0.06 17
2.23305e+06 0.0625 17
1.00802e+06 0.065 17
207969 0.0675 17
33259.5 0.07 17
459033 0.0725 17
1.27293e+06 0.075 17
2.18182e+06 0.0775 17
2.9264e+06 0.08 17
3.35357e+06 0.0825 17
3.43079e+06 0.085 17
3.21896e+06 0.0875 17
2.83046e+06 0.09 17
2.38956e+06 0.0925 17
1.99828e+06 0.095 17
1.70777e+06 0.0975 17
1.50388e+06 0.1 17
1.32166e+06 0.1025 17
1.0948e+06 0.105 17
820460 0.1075 17
598103 0.11 17
603056 0.1125 17
990614 0.115 17
1.77642e+06 0.1175 17
2.76902e+06 0.12 17
3.6143e+06 0.1225 17
3.94505e+06 0.125 17
3.58315e+06 0.1275 17
2.6154e+06 0.13 17
1.43668e+06 0.1325 17
513175 0.135 17
148595 0.1375 17
425901 0.14 17
1.06479e+06 0.1425 17
1.88484e+06 0.145 17
2.3333e+06 0.1475 17
2.32489e+06 0.15 17
2.25999e+06 0.1525 17
2.01561e+06 0.155 17
1.7498e+06 0.1575 17
1.58855e+06 0.16 17
1.5959e+06 0.1625 17
1.57649e+06 0.165 17
1.3383e+06 0.1675 17
1.19225e+06 0.17 17
1.07811e+06 0.1725 17
835112 0.175 17
754853 0.1775 17
617083 0.18 17
592860 0.1825 17
578431 0.185 17
543742 0.1875 17
780765 0.19 17
1.16913e+06 0.1925 17
1.67938e+06 0.195 17
2.20164e+06 0.1975 17
2.6292e+06 0.2 17
2.90906e+06 0.2025 17
3.02948e+06 0.205 17
3.20436e+06 0.2075 17
3.44136e+06 0.21 17
3.56801e+06 0.2125 17
3.62022e+06 0.215 17
3.33124e+06 0.2175 17
2.75239e+06 0.22 17
2.08175e+06 0.2225 17
1.58794e+06 0.225 17
0 0.0025 18
0 0.005 18
0 0.0075 18
0 0.01 18
0 0.0125 18
0 0.015 18
0 0.0175 18
0 0.02 18
0 0.0225 18
0 0.025 18
0 0.0275 18
0 0.03 18
0 0.0325 18
0 0.035 18
4089.9 0.0375 18
3084.05 0.04 18
4451.72 0.0425 18
21113.8 0.045 18
17203.8 0.0475 18
20480.2 0.05 18
30345.1 0.0525 18
49566.3 0.055 18
80522.2 0.0575 18
95265.1 0.06 18
165828 0.0625 18
228764 0.065 18
416077 0.0675 18
485002 0.07 18
390415 0.0725 18
230329 0.075 18
158856 0.0775 18
104699 0.08 18
63389.9 0.0825 18
57842.6 0.085 18
93584.7 0.0875 18
128956 0.09 18
312671 0.0925 18
510464 0.095 18
798092 0.0975 18
731686 0.1 18
799067 0.1025 18
1.02775e+06 0.105 18
1.11591e+06 0.1075 18
1.07751e+06 0.11 18
1.25605e+06 0.1125 18
1.3958e+06 0.115 18
1.7145e+06 0.1175 18
2.05399e+06 0.12 18
2.49281e+06 0.1225 18
2.94274e+06 0.125 18
3.17157e+06 0.1275 18
3.27564e+06 0.13 18
3.25467e+06 0.1325 18
2.83325e+06 0.135 18
2.15765e+06 0.1375 18
1.56156e+06 0.14 18
1.02006e+06 0.1425 18
671654 0.145 18
556811 0.1475 18
667287 0.15 18
822386 0.1525 18
988601 0.155 18
1.12572e+06 0.1575 18
1.21684e+06 0.16 18
1.16639e+06 0.1625 18
1.11205e+06 0.165 18
1.00556e+06 0.1675 18
998990 0.17 18
1.21689e+06 0.1725 18
1.53262e+06 0.175 18
1.85523e+06 0.1775 18
2.30966e+06 0.18 18
2.60455e+06 0.1825 18
2.6108e+06 0.185 18
2.42325e+06 0.1875 18
2.02481e+06 0.19 18
1.35942e+06 0.1925 18
952163 0.195 18
727475 0.1975 18
744053 0.2 18
1.02141e+06 0.2025 18
1.47028e+06 0.205 18
2.00748e+06 0.2075 18
2.64796e+06 0.21 18
3.39933e+06 0.2125 18
0 0.0025 19
0 0.005 19
0 0.0075 19
0 0.01 19
0 0.0125 19
0 0.015 19
0 0.0175 19
0 0.02 19
0 0.0225 19
0 0.025 19
369.858 0.0275 19
66882 0.03 19
136897 0.0325 19
119759 0.035 19
292447 0.0375 19
452277 0.04 19
834214 0.0425 19
977695 0.045 19
928118 0.0475 19
962143 0.05 19
1.05877e+06 0.0525 19
845467 0.055 19
639296 0.0575 19
356134 0.06 19
204723 0.0625 19
256247 0.065 19
444147 0.0675 19
643048 0.07 19
742881 0.0725 19
646515 0.075 19
412836 0.0775 19
186485 0.08 19
117871 0.0825 19
336390 0.085 19
933319 0.0875 19
1.86546e+06 0.09 19
2.75564e+06 0.0925 19
3.51634e+06 0.095 19
3.9041e+06 0.0975 19
3.87698e+06 0.1 19
3.50792e+06 0.1025 19
3.00039e+06 0.105 19
2.51578e+06 0.1075 19
2.15072e+06 0.11 19
1.92875e+06 0.1125 19
1.60183e+06 0.115 19
1.31159e+06 0.1175 19
935198 0.12 19
569561 0.1225 19
331862 0.125 19
251319 0.1275 19
308896 0.13 19
557545 0.1325 19
766415 0.135 19
911551 0.1375 19
969700 0.14 19
949172 0.1425 19
984289 0.145 19
1.09049e+06 0.1475 19
1.31499e+06 0.15 19
1.6022e+06 0.1525 19
1.80945e+06 0.155 19
1.85733e+06 0.1575 19
1.77703e+06 0.16 19
1.59379e+06 0.1625 19
1.48223e+06 0.165 19
1.51476e+06 0.1675 19
1.69279e+06 0.17 19
2.08167e+06 0.1725 19
2.51444e+06 0.175 19
2.72548e+06 0.1775 19
2.76494e+06 0.18 19
2.42584e+06 0.1825 19
2.00616e+06 0.185 19
1.61553e+06 0.1875 19
1.7156e+06 0.19 19
2.17236e+06 0.1925 19
2.99808e+06 0.195 19
3.8029e+06 0.1975 19
0 0.0025 20
0 0.005 20
0 0.0075 20
0 0.01 20
2617.39 0.0125 20
3597.81 0.015 20
49667.3 0.0175 20
122933 0.02 20
189832 0.0225 20
391900 0.025 20
644576 0.0275 20
915073 0.03 20
1.19968e+06 0.0325 20
1.35646e+06 0.035 20
1.50246e+06 0.0375 20
1.52464e+06 0.04 20
1.41084e+06 0.0425 20
1.19315e+06 0.045 20
935642 0.0475 20
713356 0.05 20
585222 0.0525 20
573334 0.055 20
658778 0.0575 20
796236 0.06 20
939313 0.0625 20
1.06214e+06 0.065 20
1.16476e+06 0.0675 20
1.25976e+06 0.07 20
1.3498e+06 0.0725 20
1.41242e+06 0.075 20
1.40483e+06 0.0775 20
1.28817e+06 0.08 20
1.05742e+06 0.0825 20
756476 0.085 20
465901 0.0875 20
266737 0.09 20
200000 0.0925 20
246008 0.095 20
337291 0.0975 20
398928 0.1 20
392949 0.1025 20
339982 0.105 20
304399 0.1075 20
351332 0.11 20
505701 0.1125 20
720452 0.115 20
911722 0.1175 20
1.02872e+06 0.12 20
1.07216e+06 0.1225 20
921493 0.125 20
954042 0.1275 20
1.00712e+06 0.13 20
1.37747e+06 0.1325 20
1.82451e+06 0.135 20
2.21556e+06 0.1375 20
2.58756e+06 0.14 20
2.98971e+06 0.1425 20
3.15396e+06 0.145 20
3.08321e+06 0.1475 20
3.12381e+06 0.15 20
2.97346e+06 0.1525 20
2.85734e+06 0.155 20
2.64608e+06 0.1575 20
2.33022e+06 0.16 20
2.07354e+06 0.1625 20
1.75302e+06 0.165 20
1.86279e+06 0.1675 20
2.12823e+06 0.17 20
2.77018e+06 0.1725 20
3.26056e+06 0.175 20
3.59084e+06 0.1775 20
0 0.0025 21
0 0.005 21
0 0.0075 21
0 0.01 21
0 0.0125 21
0 0.015 21
0 0.0175 21
0 0.02 21
0 0.0225 21
0 0.025 21
0 0.0275 21
0 0.03 21
0 0.0325 21
0 0.035 21
0 0.0375 21
0 0.04 21
0 0.0425 21
0 0.045 21
0 0.0475 21
0 0.05 21
0 0.0525 21
1337.11 0.055 21
17469.9 0.0575 21
79458 0.06 21
147724 0.0625 21
250905 0.065 21
442391 0.0675 21
489469 0.07 21
581200 0.0725 21
923424 0.075 21
1.01296e+06 0.0775 21
1.12487e+06 0.08 21
1.45397e+06 0.0825 21
1.5864e+06 0.085 21
1.66655e+06 0.0875 21
1.57741e+06 0.09 21
1.85106e+06 0.0925 21
1.65702e+06 0.095 21
1.54706e+06 0.0975 21
1.50138e+06 0.1 21
1.16359e+06 0.1025 21
921382 0.105 21
797058 0.1075 21
554087 0.11 21
451181 0.1125 21
374366 0.115 21
407285 0.1175 21
533793 0.12 21
559959 0.1225 21
625807 0.125 21
515435 0.1275 21
459448 0.13 21
367406 0.1325 21
328518 0.135 21
371205 0.1375 21
587090 0.14 21
869991 0.1425 21
1.33183e+06 0.145 21
1.84166e+06 0.1475 21
2.26605e+06 0.15 21
2.64918e+06 0.1525 21
2.86068e+06 0.155 21
3.07676e+06 0.1575 21
2.99431e+06 0.16 21
748590 0.0025 22
2.64716e+06 0.005 22
4.83251e+06 0.0075 22
6.36594e+06 0.01 22
6.70287e+06 0.0125 22
5.94758e+06 0.015 22
4.76748e+06 0.0175 22
4.0231e+06 0.02 22
4.31532e+06 0.0225 22
5.68399e+06 0.025 22
7.60132e+06 0.0275 22
9.24525e+06 0.03 22
9.89851e+06 0.0325 22
9.27051e+06 0.035 22
7.59618e+06 0.0375 22
5.48943e+06 0.04 22
3.64741e+06 0.0425 22
2.55841e+06 0.045 22
2.34102e+06 0.0475 22
2.76153e+06 0.05 22
3.38982e+06 0.0525 22
3.80269e+06 0.055 22
3.74435e+06 0.0575 22
3.19301e+06 0.06 22
2.33159e+06 0.0625 22
1.45477e+06 0.065 22
855293 0.0675 22
725362 0.07 22
1.09595e+06 0.0725 22
1.82625e+06 0.075 22
2.64632e+06 0.0775 22
3.24476e+06 0.08 22
3.3781e+06 0.0825 22
2.96492e+06 0.085 22
2.12561e+06 0.0875 22
1.14396e+06 0.09 22
358497 0.0925 22
24667.9 0.095 22
207535 0.0975 22
755581 0.1 22
1.37122e+06 0.1025 22
1.74798e+06 0.105 22
1.71072e+06 0.1075 22
1.29175e+06 0.11 22
705943 0.1125 22
237308 0.115 22
94676.6 0.1175 22
309992 0.12 22
731150 0.1225 22
1.11173e+06 0.125 22
1.24866e+06 0.1275 22
1.09222e+06 0.13 22
758076 0.1325 22
461125 0.135 22
375503 0.1375 22
0 0.0025 23
0 0.005 23
0 0.0075 23
0 0.01 23
0 0.0125 23
0 0.015 23
0 0.0175 23
0 0.02 23
0 0.0225 23
0 0.025 23
0 0.0275 23
0 0.03 23
0 0.0325 23
0 0.035 23
0 0.0375 23
0 0.04 23
480.604 0.0425 23
29635.3 0.045 23
104652 0.0475 23
116214 0.05 23
260980 0.0525 23
476262 0.055 23
511685 0.0575 23
649021 0.06 23
614449 0.0625 23
655533 0.065 23
416959 0.0675 23
359632 0.07 23
340261 0.0725 23
320441 0.075 23
368447 0.0775 23
605199 0.08 23
859983 0.0825 23
1.27605e+06 0.085 23
1.77212e+06 0.0875 23
1.83195e+06 0.09 23
1.82473e+06 0.0925 23
1.80582e+06 0.095 23
1.61087e+06 0.0975 23
1.26274e+06 0.1 23
981010 0.1025 23
