10   0.0833    0
10   0.0843    0
10   0.0853    0
10   0.0863    0
10   0.0873    0
10   0.0883    0
10   0.0893    0
10   0.0903    0
10   0.0913    0
10   0.0923    0
10   0.0933    0
10   0.0943    0
10   0.0953    0
10   0.0963    0
10   0.0973    0
10   0.0983    0
10   0.0993    0
10   0.1003    0
10   0.1013    0
10   0.1023    0
10   0.1033    0
10   0.1043    0
10   0.1053    0
10   0.1063    0
10   0.1073    0
10   0.1083    0
10   0.1093    0
10   0.1103    0
10   0.1113    0
10   0.1123    0
10   0.1133    0
10   0.1143    0
10   0.1153    0
10   0.1163    0
10   0.1173    0
10   0.1183    0
10   0.1193    0
10   0.1203    0
10   0.1213    0
10   0.1223    0
10   0.1233    0
10   0.1243    0
10   0.1253    0
10   0.1263    0
10   0.1273    0
10   0.1283    0
10   0.1293    0
10   0.1303    0
10   0.1313    0
10   0.1323    0
10   0.1333    0
10   0.1343    0
10   0.1353    0
10   0.1363    0
10   0.1373    0
10   0.1383    0
10   0.1393    0
10   0.1403    0
10   0.1413    0
10   0.1423    0
10   0.1433    0
10   0.1443    0
10   0.1453    0
10   0.1463    0
10   0.1473    0
10   0.1483    0
10   0.1493    0
10   0.1503    0
10   0.1513    0
10   0.1523    0
10   0.1533    0
10   0.1543    0
10   0.1553    0
10   0.1563    0
10   0.1573    0
10   0.1583    0
10   0.1593    0
10   0.1603    0
10   0.1613    0
10   0.1623    0
10   0.1633    0
10   0.1643    0
10   0.1653    0
10   0.1663    0
10   0.1673    0
10   0.1683    0
10   0.1693    0
10   0.1703    0
10   0.1713    0
10   0.1723    0
10   0.1733    0
10   0.1743    0
10   0.1753    0
10   0.1763    0
10   0.1773    0
10   0.1783    0
10   0.1793    0
10   0.1803    0
10   0.1813    0
10   0.1823    0
10   0.1833    0
10   0.1843    0
10   0.1853    0
10   0.1863    0
10   0.1873    0
10   0.1883    0
10   0.1893    0
10   0.1903    0
10   0.1913    0
10   0.1923    0
10   0.1933    0
10   0.1943    0
10   0.1953    0
10   0.1963    0
10   0.1973    0
10   0.1983    0
10   0.1993    0
10   0.2003    0
10   0.2013    0
10   0.2023    0
10   0.2033    0
10   0.2043    0
10   0.2053    0
10   0.2063    0
10   0.2073    0
10   0.2083    0
10   0.2093    0
10   0.2103    0
10   0.2113    0
10   0.2123    0
10   0.2133    0
10   0.2143    0
10   0.2153    0
10   0.2163    0
10   0.2173    0
10   0.2183    0
10   0.2193    0
10   0.2203    0
10   0.2213    0
10   0.2223    0
10   0.2233    0
10   0.2243    0
10   0.2253    0
10   0.2263    0
10   0.2273    0
10   0.2283    0
10   0.2293    0
10   0.2303    0
10   0.2313    0
10   0.2323    0
10   0.2333    0
10   0.2343    0
10   0.2353    0
10   0.2363    0
10   0.2373    0
10   0.2383    0
10   0.2393    0
10   0.2403    0
10   0.2413    0
10   0.2423    0
10   0.2433    0
10   0.2443    0
10   0.2453    0
10   0.2463    0
10   0.2473    0
10   0.2483    0
10   0.2493    0
10   0.2503    0
10   0.2513    0
10   0.2523    0
10   0.2533    0
10   0.2543    0
10   0.2553    0
10   0.2563    0
10   0.2573    0
10   0.2583    0
10   0.2593    0
10   0.2603    0
10   0.2613    0
10   0.2623    0
10   0.2633    0
10   0.2643    0
10   0.2653    0
10   0.2663    0
10   0.2673    0
10   0.2683    0
10   0.2693    0
10   0.2703    0
10   0.2713    0
10   0.2723    0
10   0.2733    0
10   0.2743    0
10   0.2753    0
10   0.2763    0
10   0.2773    0
10   0.2783    0
10   0.2793    0
10   0.2803    0
10   0.2813    0
10   0.2823    0
10   0.2833    0
10   0.2843    0
10   0.2853    0
10   0.2863    0
10   0.2873    0
10   0.2883    0
10   0.2893    0
10   0.2903    0
10   0.2913    0
10   0.2923    0
10   0.2933    0
10   0.2943    0
10   0.2953    0
10   0.2963    0
10   0.2973    0
10   0.2983    0
10   0.2993    0
10   0.3003    0
10   0.3013    0
10   0.3023    0
10   0.3033    0
10   0.3043    0
10   0.3053    0
10   0.3063    0
10   0.3073    0
10   0.3083    0
10   0.3093    0
10   0.3103    0
10   0.3113    0
10   0.3123    0
10   0.3133    0
10   0.3143    0
10   0.3153    0
10   0.3163    0
10   0.3173    0
10   0.3183    0
10   0.3193    0
10   0.3203    0
10   0.3213    0
10   0.3223    0
10   0.3233    0
10   0.3243    0
10   0.3253    0
10   0.3263    0
10   0.3273    0
10   0.3283    0
10   0.3293    0
10   0.3303    0
10   0.3313    0
10   0.3323    0
10   0.0833    1
10   0.0843    1
10   0.0853    1
10   0.0863    1
10   0.0873    1
10   0.0883    1
10   0.0893    1
10   0.0903    1
10   0.0913    1
10   0.0923    1
10   0.0933    1
10   0.0943    1
10   0.0953    1
10   0.0963    1
10   0.0973    1
10   0.0983    1
10   0.0993    1
10   0.1003    1
10   0.1013    1
10   0.1023    1
10   0.1033    1
10   0.1043    1
10   0.1053    1
10   0.1063    1
10   0.1073    1
10   0.1083    1
10   0.1093    1
10   0.1103    1
10   0.1113    1
10   0.1123    1
10   0.1133    1
10   0.1143    1
10   0.1153    1
10   0.1163    1
10   0.1173    1
10   0.1183    1
10   0.1193    1
10   0.1203    1
10   0.1213    1
10   0.1223    1
10   0.1233    1
10   0.1243    1
10   0.1253    1
10   0.1263    1
10   0.1273    1
10   0.1283    1
10   0.1293    1
10   0.1303    1
10   0.1313    1
10   0.1323    1
10   0.1333    1
10   0.1343    1
10   0.1353    1
10   0.1363    1
10   0.1373    1
10   0.1383    1
10   0.1393    1
10   0.1403    1
10   0.1413    1
10   0.1423    1
10   0.1433    1
10   0.1443    1
10   0.1453    1
10   0.1463    1
10   0.1473    1
10   0.1483    1
10   0.1493    1
10   0.1503    1
10   0.1513    1
10   0.1523    1
10   0.1533    1
10   0.1543    1
10   0.1553    1
10   0.1563    1
10   0.1573    1
10   0.1583    1
10   0.1593    1
10   0.1603    1
10   0.1613    1
10   0.1623    1
10   0.1633    1
10   0.1643    1
10   0.1653    1
10   0.1663    1
10   0.1673    1
10   0.1683    1
10   0.1693    1
10   0.1703    1
10   0.1713    1
10   0.1723    1
10   0.1733    1
10   0.1743    1
10   0.1753    1
10   0.1763    1
10   0.1773    1
10   0.1783    1
10   0.1793    1
10   0.1803    1
10   0.1813    1
10   0.1823    1
10   0.1833    1
10   0.1843    1
10   0.1853    1
10   0.1863    1
10   0.1873    1
10   0.1883    1
10   0.1893    1
10   0.1903    1
10   0.1913    1
10   0.1923    1
10   0.1933    1
10   0.1943    1
10   0.1953    1
10   0.1963    1
10   0.1973    1
10   0.1983    1
10   0.1993    1
10   0.2003    1
10   0.2013    1
10   0.2023    1
10   0.2033    1
10   0.2043    1
10   0.2053    1
10   0.2063    1
10   0.2073    1
10   0.2083    1
10   0.2093    1
10   0.2103    1
10   0.2113    1
10   0.2123    1
10   0.2133    1
10   0.2143    1
10   0.2153    1
10   0.2163    1
10   0.2173    1
10   0.2183    1
10   0.2193    1
10   0.2203    1
10   0.2213    1
10   0.2223    1
10   0.2233    1
10   0.2243    1
10   0.2253    1
10   0.2263    1
10   0.2273    1
10   0.2283    1
10   0.2293    1
10   0.2303    1
10   0.2313    1
10   0.2323    1
10   0.2333    1
10   0.2343    1
10   0.2353    1
10   0.2363    1
10   0.2373    1
10   0.2383    1
10   0.2393    1
10   0.2403    1
10   0.2413    1
10   0.2423    1
10   0.2433    1
10   0.2443    1
10   0.2453    1
10   0.2463    1
10   0.2473    1
10   0.2483    1
10   0.2493    1
10   0.2503    1
10   0.2513    1
10   0.2523    1
10   0.2533    1
10   0.2543    1
10   0.2553    1
10   0.2563    1
10   0.2573    1
10   0.2583    1
10   0.2593    1
10   0.2603    1
10   0.2613    1
10   0.2623    1
10   0.2633    1
10   0.2643    1
10   0.2653    1
10   0.2663    1
10   0.2673    1
10   0.2683    1
10   0.2693    1
10   0.2703    1
10   0.2713    1
10   0.2723    1
10   0.2733    1
10   0.2743    1
10   0.2753    1
10   0.2763    1
10   0.2773    1
10   0.2783    1
10   0.2793    1
10   0.2803    1
10   0.2813    1
10   0.2823    1
10   0.2833    1
10   0.2843    1
10   0.2853    1
10   0.2863    1
10   0.2873    1
10   0.2883    1
10   0.2893    1
10   0.2903    1
10   0.2913    1
10   0.2923    1
10   0.2933    1
10   0.2943    1
10   0.2953    1
10   0.2963    1
10   0.2973    1
10   0.2983    1
10   0.2993    1
10   0.3003    1
10   0.3013    1
10   0.3023    1
10   0.3033    1
10   0.3043    1
10   0.3053    1
10   0.3063    1
10   0.3073    1
10   0.3083    1
10   0.3093    1
10   0.3103    1
10   0.3113    1
10   0.3123    1
10   0.3133    1
10   0.3143    1
10   0.3153    1
10   0.3163    1
10   0.3173    1
10   0.3183    1
10   0.3193    1
10   0.3203    1
10   0.3213    1
10   0.3223    1
10   0.3233    1
10   0.3243    1
10   0.3253    1
10   0.3263    1
10   0.3273    1
10   0.3283    1
10   0.3293    1
10   0.3303    1
10   0.3313    1
10   0.3323    1
10   0.0833    2
10   0.0843    2
10   0.0853    2
10   0.0863    2
10   0.0873    2
10   0.0883    2
10   0.0893    2
10   0.0903    2
10   0.0913    2
10   0.0923    2
10   0.0933    2
10   0.0943    2
10   0.0953    2
10   0.0963    2
10   0.0973    2
10   0.0983    2
10   0.0993    2
10   0.1003    2
10   0.1013    2
10   0.1023    2
10   0.1033    2
10   0.1043    2
10   0.1053    2
10   0.1063    2
10   0.1073    2
10   0.1083    2
10   0.1093    2
10   0.1103    2
10   0.1113    2
10   0.1123    2
10   0.1133    2
10   0.1143    2
10   0.1153    2
10   0.1163    2
10   0.1173    2
10   0.1183    2
10   0.1193    2
10   0.1203    2
10   0.1213    2
10   0.1223    2
10   0.1233    2
10   0.1243    2
10   0.1253    2
10   0.1263    2
10   0.1273    2
10   0.1283    2
10   0.1293    2
10   0.1303    2
10   0.1313    2
10   0.1323    2
10   0.1333    2
10   0.1343    2
10   0.1353    2
10   0.1363    2
10   0.1373    2
10   0.1383    2
10   0.1393    2
10   0.1403    2
10   0.1413    2
10   0.1423    2
10   0.1433    2
10   0.1443    2
10   0.1453    2
10   0.1463    2
10   0.1473    2
10   0.1483    2
10   0.1493    2
10   0.1503    2
10   0.1513    2
10   0.1523    2
10   0.1533    2
10   0.1543    2
10   0.1553    2
10   0.1563    2
10   0.1573    2
10   0.1583    2
10   0.1593    2
10   0.1603    2
10   0.1613    2
10   0.1623    2
10   0.1633    2
10   0.1643    2
10   0.1653    2
10   0.1663    2
10   0.1673    2
10   0.1683    2
10   0.1693    2
10   0.1703    2
10   0.1713    2
10   0.1723    2
10   0.1733    2
10   0.1743    2
10   0.1753    2
10   0.1763    2
10   0.1773    2
10   0.1783    2
10   0.1793    2
10   0.1803    2
10   0.1813    2
10   0.1823    2
10   0.1833    2
10   0.1843    2
10   0.1853    2
10   0.1863    2
10   0.1873    2
10   0.1883    2
10   0.1893    2
10   0.1903    2
10   0.1913    2
10   0.1923    2
10   0.1933    2
10   0.1943    2
10   0.1953    2
10   0.1963    2
10   0.1973    2
10   0.1983    2
10   0.1993    2
10   0.2003    2
10   0.2013    2
10   0.2023    2
10   0.2033    2
10   0.2043    2
10   0.2053    2
10   0.2063    2
10   0.2073    2
10   0.2083    2
10   0.2093    2
10   0.2103    2
10   0.2113    2
10   0.2123    2
10   0.2133    2
10   0.2143    2
10   0.2153    2
10   0.2163    2
10   0.2173    2
10   0.2183    2
10   0.2193    2
10   0.2203    2
10   0.2213    2
10   0.2223    2
10   0.2233    2
10   0.2243    2
10   0.2253    2
10   0.2263    2
10   0.2273    2
10   0.2283    2
10   0.2293    2
10   0.2303    2
10   0.2313    2
10   0.2323    2
10   0.2333    2
10   0.2343    2
10   0.2353    2
10   0.2363    2
10   0.2373    2
10   0.2383    2
10   0.2393    2
10   0.2403    2
10   0.2413    2
10   0.2423    2
10   0.2433    2
10   0.2443    2
10   0.2453    2
10   0.2463    2
10   0.2473    2
10   0.2483    2
10   0.2493    2
10   0.2503    2
10   0.2513    2
10   0.2523    2
10   0.2533    2
10   0.2543    2
10   0.2553    2
10   0.2563    2
10   0.2573    2
10   0.2583    2
10   0.2593    2
10   0.2603    2
10   0.2613    2
10   0.2623    2
10   0.2633    2
10   0.2643    2
10   0.2653    2
10   0.2663    2
10   0.2673    2
10   0.2683    2
10   0.2693    2
10   0.2703    2
10   0.2713    2
10   0.2723    2
10   0.2733    2
10   0.2743    2
10   0.2753    2
10   0.2763    2
10   0.2773    2
10   0.2783    2
10   0.2793    2
10   0.2803    2
10   0.2813    2
10   0.2823    2
10   0.2833    2
10   0.2843    2
10   0.2853    2
10   0.2863    2
10   0.2873    2
10   0.2883    2
10   0.2893    2
10   0.2903    2
10   0.2913    2
10   0.2923    2
10   0.2933    2
10   0.2943    2
10   0.2953    2
10   0.2963    2
10   0.2973    2
10   0.2983    2
10   0.2993    2
10   0.3003    2
10   0.3013    2
10   0.3023    2
10   0.3033    2
10   0.3043    2
10   0.3053    2
10   0.3063    2
10   0.3073    2
10   0.3083    2
10   0.3093    2
10   0.3103    2
10   0.3113    2
10   0.3123    2
10   0.3133    2
10   0.3143    2
10   0.3153    2
10   0.3163    2
10   0.3173    2
10   0.3183    2
10   0.3193    2
10   0.3203    2
10   0.3213    2
10   0.3223    2
10   0.3233    2
10   0.3243    2
10   0.3253    2
10   0.3263    2
10   0.3273    2
10   0.3283    2
10   0.3293    2
10   0.3303    2
10   0.3313    2
10   0.3323    2
10   0.0833    3
10   0.0843    3
10   0.0853    3
10   0.0863    3
10   0.0873    3
10   0.0883    3
10   0.0893    3
10   0.0903    3
10   0.0913    3
10   0.0923    3
10   0.0933    3
10   0.0943    3
10   0.0953    3
10   0.0963    3
10   0.0973    3
10   0.0983    3
10   0.0993    3
10   0.1003    3
10   0.1013    3
10   0.1023    3
10   0.1033    3
10   0.1043    3
10   0.1053    3
10   0.1063    3
10   0.1073    3
10   0.1083    3
10   0.1093    3
10   0.1103    3
10   0.1113    3
10   0.1123    3
10   0.1133    3
10   0.1143    3
10   0.1153    3
10   0.1163    3
10   0.1173    3
10   0.1183    3
10   0.1193    3
10   0.1203    3
10   0.1213    3
10   0.1223    3
10   0.1233    3
10   0.1243    3
10   0.1253    3
10   0.1263    3
10   0.1273    3
10   0.1283    3
10   0.1293    3
10   0.1303    3
10   0.1313    3
10   0.1323    3
10   0.1333    3
10   0.1343    3
10   0.1353    3
10   0.1363    3
10   0.1373    3
10   0.1383    3
10   0.1393    3
10   0.1403    3
10   0.1413    3
10   0.1423    3
10   0.1433    3
10   0.1443    3
10   0.1453    3
10   0.1463    3
10   0.1473    3
10   0.1483    3
10   0.1493    3
10   0.1503    3
10   0.1513    3
10   0.1523    3
10   0.1533    3
10   0.1543    3
10   0.1553    3
10   0.1563    3
10   0.1573    3
10   0.1583    3
10   0.1593    3
10   0.1603    3
10   0.1613    3
10   0.1623    3
10   0.1633    3
10   0.1643    3
10   0.1653    3
10   0.1663    3
10   0.1673    3
10   0.1683    3
10   0.1693    3
10   0.1703    3
10   0.1713    3
10   0.1723    3
10   0.1733    3
10   0.1743    3
10   0.1753    3
10   0.1763    3
10   0.1773    3
10   0.1783    3
10   0.1793    3
10   0.1803    3
10   0.1813    3
10   0.1823    3
10   0.1833    3
10   0.1843    3
10   0.1853    3
10   0.1863    3
10   0.1873    3
10   0.1883    3
10   0.1893    3
10   0.1903    3
10   0.1913    3
10   0.1923    3
10   0.1933    3
10   0.1943    3
10   0.1953    3
10   0.1963    3
10   0.1973    3
10   0.1983    3
10   0.1993    3
10   0.2003    3
10   0.2013    3
10   0.2023    3
10   0.2033    3
10   0.2043    3
10   0.2053    3
10   0.2063    3
10   0.2073    3
10   0.2083    3
10   0.2093    3
10   0.2103    3
10   0.2113    3
10   0.2123    3
10   0.2133    3
10   0.2143    3
10   0.2153    3
10   0.2163    3
10   0.2173    3
10   0.2183    3
10   0.2193    3
10   0.2203    3
10   0.2213    3
10   0.2223    3
10   0.2233    3
10   0.2243    3
10   0.2253    3
10   0.2263    3
10   0.2273    3
10   0.2283    3
10   0.2293    3
10   0.2303    3
10   0.2313    3
10   0.2323    3
10   0.2333    3
10   0.2343    3
10   0.2353    3
10   0.2363    3
10   0.2373    3
10   0.2383    3
10   0.2393    3
10   0.2403    3
10   0.2413    3
10   0.2423    3
10   0.2433    3
10   0.2443    3
10   0.2453    3
10   0.2463    3
10   0.2473    3
10   0.2483    3
10   0.2493    3
10   0.2503    3
10   0.2513    3
10   0.2523    3
10   0.2533    3
10   0.2543    3
10   0.2553    3
10   0.2563    3
10   0.2573    3
10   0.2583    3
10   0.2593    3
10   0.2603    3
10   0.2613    3
10   0.2623    3
10   0.2633    3
10   0.2643    3
10   0.2653    3
10   0.2663    3
10   0.2673    3
10   0.2683    3
10   0.2693    3
10   0.2703    3
10   0.2713    3
10   0.2723    3
10   0.2733    3
10   0.2743    3
10   0.2753    3
10   0.2763    3
10   0.2773    3
10   0.2783    3
10   0.2793    3
10   0.2803    3
10   0.2813    3
10   0.2823    3
10   0.2833    3
10   0.2843    3
10   0.2853    3
10   0.2863    3
10   0.2873    3
10   0.2883    3
10   0.2893    3
10   0.2903    3
10   0.2913    3
10   0.2923    3
10   0.2933    3
10   0.2943    3
10   0.2953    3
10   0.2963    3
10   0.2973    3
10   0.2983    3
10   0.2993    3
10   0.3003    3
10   0.3013    3
10   0.3023    3
10   0.3033    3
10   0.3043    3
10   0.3053    3
10   0.3063    3
10   0.3073    3
10   0.3083    3
10   0.3093    3
10   0.3103    3
10   0.3113    3
10   0.3123    3
10   0.3133    3
10   0.3143    3
10   0.3153    3
10   0.3163    3
10   0.3173    3
10   0.3183    3
10   0.3193    3
10   0.3203    3
10   0.3213    3
10   0.3223    3
10   0.3233    3
10   0.3243    3
10   0.3253    3
10   0.3263    3
10   0.3273    3
10   0.3283    3
10   0.3293    3
10   0.3303    3
10   0.3313    3
10   0.3323    3
10   0.0833    4
10   0.0843    4
10   0.0853    4
10   0.0863    4
10   0.0873    4
10   0.0883    4
10   0.0893    4
10   0.0903    4
10   0.0913    4
10   0.0923    4
10   0.0933    4
10   0.0943    4
10   0.0953    4
10   0.0963    4
10   0.0973    4
10   0.0983    4
10   0.0993    4
10   0.1003    4
10   0.1013    4
10   0.1023    4
10   0.1033    4
10   0.1043    4
10   0.1053    4
10   0.1063    4
10   0.1073    4
10   0.1083    4
10   0.1093    4
10   0.1103    4
10   0.1113    4
10   0.1123    4
10   0.1133    4
10   0.1143    4
10   0.1153    4
10   0.1163    4
10   0.1173    4
10   0.1183    4
10   0.1193    4
10   0.1203    4
10   0.1213    4
10   0.1223    4
10   0.1233    4
10   0.1243    4
10   0.1253    4
10   0.1263    4
10   0.1273    4
10   0.1283    4
10   0.1293    4
10   0.1303    4
10   0.1313    4
10   0.1323    4
10   0.1333    4
10   0.1343    4
10   0.1353    4
10   0.1363    4
10   0.1373    4
10   0.1383    4
10   0.1393    4
10   0.1403    4
10   0.1413    4
10   0.1423    4
10   0.1433    4
10   0.1443    4
10   0.1453    4
10   0.1463    4
10   0.1473    4
10   0.1483    4
10   0.1493    4
10   0.1503    4
10   0.1513    4
10   0.1523    4
10   0.1533    4
10   0.1543    4
10   0.1553    4
10   0.1563    4
10   0.1573    4
10   0.1583    4
10   0.1593    4
10   0.1603    4
10   0.1613    4
10   0.1623    4
10   0.1633    4
10   0.1643    4
10   0.1653    4
10   0.1663    4
10   0.1673    4
10   0.1683    4
10   0.1693    4
10   0.1703    4
10   0.1713    4
10   0.1723    4
10   0.1733    4
10   0.1743    4
10   0.1753    4
10   0.1763    4
10   0.1773    4
10   0.1783    4
10   0.1793    4
10   0.1803    4
10   0.1813    4
10   0.1823    4
10   0.1833    4
10   0.1843    4
10   0.1853    4
10   0.1863    4
10   0.1873    4
10   0.1883    4
10   0.1893    4
10   0.1903    4
10   0.1913    4
10   0.1923    4
10   0.1933    4
10   0.1943    4
10   0.1953    4
10   0.1963    4
10   0.1973    4
10   0.1983    4
10   0.1993    4
10   0.2003    4
10   0.2013    4
10   0.2023    4
10   0.2033    4
10   0.2043    4
10   0.2053    4
10   0.2063    4
10   0.2073    4
10   0.2083    4
10   0.2093    4
10   0.2103    4
10   0.2113    4
10   0.2123    4
10   0.2133    4
10   0.2143    4
10   0.2153    4
10   0.2163    4
10   0.2173    4
10   0.2183    4
10   0.2193    4
10   0.2203    4
10   0.2213    4
10   0.2223    4
10   0.2233    4
10   0.2243    4
10   0.2253    4
10   0.2263    4
10   0.2273    4
10   0.2283    4
10   0.2293    4
10   0.2303    4
10   0.2313    4
10   0.2323    4
10   0.2333    4
10   0.2343    4
10   0.2353    4
10   0.2363    4
10   0.2373    4
10   0.2383    4
10   0.2393    4
10   0.2403    4
10   0.2413    4
10   0.2423    4
10   0.2433    4
10   0.2443    4
10   0.2453    4
10   0.2463    4
10   0.2473    4
10   0.2483    4
10   0.2493    4
10   0.2503    4
10   0.2513    4
10   0.2523    4
10   0.2533    4
10   0.2543    4
10   0.2553    4
10   0.2563    4
10   0.2573    4
10   0.2583    4
10   0.2593    4
10   0.2603    4
10   0.2613    4
10   0.2623    4
10   0.2633    4
10   0.2643    4
10   0.2653    4
10   0.2663    4
10   0.2673    4
10   0.2683    4
10   0.2693    4
10   0.2703    4
10   0.2713    4
10   0.2723    4
10   0.2733    4
10   0.2743    4
10   0.2753    4
10   0.2763    4
10   0.2773    4
10   0.2783    4
10   0.2793    4
10   0.2803    4
10   0.2813    4
10   0.2823    4
10   0.2833    4
10   0.2843    4
10   0.2853    4
10   0.2863    4
10   0.2873    4
10   0.2883    4
10   0.2893    4
10   0.2903    4
10   0.2913    4
10   0.2923    4
10   0.2933    4
10   0.2943    4
10   0.2953    4
10   0.2963    4
10   0.2973    4
10   0.2983    4
10   0.2993    4
10   0.3003    4
10   0.3013    4
10   0.3023    4
10   0.3033    4
10   0.3043    4
10   0.3053    4
10   0.3063    4
10   0.3073    4
10   0.3083    4
10   0.3093    4
10   0.3103    4
10   0.3113    4
10   0.3123    4
10   0.3133    4
10   0.3143    4
10   0.3153    4
10   0.3163    4
10   0.3173    4
10   0.3183    4
10   0.3193    4
10   0.3203    4
10   0.3213    4
10   0.3223    4
10   0.3233    4
10   0.3243    4
10   0.3253    4
10   0.3263    4
10   0.3273    4
10   0.3283    4
10   0.3293    4
10   0.3303    4
10   0.3313    4
10   0.3323    4
10   0.0833    5
10   0.0843    5
10   0.0853    5
10   0.0863    5
10   0.0873    5
10   0.0883    5
10   0.0893    5
10   0.0903    5
10   0.0913    5
10   0.0923    5
10   0.0933    5
10   0.0943    5
10   0.0953    5
10   0.0963    5
10   0.0973    5
10   0.0983    5
10   0.0993    5
10   0.1003    5
10   0.1013    5
10   0.1023    5
10   0.1033    5
10   0.1043    5
10   0.1053    5
10   0.1063    5
10   0.1073    5
10   0.1083    5
10   0.1093    5
10   0.1103    5
10   0.1113    5
10   0.1123    5
10   0.1133    5
10   0.1143    5
10   0.1153    5
10   0.1163    5
10   0.1173    5
10   0.1183    5
10   0.1193    5
10   0.1203    5
10   0.1213    5
10   0.1223    5
10   0.1233    5
10   0.1243    5
10   0.1253    5
10   0.1263    5
10   0.1273    5
10   0.1283    5
10   0.1293    5
10   0.1303    5
10   0.1313    5
10   0.1323    5
10   0.1333    5
10   0.1343    5
10   0.1353    5
10   0.1363    5
10   0.1373    5
10   0.1383    5
10   0.1393    5
10   0.1403    5
10   0.1413    5
10   0.1423    5
10   0.1433    5
10   0.1443    5
10   0.1453    5
10   0.1463    5
10   0.1473    5
10   0.1483    5
10   0.1493    5
10   0.1503    5
10   0.1513    5
10   0.1523    5
10   0.1533    5
10   0.1543    5
10   0.1553    5
10   0.1563    5
10   0.1573    5
10   0.1583    5
10   0.1593    5
10   0.1603    5
10   0.1613    5
10   0.1623    5
10   0.1633    5
10   0.1643    5
10   0.1653    5
10   0.1663    5
10   0.1673    5
10   0.1683    5
10   0.1693    5
10   0.1703    5
10   0.1713    5
10   0.1723    5
10   0.1733    5
10   0.1743    5
10   0.1753    5
10   0.1763    5
10   0.1773    5
10   0.1783    5
10   0.1793    5
10   0.1803    5
10   0.1813    5
10   0.1823    5
10   0.1833    5
10   0.1843    5
10   0.1853    5
10   0.1863    5
10   0.1873    5
10   0.1883    5
10   0.1893    5
10   0.1903    5
10   0.1913    5
10   0.1923    5
10   0.1933    5
10   0.1943    5
10   0.1953    5
10   0.1963    5
10   0.1973    5
10   0.1983    5
10   0.1993    5
10   0.2003    5
10   0.2013    5
10   0.2023    5
10   0.2033    5
10   0.2043    5
10   0.2053    5
10   0.2063    5
10   0.2073    5
10   0.2083    5
10   0.2093    5
10   0.2103    5
10   0.2113    5
10   0.2123    5
10   0.2133    5
10   0.2143    5
10   0.2153    5
10   0.2163    5
10   0.2173    5
10   0.2183    5
10   0.2193    5
10   0.2203    5
10   0.2213    5
10   0.2223    5
10   0.2233    5
10   0.2243    5
10   0.2253    5
10   0.2263    5
10   0.2273    5
10   0.2283    5
10   0.2293    5
10   0.2303    5
10   0.2313    5
10   0.2323    5
10   0.2333    5
10   0.2343    5
10   0.2353    5
10   0.2363    5
10   0.2373    5
10   0.2383    5
10   0.2393    5
10   0.2403    5
10   0.2413    5
10   0.2423    5
10   0.2433    5
10   0.2443    5
10   0.2453    5
10   0.2463    5
10   0.2473    5
10   0.2483    5
10   0.2493    5
10   0.2503    5
10   0.2513    5
10   0.2523    5
10   0.2533    5
10   0.2543    5
10   0.2553    5
10   0.2563    5
10   0.2573    5
10   0.2583    5
10   0.2593    5
10   0.2603    5
10   0.2613    5
10   0.2623    5
10   0.2633    5
10   0.2643    5
10   0.2653    5
10   0.2663    5
10   0.2673    5
10   0.2683    5
10   0.2693    5
10   0.2703    5
10   0.2713    5
10   0.2723    5
10   0.2733    5
10   0.2743    5
10   0.2753    5
10   0.2763    5
10   0.2773    5
10   0.2783    5
10   0.2793    5
10   0.2803    5
10   0.2813    5
10   0.2823    5
10   0.2833    5
10   0.2843    5
10   0.2853    5
10   0.2863    5
10   0.2873    5
10   0.2883    5
10   0.2893    5
10   0.2903    5
10   0.2913    5
10   0.2923    5
10   0.2933    5
10   0.2943    5
10   0.2953    5
10   0.2963    5
10   0.2973    5
10   0.2983    5
10   0.2993    5
10   0.3003    5
10   0.3013    5
10   0.3023    5
10   0.3033    5
10   0.3043    5
10   0.3053    5
10   0.3063    5
10   0.3073    5
10   0.3083    5
10   0.3093    5
10   0.3103    5
10   0.3113    5
10   0.3123    5
10   0.3133    5
10   0.3143    5
10   0.3153    5
10   0.3163    5
10   0.3173    5
10   0.3183    5
10   0.3193    5
10   0.3203    5
10   0.3213    5
10   0.3223    5
10   0.3233    5
10   0.3243    5
10   0.3253    5
10   0.3263    5
10   0.3273    5
10   0.3283    5
10   0.3293    5
10   0.3303    5
10   0.3313    5
10   0.3323    5
10   0.0833    6
10   0.0843    6
10   0.0853    6
10   0.0863    6
10   0.0873    6
10   0.0883    6
10   0.0893    6
10   0.0903    6
10   0.0913    6
10   0.0923    6
10   0.0933    6
10   0.0943    6
10   0.0953    6
10   0.0963    6
10   0.0973    6
10   0.0983    6
10   0.0993    6
10   0.1003    6
10   0.1013    6
10   0.1023    6
10   0.1033    6
10   0.1043    6
10   0.1053    6
10   0.1063    6
10   0.1073    6
10   0.1083    6
10   0.1093    6
10   0.1103    6
10   0.1113    6
10   0.1123    6
10   0.1133    6
10   0.1143    6
10   0.1153    6
10   0.1163    6
10   0.1173    6
10   0.1183    6
10   0.1193    6
10   0.1203    6
10   0.1213    6
10   0.1223    6
10   0.1233    6
10   0.1243    6
10   0.1253    6
10   0.1263    6
10   0.1273    6
10   0.1283    6
10   0.1293    6
10   0.1303    6
10   0.1313    6
10   0.1323    6
10   0.1333    6
10   0.1343    6
10   0.1353    6
10   0.1363    6
10   0.1373    6
10   0.1383    6
10   0.1393    6
10   0.1403    6
10   0.1413    6
10   0.1423    6
10   0.1433    6
10   0.1443    6
10   0.1453    6
10   0.1463    6
10   0.1473    6
10   0.1483    6
10   0.1493    6
10   0.1503    6
10   0.1513    6
10   0.1523    6
10   0.1533    6
10   0.1543    6
10   0.1553    6
10   0.1563    6
10   0.1573    6
10   0.1583    6
10   0.1593    6
10   0.1603    6
10   0.1613    6
10   0.1623    6
10   0.1633    6
10   0.1643    6
10   0.1653    6
10   0.1663    6
10   0.1673    6
10   0.1683    6
10   0.1693    6
10   0.1703    6
10   0.1713    6
10   0.1723    6
10   0.1733    6
10   0.1743    6
10   0.1753    6
10   0.1763    6
10   0.1773    6
10   0.1783    6
10   0.1793    6
10   0.1803    6
10   0.1813    6
10   0.1823    6
10   0.1833    6
10   0.1843    6
10   0.1853    6
10   0.1863    6
10   0.1873    6
10   0.1883    6
10   0.1893    6
10   0.1903    6
10   0.1913    6
10   0.1923    6
10   0.1933    6
10   0.1943    6
10   0.1953    6
10   0.1963    6
10   0.1973    6
10   0.1983    6
10   0.1993    6
10   0.2003    6
10   0.2013    6
10   0.2023    6
10   0.2033    6
10   0.2043    6
10   0.2053    6
10   0.2063    6
10   0.2073    6
10   0.2083    6
10   0.2093    6
10   0.2103    6
10   0.2113    6
10   0.2123    6
10   0.2133    6
10   0.2143    6
10   0.2153    6
10   0.2163    6
10   0.2173    6
10   0.2183    6
10   0.2193    6
10   0.2203    6
10   0.2213    6
10   0.2223    6
10   0.2233    6
10   0.2243    6
10   0.2253    6
10   0.2263    6
10   0.2273    6
10   0.2283    6
10   0.2293    6
10   0.2303    6
10   0.2313    6
10   0.2323    6
10   0.2333    6
10   0.2343    6
10   0.2353    6
10   0.2363    6
10   0.2373    6
10   0.2383    6
10   0.2393    6
10   0.2403    6
10   0.2413    6
10   0.2423    6
10   0.2433    6
10   0.2443    6
10   0.2453    6
10   0.2463    6
10   0.2473    6
10   0.2483    6
10   0.2493    6
10   0.2503    6
10   0.2513    6
10   0.2523    6
10   0.2533    6
10   0.2543    6
10   0.2553    6
10   0.2563    6
10   0.2573    6
10   0.2583    6
10   0.2593    6
10   0.2603    6
10   0.2613    6
10   0.2623    6
10   0.2633    6
10   0.2643    6
10   0.2653    6
10   0.2663    6
10   0.2673    6
10   0.2683    6
10   0.2693    6
10   0.2703    6
10   0.2713    6
10   0.2723    6
10   0.2733    6
10   0.2743    6
10   0.2753    6
10   0.2763    6
10   0.2773    6
10   0.2783    6
10   0.2793    6
10   0.2803    6
10   0.2813    6
10   0.2823    6
10   0.2833    6
10   0.2843    6
10   0.2853    6
10   0.2863    6
10   0.2873    6
10   0.2883    6
10   0.2893    6
10   0.2903    6
10   0.2913    6
10   0.2923    6
10   0.2933    6
10   0.2943    6
10   0.2953    6
10   0.2963    6
10   0.2973    6
10   0.2983    6
10   0.2993    6
10   0.3003    6
10   0.3013    6
10   0.3023    6
10   0.3033    6
10   0.3043    6
10   0.3053    6
10   0.3063    6
10   0.3073    6
10   0.3083    6
10   0.3093    6
10   0.3103    6
10   0.3113    6
10   0.3123    6
10   0.3133    6
10   0.3143    6
10   0.3153    6
10   0.3163    6
10   0.3173    6
10   0.3183    6
10   0.3193    6
10   0.3203    6
10   0.3213    6
10   0.3223    6
10   0.3233    6
10   0.3243    6
10   0.3253    6
10   0.3263    6
10   0.3273    6
10   0.3283    6
10   0.3293    6
10   0.3303    6
10   0.3313    6
10   0.3323    6
10   0.0833    7
10   0.0843    7
10   0.0853    7
10   0.0863    7
10   0.0873    7
10   0.0883    7
10   0.0893    7
10   0.0903    7
10   0.0913    7
10   0.0923    7
10   0.0933    7
10   0.0943    7
10   0.0953    7
10   0.0963    7
10   0.0973    7
10   0.0983    7
10   0.0993    7
10   0.1003    7
10   0.1013    7
10   0.1023    7
10   0.1033    7
10   0.1043    7
10   0.1053    7
10   0.1063    7
10   0.1073    7
10   0.1083    7
10   0.1093    7
10   0.1103    7
10   0.1113    7
10   0.1123    7
10   0.1133    7
10   0.1143    7
10   0.1153    7
10   0.1163    7
10   0.1173    7
10   0.1183    7
10   0.1193    7
10   0.1203    7
10   0.1213    7
10   0.1223    7
10   0.1233    7
10   0.1243    7
10   0.1253    7
10   0.1263    7
10   0.1273    7
10   0.1283    7
10   0.1293    7
10   0.1303    7
10   0.1313    7
10   0.1323    7
10   0.1333    7
10   0.1343    7
10   0.1353    7
10   0.1363    7
10   0.1373    7
10   0.1383    7
10   0.1393    7
10   0.1403    7
10   0.1413    7
10   0.1423    7
10   0.1433    7
10   0.1443    7
10   0.1453    7
10   0.1463    7
10   0.1473    7
10   0.1483    7
10   0.1493    7
10   0.1503    7
10   0.1513    7
10   0.1523    7
10   0.1533    7
10   0.1543    7
10   0.1553    7
10   0.1563    7
10   0.1573    7
10   0.1583    7
10   0.1593    7
10   0.1603    7
10   0.1613    7
10   0.1623    7
10   0.1633    7
10   0.1643    7
10   0.1653    7
10   0.1663    7
10   0.1673    7
10   0.1683    7
10   0.1693    7
10   0.1703    7
10   0.1713    7
10   0.1723    7
10   0.1733    7
10   0.1743    7
10   0.1753    7
10   0.1763    7
10   0.1773    7
10   0.1783    7
10   0.1793    7
10   0.1803    7
10   0.1813    7
10   0.1823    7
10   0.1833    7
10   0.1843    7
10   0.1853    7
10   0.1863    7
10   0.1873    7
10   0.1883    7
10   0.1893    7
10   0.1903    7
10   0.1913    7
10   0.1923    7
10   0.1933    7
10   0.1943    7
10   0.1953    7
10   0.1963    7
10   0.1973    7
10   0.1983    7
10   0.1993    7
10   0.2003    7
10   0.2013    7
10   0.2023    7
10   0.2033    7
10   0.2043    7
10   0.2053    7
10   0.2063    7
10   0.2073    7
10   0.2083    7
10   0.2093    7
10   0.2103    7
10   0.2113    7
10   0.2123    7
10   0.2133    7
10   0.2143    7
10   0.2153    7
10   0.2163    7
10   0.2173    7
10   0.2183    7
10   0.2193    7
10   0.2203    7
10   0.2213    7
10   0.2223    7
10   0.2233    7
10   0.2243    7
10   0.2253    7
10   0.2263    7
10   0.2273    7
10   0.2283    7
10   0.2293    7
10   0.2303    7
10   0.2313    7
10   0.2323    7
10   0.2333    7
10   0.2343    7
10   0.2353    7
10   0.2363    7
10   0.2373    7
10   0.2383    7
10   0.2393    7
10   0.2403    7
10   0.2413    7
10   0.2423    7
10   0.2433    7
10   0.2443    7
10   0.2453    7
10   0.2463    7
10   0.2473    7
10   0.2483    7
10   0.2493    7
10   0.2503    7
10   0.2513    7
10   0.2523    7
10   0.2533    7
10   0.2543    7
10   0.2553    7
10   0.2563    7
10   0.2573    7
10   0.2583    7
10   0.2593    7
10   0.2603    7
10   0.2613    7
10   0.2623    7
10   0.2633    7
10   0.2643    7
10   0.2653    7
10   0.2663    7
10   0.2673    7
10   0.2683    7
10   0.2693    7
10   0.2703    7
10   0.2713    7
10   0.2723    7
10   0.2733    7
10   0.2743    7
10   0.2753    7
10   0.2763    7
10   0.2773    7
10   0.2783    7
10   0.2793    7
10   0.2803    7
10   0.2813    7
10   0.2823    7
10   0.2833    7
10   0.2843    7
10   0.2853    7
10   0.2863    7
10   0.2873    7
10   0.2883    7
10   0.2893    7
10   0.2903    7
10   0.2913    7
10   0.2923    7
10   0.2933    7
10   0.2943    7
10   0.2953    7
10   0.2963    7
10   0.2973    7
10   0.2983    7
10   0.2993    7
10   0.3003    7
10   0.3013    7
10   0.3023    7
10   0.3033    7
10   0.3043    7
10   0.3053    7
10   0.3063    7
10   0.3073    7
10   0.3083    7
10   0.3093    7
10   0.3103    7
10   0.3113    7
10   0.3123    7
10   0.3133    7
10   0.3143    7
10   0.3153    7
10   0.3163    7
10   0.3173    7
10   0.3183    7
10   0.3193    7
10   0.3203    7
10   0.3213    7
10   0.3223    7
10   0.3233    7
10   0.3243    7
10   0.3253    7
10   0.3263    7
10   0.3273    7
10   0.3283    7
10   0.3293    7
10   0.3303    7
10   0.3313    7
10   0.3323    7
10   0.0833    8
10   0.0843    8
10   0.0853    8
10   0.0863    8
10   0.0873    8
10   0.0883    8
10   0.0893    8
10   0.0903    8
10   0.0913    8
10   0.0923    8
10   0.0933    8
10   0.0943    8
10   0.0953    8
10   0.0963    8
10   0.0973    8
10   0.0983    8
10   0.0993    8
10   0.1003    8
10   0.1013    8
10   0.1023    8
10   0.1033    8
10   0.1043    8
10   0.1053    8
10   0.1063    8
10   0.1073    8
10   0.1083    8
10   0.1093    8
10   0.1103    8
10   0.1113    8
10   0.1123    8
10   0.1133    8
10   0.1143    8
10   0.1153    8
10   0.1163    8
10   0.1173    8
10   0.1183    8
10   0.1193    8
10   0.1203    8
10   0.1213    8
10   0.1223    8
10   0.1233    8
10   0.1243    8
10   0.1253    8
10   0.1263    8
10   0.1273    8
10   0.1283    8
10   0.1293    8
10   0.1303    8
10   0.1313    8
10   0.1323    8
10   0.1333    8
10   0.1343    8
10   0.1353    8
10   0.1363    8
10   0.1373    8
10   0.1383    8
10   0.1393    8
10   0.1403    8
10   0.1413    8
10   0.1423    8
10   0.1433    8
10   0.1443    8
10   0.1453    8
10   0.1463    8
10   0.1473    8
10   0.1483    8
10   0.1493    8
10   0.1503    8
10   0.1513    8
10   0.1523    8
10   0.1533    8
10   0.1543    8
10   0.1553    8
10   0.1563    8
10   0.1573    8
10   0.1583    8
10   0.1593    8
10   0.1603    8
10   0.1613    8
10   0.1623    8
10   0.1633    8
10   0.1643    8
10   0.1653    8
10   0.1663    8
10   0.1673    8
10   0.1683    8
10   0.1693    8
10   0.1703    8
10   0.1713    8
10   0.1723    8
10   0.1733    8
10   0.1743    8
10   0.1753    8
10   0.1763    8
10   0.1773    8
10   0.1783    8
10   0.1793    8
10   0.1803    8
10   0.1813    8
10   0.1823    8
10   0.1833    8
10   0.1843    8
10   0.1853    8
10   0.1863    8
10   0.1873    8
10   0.1883    8
10   0.1893    8
10   0.1903    8
10   0.1913    8
10   0.1923    8
10   0.1933    8
10   0.1943    8
10   0.1953    8
10   0.1963    8
10   0.1973    8
10   0.1983    8
10   0.1993    8
10   0.2003    8
10   0.2013    8
10   0.2023    8
10   0.2033    8
10   0.2043    8
10   0.2053    8
10   0.2063    8
10   0.2073    8
10   0.2083    8
10   0.2093    8
10   0.2103    8
10   0.2113    8
10   0.2123    8
10   0.2133    8
10   0.2143    8
10   0.2153    8
10   0.2163    8
10   0.2173    8
10   0.2183    8
10   0.2193    8
10   0.2203    8
10   0.2213    8
10   0.2223    8
10   0.2233    8
10   0.2243    8
10   0.2253    8
10   0.2263    8
10   0.2273    8
10   0.2283    8
10   0.2293    8
10   0.2303    8
10   0.2313    8
10   0.2323    8
10   0.2333    8
10   0.2343    8
10   0.2353    8
10   0.2363    8
10   0.2373    8
10   0.2383    8
10   0.2393    8
10   0.2403    8
10   0.2413    8
10   0.2423    8
10   0.2433    8
10   0.2443    8
10   0.2453    8
10   0.2463    8
10   0.2473    8
10   0.2483    8
10   0.2493    8
10   0.2503    8
10   0.2513    8
10   0.2523    8
10   0.2533    8
10   0.2543    8
10   0.2553    8
10   0.2563    8
10   0.2573    8
10   0.2583    8
10   0.2593    8
10   0.2603    8
10   0.2613    8
10   0.2623    8
10   0.2633    8
10   0.2643    8
10   0.2653    8
10   0.2663    8
10   0.2673    8
10   0.2683    8
10   0.2693    8
10   0.2703    8
10   0.2713    8
10   0.2723    8
10   0.2733    8
10   0.2743    8
10   0.2753    8
10   0.2763    8
10   0.2773    8
10   0.2783    8
10   0.2793    8
10   0.2803    8
10   0.2813    8
10   0.2823    8
10   0.2833    8
10   0.2843    8
10   0.2853    8
10   0.2863    8
10   0.2873    8
10   0.2883    8
10   0.2893    8
10   0.2903    8
10   0.2913    8
10   0.2923    8
10   0.2933    8
10   0.2943    8
10   0.2953    8
10   0.2963    8
10   0.2973    8
10   0.2983    8
10   0.2993    8
10   0.3003    8
10   0.3013    8
10   0.3023    8
10   0.3033    8
10   0.3043    8
10   0.3053    8
10   0.3063    8
10   0.3073    8
10   0.3083    8
10   0.3093    8
10   0.3103    8
10   0.3113    8
10   0.3123    8
10   0.3133    8
10   0.3143    8
10   0.3153    8
10   0.3163    8
10   0.3173    8
10   0.3183    8
10   0.3193    8
10   0.3203    8
10   0.3213    8
10   0.3223    8
10   0.3233    8
10   0.3243    8
10   0.3253    8
10   0.3263    8
10   0.3273    8
10   0.3283    8
10   0.3293    8
10   0.3303    8
10   0.3313    8
10   0.3323    8
10   0.0833    9
10   0.0843    9
10   0.0853    9
10   0.0863    9
10   0.0873    9
10   0.0883    9
10   0.0893    9
10   0.0903    9
10   0.0913    9
10   0.0923    9
10   0.0933    9
10   0.0943    9
10   0.0953    9
10   0.0963    9
10   0.0973    9
10   0.0983    9
10   0.0993    9
10   0.1003    9
10   0.1013    9
10   0.1023    9
10   0.1033    9
10   0.1043    9
10   0.1053    9
10   0.1063    9
10   0.1073    9
10   0.1083    9
10   0.1093    9
10   0.1103    9
10   0.1113    9
10   0.1123    9
10   0.1133    9
10   0.1143    9
10   0.1153    9
10   0.1163    9
10   0.1173    9
10   0.1183    9
10   0.1193    9
10   0.1203    9
10   0.1213    9
10   0.1223    9
10   0.1233    9
10   0.1243    9
10   0.1253    9
10   0.1263    9
10   0.1273    9
10   0.1283    9
10   0.1293    9
10   0.1303    9
10   0.1313    9
10   0.1323    9
10   0.1333    9
10   0.1343    9
10   0.1353    9
10   0.1363    9
10   0.1373    9
10   0.1383    9
10   0.1393    9
10   0.1403    9
10   0.1413    9
10   0.1423    9
10   0.1433    9
10   0.1443    9
10   0.1453    9
10   0.1463    9
10   0.1473    9
10   0.1483    9
10   0.1493    9
10   0.1503    9
10   0.1513    9
10   0.1523    9
10   0.1533    9
10   0.1543    9
10   0.1553    9
10   0.1563    9
10   0.1573    9
10   0.1583    9
10   0.1593    9
10   0.1603    9
10   0.1613    9
10   0.1623    9
10   0.1633    9
10   0.1643    9
10   0.1653    9
10   0.1663    9
10   0.1673    9
10   0.1683    9
10   0.1693    9
10   0.1703    9
10   0.1713    9
10   0.1723    9
10   0.1733    9
10   0.1743    9
10   0.1753    9
10   0.1763    9
10   0.1773    9
10   0.1783    9
10   0.1793    9
10   0.1803    9
10   0.1813    9
10   0.1823    9
10   0.1833    9
10   0.1843    9
10   0.1853    9
10   0.1863    9
10   0.1873    9
10   0.1883    9
10   0.1893    9
10   0.1903    9
10   0.1913    9
10   0.1923    9
10   0.1933    9
10   0.1943    9
10   0.1953    9
10   0.1963    9
10   0.1973    9
10   0.1983    9
10   0.1993    9
10   0.2003    9
10   0.2013    9
10   0.2023    9
10   0.2033    9
10   0.2043    9
10   0.2053    9
10   0.2063    9
10   0.2073    9
10   0.2083    9
10   0.2093    9
10   0.2103    9
10   0.2113    9
10   0.2123    9
10   0.2133    9
10   0.2143    9
10   0.2153    9
10   0.2163    9
10   0.2173    9
10   0.2183    9
10   0.2193    9
10   0.2203    9
10   0.2213    9
10   0.2223    9
10   0.2233    9
10   0.2243    9
10   0.2253    9
10   0.2263    9
10   0.2273    9
10   0.2283    9
10   0.2293    9
10   0.2303    9
10   0.2313    9
10   0.2323    9
10   0.2333    9
10   0.2343    9
10   0.2353    9
10   0.2363    9
10   0.2373    9
10   0.2383    9
10   0.2393    9
10   0.2403    9
10   0.2413    9
10   0.2423    9
10   0.2433    9
10   0.2443    9
10   0.2453    9
10   0.2463    9
10   0.2473    9
10   0.2483    9
10   0.2493    9
10   0.2503    9
10   0.2513    9
10   0.2523    9
10   0.2533    9
10   0.2543    9
10   0.2553    9
10   0.2563    9
10   0.2573    9
10   0.2583    9
10   0.2593    9
10   0.2603    9
10   0.2613    9
10   0.2623    9
10   0.2633    9
10   0.2643    9
10   0.2653    9
10   0.2663    9
10   0.2673    9
10   0.2683    9
10   0.2693    9
10   0.2703    9
10   0.2713    9
10   0.2723    9
10   0.2733    9
10   0.2743    9
10   0.2753    9
10   0.2763    9
10   0.2773    9
10   0.2783    9
10   0.2793    9
10   0.2803    9
10   0.2813    9
10   0.2823    9
10   0.2833    9
10   0.2843    9
10   0.2853    9
10   0.2863    9
10   0.2873    9
10   0.2883    9
10   0.2893    9
10   0.2903    9
10   0.2913    9
10   0.2923    9
10   0.2933    9
10   0.2943    9
10   0.2953    9
10   0.2963    9
10   0.2973    9
10   0.2983    9
10   0.2993    9
10   0.3003    9
10   0.3013    9
10   0.3023    9
10   0.3033    9
10   0.3043    9
10   0.3053    9
10   0.3063    9
10   0.3073    9
10   0.3083    9
10   0.3093    9
10   0.3103    9
10   0.3113    9
10   0.3123    9
10   0.3133    9
10   0.3143    9
10   0.3153    9
10   0.3163    9
10   0.3173    9
10   0.3183    9
10   0.3193    9
10   0.3203    9
10   0.3213    9
10   0.3223    9
10   0.3233    9
10   0.3243    9
10   0.3253    9
10   0.3263    9
10   0.3273    9
10   0.3283    9
10   0.3293    9
10   0.3303    9
10   0.3313    9
10   0.3323    9
10   0.0833   10
10   0.0843   10
10   0.0853   10
10   0.0863   10
10   0.0873   10
10   0.0883   10
10   0.0893   10
10   0.0903   10
10   0.0913   10
10   0.0923   10
10   0.0933   10
10   0.0943   10
10   0.0953   10
10   0.0963   10
10   0.0973   10
10   0.0983   10
10   0.0993   10
10   0.1003   10
10   0.1013   10
10   0.1023   10
10   0.1033   10
10   0.1043   10
10   0.1053   10
10   0.1063   10
10   0.1073   10
10   0.1083   10
10   0.1093   10
10   0.1103   10
10   0.1113   10
10   0.1123   10
10   0.1133   10
10   0.1143   10
10   0.1153   10
10   0.1163   10
10   0.1173   10
10   0.1183   10
10   0.1193   10
10   0.1203   10
10   0.1213   10
10   0.1223   10
10   0.1233   10
10   0.1243   10
10   0.1253   10
10   0.1263   10
10   0.1273   10
10   0.1283   10
10   0.1293   10
10   0.1303   10
10   0.1313   10
10   0.1323   10
10   0.1333   10
10   0.1343   10
10   0.1353   10
10   0.1363   10
10   0.1373   10
10   0.1383   10
10   0.1393   10
10   0.1403   10
10   0.1413   10
10   0.1423   10
10   0.1433   10
10   0.1443   10
10   0.1453   10
10   0.1463   10
10   0.1473   10
10   0.1483   10
10   0.1493   10
10   0.1503   10
10   0.1513   10
10   0.1523   10
10   0.1533   10
10   0.1543   10
10   0.1553   10
10   0.1563   10
10   0.1573   10
10   0.1583   10
10   0.1593   10
10   0.1603   10
10   0.1613   10
10   0.1623   10
10   0.1633   10
10   0.1643   10
10   0.1653   10
10   0.1663   10
10   0.1673   10
10   0.1683   10
10   0.1693   10
10   0.1703   10
10   0.1713   10
10   0.1723   10
10   0.1733   10
10   0.1743   10
10   0.1753   10
10   0.1763   10
10   0.1773   10
10   0.1783   10
10   0.1793   10
10   0.1803   10
10   0.1813   10
10   0.1823   10
10   0.1833   10
10   0.1843   10
10   0.1853   10
10   0.1863   10
10   0.1873   10
10   0.1883   10
10   0.1893   10
10   0.1903   10
10   0.1913   10
10   0.1923   10
10   0.1933   10
10   0.1943   10
10   0.1953   10
10   0.1963   10
10   0.1973   10
10   0.1983   10
10   0.1993   10
10   0.2003   10
10   0.2013   10
10   0.2023   10
10   0.2033   10
10   0.2043   10
10   0.2053   10
10   0.2063   10
10   0.2073   10
10   0.2083   10
10   0.2093   10
10   0.2103   10
10   0.2113   10
10   0.2123   10
10   0.2133   10
10   0.2143   10
10   0.2153   10
10   0.2163   10
10   0.2173   10
10   0.2183   10
10   0.2193   10
10   0.2203   10
10   0.2213   10
10   0.2223   10
10   0.2233   10
10   0.2243   10
10   0.2253   10
10   0.2263   10
10   0.2273   10
10   0.2283   10
10   0.2293   10
10   0.2303   10
10   0.2313   10
10   0.2323   10
10   0.2333   10
10   0.2343   10
10   0.2353   10
10   0.2363   10
10   0.2373   10
10   0.2383   10
10   0.2393   10
10   0.2403   10
10   0.2413   10
10   0.2423   10
10   0.2433   10
10   0.2443   10
10   0.2453   10
10   0.2463   10
10   0.2473   10
10   0.2483   10
10   0.2493   10
10   0.2503   10
10   0.2513   10
10   0.2523   10
10   0.2533   10
10   0.2543   10
10   0.2553   10
10   0.2563   10
10   0.2573   10
10   0.2583   10
10   0.2593   10
10   0.2603   10
10   0.2613   10
10   0.2623   10
10   0.2633   10
10   0.2643   10
10   0.2653   10
10   0.2663   10
10   0.2673   10
10   0.2683   10
10   0.2693   10
10   0.2703   10
10   0.2713   10
10   0.2723   10
10   0.2733   10
10   0.2743   10
10   0.2753   10
10   0.2763   10
10   0.2773   10
10   0.2783   10
10   0.2793   10
10   0.2803   10
10   0.2813   10
10   0.2823   10
10   0.2833   10
10   0.2843   10
10   0.2853   10
10   0.2863   10
10   0.2873   10
10   0.2883   10
10   0.2893   10
10   0.2903   10
10   0.2913   10
10   0.2923   10
10   0.2933   10
10   0.2943   10
10   0.2953   10
10   0.2963   10
10   0.2973   10
10   0.2983   10
10   0.2993   10
10   0.3003   10
10   0.3013   10
10   0.3023   10
10   0.3033   10
10   0.3043   10
10   0.3053   10
10   0.3063   10
10   0.3073   10
10   0.3083   10
10   0.3093   10
10   0.3103   10
10   0.3113   10
10   0.3123   10
10   0.3133   10
10   0.3143   10
10   0.3153   10
10   0.3163   10
10   0.3173   10
10   0.3183   10
10   0.3193   10
10   0.3203   10
10   0.3213   10
10   0.3223   10
10   0.3233   10
10   0.3243   10
10   0.3253   10
10   0.3263   10
10   0.3273   10
10   0.3283   10
10   0.3293   10
10   0.3303   10
10   0.3313   10
10   0.3323   10
10   0.0833   11
10   0.0843   11
10   0.0853   11
10   0.0863   11
10   0.0873   11
10   0.0883   11
10   0.0893   11
10   0.0903   11
10   0.0913   11
10   0.0923   11
10   0.0933   11
10   0.0943   11
10   0.0953   11
10   0.0963   11
10   0.0973   11
10   0.0983   11
10   0.0993   11
10   0.1003   11
10   0.1013   11
10   0.1023   11
10   0.1033   11
10   0.1043   11
10   0.1053   11
10   0.1063   11
10   0.1073   11
10   0.1083   11
10   0.1093   11
10   0.1103   11
10   0.1113   11
10   0.1123   11
10   0.1133   11
10   0.1143   11
10   0.1153   11
10   0.1163   11
10   0.1173   11
10   0.1183   11
10   0.1193   11
10   0.1203   11
10   0.1213   11
10   0.1223   11
10   0.1233   11
10   0.1243   11
10   0.1253   11
10   0.1263   11
10   0.1273   11
10   0.1283   11
10   0.1293   11
10   0.1303   11
10   0.1313   11
10   0.1323   11
10   0.1333   11
10   0.1343   11
10   0.1353   11
10   0.1363   11
10   0.1373   11
10   0.1383   11
10   0.1393   11
10   0.1403   11
10   0.1413   11
10   0.1423   11
10   0.1433   11
10   0.1443   11
10   0.1453   11
10   0.1463   11
10   0.1473   11
10   0.1483   11
10   0.1493   11
10   0.1503   11
10   0.1513   11
10   0.1523   11
10   0.1533   11
10   0.1543   11
10   0.1553   11
10   0.1563   11
10   0.1573   11
10   0.1583   11
10   0.1593   11
10   0.1603   11
10   0.1613   11
10   0.1623   11
10   0.1633   11
10   0.1643   11
10   0.1653   11
10   0.1663   11
10   0.1673   11
10   0.1683   11
10   0.1693   11
10   0.1703   11
10   0.1713   11
10   0.1723   11
10   0.1733   11
10   0.1743   11
10   0.1753   11
10   0.1763   11
10   0.1773   11
10   0.1783   11
10   0.1793   11
10   0.1803   11
10   0.1813   11
10   0.1823   11
10   0.1833   11
10   0.1843   11
10   0.1853   11
10   0.1863   11
10   0.1873   11
10   0.1883   11
10   0.1893   11
10   0.1903   11
10   0.1913   11
10   0.1923   11
10   0.1933   11
10   0.1943   11
10   0.1953   11
10   0.1963   11
10   0.1973   11
10   0.1983   11
10   0.1993   11
10   0.2003   11
10   0.2013   11
10   0.2023   11
10   0.2033   11
10   0.2043   11
10   0.2053   11
10   0.2063   11
10   0.2073   11
10   0.2083   11
10   0.2093   11
10   0.2103   11
10   0.2113   11
10   0.2123   11
10   0.2133   11
10   0.2143   11
10   0.2153   11
10   0.2163   11
10   0.2173   11
10   0.2183   11
10   0.2193   11
10   0.2203   11
10   0.2213   11
10   0.2223   11
10   0.2233   11
10   0.2243   11
10   0.2253   11
10   0.2263   11
10   0.2273   11
10   0.2283   11
10   0.2293   11
10   0.2303   11
10   0.2313   11
10   0.2323   11
10   0.2333   11
10   0.2343   11
10   0.2353   11
10   0.2363   11
10   0.2373   11
10   0.2383   11
10   0.2393   11
10   0.2403   11
10   0.2413   11
10   0.2423   11
10   0.2433   11
10   0.2443   11
10   0.2453   11
10   0.2463   11
10   0.2473   11
10   0.2483   11
10   0.2493   11
10   0.2503   11
10   0.2513   11
10   0.2523   11
10   0.2533   11
10   0.2543   11
10   0.2553   11
10   0.2563   11
10   0.2573   11
10   0.2583   11
10   0.2593   11
10   0.2603   11
10   0.2613   11
10   0.2623   11
10   0.2633   11
10   0.2643   11
10   0.2653   11
10   0.2663   11
10   0.2673   11
10   0.2683   11
10   0.2693   11
10   0.2703   11
10   0.2713   11
10   0.2723   11
10   0.2733   11
10   0.2743   11
10   0.2753   11
10   0.2763   11
10   0.2773   11
10   0.2783   11
10   0.2793   11
10   0.2803   11
10   0.2813   11
10   0.2823   11
10   0.2833   11
10   0.2843   11
10   0.2853   11
10   0.2863   11
10   0.2873   11
10   0.2883   11
10   0.2893   11
10   0.2903   11
10   0.2913   11
10   0.2923   11
10   0.2933   11
10   0.2943   11
10   0.2953   11
10   0.2963   11
10   0.2973   11
10   0.2983   11
10   0.2993   11
10   0.3003   11
10   0.3013   11
10   0.3023   11
10   0.3033   11
10   0.3043   11
10   0.3053   11
10   0.3063   11
10   0.3073   11
10   0.3083   11
10   0.3093   11
10   0.3103   11
10   0.3113   11
10   0.3123   11
10   0.3133   11
10   0.3143   11
10   0.3153   11
10   0.3163   11
10   0.3173   11
10   0.3183   11
10   0.3193   11
10   0.3203   11
10   0.3213   11
10   0.3223   11
10   0.3233   11
10   0.3243   11
10   0.3253   11
10   0.3263   11
10   0.3273   11
10   0.3283   11
10   0.3293   11
10   0.3303   11
10   0.3313   11
10   0.3323   11
10   0.0833   12
10   0.0843   12
10   0.0853   12
10   0.0863   12
10   0.0873   12
10   0.0883   12
10   0.0893   12
10   0.0903   12
10   0.0913   12
10   0.0923   12
10   0.0933   12
10   0.0943   12
10   0.0953   12
10   0.0963   12
10   0.0973   12
10   0.0983   12
10   0.0993   12
10   0.1003   12
10   0.1013   12
10   0.1023   12
10   0.1033   12
10   0.1043   12
10   0.1053   12
10   0.1063   12
10   0.1073   12
10   0.1083   12
10   0.1093   12
10   0.1103   12
10   0.1113   12
10   0.1123   12
10   0.1133   12
10   0.1143   12
10   0.1153   12
10   0.1163   12
10   0.1173   12
10   0.1183   12
10   0.1193   12
10   0.1203   12
10   0.1213   12
10   0.1223   12
10   0.1233   12
10   0.1243   12
10   0.1253   12
10   0.1263   12
10   0.1273   12
10   0.1283   12
10   0.1293   12
10   0.1303   12
10   0.1313   12
10   0.1323   12
10   0.1333   12
10   0.1343   12
10   0.1353   12
10   0.1363   12
10   0.1373   12
10   0.1383   12
10   0.1393   12
10   0.1403   12
10   0.1413   12
10   0.1423   12
10   0.1433   12
10   0.1443   12
10   0.1453   12
10   0.1463   12
10   0.1473   12
10   0.1483   12
10   0.1493   12
10   0.1503   12
10   0.1513   12
10   0.1523   12
10   0.1533   12
10   0.1543   12
10   0.1553   12
10   0.1563   12
10   0.1573   12
10   0.1583   12
10   0.1593   12
10   0.1603   12
10   0.1613   12
10   0.1623   12
10   0.1633   12
10   0.1643   12
10   0.1653   12
10   0.1663   12
10   0.1673   12
10   0.1683   12
10   0.1693   12
10   0.1703   12
10   0.1713   12
10   0.1723   12
10   0.1733   12
10   0.1743   12
10   0.1753   12
10   0.1763   12
10   0.1773   12
10   0.1783   12
10   0.1793   12
10   0.1803   12
10   0.1813   12
10   0.1823   12
10   0.1833   12
10   0.1843   12
10   0.1853   12
10   0.1863   12
10   0.1873   12
10   0.1883   12
10   0.1893   12
10   0.1903   12
10   0.1913   12
10   0.1923   12
10   0.1933   12
10   0.1943   12
10   0.1953   12
10   0.1963   12
10   0.1973   12
10   0.1983   12
10   0.1993   12
10   0.2003   12
10   0.2013   12
10   0.2023   12
10   0.2033   12
10   0.2043   12
10   0.2053   12
10   0.2063   12
10   0.2073   12
10   0.2083   12
10   0.2093   12
10   0.2103   12
10   0.2113   12
10   0.2123   12
10   0.2133   12
10   0.2143   12
10   0.2153   12
10   0.2163   12
10   0.2173   12
10   0.2183   12
10   0.2193   12
10   0.2203   12
10   0.2213   12
10   0.2223   12
10   0.2233   12
10   0.2243   12
10   0.2253   12
10   0.2263   12
10   0.2273   12
10   0.2283   12
10   0.2293   12
10   0.2303   12
10   0.2313   12
10   0.2323   12
10   0.2333   12
10   0.2343   12
10   0.2353   12
10   0.2363   12
10   0.2373   12
10   0.2383   12
10   0.2393   12
10   0.2403   12
10   0.2413   12
10   0.2423   12
10   0.2433   12
10   0.2443   12
10   0.2453   12
10   0.2463   12
10   0.2473   12
10   0.2483   12
10   0.2493   12
10   0.2503   12
10   0.2513   12
10   0.2523   12
10   0.2533   12
10   0.2543   12
10   0.2553   12
10   0.2563   12
10   0.2573   12
10   0.2583   12
10   0.2593   12
10   0.2603   12
10   0.2613   12
10   0.2623   12
10   0.2633   12
10   0.2643   12
10   0.2653   12
10   0.2663   12
10   0.2673   12
10   0.2683   12
10   0.2693   12
10   0.2703   12
10   0.2713   12
10   0.2723   12
10   0.2733   12
10   0.2743   12
10   0.2753   12
10   0.2763   12
10   0.2773   12
10   0.2783   12
10   0.2793   12
10   0.2803   12
10   0.2813   12
10   0.2823   12
10   0.2833   12
10   0.2843   12
10   0.2853   12
10   0.2863   12
10   0.2873   12
10   0.2883   12
10   0.2893   12
10   0.2903   12
10   0.2913   12
10   0.2923   12
10   0.2933   12
10   0.2943   12
10   0.2953   12
10   0.2963   12
10   0.2973   12
10   0.2983   12
10   0.2993   12
10   0.3003   12
10   0.3013   12
10   0.3023   12
10   0.3033   12
10   0.3043   12
10   0.3053   12
10   0.3063   12
10   0.3073   12
10   0.3083   12
10   0.3093   12
10   0.3103   12
10   0.3113   12
10   0.3123   12
10   0.3133   12
10   0.3143   12
10   0.3153   12
10   0.3163   12
10   0.3173   12
10   0.3183   12
10   0.3193   12
10   0.3203   12
10   0.3213   12
10   0.3223   12
10   0.3233   12
10   0.3243   12
10   0.3253   12
10   0.3263   12
10   0.3273   12
10   0.3283   12
10   0.3293   12
10   0.3303   12
10   0.3313   12
10   0.3323   12
10   0.0833   13
10   0.0843   13
10   0.0853   13
10   0.0863   13
10   0.0873   13
10   0.0883   13
10   0.0893   13
10   0.0903   13
10   0.0913   13
10   0.0923   13
10   0.0933   13
10   0.0943   13
10   0.0953   13
10   0.0963   13
10   0.0973   13
10   0.0983   13
10   0.0993   13
10   0.1003   13
10   0.1013   13
10   0.1023   13
10   0.1033   13
10   0.1043   13
10   0.1053   13
10   0.1063   13
10   0.1073   13
10   0.1083   13
10   0.1093   13
10   0.1103   13
10   0.1113   13
10   0.1123   13
10   0.1133   13
10   0.1143   13
10   0.1153   13
10   0.1163   13
10   0.1173   13
10   0.1183   13
10   0.1193   13
10   0.1203   13
10   0.1213   13
10   0.1223   13
10   0.1233   13
10   0.1243   13
10   0.1253   13
10   0.1263   13
10   0.1273   13
10   0.1283   13
10   0.1293   13
10   0.1303   13
10   0.1313   13
10   0.1323   13
10   0.1333   13
10   0.1343   13
10   0.1353   13
10   0.1363   13
10   0.1373   13
10   0.1383   13
10   0.1393   13
10   0.1403   13
10   0.1413   13
10   0.1423   13
10   0.1433   13
10   0.1443   13
10   0.1453   13
10   0.1463   13
10   0.1473   13
10   0.1483   13
10   0.1493   13
10   0.1503   13
10   0.1513   13
10   0.1523   13
10   0.1533   13
10   0.1543   13
10   0.1553   13
10   0.1563   13
10   0.1573   13
10   0.1583   13
10   0.1593   13
10   0.1603   13
10   0.1613   13
10   0.1623   13
10   0.1633   13
10   0.1643   13
10   0.1653   13
10   0.1663   13
10   0.1673   13
10   0.1683   13
10   0.1693   13
10   0.1703   13
10   0.1713   13
10   0.1723   13
10   0.1733   13
10   0.1743   13
10   0.1753   13
10   0.1763   13
10   0.1773   13
10   0.1783   13
10   0.1793   13
10   0.1803   13
10   0.1813   13
10   0.1823   13
10   0.1833   13
10   0.1843   13
10   0.1853   13
10   0.1863   13
10   0.1873   13
10   0.1883   13
10   0.1893   13
10   0.1903   13
10   0.1913   13
10   0.1923   13
10   0.1933   13
10   0.1943   13
10   0.1953   13
10   0.1963   13
10   0.1973   13
10   0.1983   13
10   0.1993   13
10   0.2003   13
10   0.2013   13
10   0.2023   13
10   0.2033   13
10   0.2043   13
10   0.2053   13
10   0.2063   13
10   0.2073   13
10   0.2083   13
10   0.2093   13
10   0.2103   13
10   0.2113   13
10   0.2123   13
10   0.2133   13
10   0.2143   13
10   0.2153   13
10   0.2163   13
10   0.2173   13
10   0.2183   13
10   0.2193   13
10   0.2203   13
10   0.2213   13
10   0.2223   13
10   0.2233   13
10   0.2243   13
10   0.2253   13
10   0.2263   13
10   0.2273   13
10   0.2283   13
10   0.2293   13
10   0.2303   13
10   0.2313   13
10   0.2323   13
10   0.2333   13
10   0.2343   13
10   0.2353   13
10   0.2363   13
10   0.2373   13
10   0.2383   13
10   0.2393   13
10   0.2403   13
10   0.2413   13
10   0.2423   13
10   0.2433   13
10   0.2443   13
10   0.2453   13
10   0.2463   13
10   0.2473   13
10   0.2483   13
10   0.2493   13
10   0.2503   13
10   0.2513   13
10   0.2523   13
10   0.2533   13
10   0.2543   13
10   0.2553   13
10   0.2563   13
10   0.2573   13
10   0.2583   13
10   0.2593   13
10   0.2603   13
10   0.2613   13
10   0.2623   13
10   0.2633   13
10   0.2643   13
10   0.2653   13
10   0.2663   13
10   0.2673   13
10   0.2683   13
10   0.2693   13
10   0.2703   13
10   0.2713   13
10   0.2723   13
10   0.2733   13
10   0.2743   13
10   0.2753   13
10   0.2763   13
10   0.2773   13
10   0.2783   13
10   0.2793   13
10   0.2803   13
10   0.2813   13
10   0.2823   13
10   0.2833   13
10   0.2843   13
10   0.2853   13
10   0.2863   13
10   0.2873   13
10   0.2883   13
10   0.2893   13
10   0.2903   13
10   0.2913   13
10   0.2923   13
10   0.2933   13
10   0.2943   13
10   0.2953   13
10   0.2963   13
10   0.2973   13
10   0.2983   13
10   0.2993   13
10   0.3003   13
10   0.3013   13
10   0.3023   13
10   0.3033   13
10   0.3043   13
10   0.3053   13
10   0.3063   13
10   0.3073   13
10   0.3083   13
10   0.3093   13
10   0.3103   13
10   0.3113   13
10   0.3123   13
10   0.3133   13
10   0.3143   13
10   0.3153   13
10   0.3163   13
10   0.3173   13
10   0.3183   13
10   0.3193   13
10   0.3203   13
10   0.3213   13
10   0.3223   13
10   0.3233   13
10   0.3243   13
10   0.3253   13
10   0.3263   13
10   0.3273   13
10   0.3283   13
10   0.3293   13
10   0.3303   13
10   0.3313   13
10   0.3323   13
10   0.0833   14
10   0.0843   14
10   0.0853   14
10   0.0863   14
10   0.0873   14
10   0.0883   14
10   0.0893   14
10   0.0903   14
10   0.0913   14
10   0.0923   14
10   0.0933   14
10   0.0943   14
10   0.0953   14
10   0.0963   14
10   0.0973   14
10   0.0983   14
10   0.0993   14
10   0.1003   14
10   0.1013   14
10   0.1023   14
10   0.1033   14
10   0.1043   14
10   0.1053   14
10   0.1063   14
10   0.1073   14
10   0.1083   14
10   0.1093   14
10   0.1103   14
10   0.1113   14
10   0.1123   14
10   0.1133   14
10   0.1143   14
10   0.1153   14
10   0.1163   14
10   0.1173   14
10   0.1183   14
10   0.1193   14
10   0.1203   14
10   0.1213   14
10   0.1223   14
10   0.1233   14
10   0.1243   14
10   0.1253   14
10   0.1263   14
10   0.1273   14
10   0.1283   14
10   0.1293   14
10   0.1303   14
10   0.1313   14
10   0.1323   14
10   0.1333   14
10   0.1343   14
10   0.1353   14
10   0.1363   14
10   0.1373   14
10   0.1383   14
10   0.1393   14
10   0.1403   14
10   0.1413   14
10   0.1423   14
10   0.1433   14
10   0.1443   14
10   0.1453   14
10   0.1463   14
10   0.1473   14
10   0.1483   14
10   0.1493   14
10   0.1503   14
10   0.1513   14
10   0.1523   14
10   0.1533   14
10   0.1543   14
10   0.1553   14
10   0.1563   14
10   0.1573   14
10   0.1583   14
10   0.1593   14
10   0.1603   14
10   0.1613   14
10   0.1623   14
10   0.1633   14
10   0.1643   14
10   0.1653   14
10   0.1663   14
10   0.1673   14
10   0.1683   14
10   0.1693   14
10   0.1703   14
10   0.1713   14
10   0.1723   14
10   0.1733   14
10   0.1743   14
10   0.1753   14
10   0.1763   14
10   0.1773   14
10   0.1783   14
10   0.1793   14
10   0.1803   14
10   0.1813   14
10   0.1823   14
10   0.1833   14
10   0.1843   14
10   0.1853   14
10   0.1863   14
10   0.1873   14
10   0.1883   14
10   0.1893   14
10   0.1903   14
10   0.1913   14
10   0.1923   14
10   0.1933   14
10   0.1943   14
10   0.1953   14
10   0.1963   14
10   0.1973   14
10   0.1983   14
10   0.1993   14
10   0.2003   14
10   0.2013   14
10   0.2023   14
10   0.2033   14
10   0.2043   14
10   0.2053   14
10   0.2063   14
10   0.2073   14
10   0.2083   14
10   0.2093   14
10   0.2103   14
10   0.2113   14
10   0.2123   14
10   0.2133   14
10   0.2143   14
10   0.2153   14
10   0.2163   14
10   0.2173   14
10   0.2183   14
10   0.2193   14
10   0.2203   14
10   0.2213   14
10   0.2223   14
10   0.2233   14
10   0.2243   14
10   0.2253   14
10   0.2263   14
10   0.2273   14
10   0.2283   14
10   0.2293   14
10   0.2303   14
10   0.2313   14
10   0.2323   14
10   0.2333   14
10   0.2343   14
10   0.2353   14
10   0.2363   14
10   0.2373   14
10   0.2383   14
10   0.2393   14
10   0.2403   14
10   0.2413   14
10   0.2423   14
10   0.2433   14
10   0.2443   14
10   0.2453   14
10   0.2463   14
10   0.2473   14
10   0.2483   14
10   0.2493   14
10   0.2503   14
10   0.2513   14
10   0.2523   14
10   0.2533   14
10   0.2543   14
10   0.2553   14
10   0.2563   14
10   0.2573   14
10   0.2583   14
10   0.2593   14
10   0.2603   14
10   0.2613   14
10   0.2623   14
10   0.2633   14
10   0.2643   14
10   0.2653   14
10   0.2663   14
10   0.2673   14
10   0.2683   14
10   0.2693   14
10   0.2703   14
10   0.2713   14
10   0.2723   14
10   0.2733   14
10   0.2743   14
10   0.2753   14
10   0.2763   14
10   0.2773   14
10   0.2783   14
10   0.2793   14
10   0.2803   14
10   0.2813   14
10   0.2823   14
10   0.2833   14
10   0.2843   14
10   0.2853   14
10   0.2863   14
10   0.2873   14
10   0.2883   14
10   0.2893   14
10   0.2903   14
10   0.2913   14
10   0.2923   14
10   0.2933   14
10   0.2943   14
10   0.2953   14
10   0.2963   14
10   0.2973   14
10   0.2983   14
10   0.2993   14
10   0.3003   14
10   0.3013   14
10   0.3023   14
10   0.3033   14
10   0.3043   14
10   0.3053   14
10   0.3063   14
10   0.3073   14
10   0.3083   14
10   0.3093   14
10   0.3103   14
10   0.3113   14
10   0.3123   14
10   0.3133   14
10   0.3143   14
10   0.3153   14
10   0.3163   14
10   0.3173   14
10   0.3183   14
10   0.3193   14
10   0.3203   14
10   0.3213   14
10   0.3223   14
10   0.3233   14
10   0.3243   14
10   0.3253   14
10   0.3263   14
10   0.3273   14
10   0.3283   14
10   0.3293   14
10   0.3303   14
10   0.3313   14
10   0.3323   14
10   0.0833   15
10   0.0843   15
10   0.0853   15
10   0.0863   15
10   0.0873   15
10   0.0883   15
10   0.0893   15
10   0.0903   15
10   0.0913   15
10   0.0923   15
10   0.0933   15
10   0.0943   15
10   0.0953   15
10   0.0963   15
10   0.0973   15
10   0.0983   15
10   0.0993   15
10   0.1003   15
10   0.1013   15
10   0.1023   15
10   0.1033   15
10   0.1043   15
10   0.1053   15
10   0.1063   15
10   0.1073   15
10   0.1083   15
10   0.1093   15
10   0.1103   15
10   0.1113   15
10   0.1123   15
10   0.1133   15
10   0.1143   15
10   0.1153   15
10   0.1163   15
10   0.1173   15
10   0.1183   15
10   0.1193   15
10   0.1203   15
10   0.1213   15
10   0.1223   15
10   0.1233   15
10   0.1243   15
10   0.1253   15
10   0.1263   15
10   0.1273   15
10   0.1283   15
10   0.1293   15
10   0.1303   15
10   0.1313   15
10   0.1323   15
10   0.1333   15
10   0.1343   15
10   0.1353   15
10   0.1363   15
10   0.1373   15
10   0.1383   15
10   0.1393   15
10   0.1403   15
10   0.1413   15
10   0.1423   15
10   0.1433   15
10   0.1443   15
10   0.1453   15
10   0.1463   15
10   0.1473   15
10   0.1483   15
10   0.1493   15
10   0.1503   15
10   0.1513   15
10   0.1523   15
10   0.1533   15
10   0.1543   15
10   0.1553   15
10   0.1563   15
10   0.1573   15
10   0.1583   15
10   0.1593   15
10   0.1603   15
10   0.1613   15
10   0.1623   15
10   0.1633   15
10   0.1643   15
10   0.1653   15
10   0.1663   15
10   0.1673   15
10   0.1683   15
10   0.1693   15
10   0.1703   15
10   0.1713   15
10   0.1723   15
10   0.1733   15
10   0.1743   15
10   0.1753   15
10   0.1763   15
10   0.1773   15
10   0.1783   15
10   0.1793   15
10   0.1803   15
10   0.1813   15
10   0.1823   15
10   0.1833   15
10   0.1843   15
10   0.1853   15
10   0.1863   15
10   0.1873   15
10   0.1883   15
10   0.1893   15
10   0.1903   15
10   0.1913   15
10   0.1923   15
10   0.1933   15
10   0.1943   15
10   0.1953   15
10   0.1963   15
10   0.1973   15
10   0.1983   15
10   0.1993   15
10   0.2003   15
10   0.2013   15
10   0.2023   15
10   0.2033   15
10   0.2043   15
10   0.2053   15
10   0.2063   15
10   0.2073   15
10   0.2083   15
10   0.2093   15
10   0.2103   15
10   0.2113   15
10   0.2123   15
10   0.2133   15
10   0.2143   15
10   0.2153   15
10   0.2163   15
10   0.2173   15
10   0.2183   15
10   0.2193   15
10   0.2203   15
10   0.2213   15
10   0.2223   15
10   0.2233   15
10   0.2243   15
10   0.2253   15
10   0.2263   15
10   0.2273   15
10   0.2283   15
10   0.2293   15
10   0.2303   15
10   0.2313   15
10   0.2323   15
10   0.2333   15
10   0.2343   15
10   0.2353   15
10   0.2363   15
10   0.2373   15
10   0.2383   15
10   0.2393   15
10   0.2403   15
10   0.2413   15
10   0.2423   15
10   0.2433   15
10   0.2443   15
10   0.2453   15
10   0.2463   15
10   0.2473   15
10   0.2483   15
10   0.2493   15
10   0.2503   15
10   0.2513   15
10   0.2523   15
10   0.2533   15
10   0.2543   15
10   0.2553   15
10   0.2563   15
10   0.2573   15
10   0.2583   15
10   0.2593   15
10   0.2603   15
10   0.2613   15
10   0.2623   15
10   0.2633   15
10   0.2643   15
10   0.2653   15
10   0.2663   15
10   0.2673   15
10   0.2683   15
10   0.2693   15
10   0.2703   15
10   0.2713   15
10   0.2723   15
10   0.2733   15
10   0.2743   15
10   0.2753   15
10   0.2763   15
10   0.2773   15
10   0.2783   15
10   0.2793   15
10   0.2803   15
10   0.2813   15
10   0.2823   15
10   0.2833   15
10   0.2843   15
10   0.2853   15
10   0.2863   15
10   0.2873   15
10   0.2883   15
10   0.2893   15
10   0.2903   15
10   0.2913   15
10   0.2923   15
10   0.2933   15
10   0.2943   15
10   0.2953   15
10   0.2963   15
10   0.2973   15
10   0.2983   15
10   0.2993   15
10   0.3003   15
10   0.3013   15
10   0.3023   15
10   0.3033   15
10   0.3043   15
10   0.3053   15
10   0.3063   15
10   0.3073   15
10   0.3083   15
10   0.3093   15
10   0.3103   15
10   0.3113   15
10   0.3123   15
10   0.3133   15
10   0.3143   15
10   0.3153   15
10   0.3163   15
10   0.3173   15
10   0.3183   15
10   0.3193   15
10   0.3203   15
10   0.3213   15
10   0.3223   15
10   0.3233   15
10   0.3243   15
10   0.3253   15
10   0.3263   15
10   0.3273   15
10   0.3283   15
10   0.3293   15
10   0.3303   15
10   0.3313   15
10   0.3323   15
10   0.0833   16
10   0.0843   16
10   0.0853   16
10   0.0863   16
10   0.0873   16
10   0.0883   16
10   0.0893   16
10   0.0903   16
10   0.0913   16
10   0.0923   16
10   0.0933   16
10   0.0943   16
10   0.0953   16
10   0.0963   16
10   0.0973   16
10   0.0983   16
10   0.0993   16
10   0.1003   16
10   0.1013   16
10   0.1023   16
10   0.1033   16
10   0.1043   16
10   0.1053   16
10   0.1063   16
10   0.1073   16
10   0.1083   16
10   0.1093   16
10   0.1103   16
10   0.1113   16
10   0.1123   16
10   0.1133   16
10   0.1143   16
10   0.1153   16
10   0.1163   16
10   0.1173   16
10   0.1183   16
10   0.1193   16
10   0.1203   16
10   0.1213   16
10   0.1223   16
10   0.1233   16
10   0.1243   16
10   0.1253   16
10   0.1263   16
10   0.1273   16
10   0.1283   16
10   0.1293   16
10   0.1303   16
10   0.1313   16
10   0.1323   16
10   0.1333   16
10   0.1343   16
10   0.1353   16
10   0.1363   16
10   0.1373   16
10   0.1383   16
10   0.1393   16
10   0.1403   16
10   0.1413   16
10   0.1423   16
10   0.1433   16
10   0.1443   16
10   0.1453   16
10   0.1463   16
10   0.1473   16
10   0.1483   16
10   0.1493   16
10   0.1503   16
10   0.1513   16
10   0.1523   16
10   0.1533   16
10   0.1543   16
10   0.1553   16
10   0.1563   16
10   0.1573   16
10   0.1583   16
10   0.1593   16
10   0.1603   16
10   0.1613   16
10   0.1623   16
10   0.1633   16
10   0.1643   16
10   0.1653   16
10   0.1663   16
10   0.1673   16
10   0.1683   16
10   0.1693   16
10   0.1703   16
10   0.1713   16
10   0.1723   16
10   0.1733   16
10   0.1743   16
10   0.1753   16
10   0.1763   16
10   0.1773   16
10   0.1783   16
10   0.1793   16
10   0.1803   16
10   0.1813   16
10   0.1823   16
10   0.1833   16
10   0.1843   16
10   0.1853   16
10   0.1863   16
10   0.1873   16
10   0.1883   16
10   0.1893   16
10   0.1903   16
10   0.1913   16
10   0.1923   16
10   0.1933   16
10   0.1943   16
10   0.1953   16
10   0.1963   16
10   0.1973   16
10   0.1983   16
10   0.1993   16
10   0.2003   16
10   0.2013   16
10   0.2023   16
10   0.2033   16
10   0.2043   16
10   0.2053   16
10   0.2063   16
10   0.2073   16
10   0.2083   16
10   0.2093   16
10   0.2103   16
10   0.2113   16
10   0.2123   16
10   0.2133   16
10   0.2143   16
10   0.2153   16
10   0.2163   16
10   0.2173   16
10   0.2183   16
10   0.2193   16
10   0.2203   16
10   0.2213   16
10   0.2223   16
10   0.2233   16
10   0.2243   16
10   0.2253   16
10   0.2263   16
10   0.2273   16
10   0.2283   16
10   0.2293   16
10   0.2303   16
10   0.2313   16
10   0.2323   16
10   0.2333   16
10   0.2343   16
10   0.2353   16
10   0.2363   16
10   0.2373   16
10   0.2383   16
10   0.2393   16
10   0.2403   16
10   0.2413   16
10   0.2423   16
10   0.2433   16
10   0.2443   16
10   0.2453   16
10   0.2463   16
10   0.2473   16
10   0.2483   16
10   0.2493   16
10   0.2503   16
10   0.2513   16
10   0.2523   16
10   0.2533   16
10   0.2543   16
10   0.2553   16
10   0.2563   16
10   0.2573   16
10   0.2583   16
10   0.2593   16
10   0.2603   16
10   0.2613   16
10   0.2623   16
10   0.2633   16
10   0.2643   16
10   0.2653   16
10   0.2663   16
10   0.2673   16
10   0.2683   16
10   0.2693   16
10   0.2703   16
10   0.2713   16
10   0.2723   16
10   0.2733   16
10   0.2743   16
10   0.2753   16
10   0.2763   16
10   0.2773   16
10   0.2783   16
10   0.2793   16
10   0.2803   16
10   0.2813   16
10   0.2823   16
10   0.2833   16
10   0.2843   16
10   0.2853   16
10   0.2863   16
10   0.2873   16
10   0.2883   16
10   0.2893   16
10   0.2903   16
10   0.2913   16
10   0.2923   16
10   0.2933   16
10   0.2943   16
10   0.2953   16
10   0.2963   16
10   0.2973   16
10   0.2983   16
10   0.2993   16
10   0.3003   16
10   0.3013   16
10   0.3023   16
10   0.3033   16
10   0.3043   16
10   0.3053   16
10   0.3063   16
10   0.3073   16
10   0.3083   16
10   0.3093   16
10   0.3103   16
10   0.3113   16
10   0.3123   16
10   0.3133   16
10   0.3143   16
10   0.3153   16
10   0.3163   16
10   0.3173   16
10   0.3183   16
10   0.3193   16
10   0.3203   16
10   0.3213   16
10   0.3223   16
10   0.3233   16
10   0.3243   16
10   0.3253   16
10   0.3263   16
10   0.3273   16
10   0.3283   16
10   0.3293   16
10   0.3303   16
10   0.3313   16
10   0.3323   16
10   0.0833   17
10   0.0843   17
10   0.0853   17
10   0.0863   17
10   0.0873   17
10   0.0883   17
10   0.0893   17
10   0.0903   17
10   0.0913   17
10   0.0923   17
10   0.0933   17
10   0.0943   17
10   0.0953   17
10   0.0963   17
10   0.0973   17
10   0.0983   17
10   0.0993   17
10   0.1003   17
10   0.1013   17
10   0.1023   17
10   0.1033   17
10   0.1043   17
10   0.1053   17
10   0.1063   17
10   0.1073   17
10   0.1083   17
10   0.1093   17
10   0.1103   17
10   0.1113   17
10   0.1123   17
10   0.1133   17
10   0.1143   17
10   0.1153   17
10   0.1163   17
10   0.1173   17
10   0.1183   17
10   0.1193   17
10   0.1203   17
10   0.1213   17
10   0.1223   17
10   0.1233   17
10   0.1243   17
10   0.1253   17
10   0.1263   17
10   0.1273   17
10   0.1283   17
10   0.1293   17
10   0.1303   17
10   0.1313   17
10   0.1323   17
10   0.1333   17
10   0.1343   17
10   0.1353   17
10   0.1363   17
10   0.1373   17
10   0.1383   17
10   0.1393   17
10   0.1403   17
10   0.1413   17
10   0.1423   17
10   0.1433   17
10   0.1443   17
10   0.1453   17
10   0.1463   17
10   0.1473   17
10   0.1483   17
10   0.1493   17
10   0.1503   17
10   0.1513   17
10   0.1523   17
10   0.1533   17
10   0.1543   17
10   0.1553   17
10   0.1563   17
10   0.1573   17
10   0.1583   17
10   0.1593   17
10   0.1603   17
10   0.1613   17
10   0.1623   17
10   0.1633   17
10   0.1643   17
10   0.1653   17
10   0.1663   17
10   0.1673   17
10   0.1683   17
10   0.1693   17
10   0.1703   17
10   0.1713   17
10   0.1723   17
10   0.1733   17
10   0.1743   17
10   0.1753   17
10   0.1763   17
10   0.1773   17
10   0.1783   17
10   0.1793   17
10   0.1803   17
10   0.1813   17
10   0.1823   17
10   0.1833   17
10   0.1843   17
10   0.1853   17
10   0.1863   17
10   0.1873   17
10   0.1883   17
10   0.1893   17
10   0.1903   17
10   0.1913   17
10   0.1923   17
10   0.1933   17
10   0.1943   17
10   0.1953   17
10   0.1963   17
10   0.1973   17
10   0.1983   17
10   0.1993   17
10   0.2003   17
10   0.2013   17
10   0.2023   17
10   0.2033   17
10   0.2043   17
10   0.2053   17
10   0.2063   17
10   0.2073   17
10   0.2083   17
10   0.2093   17
10   0.2103   17
10   0.2113   17
10   0.2123   17
10   0.2133   17
10   0.2143   17
10   0.2153   17
10   0.2163   17
10   0.2173   17
10   0.2183   17
10   0.2193   17
10   0.2203   17
10   0.2213   17
10   0.2223   17
10   0.2233   17
10   0.2243   17
10   0.2253   17
10   0.2263   17
10   0.2273   17
10   0.2283   17
10   0.2293   17
10   0.2303   17
10   0.2313   17
10   0.2323   17
10   0.2333   17
10   0.2343   17
10   0.2353   17
10   0.2363   17
10   0.2373   17
10   0.2383   17
10   0.2393   17
10   0.2403   17
10   0.2413   17
10   0.2423   17
10   0.2433   17
10   0.2443   17
10   0.2453   17
10   0.2463   17
10   0.2473   17
10   0.2483   17
10   0.2493   17
10   0.2503   17
10   0.2513   17
10   0.2523   17
10   0.2533   17
10   0.2543   17
10   0.2553   17
10   0.2563   17
10   0.2573   17
10   0.2583   17
10   0.2593   17
10   0.2603   17
10   0.2613   17
10   0.2623   17
10   0.2633   17
10   0.2643   17
10   0.2653   17
10   0.2663   17
10   0.2673   17
10   0.2683   17
10   0.2693   17
10   0.2703   17
10   0.2713   17
10   0.2723   17
10   0.2733   17
10   0.2743   17
10   0.2753   17
10   0.2763   17
10   0.2773   17
10   0.2783   17
10   0.2793   17
10   0.2803   17
10   0.2813   17
10   0.2823   17
10   0.2833   17
10   0.2843   17
10   0.2853   17
10   0.2863   17
10   0.2873   17
10   0.2883   17
10   0.2893   17
10   0.2903   17
10   0.2913   17
10   0.2923   17
10   0.2933   17
10   0.2943   17
10   0.2953   17
10   0.2963   17
10   0.2973   17
10   0.2983   17
10   0.2993   17
10   0.3003   17
10   0.3013   17
10   0.3023   17
10   0.3033   17
10   0.3043   17
10   0.3053   17
10   0.3063   17
10   0.3073   17
10   0.3083   17
10   0.3093   17
10   0.3103   17
10   0.3113   17
10   0.3123   17
10   0.3133   17
10   0.3143   17
10   0.3153   17
10   0.3163   17
10   0.3173   17
10   0.3183   17
10   0.3193   17
10   0.3203   17
10   0.3213   17
10   0.3223   17
10   0.3233   17
10   0.3243   17
10   0.3253   17
10   0.3263   17
10   0.3273   17
10   0.3283   17
10   0.3293   17
10   0.3303   17
10   0.3313   17
10   0.3323   17
10   0.0833   18
10   0.0843   18
10   0.0853   18
10   0.0863   18
10   0.0873   18
10   0.0883   18
10   0.0893   18
10   0.0903   18
10   0.0913   18
10   0.0923   18
10   0.0933   18
10   0.0943   18
10   0.0953   18
10   0.0963   18
10   0.0973   18
10   0.0983   18
10   0.0993   18
10   0.1003   18
10   0.1013   18
10   0.1023   18
10   0.1033   18
10   0.1043   18
10   0.1053   18
10   0.1063   18
10   0.1073   18
10   0.1083   18
10   0.1093   18
10   0.1103   18
10   0.1113   18
10   0.1123   18
10   0.1133   18
10   0.1143   18
10   0.1153   18
10   0.1163   18
10   0.1173   18
10   0.1183   18
10   0.1193   18
10   0.1203   18
10   0.1213   18
10   0.1223   18
10   0.1233   18
10   0.1243   18
10   0.1253   18
10   0.1263   18
10   0.1273   18
10   0.1283   18
10   0.1293   18
10   0.1303   18
10   0.1313   18
10   0.1323   18
10   0.1333   18
10   0.1343   18
10   0.1353   18
10   0.1363   18
10   0.1373   18
10   0.1383   18
10   0.1393   18
10   0.1403   18
10   0.1413   18
10   0.1423   18
10   0.1433   18
10   0.1443   18
10   0.1453   18
10   0.1463   18
10   0.1473   18
10   0.1483   18
10   0.1493   18
10   0.1503   18
10   0.1513   18
10   0.1523   18
10   0.1533   18
10   0.1543   18
10   0.1553   18
10   0.1563   18
10   0.1573   18
10   0.1583   18
10   0.1593   18
10   0.1603   18
10   0.1613   18
10   0.1623   18
10   0.1633   18
10   0.1643   18
10   0.1653   18
10   0.1663   18
10   0.1673   18
10   0.1683   18
10   0.1693   18
10   0.1703   18
10   0.1713   18
10   0.1723   18
10   0.1733   18
10   0.1743   18
10   0.1753   18
10   0.1763   18
10   0.1773   18
10   0.1783   18
10   0.1793   18
10   0.1803   18
10   0.1813   18
10   0.1823   18
10   0.1833   18
10   0.1843   18
10   0.1853   18
10   0.1863   18
10   0.1873   18
10   0.1883   18
10   0.1893   18
10   0.1903   18
10   0.1913   18
10   0.1923   18
10   0.1933   18
10   0.1943   18
10   0.1953   18
10   0.1963   18
10   0.1973   18
10   0.1983   18
10   0.1993   18
10   0.2003   18
10   0.2013   18
10   0.2023   18
10   0.2033   18
10   0.2043   18
10   0.2053   18
10   0.2063   18
10   0.2073   18
10   0.2083   18
10   0.2093   18
10   0.2103   18
10   0.2113   18
10   0.2123   18
10   0.2133   18
10   0.2143   18
10   0.2153   18
10   0.2163   18
10   0.2173   18
10   0.2183   18
10   0.2193   18
10   0.2203   18
10   0.2213   18
10   0.2223   18
10   0.2233   18
10   0.2243   18
10   0.2253   18
10   0.2263   18
10   0.2273   18
10   0.2283   18
10   0.2293   18
10   0.2303   18
10   0.2313   18
10   0.2323   18
10   0.2333   18
10   0.2343   18
10   0.2353   18
10   0.2363   18
10   0.2373   18
10   0.2383   18
10   0.2393   18
10   0.2403   18
10   0.2413   18
10   0.2423   18
10   0.2433   18
10   0.2443   18
10   0.2453   18
10   0.2463   18
10   0.2473   18
10   0.2483   18
10   0.2493   18
10   0.2503   18
10   0.2513   18
10   0.2523   18
10   0.2533   18
10   0.2543   18
10   0.2553   18
10   0.2563   18
10   0.2573   18
10   0.2583   18
10   0.2593   18
10   0.2603   18
10   0.2613   18
10   0.2623   18
10   0.2633   18
10   0.2643   18
10   0.2653   18
10   0.2663   18
10   0.2673   18
10   0.2683   18
10   0.2693   18
10   0.2703   18
10   0.2713   18
10   0.2723   18
10   0.2733   18
10   0.2743   18
10   0.2753   18
10   0.2763   18
10   0.2773   18
10   0.2783   18
10   0.2793   18
10   0.2803   18
10   0.2813   18
10   0.2823   18
10   0.2833   18
10   0.2843   18
10   0.2853   18
10   0.2863   18
10   0.2873   18
10   0.2883   18
10   0.2893   18
10   0.2903   18
10   0.2913   18
10   0.2923   18
10   0.2933   18
10   0.2943   18
10   0.2953   18
10   0.2963   18
10   0.2973   18
10   0.2983   18
10   0.2993   18
10   0.3003   18
10   0.3013   18
10   0.3023   18
10   0.3033   18
10   0.3043   18
10   0.3053   18
10   0.3063   18
10   0.3073   18
10   0.3083   18
10   0.3093   18
10   0.3103   18
10   0.3113   18
10   0.3123   18
10   0.3133   18
10   0.3143   18
10   0.3153   18
10   0.3163   18
10   0.3173   18
10   0.3183   18
10   0.3193   18
10   0.3203   18
10   0.3213   18
10   0.3223   18
10   0.3233   18
10   0.3243   18
10   0.3253   18
10   0.3263   18
10   0.3273   18
10   0.3283   18
10   0.3293   18
10   0.3303   18
10   0.3313   18
10   0.3323   18
10   0.0833   19
10   0.0843   19
10   0.0853   19
10   0.0863   19
10   0.0873   19
10   0.0883   19
10   0.0893   19
10   0.0903   19
10   0.0913   19
10   0.0923   19
10   0.0933   19
10   0.0943   19
10   0.0953   19
10   0.0963   19
10   0.0973   19
10   0.0983   19
10   0.0993   19
10   0.1003   19
10   0.1013   19
10   0.1023   19
10   0.1033   19
10   0.1043   19
10   0.1053   19
10   0.1063   19
10   0.1073   19
10   0.1083   19
10   0.1093   19
10   0.1103   19
10   0.1113   19
10   0.1123   19
10   0.1133   19
10   0.1143   19
10   0.1153   19
10   0.1163   19
10   0.1173   19
10   0.1183   19
10   0.1193   19
10   0.1203   19
10   0.1213   19
10   0.1223   19
10   0.1233   19
10   0.1243   19
10   0.1253   19
10   0.1263   19
10   0.1273   19
10   0.1283   19
10   0.1293   19
10   0.1303   19
10   0.1313   19
10   0.1323   19
10   0.1333   19
10   0.1343   19
10   0.1353   19
10   0.1363   19
10   0.1373   19
10   0.1383   19
10   0.1393   19
10   0.1403   19
10   0.1413   19
10   0.1423   19
10   0.1433   19
10   0.1443   19
10   0.1453   19
10   0.1463   19
10   0.1473   19
10   0.1483   19
10   0.1493   19
10   0.1503   19
10   0.1513   19
10   0.1523   19
10   0.1533   19
10   0.1543   19
10   0.1553   19
10   0.1563   19
10   0.1573   19
10   0.1583   19
10   0.1593   19
10   0.1603   19
10   0.1613   19
10   0.1623   19
10   0.1633   19
10   0.1643   19
10   0.1653   19
10   0.1663   19
10   0.1673   19
10   0.1683   19
10   0.1693   19
10   0.1703   19
10   0.1713   19
10   0.1723   19
10   0.1733   19
10   0.1743   19
10   0.1753   19
10   0.1763   19
10   0.1773   19
10   0.1783   19
10   0.1793   19
10   0.1803   19
10   0.1813   19
10   0.1823   19
10   0.1833   19
10   0.1843   19
10   0.1853   19
10   0.1863   19
10   0.1873   19
10   0.1883   19
10   0.1893   19
10   0.1903   19
10   0.1913   19
10   0.1923   19
10   0.1933   19
10   0.1943   19
10   0.1953   19
10   0.1963   19
10   0.1973   19
10   0.1983   19
10   0.1993   19
10   0.2003   19
10   0.2013   19
10   0.2023   19
10   0.2033   19
10   0.2043   19
10   0.2053   19
10   0.2063   19
10   0.2073   19
10   0.2083   19
10   0.2093   19
10   0.2103   19
10   0.2113   19
10   0.2123   19
10   0.2133   19
10   0.2143   19
10   0.2153   19
10   0.2163   19
10   0.2173   19
10   0.2183   19
10   0.2193   19
10   0.2203   19
10   0.2213   19
10   0.2223   19
10   0.2233   19
10   0.2243   19
10   0.2253   19
10   0.2263   19
10   0.2273   19
10   0.2283   19
10   0.2293   19
10   0.2303   19
10   0.2313   19
10   0.2323   19
10   0.2333   19
10   0.2343   19
10   0.2353   19
10   0.2363   19
10   0.2373   19
10   0.2383   19
10   0.2393   19
10   0.2403   19
10   0.2413   19
10   0.2423   19
10   0.2433   19
10   0.2443   19
10   0.2453   19
10   0.2463   19
10   0.2473   19
10   0.2483   19
10   0.2493   19
10   0.2503   19
10   0.2513   19
10   0.2523   19
10   0.2533   19
10   0.2543   19
10   0.2553   19
10   0.2563   19
10   0.2573   19
10   0.2583   19
10   0.2593   19
10   0.2603   19
10   0.2613   19
10   0.2623   19
10   0.2633   19
10   0.2643   19
10   0.2653   19
10   0.2663   19
10   0.2673   19
10   0.2683   19
10   0.2693   19
10   0.2703   19
10   0.2713   19
10   0.2723   19
10   0.2733   19
10   0.2743   19
10   0.2753   19
10   0.2763   19
10   0.2773   19
10   0.2783   19
10   0.2793   19
10   0.2803   19
10   0.2813   19
10   0.2823   19
10   0.2833   19
10   0.2843   19
10   0.2853   19
10   0.2863   19
10   0.2873   19
10   0.2883   19
10   0.2893   19
10   0.2903   19
10   0.2913   19
10   0.2923   19
10   0.2933   19
10   0.2943   19
10   0.2953   19
10   0.2963   19
10   0.2973   19
10   0.2983   19
10   0.2993   19
10   0.3003   19
10   0.3013   19
10   0.3023   19
10   0.3033   19
10   0.3043   19
10   0.3053   19
10   0.3063   19
10   0.3073   19
10   0.3083   19
10   0.3093   19
10   0.3103   19
10   0.3113   19
10   0.3123   19
10   0.3133   19
10   0.3143   19
10   0.3153   19
10   0.3163   19
10   0.3173   19
10   0.3183   19
10   0.3193   19
10   0.3203   19
10   0.3213   19
10   0.3223   19
10   0.3233   19
10   0.3243   19
10   0.3253   19
10   0.3263   19
10   0.3273   19
10   0.3283   19
10   0.3293   19
10   0.3303   19
10   0.3313   19
10   0.3323   19
