456.92 0.0843 0
414.143 0.0853 0
364.509 0.0863 0
311.433 0.0873 0
258.044 0.0883 0
206.982 0.0893 0
160.279 0.0903 0
119.315 0.0913 0
84.8401 0.0923 0
57.05 0.0933 0
35.6921 0.0943 0
20.1874 0.0953 0
9.75179 0.0963 0
3.50395 0.0973 0
0.553901 0.0983 0
0.0675971 0.0993 0
1.30807 0.1003 0
3.65568 0.1013 0
6.6116 0.1023 0
9.78948 0.1033 0
12.8998 0.1043 0
15.7315 0.1053 0
18.1331 0.1063 0
19.9974 0.1073 0
21.2491 0.1083 0
21.8378 0.1093 0
21.7354 0.1103 0
20.9378 0.1113 0
19.4698 0.1123 0
17.3917 0.1133 0
14.8067 0.1143 0
11.8655 0.1153 0
8.76778 0.1163 0
5.75804 0.1173 0
3.11452 0.1183 0
1.1312 0.1193 0
0.0932416 0.1203 0
0.247895 0.1213 0
1.77357 0.1223 0
4.75092 0.1233 0
9.2534 0.1243 0
14.8598 0.1253 0
21.359 0.1263 0
28.4798 0.1273 0
35.5519 0.1283 0
42.8479 0.1293 0
48.7091 0.1303 0
53.353 0.1313 0
55.0128 0.1323 0
55.5173 0.1333 0
54.2446 0.1343 0
50.3213 0.1353 0
45.7656 0.1363 0
40.0314 0.1373 0
30.2842 0.1383 0
22.6447 0.1393 0
17.5922 0.1403 0
12.8718 0.1413 0
9.05931 0.1423 0
10.2039 0.1433 0
17.4104 0.1443 0
21.8785 0.1453 0
28.5516 0.1463 0
38.4445 0.1473 0
45.9958 0.1483 0
48.1428 0.1493 0
54.2797 0.1503 0
60.4633 0.1513 0
64.212 0.1523 0
67.6784 0.1533 0
65.8417 0.1543 0
66.5341 0.1553 0
66.4883 0.1563 0
53.3015 0.1573 0
50.1001 0.1583 0
44.2142 0.1593 0
41.9998 0.1603 0
38.854 0.1613 0
34.1068 0.1623 0
32.3754 0.1633 0
28.731 0.1643 0
26.7289 0.1653 0
24.3213 0.1663 0
26.129 0.1673 0
24.1291 0.1683 0
24.2138 0.1693 0
23.9315 0.1703 0
28.8832 0.1713 0
31.2543 0.1723 0
32.2708 0.1733 0
38.2632 0.1743 0
43.2918 0.1753 0
47.0154 0.1763 0
51.0536 0.1773 0
54.544 0.1783 0
57.1691 0.1793 0
59.3951 0.1803 0
61.5894 0.1813 0
61.9252 0.1823 0
62.5588 0.1833 0
59.3016 0.1843 0
54.684 0.1853 0
44.5271 0.1863 0
39.376 0.1873 0
35.3371 0.1883 0
28.2388 0.1893 0
27.284 0.1903 0
28.178 0.1913 0
28.5687 0.1923 0
34.6281 0.1933 0
42.7705 0.1943 0
49.5144 0.1953 0
56.7361 0.1963 0
66.8611 0.1973 0
76.3216 0.1983 0
90.0631 0.1993 0
101.301 0.2003 0
112.085 0.2013 0
118.915 0.2023 0
119.324 0.2033 0
124.397 0.2043 0
121.973 0.2053 0
120.191 0.2063 0
113.104 0.2073 0
107.606 0.2083 0
96.8281 0.2093 0
83.7821 0.2103 0
72.5417 0.2113 0
60.2813 0.2123 0
49.0944 0.2133 0
38.6527 0.2143 0
30.8561 0.2153 0
25.0043 0.2163 0
20.7645 0.2173 0
17.3166 0.2183 0
16.71 0.2193 0
16.7667 0.2203 0
22.9096 0.2213 0
28.408 0.2223 0
35.4031 0.2233 0
43.5179 0.2243 0
49.9564 0.2253 0
60.2296 0.2263 0
66.3349 0.2273 0
69.9174 0.2283 0
77.9437 0.2293 0
80.4205 0.2303 0
85.7803 0.2313 0
80.6429 0.2323 0
80.2785 0.2333 0
78.8051 0.2343 0
78.8879 0.2353 0
75.6167 0.2363 0
74.4104 0.2373 0
72.3837 0.2383 0
67.4208 0.2393 0
64.6258 0.2403 0
59.6603 0.2413 0
57.0531 0.2423 0
53.3262 0.2433 0
45.9606 0.2443 0
41.5283 0.2453 0
38.4569 0.2463 0
33.0953 0.2473 0
27.2145 0.2483 0
23.5861 0.2493 0
20.7853 0.2503 0
17.3445 0.2513 0
15.8309 0.2523 0
13.6571 0.2533 0
11.8129 0.2543 0
11.0459 0.2553 0
11.6662 0.2563 0
11.174 0.2573 0
13.8875 0.2583 0
13.3154 0.2593 0
12.8093 0.2603 0
12.4798 0.2613 0
12.4125 0.2623 0
12.5271 0.2633 0
14.3495 0.2643 0
13.8569 0.2653 0
14.4535 0.2663 0
14.6901 0.2673 0
17.4107 0.2683 0
19.647 0.2693 0
20.8776 0.2703 0
21.9308 0.2713 0
23.2813 0.2723 0
24.9813 0.2733 0
26.5211 0.2743 0
28.1487 0.2753 0
31.3358 0.2763 0
33.3711 0.2773 0
35.5415 0.2783 0
38.0948 0.2793 0
40.6975 0.2803 0
43.4941 0.2813 0
49.6542 0.2823 0
51.3183 0.2833 0
55.0276 0.2843 0
60.3043 0.2853 0
67.7252 0.2863 0
72.1868 0.2873 0
76.7112 0.2883 0
81.5903 0.2893 0
86.0861 0.2903 0
90.9779 0.2913 0
94.3668 0.2923 0
98.0308 0.2933 0
100.15 0.2943 0
103.549 0.2953 0
104.082 0.2963 0
100.304 0.2973 0
98.6737 0.2983 0
95.8386 0.2993 0
92.9499 0.3003 0
90.0765 0.3013 0
81.8143 0.3023 0
74.4879 0.3033 0
66.4269 0.3043 0
57.8681 0.3053 0
49.0794 0.3063 0
40.3481 0.3073 0
31.9669 0.3083 0
24.219 0.3093 0
16.3822 0.3103 0
9.86293 0.3113 0
5.63784 0.3123 0
3.03777 0.3133 0
1.90166 0.3143 0
2.07538 0.3153 0
3.51027 0.3163 0
6.12753 0.3173 0
9.75563 0.3183 0
14.1402 0.3193 0
18.9899 0.3203 0
24.0308 0.3213 0
28.9957 0.3223 0
34.1255 0.3233 0
38.237 0.3243 0
41.6209 0.3253 0
44.1541 0.3263 0
45.7655 0.3273 0
46.4356 0.3283 0
45.7706 0.3293 0
44.6119 0.3303 0
42.7118 0.3313 0
40.1991 0.3323 0
139.897 0.0833 1
126.872 0.0843 1
130.738 0.0853 1
148.139 0.0863 1
188.223 0.0873 1
259.267 0.0883 1
334.009 0.0893 1
408.035 0.0903 1
490.252 0.0913 1
606.922 0.0923 1
696.363 0.0933 1
795.122 0.0943 1
867.665 0.0953 1
939.705 0.0963 1
990.074 0.0973 1
1037.53 0.0983 1
1073.93 0.0993 1
1114.53 0.1003 1
1109.29 0.1013 1
1097.62 0.1023 1
1063.66 0.1033 1
997.753 0.1043 1
930.511 0.1053 1
863.069 0.1063 1
805.81 0.1073 1
718.244 0.1083 1
657.157 0.1093 1
584.844 0.1103 1
513.852 0.1113 1
442.416 0.1123 1
381.402 0.1133 1
324.635 0.1143 1
276.365 0.1153 1
236.247 0.1163 1
190.564 0.1173 1
156.994 0.1183 1
126.238 0.1193 1
101.479 0.1203 1
80.1377 0.1213 1
62.0099 0.1223 1
46.2252 0.1233 1
36.0653 0.1243 1
27.4085 0.1253 1
22.7586 0.1263 1
17.9682 0.1273 1
14.6731 0.1283 1
14.0035 0.1293 1
13.5649 0.1303 1
15.2953 0.1313 1
19.5927 0.1323 1
25.2176 0.1333 1
28.7615 0.1343 1
35.5794 0.1353 1
42.9647 0.1363 1
49.7027 0.1373 1
58.1986 0.1383 1
64.4932 0.1393 1
68.7465 0.1403 1
73.3219 0.1413 1
76.1717 0.1423 1
84.1016 0.1433 1
82.8864 0.1443 1
84.5738 0.1453 1
83.8286 0.1463 1
81.7912 0.1473 1
77.3858 0.1483 1
75.144 0.1493 1
69.0789 0.1503 1
60.7753 0.1513 1
51.7926 0.1523 1
44.6477 0.1533 1
37.4659 0.1543 1
29.247 0.1553 1
22.5272 0.1563 1
15.5003 0.1573 1
11.129 0.1583 1
8.48469 0.1593 1
7.93986 0.1603 1
8.24195 0.1613 1
11.3923 0.1623 1
15.9133 0.1633 1
18.3402 0.1643 1
23.0097 0.1653 1
30.5715 0.1663 1
35.5595 0.1673 1
41.3775 0.1683 1
44.3364 0.1693 1
46.758 0.1703 1
47.8676 0.1713 1
47.6063 0.1723 1
46.0149 0.1733 1
45.1342 0.1743 1
43.4193 0.1753 1
37.4841 0.1763 1
32.5736 0.1773 1
28.5041 0.1783 1
23.6291 0.1793 1
19.1642 0.1803 1
14.5539 0.1813 1
11.8369 0.1823 1
9.95643 0.1833 1
9.78758 0.1843 1
9.63494 0.1853 1
10.2933 0.1863 1
11.6144 0.1873 1
12.4613 0.1883 1
14.2859 0.1893 1
15.4943 0.1903 1
18.0404 0.1913 1
19.4173 0.1923 1
21.8995 0.1933 1
23.1692 0.1943 1
24.4509 0.1953 1
26.9163 0.1963 1
28.3851 0.1973 1
28.8321 0.1983 1
29.8523 0.1993 1
31.598 0.2003 1
33.4639 0.2013 1
35.1776 0.2023 1
37.293 0.2033 1
40.5835 0.2043 1
42.333 0.2053 1
44.158 0.2063 1
45.2776 0.2073 1
46.5249 0.2083 1
46.2947 0.2093 1
46.0512 0.2103 1
44.9107 0.2113 1
44.5486 0.2123 1
42.2054 0.2133 1
40.0441 0.2143 1
37.1673 0.2153 1
35.1548 0.2163 1
33.2676 0.2173 1
31.6931 0.2183 1
30.4599 0.2193 1
27.2879 0.2203 1
24.925 0.2213 1
23.282 0.2223 1
21.649 0.2233 1
21.3272 0.2243 1
19.9216 0.2253 1
17.269 0.2263 1
15.5682 0.2273 1
13.1103 0.2283 1
11.2517 0.2293 1
10.1798 0.2303 1
9.62264 0.2313 1
9.52197 0.2323 1
9.0819 0.2333 1
9.8207 0.2343 1
10.5051 0.2353 1
10.9233 0.2363 1
13.688 0.2373 1
15.1774 0.2383 1
18.1327 0.2393 1
21.9133 0.2403 1
25.2233 0.2413 1
28.7825 0.2423 1
30.3475 0.2433 1
32.8563 0.2443 1
34.7676 0.2453 1
36.8258 0.2463 1
36.0698 0.2473 1
35.7105 0.2483 1
34.0626 0.2493 1
32.2463 0.2503 1
31.4315 0.2513 1
31.0659 0.2523 1
31.4232 0.2533 1
31.283 0.2543 1
32.1512 0.2553 1
34.2034 0.2563 1
35.556 0.2573 1
36.3801 0.2583 1
37.9065 0.2593 1
38.8822 0.2603 1
40.1938 0.2613 1
39.9059 0.2623 1
40.0599 0.2633 1
39.8644 0.2643 1
39.7201 0.2653 1
38.7982 0.2663 1
37.4267 0.2673 1
35.2251 0.2683 1
34.1287 0.2693 1
32.7414 0.2703 1
32.852 0.2713 1
33.1274 0.2723 1
34.2373 0.2733 1
35.8745 0.2743 1
37.9184 0.2753 1
40.4933 0.2763 1
43.3281 0.2773 1
46.4716 0.2783 1
48.5525 0.2793 1
50.6895 0.2803 1
52.3281 0.2813 1
53.0171 0.2823 1
52.5952 0.2833 1
51.4842 0.2843 1
48.6517 0.2853 1
44.64 0.2863 1
40.2469 0.2873 1
36.2648 0.2883 1
30.8529 0.2893 1
25.8657 0.2903 1
21.8195 0.2913 1
17.7079 0.2923 1
14.8689 0.2933 1
11.9133 0.2943 1
10.4661 0.2953 1
10.6598 0.2963 1
11.4997 0.2973 1
13.0326 0.2983 1
15.1509 0.2993 1
17.8033 0.3003 1
20.0753 0.3013 1
23.251 0.3023 1
25.4356 0.3033 1
27.3738 0.3043 1
28.8715 0.3053 1
29.2143 0.3063 1
29.0631 0.3073 1
27.9672 0.3083 1
26.3724 0.3093 1
24.0856 0.3103 1
23.1979 0.3113 1
21.4966 0.3123 1
19.8723 0.3133 1
18.1727 0.3143 1
17.034 0.3153 1
16.6285 0.3163 1
17.2778 0.3173 1
17.8915 0.3183 1
18.0195 0.3193 1
17.7656 0.3203 1
18.1506 0.3213 1
17.7521 0.3223 1
17.3934 0.3233 1
16.9729 0.3243 1
16.4578 0.3253 1
15.7835 0.3263 1
14.6527 0.3273 1
13.3794 0.3283 1
12.198 0.3293 1
10.8874 0.3303 1
9.11978 0.3313 1
8.38735 0.3323 1
51.6205 0.0833 2
66.2515 0.0843 2
88.5421 0.0853 2
116.877 0.0863 2
149.221 0.0873 2
183.387 0.0883 2
217.309 0.0893 2
249.293 0.0903 2
278.212 0.0913 2
303.618 0.0923 2
325.768 0.0933 2
345.552 0.0943 2
364.342 0.0953 2
383.777 0.0963 2
405.512 0.0973 2
430.966 0.0983 2
461.147 0.0993 2
496.279 0.1003 2
536.002 0.1013 2
579.226 0.1023 2
624.146 0.1033 2
668.768 0.1043 2
710.026 0.1053 2
745.604 0.1063 2
773.899 0.1073 2
791.031 0.1083 2
797.426 0.1093 2
792.576 0.1103 2
776.379 0.1113 2
750.668 0.1123 2
714.886 0.1133 2
672.943 0.1143 2
628.044 0.1153 2
582.264 0.1163 2
535.471 0.1173 2
493.177 0.1183 2
455.245 0.1193 2
425.382 0.1203 2
401.09 0.1213 2
382.762 0.1223 2
373.428 0.1233 2
371.803 0.1243 2
373.426 0.1253 2
375.242 0.1263 2
380.225 0.1273 2
384.436 0.1283 2
383.792 0.1293 2
385.314 0.1303 2
378.781 0.1313 2
374.163 0.1323 2
366.35 0.1333 2
363.595 0.1343 2
345.846 0.1353 2
323.516 0.1363 2
298.833 0.1373 2
278.908 0.1383 2
259.486 0.1393 2
235.77 0.1403 2
207.898 0.1413 2
180.565 0.1423 2
154.736 0.1433 2
131.556 0.1443 2
114.119 0.1453 2
99.579 0.1463 2
87.3318 0.1473 2
71.3759 0.1483 2
57.339 0.1493 2
52.0331 0.1503 2
49.9456 0.1513 2
50.0732 0.1523 2
49.1042 0.1533 2
45.3074 0.1543 2
43.4471 0.1553 2
42.343 0.1563 2
41.8044 0.1573 2
40.3827 0.1583 2
40.451 0.1593 2
38.437 0.1603 2
36.6562 0.1613 2
36.1184 0.1623 2
37.5946 0.1633 2
37.4163 0.1643 2
43.6727 0.1653 2
46.9407 0.1663 2
48.7784 0.1673 2
53.442 0.1683 2
57.3905 0.1693 2
64.3483 0.1703 2
68.6627 0.1713 2
75.7995 0.1723 2
78.7107 0.1733 2
80.968 0.1743 2
80.3738 0.1753 2
77.1894 0.1763 2
72.4863 0.1773 2
65.8844 0.1783 2
58.846 0.1793 2
54.1637 0.1803 2
46.4632 0.1813 2
38.2906 0.1823 2
30.9745 0.1833 2
24.8941 0.1843 2
21.7128 0.1853 2
23.2559 0.1863 2
25.6122 0.1873 2
32.5096 0.1883 2
38.4828 0.1893 2
45.4444 0.1903 2
56.4045 0.1913 2
64.7831 0.1923 2
73.2181 0.1933 2
78.3954 0.1943 2
87.7685 0.1953 2
91.8372 0.1963 2
93.9771 0.1973 2
95.4894 0.1983 2
94.2469 0.1993 2
95.7164 0.2003 2
90.5642 0.2013 2
83.445 0.2023 2
75.6823 0.2033 2
64.8374 0.2043 2
54.2311 0.2053 2
50.4625 0.2063 2
45.0209 0.2073 2
41.6063 0.2083 2
35.9182 0.2093 2
34.2524 0.2103 2
33.0231 0.2113 2
32.2897 0.2123 2
33.9034 0.2133 2
33.564 0.2143 2
33.4526 0.2153 2
34.0478 0.2163 2
34.9983 0.2173 2
34.9408 0.2183 2
36.9233 0.2193 2
37.0438 0.2203 2
37.186 0.2213 2
35.8486 0.2223 2
38.6936 0.2233 2
37.8171 0.2243 2
37.3651 0.2253 2
33.4512 0.2263 2
30.5888 0.2273 2
29.2212 0.2283 2
27.6513 0.2293 2
25.863 0.2303 2
22.0467 0.2313 2
20.2876 0.2323 2
18.1399 0.2333 2
17.8425 0.2343 2
16.4069 0.2353 2
15.9607 0.2363 2
15.6081 0.2373 2
15.1687 0.2383 2
14.2639 0.2393 2
13.8681 0.2403 2
13.4537 0.2413 2
13.2644 0.2423 2
13.4881 0.2433 2
13.6841 0.2443 2
14.982 0.2453 2
17.0494 0.2463 2
18.4962 0.2473 2
22.3004 0.2483 2
26.7284 0.2493 2
33.7781 0.2503 2
38.7106 0.2513 2
44.7237 0.2523 2
51.1331 0.2533 2
57.4542 0.2543 2
63.5848 0.2553 2
68.7627 0.2563 2
73.4683 0.2573 2
78.565 0.2583 2
80.9869 0.2593 2
81.7436 0.2603 2
82.1156 0.2613 2
79.5335 0.2623 2
76.0487 0.2633 2
71.0885 0.2643 2
66.5203 0.2653 2
58.3712 0.2663 2
51.49 0.2673 2
44.0061 0.2683 2
37.8631 0.2693 2
32.0638 0.2703 2
27.1422 0.2713 2
23.6804 0.2723 2
22.0585 0.2733 2
20.705 0.2743 2
21.1142 0.2753 2
23.2135 0.2763 2
24.9882 0.2773 2
27.2732 0.2783 2
30.123 0.2793 2
31.7207 0.2803 2
33.6039 0.2813 2
34.8309 0.2823 2
35.6709 0.2833 2
35.1787 0.2843 2
34.1295 0.2853 2
32.362 0.2863 2
30.4502 0.2873 2
28.9484 0.2883 2
27.7237 0.2893 2
26.2368 0.2903 2
26.3691 0.2913 2
27.2078 0.2923 2
28.2735 0.2933 2
29.4055 0.2943 2
30.4366 0.2953 2
32.3176 0.2963 2
35.0954 0.2973 2
37.8636 0.2983 2
39.9292 0.2993 2
41.6794 0.3003 2
41.8696 0.3013 2
43.3873 0.3023 2
42.1521 0.3033 2
42.2255 0.3043 2
42.0101 0.3053 2
42.1966 0.3063 2
42.9536 0.3073 2
43.3496 0.3083 2
43.0031 0.3093 2
41.878 0.3103 2
41.6166 0.3113 2
41.5462 0.3123 2
42.414 0.3133 2
43.9088 0.3143 2
45.8161 0.3153 2
47.4805 0.3163 2
47.5167 0.3173 2
48.5083 0.3183 2
49.0515 0.3193 2
47.7413 0.3203 2
46.1581 0.3213 2
44.2859 0.3223 2
41.8221 0.3233 2
38.2091 0.3243 2
33.5023 0.3253 2
30.0309 0.3263 2
25.6403 0.3273 2
21.8214 0.3283 2
17.5094 0.3293 2
13.8771 0.3303 2
9.95316 0.3313 2
7.40843 0.3323 2
