704.093 0.0843 0
638.175 0.0853 0
561.691 0.0863 0
479.904 0.0873 0
397.633 0.0883 0
318.949 0.0893 0
246.982 0.0903 0
183.859 0.0913 0
130.735 0.0923 0
87.9114 0.0933 0
54.9998 0.0943 0
31.1079 0.0953 0
15.0271 0.0963 0
5.39942 0.0973 0
0.853535 0.0983 0
0.104164 0.0993 0
2.01568 0.1003 0
5.63323 0.1013 0
10.1882 0.1023 0
15.0851 0.1033 0
19.8781 0.1043 0
24.2415 0.1053 0
27.9423 0.1063 0
30.8151 0.1073 0
32.7439 0.1083 0
33.651 0.1093 0
33.4933 0.1103 0
32.2642 0.1113 0
30.002 0.1123 0
26.7998 0.1133 0
22.8164 0.1143 0
18.2842 0.1153 0
13.5107 0.1163 0
8.87287 0.1173 0
4.79933 0.1183 0
1.74312 0.1193 0
0.143681 0.1203 0
0.381995 0.1213 0
2.73299 0.1223 0
7.32095 0.1233 0
14.2591 0.1243 0
22.8982 0.1253 0
32.9132 0.1263 0
43.886 0.1273 0
54.7838 0.1283 0
66.0267 0.1293 0
75.0584 0.1303 0
82.2145 0.1313 0
84.7722 0.1323 0
85.5496 0.1333 0
83.5885 0.1343 0
77.5427 0.1353 0
70.5226 0.1363 0
61.6865 0.1373 0
46.6665 0.1383 0
34.8944 0.1393 0
27.1088 0.1403 0
19.8349 0.1413 0
13.96 0.1423 0
15.7237 0.1433 0
26.8286 0.1443 0
33.7137 0.1453 0
43.9967 0.1463 0
59.2412 0.1473 0
70.8774 0.1483 0
74.1857 0.1493 0
83.6425 0.1503 0
93.1711 0.1513 0
98.9477 0.1523 0
104.289 0.1533 0
101.459 0.1543 0
102.526 0.1553 0
102.455 0.1563 0
82.1351 0.1573 0
77.2019 0.1583 0
68.1321 0.1593 0
64.7198 0.1603 0
59.8722 0.1613 0
52.5569 0.1623 0
49.8889 0.1633 0
44.2731 0.1643 0
41.1881 0.1653 0
37.4779 0.1663 0
40.2636 0.1673 0
37.1818 0.1683 0
37.3124 0.1693 0
36.8773 0.1703 0
44.5076 0.1713 0
48.1614 0.1723 0
49.7278 0.1733 0
58.9617 0.1743 0
66.7107 0.1753 0
72.4486 0.1763 0
78.6712 0.1773 0
84.0498 0.1783 0
88.0949 0.1793 0
91.5251 0.1803 0
94.9064 0.1813 0
95.4238 0.1823 0
96.4002 0.1833 0
91.3811 0.1843 0
84.2655 0.1853 0
68.6142 0.1863 0
60.6765 0.1873 0
54.4528 0.1883 0
43.5147 0.1893 0
42.0433 0.1903 0
43.421 0.1913 0
44.023 0.1923 0
53.3603 0.1933 0
65.9073 0.1943 0
76.2994 0.1953 0
87.4276 0.1963 0
103.03 0.1973 0
117.608 0.1983 0
138.783 0.1993 0
156.1 0.2003 0
172.717 0.2013 0
183.243 0.2023 0
183.873 0.2033 0
191.69 0.2043 0
187.955 0.2053 0
185.209 0.2063 0
174.288 0.2073 0
165.815 0.2083 0
149.208 0.2093 0
129.104 0.2103 0
111.783 0.2113 0
92.8906 0.2123 0
75.6522 0.2133 0
59.562 0.2143 0
47.5478 0.2153 0
38.5305 0.2163 0
31.997 0.2173 0
26.684 0.2183 0
25.7493 0.2193 0
25.8368 0.2203 0
35.3026 0.2213 0
43.7754 0.2223 0
54.5545 0.2233 0
67.0591 0.2243 0
76.9805 0.2253 0
92.811 0.2263 0
102.219 0.2273 0
107.74 0.2283 0
120.108 0.2293 0
123.924 0.2303 0
132.183 0.2313 0
124.267 0.2323 0
123.705 0.2333 0
121.435 0.2343 0
121.563 0.2353 0
116.522 0.2363 0
114.663 0.2373 0
111.54 0.2383 0
103.892 0.2393 0
99.5853 0.2403 0
91.9337 0.2413 0
87.9161 0.2423 0
82.1732 0.2433 0
70.8231 0.2443 0
63.9932 0.2453 0
59.2603 0.2463 0
50.9982 0.2473 0
41.9363 0.2483 0
36.3451 0.2493 0
32.0291 0.2503 0
26.727 0.2513 0
24.3947 0.2523 0
21.0449 0.2533 0
18.2032 0.2543 0
17.0212 0.2553 0
17.9771 0.2563 0
17.2186 0.2573 0
21.4 0.2583 0
20.5184 0.2593 0
19.7386 0.2603 0
19.2309 0.2613 0
19.1271 0.2623 0
19.3036 0.2633 0
22.1119 0.2643 0
21.3528 0.2653 0
22.2722 0.2663 0
22.6368 0.2673 0
26.8291 0.2683 0
30.275 0.2693 0
32.1714 0.2703 0
33.7944 0.2713 0
35.8754 0.2723 0
38.495 0.2733 0
40.8678 0.2743 0
43.3758 0.2753 0
48.287 0.2763 0
51.4232 0.2773 0
54.7678 0.2783 0
58.7022 0.2793 0
62.713 0.2803 0
67.0224 0.2813 0
76.5147 0.2823 0
79.0792 0.2833 0
84.7949 0.2843 0
92.926 0.2853 0
104.361 0.2863 0
111.236 0.2873 0
118.208 0.2883 0
125.727 0.2893 0
132.655 0.2903 0
140.193 0.2913 0
145.415 0.2923 0
151.061 0.2933 0
154.327 0.2943 0
159.563 0.2953 0
160.385 0.2963 0
154.563 0.2973 0
152.052 0.2983 0
147.683 0.2993 0
143.231 0.3003 0
138.804 0.3013 0
126.072 0.3023 0
114.782 0.3033 0
102.361 0.3043 0
89.172 0.3053 0
75.629 0.3063 0
62.1745 0.3073 0
49.2595 0.3083 0
37.3204 0.3093 0
25.2441 0.3103 0
15.1983 0.3113 0
8.68765 0.3123 0
4.68105 0.3133 0
2.93037 0.3143 0
3.19807 0.3153 0
5.40916 0.3163 0
9.44224 0.3173 0
15.033 0.3183 0
21.7894 0.3193 0
29.2625 0.3203 0
37.0304 0.3213 0
44.681 0.3223 0
52.5858 0.3233 0
58.9214 0.3243 0
64.1359 0.3253 0
68.0395 0.3263 0
70.5226 0.3273 0
71.5551 0.3283 0
70.5303 0.3293 0
68.7449 0.3303 0
65.8169 0.3313 0
61.9449 0.3323 0
215.575 0.0833 1
195.504 0.0843 1
201.461 0.0853 1
228.275 0.0863 1
290.044 0.0873 1
399.519 0.0883 1
514.693 0.0893 1
628.763 0.0903 1
755.455 0.0913 1
935.239 0.0923 1
1073.06 0.0933 1
1225.25 0.0943 1
1337.03 0.0953 1
1448.04 0.0963 1
1525.66 0.0973 1
1598.79 0.0983 1
1654.87 0.0993 1
1717.44 0.1003 1
1709.36 0.1013 1
1691.38 0.1023 1
1639.06 0.1033 1
1537.49 0.1043 1
1433.87 0.1053 1
1329.95 0.1063 1
1241.72 0.1073 1
1106.78 0.1083 1
1012.65 0.1093 1
901.217 0.1103 1
791.821 0.1113 1
681.743 0.1123 1
587.723 0.1133 1
500.248 0.1143 1
425.865 0.1153 1
364.045 0.1163 1
293.65 0.1173 1
241.921 0.1183 1
194.527 0.1193 1
156.374 0.1203 1
123.488 0.1213 1
95.5543 0.1223 1
71.2309 0.1233 1
55.5749 0.1243 1
42.2352 0.1253 1
35.07 0.1263 1
27.6882 0.1273 1
22.6106 0.1283 1
21.5787 0.1293 1
20.9028 0.1303 1
23.5694 0.1313 1
30.1915 0.1323 1
38.8591 0.1333 1
44.3201 0.1343 1
54.8262 0.1353 1
66.2065 0.1363 1
76.5895 0.1373 1
89.6814 0.1383 1
99.381 0.1393 1
105.935 0.1403 1
112.986 0.1413 1
117.377 0.1423 1
129.597 0.1433 1
127.724 0.1443 1
130.324 0.1453 1
129.176 0.1463 1
126.036 0.1473 1
119.248 0.1483 1
115.793 0.1493 1
106.447 0.1503 1
93.6518 0.1513 1
79.81 0.1523 1
68.8001 0.1533 1
57.7332 0.1543 1
45.0682 0.1553 1
34.7133 0.1563 1
23.8853 0.1573 1
17.1493 0.1583 1
13.0745 0.1593 1
12.235 0.1603 1
12.7005 0.1613 1
17.555 0.1623 1
24.5217 0.1633 1
28.2614 0.1643 1
35.4569 0.1653 1
47.1092 0.1663 1
54.7955 0.1673 1
63.7608 0.1683 1
68.3203 0.1693 1
72.0519 0.1703 1
73.7618 0.1713 1
73.3591 0.1723 1
70.9069 0.1733 1
69.5497 0.1743 1
66.907 0.1753 1
57.7613 0.1763 1
50.1943 0.1773 1
43.9235 0.1783 1
36.4114 0.1793 1
29.5312 0.1803 1
22.4269 0.1813 1
18.2401 0.1823 1
15.3424 0.1833 1
15.0822 0.1843 1
14.847 0.1853 1
15.8616 0.1863 1
17.8973 0.1873 1
19.2022 0.1883 1
22.0138 0.1893 1
23.8761 0.1903 1
27.7994 0.1913 1
29.9211 0.1923 1
33.7461 0.1933 1
35.7026 0.1943 1
37.6777 0.1953 1
41.4768 0.1963 1
43.7401 0.1973 1
44.4289 0.1983 1
46.001 0.1993 1
48.6911 0.2003 1
51.5663 0.2013 1
54.207 0.2023 1
57.4668 0.2033 1
62.5373 0.2043 1
65.2332 0.2053 1
68.0454 0.2063 1
69.7707 0.2073 1
71.6927 0.2083 1
71.338 0.2093 1
70.9628 0.2103 1
69.2052 0.2113 1
68.6474 0.2123 1
65.0365 0.2133 1
61.7061 0.2143 1
57.2731 0.2153 1
54.1718 0.2163 1
51.2638 0.2173 1
48.8376 0.2183 1
46.9372 0.2193 1
42.0493 0.2203 1
38.4083 0.2213 1
35.8764 0.2223 1
33.3601 0.2233 1
32.8643 0.2243 1
30.6982 0.2253 1
26.6107 0.2263 1
23.9899 0.2273 1
20.2024 0.2283 1
17.3383 0.2293 1
15.6867 0.2303 1
14.828 0.2313 1
14.6729 0.2323 1
13.9948 0.2333 1
15.1332 0.2343 1
16.1879 0.2353 1
16.8323 0.2363 1
21.0925 0.2373 1
23.3877 0.2383 1
27.9417 0.2393 1
33.7674 0.2403 1
38.8679 0.2413 1
44.3525 0.2423 1
46.7641 0.2433 1
50.6301 0.2443 1
53.5753 0.2453 1
56.7468 0.2463 1
55.5819 0.2473 1
55.0282 0.2483 1
52.4889 0.2493 1
49.6901 0.2503 1
48.4345 0.2513 1
47.8711 0.2523 1
48.4217 0.2533 1
48.2056 0.2543 1
49.5436 0.2553 1
52.7058 0.2563 1
54.7901 0.2573 1
56.06 0.2583 1
58.4122 0.2593 1
59.9157 0.2603 1
61.9368 0.2613 1
61.4932 0.2623 1
61.7304 0.2633 1
61.4291 0.2643 1
61.2068 0.2653 1
59.7862 0.2663 1
57.6728 0.2673 1
54.2803 0.2683 1
52.5907 0.2693 1
50.4529 0.2703 1
50.6234 0.2713 1
51.0478 0.2723 1
52.7581 0.2733 1
55.2809 0.2743 1
58.4304 0.2753 1
62.3983 0.2763 1
66.7666 0.2773 1
71.6106 0.2783 1
74.8171 0.2793 1
78.1102 0.2803 1
80.6352 0.2813 1
81.6968 0.2823 1
81.0468 0.2833 1
79.3347 0.2843 1
74.97 0.2853 1
68.7881 0.2863 1
62.0186 0.2873 1
55.8824 0.2883 1
47.5429 0.2893 1
39.8578 0.2903 1
33.6228 0.2913 1
27.287 0.2923 1
22.9122 0.2933 1
18.3579 0.2943 1
16.1277 0.2953 1
16.4263 0.2963 1
17.7204 0.2973 1
20.0826 0.2983 1
23.3468 0.2993 1
27.434 0.3003 1
30.9352 0.3013 1
35.8287 0.3023 1
39.195 0.3033 1
42.1817 0.3043 1
44.4897 0.3053 1
45.0179 0.3063 1
44.7848 0.3073 1
43.0962 0.3083 1
40.6386 0.3093 1
37.1147 0.3103 1
35.7469 0.3113 1
33.1253 0.3123 1
30.6223 0.3133 1
28.0033 0.3143 1
26.2485 0.3153 1
25.6237 0.3163 1
26.6243 0.3173 1
27.57 0.3183 1
27.7672 0.3193 1
27.3759 0.3203 1
27.9693 0.3213 1
27.3552 0.3223 1
26.8024 0.3233 1
26.1544 0.3243 1
25.3607 0.3253 1
24.3217 0.3263 1
22.5792 0.3273 1
20.617 0.3283 1
18.7965 0.3293 1
16.777 0.3303 1
14.0532 0.3313 1
12.9245 0.3323 1
79.5447 0.0833 2
102.09 0.0843 2
136.439 0.0853 2
180.102 0.0863 2
229.943 0.0873 2
282.591 0.0883 2
334.863 0.0893 2
384.149 0.0903 2
428.711 0.0913 2
467.861 0.0923 2
501.993 0.0933 2
532.479 0.0943 2
561.434 0.0953 2
591.383 0.0963 2
624.876 0.0973 2
664.099 0.0983 2
710.607 0.0993 2
764.743 0.1003 2
825.954 0.1013 2
892.561 0.1023 2
961.78 0.1033 2
1030.54 0.1043 2
1094.12 0.1053 2
1148.94 0.1063 2
1192.54 0.1073 2
1218.94 0.1083 2
1228.8 0.1093 2
1221.32 0.1103 2
1196.36 0.1113 2
1156.74 0.1123 2
1101.61 0.1133 2
1036.97 0.1143 2
967.787 0.1153 2
897.242 0.1163 2
825.135 0.1173 2
759.962 0.1183 2
701.512 0.1193 2
655.493 0.1203 2
618.061 0.1213 2
589.819 0.1223 2
575.435 0.1233 2
572.931 0.1243 2
575.432 0.1253 2
578.23 0.1263 2
585.909 0.1273 2
592.398 0.1283 2
591.405 0.1293 2
593.751 0.1303 2
583.684 0.1313 2
576.568 0.1323 2
564.528 0.1333 2
560.283 0.1343 2
532.932 0.1353 2
498.522 0.1363 2
460.487 0.1373 2
429.784 0.1383 2
399.856 0.1393 2
363.31 0.1403 2
320.36 0.1413 2
278.242 0.1423 2
238.441 0.1433 2
202.721 0.1443 2
175.852 0.1453 2
153.447 0.1463 2
134.574 0.1473 2
109.987 0.1483 2
88.3568 0.1493 2
80.1805 0.1503 2
76.9638 0.1513 2
77.1604 0.1523 2
75.6673 0.1533 2
69.8166 0.1543 2
66.9499 0.1553 2
65.2486 0.1563 2
64.4186 0.1573 2
62.2279 0.1583 2
62.3331 0.1593 2
59.2296 0.1603 2
56.4855 0.1613 2
55.6568 0.1623 2
57.9315 0.1633 2
57.6568 0.1643 2
67.2976 0.1653 2
72.3334 0.1663 2
75.1652 0.1673 2
82.3516 0.1683 2
88.4361 0.1693 2
99.1577 0.1703 2
105.806 0.1713 2
116.804 0.1723 2
121.289 0.1733 2
124.768 0.1743 2
123.852 0.1753 2
118.945 0.1763 2
111.698 0.1773 2
101.525 0.1783 2
90.679 0.1793 2
83.4637 0.1803 2
71.5976 0.1813 2
59.004 0.1823 2
47.7303 0.1833 2
38.3607 0.1843 2
33.4585 0.1853 2
35.8362 0.1863 2
39.4672 0.1873 2
50.0957 0.1883 2
59.3003 0.1893 2
70.0276 0.1903 2
86.9166 0.1913 2
99.8277 0.1923 2
112.826 0.1933 2
120.804 0.1943 2
135.247 0.1953 2
141.517 0.1963 2
144.814 0.1973 2
147.145 0.1983 2
145.23 0.1993 2
147.494 0.2003 2
139.555 0.2013 2
128.585 0.2023 2
116.623 0.2033 2
99.9115 0.2043 2
83.5676 0.2053 2
77.7604 0.2063 2
69.3751 0.2073 2
64.1134 0.2083 2
55.3483 0.2093 2
52.7813 0.2103 2
50.887 0.2113 2
49.7569 0.2123 2
52.2436 0.2133 2
51.7205 0.2143 2
51.5489 0.2153 2
52.466 0.2163 2
53.9308 0.2173 2
53.8421 0.2183 2
56.897 0.2193 2
57.0828 0.2203 2
57.3019 0.2213 2
55.2411 0.2223 2
59.625 0.2233 2
58.2744 0.2243 2
57.5779 0.2253 2
51.5468 0.2263 2
47.1359 0.2273 2
45.0285 0.2283 2
42.6094 0.2293 2
39.8537 0.2303 2
33.973 0.2313 2
31.2622 0.2323 2
27.9527 0.2333 2
27.4944 0.2343 2
25.2822 0.2353 2
24.5947 0.2363 2
24.0513 0.2373 2
23.3743 0.2383 2
21.98 0.2393 2
21.3701 0.2403 2
20.7316 0.2413 2
20.4398 0.2423 2
20.7846 0.2433 2
21.0866 0.2443 2
23.0865 0.2453 2
26.2724 0.2463 2
28.5017 0.2473 2
34.3639 0.2483 2
41.1872 0.2493 2
52.0504 0.2503 2
59.6513 0.2513 2
68.9171 0.2523 2
78.7937 0.2533 2
88.5342 0.2543 2
97.9813 0.2553 2
105.96 0.2563 2
113.211 0.2573 2
121.065 0.2583 2
124.797 0.2593 2
125.963 0.2603 2
126.536 0.2613 2
122.557 0.2623 2
117.188 0.2633 2
109.544 0.2643 2
102.505 0.2653 2
89.9473 0.2663 2
79.3436 0.2673 2
67.8114 0.2683 2
58.3452 0.2693 2
49.4089 0.2703 2
41.8248 0.2713 2
36.4904 0.2723 2
33.9911 0.2733 2
31.9055 0.2743 2
32.5359 0.2753 2
35.7709 0.2763 2
38.5056 0.2773 2
42.0268 0.2783 2
46.4182 0.2793 2
48.8801 0.2803 2
51.782 0.2813 2
53.6729 0.2823 2
54.9673 0.2833 2
54.2088 0.2843 2
52.592 0.2853 2
49.8683 0.2863 2
46.9224 0.2873 2
44.6081 0.2883 2
42.7209 0.2893 2
40.4297 0.2903 2
40.6335 0.2913 2
41.926 0.2923 2
43.5681 0.2933 2
45.3125 0.2943 2
46.9014 0.2953 2
49.7998 0.2963 2
54.0804 0.2973 2
58.346 0.2983 2
61.529 0.2993 2
64.226 0.3003 2
64.5192 0.3013 2
66.8578 0.3023 2
64.9545 0.3033 2
65.0676 0.3043 2
64.7356 0.3053 2
65.0229 0.3063 2
66.1894 0.3073 2
66.7997 0.3083 2
66.2658 0.3093 2
64.532 0.3103 2
64.1292 0.3113 2
64.0207 0.3123 2
65.3581 0.3133 2
67.6615 0.3143 2
70.6004 0.3153 2
73.1653 0.3163 2
73.2211 0.3173 2
74.7491 0.3183 2
75.586 0.3193 2
73.5672 0.3203 2
71.1274 0.3213 2
68.2425 0.3223 2
64.4458 0.3233 2
58.8784 0.3243 2
51.6255 0.3253 2
46.2763 0.3263 2
39.5104 0.3273 2
33.6257 0.3283 2
26.9812 0.3293 2
21.384 0.3303 2
15.3374 0.3313 2
11.416 0.3323 2
2059.63 0.0833 3
2215.72 0.0843 3
2319.85 0.0853 3
2366.33 0.0863 3
2353.71 0.0873 3
2284.78 0.0883 3
2166.19 0.0893 3
2007.69 0.0903 3
1821.22 0.0913 3
1619.87 0.0923 3
1416.68 0.0933 3
1223.77 0.0943 3
1051.35 0.0953 3
907.15 0.0963 3
794.723 0.0973 3
716.64 0.0983 3
670.806 0.0993 3
652.544 0.1003 3
659.428 0.1013 3
680.932 0.1023 3
710.655 0.1033 3
741.037 0.1043 3
762.168 0.1053 3
771.988 0.1063 3
768.455 0.1073 3
748.189 0.1083 3
722.703 0.1093 3
673.661 0.1103 3
613.126 0.1113 3
548.939 0.1123 3
481.746 0.1133 3
405.291 0.1143 3
334.017 0.1153 3
270.188 0.1163 3
215.111 0.1173 3
165.697 0.1183 3
130.562 0.1193 3
103.03 0.1203 3
93.212 0.1213 3
91.736 0.1223 3
90.7863 0.1233 3
96.4269 0.1243 3
108.723 0.1253 3
105.32 0.1263 3
114.841 0.1273 3
121.012 0.1283 3
126.647 0.1293 3
127.205 0.1303 3
133.667 0.1313 3
135.252 0.1323 3
140.061 0.1333 3
146.123 0.1343 3
150.235 0.1353 3
154.234 0.1363 3
157.94 0.1373 3
162.165 0.1383 3
166.934 0.1393 3
171.136 0.1403 3
171.856 0.1413 3
168.163 0.1423 3
164.552 0.1433 3
158.845 0.1443 3
150.253 0.1453 3
143.738 0.1463 3
132.814 0.1473 3
121.617 0.1483 3
108.418 0.1493 3
91.4737 0.1503 3
78.0191 0.1513 3
63.8428 0.1523 3
52.0686 0.1533 3
42.0303 0.1543 3
36.3541 0.1553 3
26.4829 0.1563 3
22.5489 0.1573 3
16.0459 0.1583 3
10.7362 0.1593 3
8.20272 0.1603 3
8.0026 0.1613 3
7.63434 0.1623 3
9.64557 0.1633 3
12.3909 0.1643 3
16.709 0.1653 3
21.1196 0.1663 3
26.4517 0.1673 3
31.2524 0.1683 3
36.8466 0.1693 3
42.3254 0.1703 3
47.3983 0.1713 3
47.219 0.1723 3
50.6539 0.1733 3
50.4633 0.1743 3
53.9183 0.1753 3
56.1537 0.1763 3
57.0452 0.1773 3
54.8602 0.1783 3
55.7431 0.1793 3
53.4573 0.1803 3
49.653 0.1813 3
48.6679 0.1823 3
47.3457 0.1833 3
43.5383 0.1843 3
38.3351 0.1853 3
35.6024 0.1863 3
33.5709 0.1873 3
30.9212 0.1883 3
26.4133 0.1893 3
21.031 0.1903 3
18.556 0.1913 3
17.6196 0.1923 3
16.4914 0.1933 3
18.4223 0.1943 3
18.813 0.1953 3
25.0259 0.1963 3
28.4629 0.1973 3
31.0858 0.1983 3
36.8781 0.1993 3
44.9847 0.2003 3
56.0384 0.2013 3
69.6648 0.2023 3
80.3171 0.2033 3
91.1777 0.2043 3
107.56 0.2053 3
121.597 0.2063 3
129.467 0.2073 3
142.157 0.2083 3
151.261 0.2093 3
161.11 0.2103 3
169.011 0.2113 3
173.811 0.2123 3
172.515 0.2133 3
175.725 0.2143 3
174.395 0.2153 3
166.024 0.2163 3
156.947 0.2173 3
145.034 0.2183 3
134.513 0.2193 3
122.568 0.2203 3
109.929 0.2213 3
97.9501 0.2223 3
82.903 0.2233 3
73.7255 0.2243 3
68.0667 0.2253 3
64.9281 0.2263 3
59.3706 0.2273 3
57.1762 0.2283 3
56.6712 0.2293 3
57.9243 0.2303 3
58.082 0.2313 3
59.6421 0.2323 3
60.9064 0.2333 3
61.952 0.2343 3
62.8455 0.2353 3
62.1791 0.2363 3
62.8274 0.2373 3
61.0687 0.2383 3
56.8188 0.2393 3
54.5892 0.2403 3
51.4903 0.2413 3
48.0743 0.2423 3
43.7389 0.2433 3
41.0216 0.2443 3
36.4478 0.2453 3
34.0834 0.2463 3
32.8429 0.2473 3
32.5378 0.2483 3
32.2667 0.2493 3
32.953 0.2503 3
33.6644 0.2513 3
34.9647 0.2523 3
35.6711 0.2533 3
35.9261 0.2543 3
35.2804 0.2553 3
34.8621 0.2563 3
34.0211 0.2573 3
30.8377 0.2583 3
27.4934 0.2593 3
25.2667 0.2603 3
23.1888 0.2613 3
21.3838 0.2623 3
20.815 0.2633 3
20.6506 0.2643 3
22.8541 0.2653 3
23.7448 0.2663 3
27.2851 0.2673 3
33.3945 0.2683 3
39.9566 0.2693 3
45.9443 0.2703 3
51.6887 0.2713 3
59.0363 0.2723 3
65.6165 0.2733 3
71.5382 0.2743 3
77.6455 0.2753 3
79.615 0.2763 3
80.0123 0.2773 3
80.8687 0.2783 3
78.677 0.2793 3
75.751 0.2803 3
71.803 0.2813 3
65.7636 0.2823 3
60.482 0.2833 3
55.2506 0.2843 3
49.6759 0.2853 3
44.7653 0.2863 3
44.2394 0.2873 3
43.3129 0.2883 3
43.3408 0.2893 3
44.0405 0.2903 3
45.1585 0.2913 3
46.9774 0.2923 3
47.8388 0.2933 3
49.2626 0.2943 3
51.6451 0.2953 3
53.7316 0.2963 3
56.2121 0.2973 3
56.3644 0.2983 3
57.8394 0.2993 3
60.3511 0.3003 3
62.027 0.3013 3
61.7085 0.3023 3
65.5108 0.3033 3
66.6405 0.3043 3
69.7302 0.3053 3
71.783 0.3063 3
73.2 0.3073 3
75.1756 0.3083 3
77.0927 0.3093 3
78.2361 0.3103 3
78.7161 0.3113 3
75.5746 0.3123 3
76.6839 0.3133 3
73.2145 0.3143 3
69.9355 0.3153 3
63.7781 0.3163 3
56.6638 0.3173 3
52.3002 0.3183 3
47.7583 0.3193 3
42.0054 0.3203 3
38.6211 0.3213 3
35.6651 0.3223 3
33.4827 0.3233 3
32.4425 0.3243 3
31.887 0.3253 3
31.841 0.3263 3
31.9202 0.3273 3
32.2188 0.3283 3
32.9249 0.3293 3
33.3802 0.3303 3
85.4427 0.0833 4
95.6424 0.0843 4
94.2642 0.0853 4
97.2556 0.0863 4
94.1171 0.0873 4
92.1173 0.0883 4
96.1273 0.0893 4
86.9607 0.0903 4
77.9888 0.0913 4
74.6125 0.0923 4
73.3839 0.0933 4
79.2379 0.0943 4
91.8862 0.0953 4
108.224 0.0963 4
113.488 0.0973 4
139.326 0.0983 4
157.691 0.0993 4
181.836 0.1003 4
204.983 0.1013 4
241.89 0.1023 4
271.212 0.1033 4
289.597 0.1043 4
327.983 0.1053 4
354.336 0.1063 4
372.551 0.1073 4
379.699 0.1083 4
379.139 0.1093 4
374.562 0.1103 4
381.898 0.1113 4
372.492 0.1123 4
376.984 0.1133 4
377.312 0.1143 4
360.475 0.1153 4
342.218 0.1163 4
321.15 0.1173 4
303.251 0.1183 4
287.726 0.1193 4
268.916 0.1203 4
257.215 0.1213 4
245.571 0.1223 4
223.906 0.1233 4
210.602 0.1243 4
192.685 0.1253 4
191.952 0.1263 4
184.18 0.1273 4
174.72 0.1283 4
162.845 0.1293 4
162.539 0.1303 4
160.115 0.1313 4
143.753 0.1323 4
130.527 0.1333 4
122.023 0.1343 4
111.709 0.1353 4
99.0733 0.1363 4
83.2804 0.1373 4
68.6775 0.1383 4
55.9723 0.1393 4
47.5834 0.1403 4
42.3157 0.1413 4
38.0889 0.1423 4
37.8267 0.1433 4
39.0606 0.1443 4
41.4695 0.1453 4
47.2508 0.1463 4
58.3887 0.1473 4
67.2232 0.1483 4
79.0525 0.1493 4
94.3596 0.1503 4
115.339 0.1513 4
135.443 0.1523 4
147.585 0.1533 4
174.721 0.1543 4
203.417 0.1553 4
242.338 0.1563 4
264.186 0.1573 4
280.152 0.1583 4
304.701 0.1593 4
329.101 0.1603 4
344.893 0.1613 4
365.599 0.1623 4
385.09 0.1633 4
400.014 0.1643 4
405.349 0.1653 4
405.536 0.1663 4
401.509 0.1673 4
391.81 0.1683 4
377.44 0.1693 4
357.874 0.1703 4
334.09 0.1713 4
311.033 0.1723 4
287.975 0.1733 4
260.468 0.1743 4
238.572 0.1753 4
212.618 0.1763 4
191.366 0.1773 4
169.812 0.1783 4
152.53 0.1793 4
137.116 0.1803 4
123.142 0.1813 4
114.4 0.1823 4
106.006 0.1833 4
99.2685 0.1843 4
94.2057 0.1853 4
89.3642 0.1863 4
85.8977 0.1873 4
83.0265 0.1883 4
82.1192 0.1893 4
80.2016 0.1903 4
77.4616 0.1913 4
76.2762 0.1923 4
74.9908 0.1933 4
74.2281 0.1943 4
73.1735 0.1953 4
71.4985 0.1963 4
69.0571 0.1973 4
66.6771 0.1983 4
63.9433 0.1993 4
60.8141 0.2003 4
56.6356 0.2013 4
50.8147 0.2023 4
46.9924 0.2033 4
43.7811 0.2043 4
40.3978 0.2053 4
35.2519 0.2063 4
33.0828 0.2073 4
30.5578 0.2083 4
29.0276 0.2093 4
27.3168 0.2103 4
27.3603 0.2113 4
29.6615 0.2123 4
31.0003 0.2133 4
34.2035 0.2143 4
37.2983 0.2153 4
41.2621 0.2163 4
47.2638 0.2173 4
50.9809 0.2183 4
54.6393 0.2193 4
60.1405 0.2203 4
63.7943 0.2213 4
67.536 0.2223 4
70.9675 0.2233 4
77.6992 0.2243 4
80.8538 0.2253 4
85.5694 0.2263 4
89.0791 0.2273 4
92.4775 0.2283 4
93.4702 0.2293 4
92.0814 0.2303 4
87.1774 0.2313 4
82.6426 0.2323 4
77.7662 0.2333 4
74.1802 0.2343 4
63.8204 0.2353 4
52.4457 0.2363 4
41.6196 0.2373 4
31.0704 0.2383 4
22.7388 0.2393 4
18.2881 0.2403 4
13.4423 0.2413 4
13.1722 0.2423 4
18.3109 0.2433 4
24.973 0.2443 4
34.5693 0.2453 4
45.1609 0.2463 4
59.8815 0.2473 4
74.474 0.2483 4
88.1307 0.2493 4
99.1065 0.2503 4
108.706 0.2513 4
116.594 0.2523 4
120.673 0.2533 4
119.187 0.2543 4
114.721 0.2553 4
108.581 0.2563 4
98.2884 0.2573 4
88.1467 0.2583 4
77.9094 0.2593 4
68.1864 0.2603 4
56.9929 0.2613 4
49.6237 0.2623 4
44.7812 0.2633 4
41.7833 0.2643 4
42.3065 0.2653 4
43.4615 0.2663 4
45.4409 0.2673 4
49.318 0.2683 4
56.0586 0.2693 4
60.5269 0.2703 4
64.234 0.2713 4
65.7623 0.2723 4
64.4666 0.2733 4
65.2717 0.2743 4
61.2626 0.2753 4
55.9186 0.2763 4
50.0243 0.2773 4
46.1056 0.2783 4
39.3651 0.2793 4
32.7808 0.2803 4
26.9862 0.2813 4
24.5318 0.2823 4
23.9242 0.2833 4
25.424 0.2843 4
27.0096 0.2853 4
30.8893 0.2863 4
34.5893 0.2873 4
38.7425 0.2883 4
42.3737 0.2893 4
45.6408 0.2903 4
47.321 0.2913 4
48.3031 0.2923 4
48.2027 0.2933 4
46.9731 0.2943 4
45.1621 0.2953 4
42.1635 0.2963 4
38.8431 0.2973 4
35.0543 0.2983 4
32.361 0.2993 4
30.1737 0.3003 4
28.0971 0.3013 4
27.1036 0.3023 4
27.4305 0.3033 4
28.4254 0.3043 4
29.8032 0.3053 4
31.6575 0.3063 4
34.4452 0.3073 4
36.363 0.3083 4
38.8583 0.3093 4
40.7956 0.3103 4
41.7337 0.3113 4
42.7687 0.3123 4
42.0249 0.3133 4
42.1277 0.3143 4
42.6605 0.3153 4
40.6877 0.3163 4
40.0616 0.3173 4
40.4024 0.3183 4
38.9699 0.3193 4
38.9966 0.3203 4
37.8005 0.3213 4
36.6909 0.3223 4
35.6264 0.3233 4
35.5684 0.3243 4
33.7539 0.3253 4
32.0057 0.3263 4
29.8852 0.3273 4
27.7737 0.3283 4
25.283 0.3293 4
11.1216 0.0833 5
19.4735 0.0843 5
35.0615 0.0853 5
57.7417 0.0863 5
86.5359 0.0873 5
119.698 0.0883 5
154.869 0.0893 5
189.312 0.0903 5
220.183 0.0913 5
244.832 0.0923 5
261.075 0.0933 5
267.432 0.0943 5
263.284 0.0953 5
248.944 0.0963 5
225.637 0.0973 5
195.382 0.0983 5
160.801 0.0993 5
124.871 0.1003 5
90.6389 0.1013 5
60.9462 0.1023 5
38.1737 0.1033 5
24.0406 0.1043 5
19.4724 0.1053 5
24.5489 0.1063 5
38.5324 0.1073 5
59.9706 0.1083 5
86.858 0.1093 5
116.84 0.1103 5
147.431 0.1113 5
176.238 0.1123 5
201.148 0.1133 5
220.483 0.1143 5
233.105 0.1153 5
238.454 0.1163 5
236.547 0.1173 5
227.914 0.1183 5
213.591 0.1193 5
194.909 0.1203 5
173.636 0.1213 5
150.124 0.1223 5
126.338 0.1233 5
102.861 0.1243 5
82.2107 0.1253 5
63.6923 0.1263 5
47.9094 0.1273 5
35.2309 0.1283 5
26.613 0.1293 5
21.0163 0.1303 5
17.6174 0.1313 5
17.391 0.1323 5
16.5248 0.1333 5
17.7942 0.1343 5
19.9232 0.1353 5
23.5705 0.1363 5
26.8221 0.1373 5
33.1353 0.1383 5
38.119 0.1393 5
40.8522 0.1403 5
46.1442 0.1413 5
50.1738 0.1423 5
56.285 0.1433 5
63.6021 0.1443 5
63.7354 0.1453 5
67.1502 0.1463 5
71.4951 0.1473 5
75.7839 0.1483 5
80.314 0.1493 5
86.5577 0.1503 5
88.3556 0.1513 5
90.115 0.1523 5
94.3333 0.1533 5
95.7442 0.1543 5
95.9245 0.1553 5
101.036 0.1563 5
99.5921 0.1573 5
95.7299 0.1583 5
96.1349 0.1593 5
88.4846 0.1603 5
81.9234 0.1613 5
82.9625 0.1623 5
72.7169 0.1633 5
75.2753 0.1643 5
71.8736 0.1653 5
72.4643 0.1663 5
76.0387 0.1673 5
81.7985 0.1683 5
83.1075 0.1693 5
89.1724 0.1703 5
85.5437 0.1713 5
89.0403 0.1723 5
90.9218 0.1733 5
92.0161 0.1743 5
102.292 0.1753 5
104.74 0.1763 5
109.135 0.1773 5
109.698 0.1783 5
108.445 0.1793 5
94.9425 0.1803 5
93.4707 0.1813 5
84.6603 0.1823 5
80.6391 0.1833 5
73.0273 0.1843 5
69.3239 0.1853 5
64.6816 0.1863 5
57.2442 0.1873 5
53.078 0.1883 5
51.4675 0.1893 5
45.9707 0.1903 5
42.1623 0.1913 5
42.1858 0.1923 5
44.5467 0.1933 5
39.3183 0.1943 5
38.574 0.1953 5
44.2754 0.1963 5
48.3108 0.1973 5
45.4979 0.1983 5
46.328 0.1993 5
42.7666 0.2003 5
37.1159 0.2013 5
36.4804 0.2023 5
37.4835 0.2033 5
35.3735 0.2043 5
36.7701 0.2053 5
38.5785 0.2063 5
42.441 0.2073 5
45.6094 0.2083 5
46.637 0.2093 5
50.4901 0.2103 5
54.5617 0.2113 5
57.929 0.2123 5
62.8614 0.2133 5
63.6688 0.2143 5
62.2066 0.2153 5
62.4481 0.2163 5
62.2477 0.2173 5
59.4473 0.2183 5
56.1692 0.2193 5
52.5292 0.2203 5
54.2542 0.2213 5
52.65 0.2223 5
48.9033 0.2233 5
45.2736 0.2243 5
40.4559 0.2253 5
36.5371 0.2263 5
34.3085 0.2273 5
31.797 0.2283 5
29.1007 0.2293 5
27.2186 0.2303 5
26.1039 0.2313 5
25.6824 0.2323 5
26.71 0.2333 5
29.5282 0.2343 5
31.8968 0.2353 5
34.5122 0.2363 5
39.5088 0.2373 5
44.4599 0.2383 5
54.4942 0.2393 5
65.0223 0.2403 5
73.2935 0.2413 5
84.2502 0.2423 5
96.6725 0.2433 5
110.071 0.2443 5
124.69 0.2453 5
140.055 0.2463 5
155.766 0.2473 5
168.26 0.2483 5
182.72 0.2493 5
190.742 0.2503 5
195.298 0.2513 5
198.252 0.2523 5
197.823 0.2533 5
190.548 0.2543 5
181.715 0.2553 5
167.6 0.2563 5
152.841 0.2573 5
136.326 0.2583 5
116.881 0.2593 5
100.1 0.2603 5
83.6671 0.2613 5
70.3036 0.2623 5
59.3188 0.2633 5
51.6697 0.2643 5
48.319 0.2653 5
46.4442 0.2663 5
46.8073 0.2673 5
51.7789 0.2683 5
57.5693 0.2693 5
65.2375 0.2703 5
74.4149 0.2713 5
82.8464 0.2723 5
91.5047 0.2733 5
97.3153 0.2743 5
104.139 0.2753 5
108.507 0.2763 5
112.802 0.2773 5
111.588 0.2783 5
111.961 0.2793 5
109.882 0.2803 5
110.575 0.2813 5
107.345 0.2823 5
103.538 0.2833 5
99.6922 0.2843 5
95.8643 0.2853 5
93.0779 0.2863 5
87.9346 0.2873 5
82.4744 0.2883 5
77.3697 0.2893 5
71.7452 0.2903 5
67.2458 0.2913 5
62.744 0.2923 5
58.4419 0.2933 5
54.4943 0.2943 5
51.3317 0.2953 5
48.8219 0.2963 5
47.5233 0.2973 5
45.5728 0.2983 5
46.1037 0.2993 5
47.8156 0.3003 5
51.1996 0.3013 5
54.8651 0.3023 5
60.8186 0.3033 5
66.3671 0.3043 5
70.5357 0.3053 5
75.3707 0.3063 5
77.0207 0.3073 5
78.4627 0.3083 5
82.3097 0.3093 5
84.0776 0.3103 5
83.2044 0.3113 5
82.4888 0.3123 5
78.7383 0.3133 5
74.5397 0.3143 5
68.7687 0.3153 5
63.1074 0.3163 5
56.2485 0.3173 5
49.2872 0.3183 5
42.4994 0.3193 5
36.1284 0.3203 5
30.3725 0.3213 5
25.3764 0.3223 5
20.2145 0.3233 5
15.8629 0.3243 5
13.7865 0.3253 5
12.1368 0.3263 5
20.4607 0.0833 6
19.3714 0.0843 6
19.5987 0.0853 6
24.7537 0.0863 6
27.2703 0.0873 6
31.9767 0.0883 6
29.2831 0.0893 6
30.8614 0.0903 6
34.6869 0.0913 6
40.4886 0.0923 6
53.2644 0.0933 6
67.5861 0.0943 6
82.1446 0.0953 6
95.5214 0.0963 6
110.458 0.0973 6
116.269 0.0983 6
129.137 0.0993 6
151.992 0.1003 6
164.907 0.1013 6
164.299 0.1023 6
162.41 0.1033 6
168.04 0.1043 6
164.273 0.1053 6
154.831 0.1063 6
138.449 0.1073 6
134.497 0.1083 6
119.105 0.1093 6
98.0613 0.1103 6
76.1882 0.1113 6
61.6433 0.1123 6
44.7189 0.1133 6
35.5113 0.1143 6
29.9739 0.1153 6
25.0852 0.1163 6
24.5365 0.1173 6
28.2236 0.1183 6
37.037 0.1193 6
48.6831 0.1203 6
66.3003 0.1213 6
83.3823 0.1223 6
100.541 0.1233 6
115.255 0.1243 6
140.628 0.1253 6
157.283 0.1263 6
157.548 0.1273 6
159.465 0.1283 6
165.287 0.1293 6
157.52 0.1303 6
146.742 0.1313 6
127.16 0.1323 6
110.129 0.1333 6
90.8012 0.1343 6
72.3728 0.1353 6
53.9917 0.1363 6
40.4415 0.1373 6
29.6625 0.1383 6
22.5782 0.1393 6
24.3252 0.1403 6
31.7863 0.1413 6
43.5055 0.1423 6
55.173 0.1433 6
68.229 0.1443 6
85.3123 0.1453 6
102.204 0.1463 6
121.456 0.1473 6
136.852 0.1483 6
145.766 0.1493 6
154.172 0.1503 6
159.376 0.1513 6
162.943 0.1523 6
157.43 0.1533 6
150.917 0.1543 6
151.608 0.1553 6
147.043 0.1563 6
140.931 0.1573 6
137.686 0.1583 6
135.344 0.1593 6
131.754 0.1603 6
132.527 0.1613 6
132.297 0.1623 6
133.511 0.1633 6
133.16 0.1643 6
136.024 0.1653 6
133.089 0.1663 6
129.019 0.1673 6
120.956 0.1683 6
111.053 0.1693 6
98.9517 0.1703 6
86.4167 0.1713 6
71.5316 0.1723 6
56.5377 0.1733 6
42.4122 0.1743 6
29.5286 0.1753 6
20.144 0.1763 6
14.3507 0.1773 6
12.758 0.1783 6
15.0927 0.1793 6
21.41 0.1803 6
31.9314 0.1813 6
48.7748 0.1823 6
66.5387 0.1833 6
88.8916 0.1843 6
110.281 0.1853 6
131.81 0.1863 6
152.826 0.1873 6
171.782 0.1883 6
190.743 0.1893 6
204.697 0.1903 6
214.788 0.1913 6
223.349 0.1923 6
224.554 0.1933 6
228.673 0.1943 6
225.812 0.1953 6
220.065 0.1963 6
210.86 0.1973 6
201.421 0.1983 6
190.104 0.1993 6
176.922 0.2003 6
165.467 0.2013 6
152.105 0.2023 6
140.604 0.2033 6
131.792 0.2043 6
120.615 0.2053 6
109.186 0.2063 6
97.0648 0.2073 6
88.8385 0.2083 6
78.5889 0.2093 6
70.6383 0.2103 6
61.9863 0.2113 6
55.6064 0.2123 6
46.2806 0.2133 6
37.3335 0.2143 6
30.776 0.2153 6
23.656 0.2163 6
18.3563 0.2173 6
14.44 0.2183 6
12.735 0.2193 6
12.9257 0.2203 6
18.0657 0.2213 6
23.8934 0.2223 6
32.3415 0.2233 6
44.5113 0.2243 6
58.4851 0.2253 6
74.2159 0.2263 6
93.8353 0.2273 6
113.704 0.2283 6
134.832 0.2293 6
155.963 0.2303 6
174.278 0.2313 6
187.413 0.2323 6
204.246 0.2333 6
214.216 0.2343 6
220.518 0.2353 6
222.124 0.2363 6
217.676 0.2373 6
209.509 0.2383 6
199.003 0.2393 6
183.603 0.2403 6
165.623 0.2413 6
148.708 0.2423 6
130.182 0.2433 6
112.627 0.2443 6
94.3112 0.2453 6
78.1714 0.2463 6
63.475 0.2473 6
53.6541 0.2483 6
41.9449 0.2493 6
35.8475 0.2503 6
28.0976 0.2513 6
24.788 0.2523 6
23.4512 0.2533 6
24.0347 0.2543 6
24.9435 0.2553 6
25.7043 0.2563 6
27.6199 0.2573 6
26.8821 0.2583 6
27.981 0.2593 6
29.5298 0.2603 6
30.8705 0.2613 6
35.0604 0.2623 6
37.7699 0.2633 6
41.9318 0.2643 6
49.0636 0.2653 6
55.3756 0.2663 6
62.9678 0.2673 6
69.4036 0.2683 6
76.3165 0.2693 6
85.7079 0.2703 6
93.9019 0.2713 6
103.205 0.2723 6
109.11 0.2733 6
116.484 0.2743 6
121.315 0.2753 6
125.368 0.2763 6
131.026 0.2773 6
130.9 0.2783 6
129.164 0.2793 6
124.701 0.2803 6
120.711 0.2813 6
114.431 0.2823 6
106.978 0.2833 6
98.0832 0.2843 6
90.3218 0.2853 6
83.0196 0.2863 6
75.4747 0.2873 6
68.2581 0.2883 6
63.296 0.2893 6
59.4602 0.2903 6
56.652 0.2913 6
54.5241 0.2923 6
52.8108 0.2933 6
53.267 0.2943 6
56.2238 0.2953 6
58.6325 0.2963 6
62.3332 0.2973 6
66.425 0.2983 6
70.5281 0.2993 6
74.5631 0.3003 6
78.0544 0.3013 6
83.6036 0.3023 6
83.5787 0.3033 6
83.8763 0.3043 6
83.9998 0.3053 6
81.5383 0.3063 6
77.5271 0.3073 6
71.6548 0.3083 6
66.9231 0.3093 6
60.6052 0.3103 6
54.2452 0.3113 6
45.793 0.3123 6
38.7492 0.3133 6
31.9451 0.3143 6
26.0322 0.3153 6
21.0941 0.3163 6
16.5051 0.3173 6
13.4426 0.3183 6
10.9837 0.3193 6
9.83827 0.3203 6
9.6917 0.3213 6
10.8913 0.3223 6
12.6086 0.3233 6
15.0111 0.3243 6
54.659 0.0833 7
49.062 0.0843 7
44.2993 0.0853 7
40.254 0.0863 7
36.7032 0.0873 7
33.3749 0.0883 7
30.011 0.0893 7
26.4283 0.0903 7
22.5677 0.0913 7
18.5259 0.0923 7
14.5631 0.0933 7
11.0855 0.0943 7
8.60357 0.0953 7
7.67011 0.0963 7
8.80674 0.0973 7
12.4265 0.0983 7
18.7635 0.0993 7
27.8188 0.1003 7
39.3301 0.1013 7
52.7718 0.1023 7
67.3846 0.1033 7
82.3199 0.1043 7
96.4554 0.1053 7
109.346 0.1063 7
119.073 0.1073 7
126.083 0.1083 7
129.121 0.1093 7
128.728 0.1103 7
124.571 0.1113 7
116.56 0.1123 7
108.172 0.1133 7
98.0977 0.1143 7
88.7014 0.1153 7
77.8287 0.1163 7
67.9858 0.1173 7
61.3647 0.1183 7
59.0214 0.1193 7
62.6471 0.1203 7
64.061 0.1213 7
69.3882 0.1223 7
76.7857 0.1233 7
81.6974 0.1243 7
87.7179 0.1253 7
96.1563 0.1263 7
98.1561 0.1273 7
100.379 0.1283 7
96.8853 0.1293 7
89.4174 0.1303 7
79.3104 0.1313 7
67.4289 0.1323 7
57.4951 0.1333 7
45.2035 0.1343 7
34.7902 0.1353 7
25.4279 0.1363 7
18.7533 0.1373 7
14.0341 0.1383 7
15.2234 0.1393 7
20.9402 0.1403 7
25.1939 0.1413 7
33.0879 0.1423 7
42.1703 0.1433 7
51.4457 0.1443 7
56.7523 0.1453 7
61.8023 0.1463 7
66.378 0.1473 7
69.0709 0.1483 7
70.8467 0.1493 7
69.2741 0.1503 7
66.123 0.1513 7
61.0432 0.1523 7
56.143 0.1533 7
57.3389 0.1543 7
54.3312 0.1553 7
57.2741 0.1563 7
50.7717 0.1573 7
46.7023 0.1583 7
46.0752 0.1593 7
43.6837 0.1603 7
40.8716 0.1613 7
41.8568 0.1623 7
42.4812 0.1633 7
40.5158 0.1643 7
41.1034 0.1653 7
42.5186 0.1663 7
40.3368 0.1673 7
39.761 0.1683 7
39.3337 0.1693 7
39.0628 0.1703 7
38.9667 0.1713 7
35.1827 0.1723 7
33.5966 0.1733 7
37.492 0.1743 7
43.8942 0.1753 7
45.5795 0.1763 7
53.8443 0.1773 7
59.0845 0.1783 7
67.9155 0.1793 7
79.191 0.1803 7
89.2146 0.1813 7
93.887 0.1823 7
107.982 0.1833 7
121.552 0.1843 7
133.363 0.1853 7
145.267 0.1863 7
155.741 0.1873 7
159.44 0.1883 7
167.998 0.1893 7
184.759 0.1903 7
197.322 0.1913 7
213.197 0.1923 7
223.692 0.1933 7
232.449 0.1943 7
236.411 0.1953 7
242.253 0.1963 7
248.817 0.1973 7
247.189 0.1983 7
236.891 0.1993 7
234.51 0.2003 7
234.424 0.2013 7
240.591 0.2023 7
230.372 0.2033 7
219.059 0.2043 7
205.092 0.2053 7
199.835 0.2063 7
190.579 0.2073 7
178.742 0.2083 7
168.446 0.2093 7
166.603 0.2103 7
154.802 0.2113 7
149.94 0.2123 7
138.744 0.2133 7
132.365 0.2143 7
128.59 0.2153 7
126.308 0.2163 7
120.069 0.2173 7
106.284 0.2183 7
103.615 0.2193 7
103.098 0.2203 7
99.3346 0.2213 7
97.7053 0.2223 7
95.1155 0.2233 7
91.8178 0.2243 7
86.9634 0.2253 7
83.7063 0.2263 7
81.3723 0.2273 7
72.4424 0.2283 7
64.9415 0.2293 7
62.8852 0.2303 7
57.1365 0.2313 7
50.0074 0.2323 7
45.1835 0.2333 7
41.074 0.2343 7
36.7029 0.2353 7
32.1005 0.2363 7
29.9273 0.2373 7
26.8842 0.2383 7
25.3495 0.2393 7
26.4792 0.2403 7
29.729 0.2413 7
32.3439 0.2423 7
36.7496 0.2433 7
42.5619 0.2443 7
48.5615 0.2453 7
57.1104 0.2463 7
65.2444 0.2473 7
71.2067 0.2483 7
75.4118 0.2493 7
80.0296 0.2503 7
83.9407 0.2513 7
84.1075 0.2523 7
83.988 0.2533 7
82.7451 0.2543 7
79.9999 0.2553 7
76.5131 0.2563 7
73.3205 0.2573 7
70.8272 0.2583 7
67.2984 0.2593 7
65.5672 0.2603 7
64.4186 0.2613 7
62.7289 0.2623 7
63.3954 0.2633 7
65.5424 0.2643 7
69.7886 0.2653 7
74.9291 0.2663 7
80.545 0.2673 7
84.192 0.2683 7
90.205 0.2693 7
95.0413 0.2703 7
99.5715 0.2713 7
102.33 0.2723 7
102.176 0.2733 7
100.511 0.2743 7
98.0993 0.2753 7
92.3624 0.2763 7
85.5638 0.2773 7
78.2604 0.2783 7
68.9059 0.2793 7
60.3146 0.2803 7
51.9955 0.2813 7
42.8617 0.2823 7
38.5978 0.2833 7
36.1323 0.2843 7
35.8126 0.2853 7
37.2147 0.2863 7
41.1588 0.2873 7
47.1207 0.2883 7
55.3091 0.2893 7
64.0305 0.2903 7
72.8342 0.2913 7
81.8632 0.2923 7
89.0849 0.2933 7
96.5849 0.2943 7
100.98 0.2953 7
102.786 0.2963 7
102.559 0.2973 7
100.122 0.2983 7
95.7404 0.2993 7
89.1962 0.3003 7
82.545 0.3013 7
76.0594 0.3023 7
68.9008 0.3033 7
61.4299 0.3043 7
55.1087 0.3053 7
51.0803 0.3063 7
47.0071 0.3073 7
44.9506 0.3083 7
44.1705 0.3093 7
46.3181 0.3103 7
49.679 0.3113 7
54.4422 0.3123 7
56.7605 0.3133 7
60.895 0.3143 7
65.9186 0.3153 7
70.1045 0.3163 7
72.723 0.3173 7
73.5754 0.3183 7
74.4128 0.3193 7
72.9244 0.3203 7
3.35064 0.0833 8
3.97013 0.0843 8
4.46037 0.0853 8
4.68947 0.0863 8
4.01439 0.0873 8
3.53417 0.0883 8
2.76806 0.0893 8
2.22104 0.0903 8
2.26247 0.0913 8
2.14029 0.0923 8
1.98573 0.0933 8
4.07849 0.0943 8
6.76529 0.0953 8
11.8111 0.0963 8
19.4447 0.0973 8
27.9595 0.0983 8
37.9819 0.0993 8
49.5994 0.1003 8
62.5697 0.1013 8
77.1708 0.1023 8
93.3389 0.1033 8
108.576 0.1043 8
122.507 0.1053 8
133.542 0.1063 8
143.073 0.1073 8
148.48 0.1083 8
152.592 0.1093 8
152.573 0.1103 8
150.73 0.1113 8
145.098 0.1123 8
136.804 0.1133 8
127.251 0.1143 8
116.472 0.1153 8
104.982 0.1163 8
91.5769 0.1173 8
81.9409 0.1183 8
69.4063 0.1193 8
60.5536 0.1203 8
51.1126 0.1213 8
42.3247 0.1223 8
30.6841 0.1233 8
24.6006 0.1243 8
15.2368 0.1253 8
14.3746 0.1263 8
13.9987 0.1273 8
14.337 0.1283 8
16.6275 0.1293 8
19.8252 0.1303 8
21.6416 0.1313 8
23.634 0.1323 8
29.5479 0.1333 8
35.3498 0.1343 8
36.7206 0.1353 8
41.3991 0.1363 8
48.3471 0.1373 8
55.1442 0.1383 8
59.1599 0.1393 8
60.6964 0.1403 8
61.7473 0.1413 8
61.7634 0.1423 8
58.9031 0.1433 8
57.4428 0.1443 8
52.9333 0.1453 8
50.3487 0.1463 8
45.0393 0.1473 8
40.8608 0.1483 8
38.6136 0.1493 8
42.4455 0.1503 8
40.3229 0.1513 8
42.7279 0.1523 8
44.1498 0.1533 8
48.4811 0.1543 8
56.9678 0.1553 8
61.9528 0.1563 8
64.746 0.1573 8
73.7493 0.1583 8
83.5436 0.1593 8
87.7641 0.1603 8
87.0593 0.1613 8
84.903 0.1623 8
80.9569 0.1633 8
74.675 0.1643 8
69.5438 0.1653 8
58.2007 0.1663 8
51.6058 0.1673 8
47.0199 0.1683 8
46.5397 0.1693 8
47.1016 0.1703 8
47.5358 0.1713 8
49.3098 0.1723 8
53.092 0.1733 8
56.6611 0.1743 8
61.5821 0.1753 8
67.5022 0.1763 8
74.0925 0.1773 8
77.6572 0.1783 8
78.4743 0.1793 8
77.3034 0.1803 8
76.3928 0.1813 8
74.6381 0.1823 8
72.4272 0.1833 8
69.6223 0.1843 8
67.7941 0.1853 8
66.1602 0.1863 8
64.3575 0.1873 8
64.9843 0.1883 8
72.8883 0.1893 8
77.5611 0.1903 8
89.1123 0.1913 8
97.5553 0.1923 8
106.349 0.1933 8
111.635 0.1943 8
121.312 0.1953 8
129.231 0.1963 8
137.355 0.1973 8
136.743 0.1983 8
143.83 0.1993 8
144.969 0.2003 8
138.581 0.2013 8
134.644 0.2023 8
126.58 0.2033 8
123.824 0.2043 8
117.481 0.2053 8
112.93 0.2063 8
107.11 0.2073 8
104.992 0.2083 8
101.226 0.2093 8
94.2615 0.2103 8
89.0146 0.2113 8
84.2724 0.2123 8
79.916 0.2133 8
75.8874 0.2143 8
70.1916 0.2153 8
64.9685 0.2163 8
59.1227 0.2173 8
53.4491 0.2183 8
48.8019 0.2193 8
45.3968 0.2203 8
42.6542 0.2213 8
41.6693 0.2223 8
41.6859 0.2233 8
44.1221 0.2243 8
48.8418 0.2253 8
54.5198 0.2263 8
62.8127 0.2273 8
72.4059 0.2283 8
84.0184 0.2293 8
94.8143 0.2303 8
105.754 0.2313 8
115.627 0.2323 8
126.021 0.2333 8
133.45 0.2343 8
139.039 0.2353 8
142.137 0.2363 8
141.738 0.2373 8
142.153 0.2383 8
140.09 0.2393 8
136.071 0.2403 8
132.354 0.2413 8
128.062 0.2423 8
124.744 0.2433 8
120.37 0.2443 8
118.522 0.2453 8
115.695 0.2463 8
113.661 0.2473 8
107.629 0.2483 8
104.97 0.2493 8
104.921 0.2503 8
102.367 0.2513 8
101.699 0.2523 8
100.549 0.2533 8
99.1116 0.2543 8
102.148 0.2553 8
102.862 0.2563 8
103.79 0.2573 8
103.438 0.2583 8
103.298 0.2593 8
97.9687 0.2603 8
97.6492 0.2613 8
101.212 0.2623 8
103.261 0.2633 8
107.331 0.2643 8
110.522 0.2653 8
117.914 0.2663 8
120.594 0.2673 8
121.585 0.2683 8
122.582 0.2693 8
121.378 0.2703 8
121.48 0.2713 8
119.613 0.2723 8
116.787 0.2733 8
111.915 0.2743 8
107.402 0.2753 8
100.953 0.2763 8
95.1547 0.2773 8
88.1003 0.2783 8
80.0441 0.2793 8
76.0711 0.2803 8
69.6327 0.2813 8
64.8682 0.2823 8
63.3108 0.2833 8
62.3125 0.2843 8
62.5308 0.2853 8
63.5343 0.2863 8
66.4498 0.2873 8
69.65 0.2883 8
72.0542 0.2893 8
77.832 0.2903 8
82.3308 0.2913 8
86.8199 0.2923 8
88.7275 0.2933 8
91.1486 0.2943 8
89.427 0.2953 8
87.3163 0.2963 8
81.4961 0.2973 8
75.4458 0.2983 8
68.8918 0.2993 8
60.2583 0.3003 8
52.4276 0.3013 8
45.2142 0.3023 8
38.5155 0.3033 8
32.4433 0.3043 8
27.7336 0.3053 8
24.0433 0.3063 8
21.2663 0.3073 8
19.4699 0.3083 8
18.7684 0.3093 8
18.9949 0.3103 8
19.5566 0.3113 8
19.931 0.3123 8
20.1257 0.3133 8
20.2277 0.3143 8
20.1578 0.3153 8
19.5567 0.3163 8
74.4328 0.0833 9
75.9156 0.0843 9
80.0134 0.0853 9
81.0892 0.0863 9
81.839 0.0873 9
74.3027 0.0883 9
70.7782 0.0893 9
64.6292 0.0903 9
57.5608 0.0913 9
49.9777 0.0923 9
45.1612 0.0933 9
46.8492 0.0943 9
42.2836 0.0953 9
37.5684 0.0963 9
32.7042 0.0973 9
31.7864 0.0983 9
32.0885 0.0993 9
46.0459 0.1003 9
50.7023 0.1013 9
54.1559 0.1023 9
64.5259 0.1033 9
66.2435 0.1043 9
64.9416 0.1053 9
66.9875 0.1063 9
67.6592 0.1073 9
70.4244 0.1083 9
79.5413 0.1093 9
85.023 0.1103 9
94.2752 0.1113 9
108.179 0.1123 9
116.527 0.1133 9
121.035 0.1143 9
127.313 0.1153 9
133.895 0.1163 9
131.497 0.1173 9
128.162 0.1183 9
123.792 0.1193 9
113.987 0.1203 9
103.016 0.1213 9
88.7233 0.1223 9
77.2794 0.1233 9
63.3305 0.1243 9
50.6656 0.1253 9
40.3251 0.1263 9
32.1232 0.1273 9
27.4625 0.1283 9
27.3333 0.1293 9
27.0053 0.1303 9
44.7503 0.1313 9
53.8279 0.1323 9
64.2216 0.1333 9
81.8406 0.1343 9
97.687 0.1353 9
110.419 0.1363 9
120.68 0.1373 9
130.804 0.1383 9
133.361 0.1393 9
133.694 0.1403 9
129.932 0.1413 9
121.851 0.1423 9
108.933 0.1433 9
92.4503 0.1443 9
73.739 0.1453 9
55.1022 0.1463 9
39.0378 0.1473 9
25.3062 0.1483 9
15.4303 0.1493 9
9.51586 0.1503 9
9.39742 0.1513 9
12.5166 0.1523 9
19.4286 0.1533 9
27.1485 0.1543 9
36.5403 0.1553 9
50.1458 0.1563 9
64.5481 0.1573 9
75.703 0.1583 9
83.7887 0.1593 9
93.505 0.1603 9
103.07 0.1613 9
104.871 0.1623 9
110.051 0.1633 9
119.805 0.1643 9
121.982 0.1653 9
123.383 0.1663 9
127.83 0.1673 9
133.817 0.1683 9
137.192 0.1693 9
142.693 0.1703 9
149.082 0.1713 9
158.082 0.1723 9
165.63 0.1733 9
167.172 0.1743 9
173.327 0.1753 9
167.963 0.1763 9
160.202 0.1773 9
150.539 0.1783 9
137.612 0.1793 9
120.688 0.1803 9
103.059 0.1813 9
84.5013 0.1823 9
68.8601 0.1833 9
54.5704 0.1843 9
47.2873 0.1853 9
44.5243 0.1863 9
45.0692 0.1873 9
56.266 0.1883 9
73.2256 0.1893 9
97.6466 0.1903 9
125.664 0.1913 9
158.069 0.1923 9
192.645 0.1933 9
220.8 0.1943 9
248.661 0.1953 9
271.04 0.1963 9
288.124 0.1973 9
297.227 0.1983 9
300.796 0.1993 9
293.378 0.2003 9
280.57 0.2013 9
260.002 0.2023 9
233.321 0.2033 9
206.623 0.2043 9
178.288 0.2053 9
150.462 0.2063 9
126.995 0.2073 9
105.125 0.2083 9
88.9191 0.2093 9
79.0475 0.2103 9
75.3096 0.2113 9
77.4398 0.2123 9
84.4915 0.2133 9
101.204 0.2143 9
119.373 0.2153 9
138.898 0.2163 9
161.578 0.2173 9
189.092 0.2183 9
208.9 0.2193 9
228.41 0.2203 9
243.069 0.2213 9
252.121 0.2223 9
258.713 0.2233 9
261.011 0.2243 9
253.633 0.2253 9
240.916 0.2263 9
222.289 0.2273 9
207.49 0.2283 9
187.736 0.2293 9
170.063 0.2303 9
150.93 0.2313 9
133.644 0.2323 9
118.094 0.2333 9
102.436 0.2343 9
88.9691 0.2353 9
78.0337 0.2363 9
72.1394 0.2373 9
65.3528 0.2383 9
60.7957 0.2393 9
57.7393 0.2403 9
57.0573 0.2413 9
56.9785 0.2423 9
58.5913 0.2433 9
61.0921 0.2443 9
62.3731 0.2453 9
62.9313 0.2463 9
63.1423 0.2473 9
63.0632 0.2483 9
64.5894 0.2493 9
62.3767 0.2503 9
62.8955 0.2513 9
59.3054 0.2523 9
55.5231 0.2533 9
53.5593 0.2543 9
52.8709 0.2553 9
53.4485 0.2563 9
55.1183 0.2573 9
59.5797 0.2583 9
61.995 0.2593 9
66.9839 0.2603 9
73.2427 0.2613 9
76.8846 0.2623 9
82.547 0.2633 9
87.4405 0.2643 9
94.5641 0.2653 9
97.561 0.2663 9
102.751 0.2673 9
103.759 0.2683 9
105.18 0.2693 9
104.844 0.2703 9
104.653 0.2713 9
100.481 0.2723 9
97.6632 0.2733 9
92.2445 0.2743 9
89.7585 0.2753 9
84.7438 0.2763 9
79.3482 0.2773 9
74.7499 0.2783 9
71.5717 0.2793 9
68.5927 0.2803 9
65.969 0.2813 9
63.9435 0.2823 9
59.61 0.2833 9
56.1419 0.2843 9
52.6818 0.2853 9
49.1644 0.2863 9
47.4185 0.2873 9
44.3378 0.2883 9
41.6698 0.2893 9
36.6846 0.2903 9
31.2797 0.2913 9
25.9079 0.2923 9
20.4761 0.2933 9
18.0164 0.2943 9
15.163 0.2953 9
12.4906 0.2963 9
10.5115 0.2973 9
8.98994 0.2983 9
9.73451 0.2993 9
10.4962 0.3003 9
12.7119 0.3013 9
15.3933 0.3023 9
18.6635 0.3033 9
22.1586 0.3043 9
25.7811 0.3053 9
29.0951 0.3063 9
33.0639 0.3073 9
36.3197 0.3083 9
38.7078 0.3093 9
40.7953 0.3103 9
41.8136 0.3113 9
42.8918 0.3123 9
78.4655 0.0833 10
68.1569 0.0843 10
57.5616 0.0853 10
47.3644 0.0863 10
38.2011 0.0873 10
30.6021 0.0883 10
24.9471 0.0893 10
21.4339 0.0903 10
20.0659 0.0913 10
20.6584 0.0923 10
22.8648 0.0933 10
26.2172 0.0943 10
30.1778 0.0953 10
34.1963 0.0963 10
37.7645 0.0973 10
40.4653 0.0983 10
42.0091 0.0993 10
42.2564 0.1003 10
41.2232 0.1013 10
39.0726 0.1023 10
36.0921 0.1033 10
32.662 0.1043 10
29.2182 0.1053 10
26.2139 0.1063 10
24.0831 0.1073 10
23.2101 0.1083 10
23.905 0.1093 10
26.3876 0.1103 10
30.777 0.1113 10
37.088 0.1123 10
45.2315 0.1133 10
55.0968 0.1143 10
66.4886 0.1153 10
79.1914 0.1163 10
92.0281 0.1173 10
105.403 0.1183 10
117.275 0.1193 10
128.993 0.1203 10
138.897 0.1213 10
146.988 0.1223 10
150.607 0.1233 10
152.592 0.1243 10
151.305 0.1253 10
146.079 0.1263 10
139.529 0.1273 10
129.68 0.1283 10
115.248 0.1293 10
100.813 0.1303 10
85.9054 0.1313 10
70.8767 0.1323 10
57.3555 0.1333 10
45.7467 0.1343 10
40.3067 0.1353 10
33.8448 0.1363 10
32.5287 0.1373 10
43.1498 0.1383 10
51.6263 0.1393 10
61.9328 0.1403 10
75.6359 0.1413 10
83.3129 0.1423 10
102.165 0.1433 10
127.089 0.1443 10
141.971 0.1453 10
148.5 0.1463 10
160.107 0.1473 10
168.441 0.1483 10
170.998 0.1493 10
171.287 0.1503 10
180.098 0.1513 10
176.034 0.1523 10
173.946 0.1533 10
178.125 0.1543 10
164.726 0.1553 10
160.559 0.1563 10
161.304 0.1573 10
169.39 0.1583 10
170.313 0.1593 10
166.882 0.1603 10
182.454 0.1613 10
183.695 0.1623 10
173.076 0.1633 10
166.368 0.1643 10
165.7 0.1653 10
155.739 0.1663 10
143.351 0.1673 10
127.866 0.1683 10
129.195 0.1693 10
129.855 0.1703 10
133.092 0.1713 10
137.508 0.1723 10
151.286 0.1733 10
159.78 0.1743 10
170.545 0.1753 10
183.917 0.1763 10
195.814 0.1773 10
213.105 0.1783 10
230.154 0.1793 10
241.557 0.1803 10
257.702 0.1813 10
262.373 0.1823 10
265.581 0.1833 10
262.889 0.1843 10
252.787 0.1853 10
240.125 0.1863 10
217.12 0.1873 10
192.693 0.1883 10
172.191 0.1893 10
146.122 0.1903 10
123.514 0.1913 10
102.001 0.1923 10
83.2128 0.1933 10
69.8813 0.1943 10
59.045 0.1953 10
55.0302 0.1963 10
55.9606 0.1973 10
61.9461 0.1983 10
73.237 0.1993 10
89.0482 0.2003 10
106.802 0.2013 10
132.662 0.2023 10
161.161 0.2033 10
184.498 0.2043 10
209.4 0.2053 10
231.548 0.2063 10
251.725 0.2073 10
272.798 0.2083 10
289.324 0.2093 10
296.077 0.2103 10
299.35 0.2113 10
302.434 0.2123 10
296.548 0.2133 10
285.286 0.2143 10
271.116 0.2153 10
252.289 0.2163 10
231.524 0.2173 10
208.124 0.2183 10
184.51 0.2193 10
161.794 0.2203 10
141.044 0.2213 10
121.717 0.2223 10
105.322 0.2233 10
93.5644 0.2243 10
75.504 0.2253 10
63.6987 0.2263 10
56.1388 0.2273 10
53.9987 0.2283 10
52.6401 0.2293 10
54.3985 0.2303 10
54.9238 0.2313 10
55.6563 0.2323 10
57.1822 0.2333 10
58.8396 0.2343 10
58.3457 0.2353 10
57.0791 0.2363 10
57.2242 0.2373 10
57.9154 0.2383 10
53.8438 0.2393 10
50.4193 0.2403 10
47.1869 0.2413 10
45.0462 0.2423 10
42.2762 0.2433 10
41.2183 0.2443 10
40.5164 0.2453 10
42.3608 0.2463 10
44.4709 0.2473 10
46.4897 0.2483 10
48.5764 0.2493 10
48.6673 0.2503 10
50.7527 0.2513 10
51.2773 0.2523 10
49.8823 0.2533 10
48.9897 0.2543 10
46.9448 0.2553 10
44.731 0.2563 10
41.236 0.2573 10
38.5723 0.2583 10
36.4115 0.2593 10
34.2015 0.2603 10
32.2535 0.2613 10
31.3532 0.2623 10
30.274 0.2633 10
31.8107 0.2643 10
34.9267 0.2653 10
36.753 0.2663 10
39.354 0.2673 10
41.9455 0.2683 10
43.7382 0.2693 10
45.3762 0.2703 10
46.5398 0.2713 10
45.2897 0.2723 10
41.4984 0.2733 10
39.1568 0.2743 10
36.292 0.2753 10
34.3525 0.2763 10
31.8869 0.2773 10
28.6532 0.2783 10
25.8114 0.2793 10
24.1369 0.2803 10
22.6806 0.2813 10
22.6359 0.2823 10
23.1214 0.2833 10
24.2712 0.2843 10
25.7933 0.2853 10
29.2056 0.2863 10
31.688 0.2873 10
32.5678 0.2883 10
34.3211 0.2893 10
34.7949 0.2903 10
33.6975 0.2913 10
31.2206 0.2923 10
28.2793 0.2933 10
25.2341 0.2943 10
22.2062 0.2953 10
18.6079 0.2963 10
13.9208 0.2973 10
11.2051 0.2983 10
8.81599 0.2993 10
7.2017 0.3003 10
6.37924 0.3013 10
6.52998 0.3023 10
7.80505 0.3033 10
10.4375 0.3043 10
13.3954 0.3053 10
17.5089 0.3063 10
21.1463 0.3073 10
31.3786 0.0833 11
35.533 0.0843 11
36.4476 0.0853 11
38.3841 0.0863 11
46.1049 0.0873 11
49.3243 0.0883 11
51.8492 0.0893 11
54.1771 0.0903 11
55.6384 0.0913 11
58.0262 0.0923 11
54.16 0.0933 11
57.0823 0.0943 11
58.5672 0.0953 11
64.1734 0.0963 11
63.4614 0.0973 11
65.0363 0.0983 11
70.3484 0.0993 11
67.7401 0.1003 11
79.6927 0.1013 11
79.4824 0.1023 11
88.8533 0.1033 11
91.0455 0.1043 11
98.9419 0.1053 11
94.2562 0.1063 11
100.082 0.1073 11
95.875 0.1083 11
96.8977 0.1093 11
91.6506 0.1103 11
88.5249 0.1113 11
80.2194 0.1123 11
77.6979 0.1133 11
66.0012 0.1143 11
52.4239 0.1153 11
44.3057 0.1163 11
35.7798 0.1173 11
22.3719 0.1183 11
17.2809 0.1193 11
13.7626 0.1203 11
7.74824 0.1213 11
5.80834 0.1223 11
5.90032 0.1233 11
7.7552 0.1243 11
12.6175 0.1253 11
20.652 0.1263 11
32.0704 0.1273 11
45.1293 0.1283 11
53.0921 0.1293 11
63.1116 0.1303 11
68.3945 0.1313 11
79.7544 0.1323 11
91.0918 0.1333 11
100.392 0.1343 11
104.415 0.1353 11
110.545 0.1363 11
114.176 0.1373 11
118.253 0.1383 11
116.699 0.1393 11
115.252 0.1403 11
110.55 0.1413 11
111.158 0.1423 11
109.182 0.1433 11
106.585 0.1443 11
107.299 0.1453 11
109.653 0.1463 11
114.123 0.1473 11
122.766 0.1483 11
133.32 0.1493 11
148.292 0.1503 11
165.505 0.1513 11
179.822 0.1523 11
194.757 0.1533 11
209.382 0.1543 11
226.684 0.1553 11
243.497 0.1563 11
258.98 0.1573 11
275.609 0.1583 11
286.628 0.1593 11
294.902 0.1603 11
299.096 0.1613 11
299.233 0.1623 11
291.026 0.1633 11
287.138 0.1643 11
275.135 0.1653 11
259.555 0.1663 11
243.515 0.1673 11
224.664 0.1683 11
201.981 0.1693 11
178.032 0.1703 11
153.283 0.1713 11
130.853 0.1723 11
111.09 0.1733 11
92.637 0.1743 11
77.5278 0.1753 11
65.7851 0.1763 11
56.8902 0.1773 11
53.8379 0.1783 11
48.2206 0.1793 11
47.441 0.1803 11
48.775 0.1813 11
52.9376 0.1823 11
56.4125 0.1833 11
60.7884 0.1843 11
64.8816 0.1853 11
68.3699 0.1863 11
70.6036 0.1873 11
71.5695 0.1883 11
70.3474 0.1893 11
68.506 0.1903 11
65.484 0.1913 11
59.6092 0.1923 11
56.0857 0.1933 11
51.2475 0.1943 11
45.2794 0.1953 11
40.8927 0.1963 11
37.1574 0.1973 11
33.7444 0.1983 11
31.7809 0.1993 11
31.2759 0.2003 11
31.4969 0.2013 11
32.2633 0.2023 11
34.4559 0.2033 11
35.7857 0.2043 11
38.5379 0.2053 11
41.1485 0.2063 11
41.8514 0.2073 11
43.5193 0.2083 11
45.1962 0.2093 11
45.666 0.2103 11
44.6421 0.2113 11
44.3893 0.2123 11
42.3711 0.2133 11
38.3724 0.2143 11
35.7491 0.2153 11
31.6976 0.2163 11
28.6338 0.2173 11
25.8135 0.2183 11
23.4589 0.2193 11
21.4543 0.2203 11
19.9341 0.2213 11
17.4246 0.2223 11
19.7506 0.2233 11
22.5392 0.2243 11
26.5581 0.2253 11
31.3322 0.2263 11
38.6164 0.2273 11
46.1524 0.2283 11
54.2179 0.2293 11
59.678 0.2303 11
64.6504 0.2313 11
68.4533 0.2323 11
71.9303 0.2333 11
74.9172 0.2343 11
74.4237 0.2353 11
73.6223 0.2363 11
71.1149 0.2373 11
68.8394 0.2383 11
66.1059 0.2393 11
61.329 0.2403 11
58.6024 0.2413 11
54.9988 0.2423 11
50.765 0.2433 11
51.5231 0.2443 11
54.1582 0.2453 11
56.2457 0.2463 11
58.9519 0.2473 11
58.5192 0.2483 11
63.2853 0.2493 11
67.2865 0.2503 11
69.3458 0.2513 11
69.7841 0.2523 11
69.8784 0.2533 11
66.4698 0.2543 11
61.3184 0.2553 11
58.666 0.2563 11
54.9958 0.2573 11
50.0444 0.2583 11
42.9388 0.2593 11
37.8909 0.2603 11
33.7069 0.2613 11
29.7988 0.2623 11
26.7497 0.2633 11
23.4185 0.2643 11
22.0951 0.2653 11
20.3475 0.2663 11
20.4942 0.2673 11
19.2971 0.2683 11
19.2493 0.2693 11
19.0146 0.2703 11
18.414 0.2713 11
19.2922 0.2723 11
19.4057 0.2733 11
19.1864 0.2743 11
21.6448 0.2753 11
23.1183 0.2763 11
25.8441 0.2773 11
30.1623 0.2783 11
32.0899 0.2793 11
34.5378 0.2803 11
38.559 0.2813 11
43.074 0.2823 11
47.2201 0.2833 11
49.7412 0.2843 11
53.9938 0.2853 11
55.4139 0.2863 11
53.1211 0.2873 11
52.4601 0.2883 11
50.5966 0.2893 11
46.3827 0.2903 11
40.4813 0.2913 11
35.9233 0.2923 11
32.1043 0.2933 11
27.202 0.2943 11
23.6836 0.2953 11
21.9155 0.2963 11
19.8332 0.2973 11
20.6734 0.2983 11
22.1704 0.2993 11
23.7634 0.3003 11
27.4645 0.3013 11
27.1902 0.0833 12
30.6464 0.0843 12
36.4391 0.0853 12
44.1605 0.0863 12
53.064 0.0873 12
62.1553 0.0883 12
70.3228 0.0893 12
76.4904 0.0903 12
79.7735 0.0913 12
79.6154 0.0923 12
75.8872 0.0933 12
68.9357 0.0943 12
59.5716 0.0953 12
48.9976 0.0963 12
38.6825 0.0973 12
30.1968 0.0983 12
25.0275 0.0993 12
24.3948 0.1003 12
29.0928 0.1013 12
39.375 0.1023 12
54.899 0.1033 12
74.7386 0.1043 12
97.4641 0.1053 12
121.284 0.1063 12
144.232 0.1073 12
164.378 0.1083 12
180.116 0.1093 12
190.271 0.1103 12
194.232 0.1113 12
191.583 0.1123 12
182.849 0.1133 12
170.352 0.1143 12
154.846 0.1153 12
138.715 0.1163 12
125.125 0.1173 12
115.764 0.1183 12
111.124 0.1193 12
112.846 0.1203 12
119.504 0.1213 12
131.153 0.1223 12
148.891 0.1233 12
169.665 0.1243 12
191.317 0.1253 12
209.723 0.1263 12
226.381 0.1273 12
236.66 0.1283 12
240.324 0.1293 12
237.819 0.1303 12
222.853 0.1313 12
203.309 0.1323 12
175.37 0.1333 12
144.714 0.1343 12
112.83 0.1353 12
82.2274 0.1363 12
55.057 0.1373 12
32.8646 0.1383 12
20.6908 0.1393 12
16.5817 0.1403 12
21.5477 0.1413 12
33.8225 0.1423 12
52.4852 0.1433 12
73.423 0.1443 12
99.4269 0.1453 12
126.643 0.1463 12
150.431 0.1473 12
170.351 0.1483 12
182.489 0.1493 12
187.437 0.1503 12
187.113 0.1513 12
178.181 0.1523 12
160.92 0.1533 12
151.055 0.1543 12
131.968 0.1553 12
111.452 0.1563 12
96.1075 0.1573 12
85.7774 0.1583 12
73.29 0.1593 12
68.2918 0.1603 12
64.0246 0.1613 12
66.2261 0.1623 12
72.5533 0.1633 12
77.5417 0.1643 12
82.329 0.1653 12
95.8237 0.1663 12
103.301 0.1673 12
111.492 0.1683 12
117.018 0.1693 12
124.664 0.1703 12
126.858 0.1713 12
127.58 0.1723 12
117.635 0.1733 12
110.653 0.1743 12
102.348 0.1753 12
93.7342 0.1763 12
86.7896 0.1773 12
80.7438 0.1783 12
72.9578 0.1793 12
67.2269 0.1803 12
63.2193 0.1813 12
59.6757 0.1823 12
53.6483 0.1833 12
49.9915 0.1843 12
48.6794 0.1853 12
45.1732 0.1863 12
44.0161 0.1873 12
41.8823 0.1883 12
39.9933 0.1893 12
39.1494 0.1903 12
41.3751 0.1913 12
42.0781 0.1923 12
46.5287 0.1933 12
54.1445 0.1943 12
64.0534 0.1953 12
71.5302 0.1963 12
80.1547 0.1973 12
90.2007 0.1983 12
99.0034 0.1993 12
109.501 0.2003 12
122.156 0.2013 12
127.706 0.2023 12
135.979 0.2033 12
139.623 0.2043 12
137.213 0.2053 12
133.898 0.2063 12
128.129 0.2073 12
129.461 0.2083 12
123.73 0.2093 12
112.938 0.2103 12
108.441 0.2113 12
93.1166 0.2123 12
83.8129 0.2133 12
75.2915 0.2143 12
68.5524 0.2153 12
64.1832 0.2163 12
55.3825 0.2173 12
49.3332 0.2183 12
45.7261 0.2193 12
44.1186 0.2203 12
44.5099 0.2213 12
45.0816 0.2223 12
46.1123 0.2233 12
49.4013 0.2243 12
54.3322 0.2253 12
57.2763 0.2263 12
62.755 0.2273 12
70.3662 0.2283 12
72.0606 0.2293 12
77.3538 0.2303 12
86.6761 0.2313 12
98.352 0.2323 12
104.364 0.2333 12
109.851 0.2343 12
115.995 0.2353 12
117.073 0.2363 12
121.522 0.2373 12
122.424 0.2383 12
122.605 0.2393 12
120.554 0.2403 12
119.226 0.2413 12
111.092 0.2423 12
103.556 0.2433 12
97.5252 0.2443 12
89.611 0.2453 12
82.0404 0.2463 12
70.4801 0.2473 12
68.3365 0.2483 12
62.0569 0.2493 12
56.738 0.2503 12
51.8154 0.2513 12
45.7305 0.2523 12
42.8334 0.2533 12
37.3459 0.2543 12
32.6001 0.2553 12
29.3043 0.2563 12
26.7868 0.2573 12
22.6998 0.2583 12
20.4783 0.2593 12
18.6071 0.2603 12
14.6674 0.2613 12
12.7756 0.2623 12
11.4232 0.2633 12
11.0975 0.2643 12
11.4738 0.2653 12
12.1519 0.2663 12
13.3016 0.2673 12
14.5952 0.2683 12
15.9677 0.2693 12
17.6621 0.2703 12
19.6581 0.2713 12
21.1876 0.2723 12
23.6438 0.2733 12
26.537 0.2743 12
27.5991 0.2753 12
28.6664 0.2763 12
29.8464 0.2773 12
30.6721 0.2783 12
31.3999 0.2793 12
30.6386 0.2803 12
30.4657 0.2813 12
29.7964 0.2823 12
28.6351 0.2833 12
28.0221 0.2843 12
26.4179 0.2853 12
24.363 0.2863 12
22.252 0.2873 12
20.1344 0.2883 12
17.9447 0.2893 12
15.6053 0.2903 12
13.5208 0.2913 12
11.2094 0.2923 12
9.52338 0.2933 12
8.3175 0.2943 12
7.62369 0.2953 12
81.0984 0.0833 13
81.627 0.0843 13
79.5515 0.0853 13
81.8526 0.0863 13
81.1988 0.0873 13
81.6663 0.0883 13
82.3247 0.0893 13
78.0153 0.0903 13
77.6157 0.0913 13
74.3113 0.0923 13
69.0519 0.0933 13
65.6982 0.0943 13
64.7078 0.0953 13
66.022 0.0963 13
66.2621 0.0973 13
66.2989 0.0983 13
65.7012 0.0993 13
69.4473 0.1003 13
73.8162 0.1013 13
92.2809 0.1023 13
98.6895 0.1033 13
115.975 0.1043 13
127.117 0.1053 13
147.583 0.1063 13
164.79 0.1073 13
178.684 0.1083 13
199.581 0.1093 13
228.634 0.1103 13
218.746 0.1113 13
231.637 0.1123 13
229.289 0.1133 13
222.462 0.1143 13
235.713 0.1153 13
240.113 0.1163 13
228.486 0.1173 13
225.702 0.1183 13
202.402 0.1193 13
189.794 0.1203 13
171.941 0.1213 13
161.884 0.1223 13
151.195 0.1233 13
149.981 0.1243 13
139.133 0.1253 13
133.818 0.1263 13
134.963 0.1273 13
132.75 0.1283 13
132.632 0.1293 13
133.772 0.1303 13
140.533 0.1313 13
143.866 0.1323 13
150.732 0.1333 13
155.36 0.1343 13
162.542 0.1353 13
169.844 0.1363 13
174.233 0.1373 13
177.287 0.1383 13
181.524 0.1393 13
184.625 0.1403 13
186.082 0.1413 13
189.507 0.1423 13
191.982 0.1433 13
191.538 0.1443 13
193.888 0.1453 13
192.296 0.1463 13
186.627 0.1473 13
181.249 0.1483 13
175.69 0.1493 13
164.377 0.1503 13
167.028 0.1513 13
164.926 0.1523 13
162.701 0.1533 13
160.252 0.1543 13
159.935 0.1553 13
162.965 0.1563 13
163.595 0.1573 13
169.575 0.1583 13
168.788 0.1593 13
165.205 0.1603 13
167.164 0.1613 13
167.359 0.1623 13
162.85 0.1633 13
163.702 0.1643 13
161.47 0.1653 13
157.42 0.1663 13
153.607 0.1673 13
147.24 0.1683 13
140.23 0.1693 13
136.493 0.1703 13
134.717 0.1713 13
128.165 0.1723 13
121.15 0.1733 13
115.471 0.1743 13
111.54 0.1753 13
108.564 0.1763 13
107.233 0.1773 13
100.168 0.1783 13
95.6038 0.1793 13
90.221 0.1803 13
83.9401 0.1813 13
79.6078 0.1823 13
77.0513 0.1833 13
72.9398 0.1843 13
72.0306 0.1853 13
69.5831 0.1863 13
65.7128 0.1873 13
63.3405 0.1883 13
63.7722 0.1893 13
63.116 0.1903 13
64.7456 0.1913 13
66.2121 0.1923 13
70.9353 0.1933 13
73.8426 0.1943 13
74.6395 0.1953 13
78.3985 0.1963 13
83.2007 0.1973 13
87.994 0.1983 13
92.3623 0.1993 13
94.3625 0.2003 13
93.7836 0.2013 13
98.1378 0.2023 13
98.3827 0.2033 13
99.0158 0.2043 13
95.581 0.2053 13
95.2292 0.2063 13
95.0539 0.2073 13
92.3697 0.2083 13
89.6545 0.2093 13
86.2551 0.2103 13
84.6116 0.2113 13
83.1868 0.2123 13
78.307 0.2133 13
75.7805 0.2143 13
74.2125 0.2153 13
71.0305 0.2163 13
68.4111 0.2173 13
66.7808 0.2183 13
66.2062 0.2193 13
65.6 0.2203 13
67.3542 0.2213 13
69.117 0.2223 13
72.527 0.2233 13
78.1392 0.2243 13
82.6639 0.2253 13
87.2705 0.2263 13
91.2424 0.2273 13
94.0151 0.2283 13
94.6639 0.2293 13
95.2522 0.2303 13
92.303 0.2313 13
90.0927 0.2323 13
86.4741 0.2333 13
80.9828 0.2343 13
73.9095 0.2353 13
67.5982 0.2363 13
61.3935 0.2373 13
56.1725 0.2383 13
51.9874 0.2393 13
49.0993 0.2403 13
47.1179 0.2413 13
44.8639 0.2423 13
43.7083 0.2433 13
44.4429 0.2443 13
45.3185 0.2453 13
48.3316 0.2463 13
50.491 0.2473 13
51.0064 0.2483 13
50.0469 0.2493 13
49.6619 0.2503 13
47.0999 0.2513 13
44.0595 0.2523 13
40.4917 0.2533 13
34.2839 0.2543 13
29.6283 0.2553 13
23.2483 0.2563 13
19.0175 0.2573 13
16.5594 0.2583 13
15.8505 0.2593 13
15.17 0.2603 13
15.3103 0.2613 13
18.5833 0.2623 13
23.2857 0.2633 13
28.4366 0.2643 13
34.0848 0.2653 13
39.4773 0.2663 13
44.1159 0.2673 13
47.6684 0.2683 13
50.7216 0.2693 13
51.6584 0.2703 13
50.6209 0.2713 13
48.9229 0.2723 13
46.0192 0.2733 13
41.6164 0.2743 13
35.6896 0.2753 13
29.0115 0.2763 13
23.3305 0.2773 13
18.4837 0.2783 13
15.4277 0.2793 13
12.7739 0.2803 13
11.0519 0.2813 13
9.99829 0.2823 13
9.60922 0.2833 13
10.8555 0.2843 13
12.384 0.2853 13
13.7563 0.2863 13
15.9625 0.2873 13
16.8233 0.2883 13
47.7595 0.0833 14
34.9457 0.0843 14
28.688 0.0853 14
23.2485 0.0863 14
19.3675 0.0873 14
18.584 0.0883 14
19.4116 0.0893 14
23.5417 0.0903 14
32.1406 0.0913 14
42.2275 0.0923 14
54.4819 0.0933 14
66.431 0.0943 14
77.4134 0.0953 14
87.0577 0.0963 14
97.4276 0.0973 14
107.449 0.0983 14
113.115 0.0993 14
118.405 0.1003 14
119.522 0.1013 14
119.385 0.1023 14
114.624 0.1033 14
108.136 0.1043 14
103.443 0.1053 14
96.0073 0.1063 14
83.688 0.1073 14
73.9781 0.1083 14
66.5171 0.1093 14
61.1326 0.1103 14
58.6708 0.1113 14
57.2668 0.1123 14
58.4659 0.1133 14
60.9065 0.1143 14
63.948 0.1153 14
69.533 0.1163 14
76.3171 0.1173 14
80.1249 0.1183 14
86.5554 0.1193 14
93.2252 0.1203 14
97.6692 0.1213 14
102.852 0.1223 14
102.854 0.1233 14
105.999 0.1243 14
98.8651 0.1253 14
96.47 0.1263 14
88.4176 0.1273 14
82.8854 0.1283 14
76.3524 0.1293 14
72.4666 0.1303 14
68.1882 0.1313 14
65.7205 0.1323 14
58.9603 0.1333 14
52.5388 0.1343 14
46.1937 0.1353 14
44.7988 0.1363 14
43.3329 0.1373 14
45.0955 0.1383 14
42.3094 0.1393 14
46.7813 0.1403 14
51.7799 0.1413 14
65.8425 0.1423 14
76.0025 0.1433 14
83.7505 0.1443 14
95.3317 0.1453 14
104.18 0.1463 14
110.638 0.1473 14
119.345 0.1483 14
121.941 0.1493 14
122.545 0.1503 14
124.081 0.1513 14
119.302 0.1523 14
113.036 0.1533 14
106.298 0.1543 14
93.6141 0.1553 14
81.1801 0.1563 14
66.9083 0.1573 14
56.157 0.1583 14
45.1393 0.1593 14
34.8917 0.1603 14
27.5123 0.1613 14
21.8452 0.1623 14
18.114 0.1633 14
15.8617 0.1643 14
13.8131 0.1653 14
15.0566 0.1663 14
15.8173 0.1673 14
17.5427 0.1683 14
19.5149 0.1693 14
21.4652 0.1703 14
23.3753 0.1713 14
24.9054 0.1723 14
26.8177 0.1733 14
29.8746 0.1743 14
31.2756 0.1753 14
30.5269 0.1763 14
33.9012 0.1773 14
36.6909 0.1783 14
39.3792 0.1793 14
43.853 0.1803 14
47.2501 0.1813 14
52.3714 0.1823 14
52.6068 0.1833 14
54.6196 0.1843 14
57.4745 0.1853 14
58.7203 0.1863 14
59.5746 0.1873 14
53.3676 0.1883 14
49.6754 0.1893 14
47.1212 0.1903 14
42.0259 0.1913 14
39.4267 0.1923 14
34.9308 0.1933 14
31.1137 0.1943 14
30.9577 0.1953 14
32.7686 0.1963 14
35.2505 0.1973 14
39.4083 0.1983 14
44.956 0.1993 14
52.0553 0.2003 14
57.2956 0.2013 14
61.2679 0.2023 14
68.9884 0.2033 14
74.9414 0.2043 14
79.4878 0.2053 14
86.0334 0.2063 14
89.0253 0.2073 14
90.8301 0.2083 14
91.2709 0.2093 14
90.5816 0.2103 14
91.0636 0.2113 14
87.247 0.2123 14
84.0348 0.2133 14
79.4399 0.2143 14
75.3763 0.2153 14
71.6043 0.2163 14
67.258 0.2173 14
63.1419 0.2183 14
59.6161 0.2193 14
58.9532 0.2203 14
55.411 0.2213 14
51.9705 0.2223 14
49.3089 0.2233 14
48.1127 0.2243 14
45.7573 0.2253 14
43.1137 0.2263 14
42.0386 0.2273 14
41.8526 0.2283 14
41.0442 0.2293 14
39.5221 0.2303 14
41.5331 0.2313 14
42.6516 0.2323 14
42.8365 0.2333 14
42.3044 0.2343 14
41.5316 0.2353 14
41.4195 0.2363 14
40.2495 0.2373 14
41.1256 0.2383 14
39.4577 0.2393 14
38.3636 0.2403 14
34.5129 0.2413 14
31.8222 0.2423 14
30.3573 0.2433 14
28.3925 0.2443 14
25.991 0.2453 14
24.7446 0.2463 14
23.5659 0.2473 14
23.233 0.2483 14
22.258 0.2493 14
19.6575 0.2503 14
19.27 0.2513 14
19.3115 0.2523 14
18.4071 0.2533 14
17.9329 0.2543 14
17.2304 0.2553 14
16.3985 0.2563 14
15.1948 0.2573 14
14.3064 0.2583 14
13.394 0.2593 14
12.9715 0.2603 14
12.4879 0.2613 14
11.9943 0.2623 14
11.1912 0.2633 14
12.089 0.2643 14
12.7795 0.2653 14
13.8063 0.2663 14
14.7098 0.2673 14
15.7481 0.2683 14
18.1072 0.2693 14
19.8937 0.2703 14
22.2771 0.2713 14
25.0348 0.2723 14
27.1521 0.2733 14
29.7846 0.2743 14
29.8207 0.2753 14
34.391 0.2763 14
36.5369 0.2773 14
39.6864 0.2783 14
41.3751 0.2793 14
43.3513 0.2803 14
45.0849 0.2813 14
63.3241 0.0833 15
53.9562 0.0843 15
44.8867 0.0853 15
37.8117 0.0863 15
34.0187 0.0873 15
34.2249 0.0883 15
38.5045 0.0893 15
46.3068 0.0903 15
56.5581 0.0913 15
67.8283 0.0923 15
78.537 0.0933 15
87.1701 0.0943 15
92.4803 0.0953 15
93.6443 0.0963 15
90.361 0.0973 15
82.8797 0.0983 15
71.9587 0.0993 15
58.7615 0.1003 15
44.7065 0.1013 15
31.291 0.1023 15
19.9107 0.1033 15
11.6985 0.1043 15
7.40003 0.1053 15
7.29998 0.1063 15
11.2057 0.1073 15
18.4882 0.1083 15
28.2341 0.1093 15
39.1441 0.1103 15
49.9562 0.1113 15
59.5672 0.1123 15
66.9036 0.1133 15
71.4996 0.1143 15
73.0117 0.1153 15
71.6836 0.1163 15
67.2547 0.1173 15
61.5998 0.1183 15
55.205 0.1193 15
49.1232 0.1203 15
44.1226 0.1213 15
41.6551 0.1223 15
41.3068 0.1233 15
44.3786 0.1243 15
50.0031 0.1253 15
56.1178 0.1263 15
64.175 0.1273 15
73.181 0.1283 15
82.3104 0.1293 15
89.5733 0.1303 15
94.5802 0.1313 15
97.3167 0.1323 15
95.467 0.1333 15
90.7837 0.1343 15
84.1345 0.1353 15
76.0011 0.1363 15
65.6213 0.1373 15
52.5573 0.1383 15
41.5111 0.1393 15
31.3772 0.1403 15
22.2981 0.1413 15
14.9498 0.1423 15
9.73615 0.1433 15
7.56645 0.1443 15
8.26016 0.1453 15
9.51131 0.1463 15
13.4629 0.1473 15
17.8321 0.1483 15
23.009 0.1493 15
27.4832 0.1503 15
31.7419 0.1513 15
36.2978 0.1523 15
39.6097 0.1533 15
42.9245 0.1543 15
44.3592 0.1553 15
45.3084 0.1563 15
46.0438 0.1573 15
45.1761 0.1583 15
45.2818 0.1593 15
46.3098 0.1603 15
45.6756 0.1613 15
45.3325 0.1623 15
46.4192 0.1633 15
46.5622 0.1643 15
45.8847 0.1653 15
45.3046 0.1663 15
44.6733 0.1673 15
45.3613 0.1683 15
43.4291 0.1693 15
39.215 0.1703 15
37.0826 0.1713 15
34.1121 0.1723 15
31.3695 0.1733 15
27.7577 0.1743 15
23.7958 0.1753 15
20.7761 0.1763 15
17.948 0.1773 15
16.5552 0.1783 15
14.6903 0.1793 15
12.0179 0.1803 15
11.3082 0.1813 15
11.6202 0.1823 15
12.6035 0.1833 15
14.3838 0.1843 15
16.224 0.1853 15
18.575 0.1863 15
21.5645 0.1873 15
25.9197 0.1883 15
29.7955 0.1893 15
35.6382 0.1903 15
39.5654 0.1913 15
44.2677 0.1923 15
46.3637 0.1933 15
46.7432 0.1943 15
50.1644 0.1953 15
53.8787 0.1963 15
55.8655 0.1973 15
58.1336 0.1983 15
60.0635 0.1993 15
64.5679 0.2003 15
65.7978 0.2013 15
66.0957 0.2023 15
65.1417 0.2033 15
65.9191 0.2043 15
64.8039 0.2053 15
60.361 0.2063 15
57.8638 0.2073 15
53.2308 0.2083 15
47.6745 0.2093 15
40.8175 0.2103 15
34.7443 0.2113 15
28.8798 0.2123 15
23.0728 0.2133 15
15.878 0.2143 15
10.7006 0.2153 15
6.97329 0.2163 15
4.06131 0.2173 15
2.12974 0.2183 15
1.54312 0.2193 15
2.32962 0.2203 15
4.42244 0.2213 15
7.42484 0.2223 15
11.0131 0.2233 15
14.9797 0.2243 15
18.7937 0.2253 15
22.2859 0.2263 15
25.2855 0.2273 15
27.6023 0.2283 15
28.5927 0.2293 15
28.8658 0.2303 15
28.7402 0.2313 15
27.7514 0.2323 15
24.4413 0.2333 15
22.6121 0.2343 15
19.702 0.2353 15
17.6759 0.2363 15
15.8507 0.2373 15
14.023 0.2383 15
11.3889 0.2393 15
10.4887 0.2403 15
10.4646 0.2413 15
10.1069 0.2423 15
11.2848 0.2433 15
12.317 0.2443 15
12.1398 0.2453 15
12.7911 0.2463 15
13.6629 0.2473 15
12.9861 0.2483 15
11.8789 0.2493 15
11.1899 0.2503 15
10.2477 0.2513 15
8.77723 0.2523 15
7.50485 0.2533 15
6.48565 0.2543 15
5.51888 0.2553 15
5.09155 0.2563 15
4.61076 0.2573 15
4.08888 0.2583 15
4.89779 0.2593 15
5.02063 0.2603 15
6.45909 0.2613 15
7.3458 0.2623 15
8.36507 0.2633 15
9.64121 0.2643 15
10.9334 0.2653 15
11.7371 0.2663 15
12.0422 0.2673 15
12.1828 0.2683 15
12.103 0.2693 15
12.0197 0.2703 15
11.4961 0.2713 15
11.1388 0.2723 15
86.4152 0.0833 16
87.9385 0.0843 16
91.3862 0.0853 16
86.133 0.0863 16
86.5388 0.0873 16
88.3427 0.0883 16
90.5719 0.0893 16
99.0788 0.0903 16
100.523 0.0913 16
99.8018 0.0923 16
98.8713 0.0933 16
102.009 0.0943 16
96.7089 0.0953 16
96.2232 0.0963 16
101.181 0.0973 16
105.913 0.0983 16
107.981 0.0993 16
123.067 0.1003 16
133.8 0.1013 16
153.963 0.1023 16
164.234 0.1033 16
184.488 0.1043 16
189.674 0.1053 16
209.083 0.1063 16
215.322 0.1073 16
218.754 0.1083 16
220.055 0.1093 16
220.028 0.1103 16
217.076 0.1113 16
207.814 0.1123 16
199.558 0.1133 16
184.708 0.1143 16
169.719 0.1153 16
148.07 0.1163 16
134.418 0.1173 16
120.074 0.1183 16
101.054 0.1193 16
86.0898 0.1203 16
82.6974 0.1213 16
80.5083 0.1223 16
82.8407 0.1233 16
91.9143 0.1243 16
114.445 0.1253 16
129.61 0.1263 16
156.247 0.1273 16
174.447 0.1283 16
188.866 0.1293 16
208.408 0.1303 16
220.75 0.1313 16
230.377 0.1323 16
237.111 0.1333 16
249.132 0.1343 16
258.136 0.1353 16
266.584 0.1363 16
271.922 0.1373 16
266.021 0.1383 16
263.34 0.1393 16
255.325 0.1403 16
249.168 0.1413 16
239.32 0.1423 16
234.066 0.1433 16
224.562 0.1443 16
221.146 0.1453 16
210.818 0.1463 16
199.322 0.1473 16
186.509 0.1483 16
170.187 0.1493 16
153.904 0.1503 16
140.221 0.1513 16
123.274 0.1523 16
107.088 0.1533 16
91.8424 0.1543 16
76.1818 0.1553 16
63.7044 0.1563 16
52.8342 0.1573 16
46.0743 0.1583 16
41.9114 0.1593 16
41.6122 0.1603 16
44.77 0.1613 16
52.4802 0.1623 16
59.5168 0.1633 16
73.9217 0.1643 16
88.3178 0.1653 16
101.695 0.1663 16
115.482 0.1673 16
123.44 0.1683 16
131.315 0.1693 16
135.152 0.1703 16
137.181 0.1713 16
135.336 0.1723 16
128.392 0.1733 16
121.197 0.1743 16
111.777 0.1753 16
103.558 0.1763 16
92.2078 0.1773 16
84.1066 0.1783 16
77.3968 0.1793 16
71.6129 0.1803 16
67.815 0.1813 16
64.0711 0.1823 16
63.9319 0.1833 16
64.909 0.1843 16
66.4831 0.1853 16
67.2751 0.1863 16
67.9386 0.1873 16
67.4237 0.1883 16
64.5422 0.1893 16
60.7153 0.1903 16
55.1728 0.1913 16
46.3357 0.1923 16
38.6212 0.1933 16
30.3142 0.1943 16
21.2681 0.1953 16
14.6289 0.1963 16
10.105 0.1973 16
7.64028 0.1983 16
7.36482 0.1993 16
10.2362 0.2003 16
14.9334 0.2013 16
21.7141 0.2023 16
30.2208 0.2033 16
40.0827 0.2043 16
50.1775 0.2053 16
60.1037 0.2063 16
68.9982 0.2073 16
76.5513 0.2083 16
81.6713 0.2093 16
85.6173 0.2103 16
85.646 0.2113 16
84.7918 0.2123 16
81.302 0.2133 16
78.186 0.2143 16
72.4294 0.2153 16
66.1094 0.2163 16
60.3373 0.2173 16
54.4805 0.2183 16
50.288 0.2193 16
47.4964 0.2203 16
45.2549 0.2213 16
43.2071 0.2223 16
43.0469 0.2233 16
43.4757 0.2243 16
44.3804 0.2253 16
45.8923 0.2263 16
47.4437 0.2273 16
48.4054 0.2283 16
49.2991 0.2293 16
48.2352 0.2303 16
47.5807 0.2313 16
45.3901 0.2323 16
43.342 0.2333 16
42.0846 0.2343 16
39.0571 0.2353 16
37.0525 0.2363 16
34.516 0.2373 16
31.8643 0.2383 16
29.3657 0.2393 16
27.1784 0.2403 16
26.5652 0.2413 16
25.4893 0.2423 16
24.1685 0.2433 16
23.7796 0.2443 16
23.847 0.2453 16
23.6314 0.2463 16
22.7925 0.2473 16
21.2387 0.2483 16
18.9819 0.2493 16
16.6646 0.2503 16
15.1189 0.2513 16
12.6799 0.2523 16
10.6668 0.2533 16
8.7909 0.2543 16
7.76962 0.2553 16
7.62257 0.2563 16
8.05499 0.2573 16
8.94979 0.2583 16
9.98771 0.2593 16
11.3569 0.2603 16
14.2632 0.2613 16
16.6657 0.2623 16
18.5306 0.2633 16
318.925 0.0833 17
328.398 0.0843 17
335.72 0.0853 17
340.166 0.0863 17
341.136 0.0873 17
338.214 0.0883 17
331.219 0.0893 17
320.23 0.0903 17
305.591 0.0913 17
287.895 0.0923 17
267.949 0.0933 17
246.718 0.0943 17
225.258 0.0953 17
204.639 0.0963 17
185.872 0.0973 17
169.834 0.0983 17
157.208 0.0993 17
148.433 0.1003 17
143.681 0.1013 17
142.845 0.1023 17
145.56 0.1033 17
151.23 0.1043 17
159.081 0.1053 17
168.223 0.1063 17
177.72 0.1073 17
186.655 0.1083 17
194.195 0.1093 17
199.647 0.1103 17
202.494 0.1113 17
202.422 0.1123 17
199.322 0.1133 17
193.336 0.1143 17
184.674 0.1153 17
173.648 0.1163 17
160.889 0.1173 17
147.07 0.1183 17
132.316 0.1193 17
117.714 0.1203 17
103.655 0.1213 17
90.8705 0.1223 17
79.1522 0.1233 17
69.1795 0.1243 17
60.0276 0.1253 17
53.1955 0.1263 17
45.6768 0.1273 17
41.8864 0.1283 17
39.7676 0.1293 17
39.2778 0.1303 17
38.7959 0.1313 17
37.443 0.1323 17
40.2008 0.1333 17
43.0006 0.1343 17
44.1 0.1353 17
47.5602 0.1363 17
51.8715 0.1373 17
56.4243 0.1383 17
59.9283 0.1393 17
63.1327 0.1403 17
66.3577 0.1413 17
67.9846 0.1423 17
70.1418 0.1433 17
76.4705 0.1443 17
76.3572 0.1453 17
75.944 0.1463 17
74.3849 0.1473 17
72.2641 0.1483 17
70.577 0.1493 17
70.7191 0.1503 17
69.3884 0.1513 17
66.5188 0.1523 17
62.9047 0.1533 17
57.281 0.1543 17
52.5536 0.1553 17
46.1818 0.1563 17
40.3917 0.1573 17
35.6663 0.1583 17
29.2627 0.1593 17
24.3294 0.1603 17
21.3313 0.1613 17
18.4571 0.1623 17
17.0046 0.1633 17
17.4338 0.1643 17
19.7516 0.1653 17
22.6623 0.1663 17
25.7375 0.1673 17
28.9001 0.1683 17
33.2827 0.1693 17
38.8519 0.1703 17
42.1587 0.1713 17
45.657 0.1723 17
44.216 0.1733 17
43.8958 0.1743 17
41.2266 0.1753 17
39.3105 0.1763 17
34.4813 0.1773 17
29.4215 0.1783 17
25.4946 0.1793 17
18.2813 0.1803 17
14.1564 0.1813 17
10.9792 0.1823 17
9.64243 0.1833 17
10.942 0.1843 17
12.1672 0.1853 17
17.4336 0.1863 17
20.8854 0.1873 17
24.2372 0.1883 17
29.5466 0.1893 17
34.6896 0.1903 17
37.9151 0.1913 17
41.83 0.1923 17
44.3759 0.1933 17
43.2867 0.1943 17
42.383 0.1953 17
40.2286 0.1963 17
38.2074 0.1973 17
35.2365 0.1983 17
31.9039 0.1993 17
29.4101 0.2003 17
27.1804 0.2013 17
26.7516 0.2023 17
23.8751 0.2033 17
25.1837 0.2043 17
26.9326 0.2053 17
28.0709 0.2063 17
29.7264 0.2073 17
30.129 0.2083 17
31.5994 0.2093 17
32.5193 0.2103 17
34.7124 0.2113 17
36.1626 0.2123 17
35.2159 0.2133 17
33.7595 0.2143 17
32.5762 0.2153 17
31.4807 0.2163 17
30.4152 0.2173 17
29.0731 0.2183 17
27.3007 0.2193 17
27.009 0.2203 17
25.1752 0.2213 17
22.8959 0.2223 17
21.0812 0.2233 17
20.5518 0.2243 17
22.3446 0.2253 17
21.8059 0.2263 17
22.2451 0.2273 17
23.0519 0.2283 17
25.166 0.2293 17
26.154 0.2303 17
29.867 0.2313 17
33.1783 0.2323 17
36.6845 0.2333 17
39.2421 0.2343 17
40.1027 0.2353 17
39.9861 0.2363 17
42.4772 0.2373 17
42.8792 0.2383 17
43.3961 0.2393 17
38.924 0.2403 17
35.7082 0.2413 17
31.8884 0.2423 17
28.1166 0.2433 17
24.5696 0.2443 17
20.2058 0.2453 17
14.8952 0.2463 17
11.2806 0.2473 17
8.48537 0.2483 17
7.1044 0.2493 17
6.52109 0.2503 17
7.56599 0.2513 17
9.27349 0.2523 17
17.9667 0.0833 18
14.3159 0.0843 18
15.8384 0.0853 18
21.49 0.0863 18
31.9577 0.0873 18
42.2002 0.0883 18
54.9008 0.0893 18
68.4238 0.0903 18
78.354 0.0913 18
95.3648 0.0923 18
110.165 0.0933 18
127.002 0.0943 18
140.522 0.0953 18
154.083 0.0963 18
161.545 0.0973 18
168.926 0.0983 18
178.76 0.0993 18
185.461 0.1003 18
183.216 0.1013 18
183.42 0.1023 18
175.969 0.1033 18
161.222 0.1043 18
146.988 0.1053 18
135.771 0.1063 18
119.568 0.1073 18
104.243 0.1083 18
91.5035 0.1093 18
79.6887 0.1103 18
67.4993 0.1113 18
56.0129 0.1123 18
48.8588 0.1133 18
45.0764 0.1143 18
42.107 0.1153 18
41.0003 0.1163 18
41.9376 0.1173 18
45.2074 0.1183 18
48.8705 0.1193 18
52.5088 0.1203 18
57.5103 0.1213 18
59.5717 0.1223 18
61.3227 0.1233 18
62.1934 0.1243 18
58.2135 0.1253 18
59.7972 0.1263 18
57.2488 0.1273 18
53.587 0.1283 18
48.7221 0.1293 18
44.9426 0.1303 18
40.9984 0.1313 18
35.7126 0.1323 18
31.306 0.1333 18
29.9533 0.1343 18
30.6307 0.1353 18
33.6022 0.1363 18
38.6992 0.1373 18
46.0143 0.1383 18
52.9667 0.1393 18
60.625 0.1403 18
68.4749 0.1413 18
74.072 0.1423 18
79.9804 0.1433 18
83.5587 0.1443 18
84.428 0.1453 18
83.0302 0.1463 18
79.3661 0.1473 18
73.8676 0.1483 18
66.6251 0.1493 18
57.8495 0.1503 18
48.6037 0.1513 18
38.8402 0.1523 18
29.1265 0.1533 18
20.1458 0.1543 18
12.8151 0.1553 18
7.50338 0.1563 18
4.21657 0.1573 18
2.78621 0.1583 18
3.09894 0.1593 18
5.17383 0.1603 18
8.17832 0.1613 18
11.9908 0.1623 18
16.1357 0.1633 18
20.4124 0.1643 18
24.0481 0.1653 18
26.6656 0.1663 18
28.4024 0.1673 18
29.3354 0.1683 18
29.0935 0.1693 18
28.1766 0.1703 18
26.2453 0.1713 18
25.0833 0.1723 18
23.4303 0.1733 18
22.8647 0.1743 18
22.6276 0.1753 18
22.5979 0.1763 18
24.6145 0.1773 18
26.9004 0.1783 18
29.2555 0.1793 18
33.8025 0.1803 18
37.5146 0.1813 18
40.3659 0.1823 18
42.1534 0.1833 18
44.238 0.1843 18
46.4541 0.1853 18
46.8515 0.1863 18
46.2594 0.1873 18
43.6055 0.1883 18
40.4119 0.1893 18
37.2024 0.1903 18
33.6927 0.1913 18
30.5349 0.1923 18
27.3066 0.1933 18
24.7313 0.1943 18
21.9411 0.1953 18
19.8535 0.1963 18
18.206 0.1973 18
17.1431 0.1983 18
14.5439 0.1993 18
16.0699 0.2003 18
16.091 0.2013 18
16.3192 0.2023 18
17.2976 0.2033 18
16.7511 0.2043 18
16.5691 0.2053 18
16.0598 0.2063 18
14.9583 0.2073 18
14.3585 0.2083 18
13.4702 0.2093 18
13.23 0.2103 18
13.8953 0.2113 18
13.5604 0.2123 18
15.855 0.2133 18
17.7864 0.2143 18
19.7724 0.2153 18
22.8898 0.2163 18
24.9062 0.2173 18
26.8508 0.2183 18
28.3455 0.2193 18
31.2814 0.2203 18
33.3064 0.2213 18
33.748 0.2223 18
34.8505 0.2233 18
32.6661 0.2243 18
32.4147 0.2253 18
29.0738 0.2263 18
25.5179 0.2273 18
23.3114 0.2283 18
19.7815 0.2293 18
17.3574 0.2303 18
14.7748 0.2313 18
12.9246 0.2323 18
12.0326 0.2333 18
10.6308 0.2343 18
9.75569 0.2353 18
9.94282 0.2363 18
11.3701 0.2373 18
13.4044 0.2383 18
15.1394 0.2393 18
18.4466 0.2403 18
21.2443 0.2413 18
30.6541 0.0833 19
31.113 0.0843 19
30.9264 0.0853 19
30.2685 0.0863 19
28.6128 0.0873 19
27.6748 0.0883 19
27.8078 0.0893 19
25.8247 0.0903 19
25.396 0.0913 19
25.2343 0.0923 19
25.2239 0.0933 19
25.3362 0.0943 19
25.863 0.0953 19
28.3768 0.0963 19
28.2201 0.0973 19
27.8087 0.0983 19
26.2796 0.0993 19
25.9791 0.1003 19
23.1885 0.1013 19
23.3581 0.1023 19
24.6147 0.1033 19
22.2162 0.1043 19
22.7771 0.1053 19
24.469 0.1063 19
27.1166 0.1073 19
34.9403 0.1083 19
39.3491 0.1093 19
42.8273 0.1103 19
52.5678 0.1113 19
58.2489 0.1123 19
59.6994 0.1133 19
64.6971 0.1143 19
69.0161 0.1153 19
78.2524 0.1163 19
77.2838 0.1173 19
75.6591 0.1183 19
73.1757 0.1193 19
66.197 0.1203 19
65.5136 0.1213 19
65.0379 0.1223 19
63.5478 0.1233 19
57.1797 0.1243 19
49.2265 0.1253 19
49.8489 0.1263 19
47.9224 0.1273 19
47.6953 0.1283 19
46.7703 0.1293 19
47.1446 0.1303 19
49.1745 0.1313 19
50.8826 0.1323 19
52.6724 0.1333 19
50.7288 0.1343 19
54.5404 0.1353 19
52.8905 0.1363 19
52.6795 0.1373 19
56.8573 0.1383 19
58.9657 0.1393 19
56.3248 0.1403 19
58.1302 0.1413 19
54.1427 0.1423 19
53.2217 0.1433 19
48.8819 0.1443 19
44.1432 0.1453 19
42.8384 0.1463 19
41.971 0.1473 19
38.8712 0.1483 19
35.5887 0.1493 19
36.4591 0.1503 19
34.3976 0.1513 19
33.5943 0.1523 19
29.3324 0.1533 19
27.501 0.1543 19
25.2208 0.1553 19
22.5836 0.1563 19
22.2536 0.1573 19
21.2795 0.1583 19
22.7044 0.1593 19
21.6247 0.1603 19
19.7485 0.1613 19
17.8552 0.1623 19
17.085 0.1633 19
14.7989 0.1643 19
13.7685 0.1653 19
11.3362 0.1663 19
11.4567 0.1673 19
10.7576 0.1683 19
11.073 0.1693 19
11.7397 0.1703 19
13.3341 0.1713 19
16.095 0.1723 19
18.7025 0.1733 19
23.7466 0.1743 19
30.0484 0.1753 19
38.3451 0.1763 19
45.5939 0.1773 19
51.4527 0.1783 19
60.13 0.1793 19
65.2725 0.1803 19
69.6993 0.1813 19
72.8916 0.1823 19
77.6529 0.1833 19
80.3958 0.1843 19
82.6112 0.1853 19
84.5926 0.1863 19
88.1123 0.1873 19
89.2473 0.1883 19
87.4917 0.1893 19
89.8592 0.1903 19
88.8992 0.1913 19
86.0599 0.1923 19
81.3909 0.1933 19
78.7488 0.1943 19
73.7919 0.1953 19
68.2854 0.1963 19
64.3617 0.1973 19
61.0757 0.1983 19
58.1504 0.1993 19
51.6257 0.2003 19
44.7583 0.2013 19
39.0366 0.2023 19
33.8963 0.2033 19
27.8167 0.2043 19
22.7667 0.2053 19
19.9662 0.2063 19
16.8346 0.2073 19
14.7583 0.2083 19
13.2306 0.2093 19
12.102 0.2103 19
11.5179 0.2113 19
10.4724 0.2123 19
10.1932 0.2133 19
9.39914 0.2143 19
9.42421 0.2153 19
9.25412 0.2163 19
9.63687 0.2173 19
9.19585 0.2183 19
10.0816 0.2193 19
9.71092 0.2203 19
10.3346 0.2213 19
12.3598 0.2223 19
13.6267 0.2233 19
14.3484 0.2243 19
15.0805 0.2253 19
16.3855 0.2263 19
18.4246 0.2273 19
20.0805 0.2283 19
