481.528 0.0843 0
436.446 0.0853 0
384.139 0.0863 0
328.205 0.0873 0
271.94 0.0883 0
218.128 0.0893 0
168.91 0.0903 0
125.74 0.0913 0
89.4091 0.0923 0
60.1224 0.0933 0
37.6143 0.0943 0
21.2746 0.0953 0
10.277 0.0963 0
3.69265 0.0973 0
0.583731 0.0983 0
0.0712375 0.0993 0
1.37852 0.1003 0
3.85255 0.1013 0
6.96767 0.1023 0
10.3167 0.1033 0
13.5946 0.1043 0
16.5787 0.1053 0
19.1097 0.1063 0
21.0743 0.1073 0
22.3935 0.1083 0
23.0139 0.1093 0
22.906 0.1103 0
22.0654 0.1113 0
20.5183 0.1123 0
18.3283 0.1133 0
15.6041 0.1143 0
12.5045 0.1153 0
9.23996 0.1163 0
6.06813 0.1173 0
3.28225 0.1183 0
1.19212 0.1193 0
0.098263 0.1203 0
0.261245 0.1213 0
1.86909 0.1223 0
5.00678 0.1233 0
9.75173 0.1243 0
15.66 0.1253 0
22.5093 0.1263 0
30.0135 0.1273 0
37.4665 0.1283 0
45.1555 0.1293 0
51.3323 0.1303 0
56.2263 0.1313 0
57.9755 0.1323 0
58.5072 0.1333 0
57.166 0.1343 0
53.0313 0.1353 0
48.2303 0.1363 0
42.1872 0.1373 0
31.9151 0.1383 0
23.8642 0.1393 0
18.5397 0.1403 0
13.565 0.1413 0
9.5472 0.1423 0
10.7534 0.1433 0
18.348 0.1443 0
23.0567 0.1453 0
30.0892 0.1463 0
40.5149 0.1473 0
48.4729 0.1483 0
50.7355 0.1493 0
57.2029 0.1503 0
63.7195 0.1513 0
67.6701 0.1523 0
71.3232 0.1533 0
69.3875 0.1543 0
70.1173 0.1553 0
70.069 0.1563 0
56.172 0.1573 0
52.7982 0.1583 0
46.5954 0.1593 0
44.2617 0.1603 0
40.9464 0.1613 0
35.9436 0.1623 0
34.1189 0.1633 0
30.2782 0.1643 0
28.1684 0.1653 0
25.6311 0.1663 0
27.5362 0.1673 0
25.4285 0.1683 0
25.5179 0.1693 0
25.2203 0.1703 0
30.4386 0.1713 0
32.9375 0.1723 0
34.0087 0.1733 0
40.3238 0.1743 0
45.6233 0.1753 0
49.5474 0.1763 0
53.8031 0.1773 0
57.4815 0.1783 0
60.2479 0.1793 0
62.5938 0.1803 0
64.9062 0.1813 0
65.2601 0.1823 0
65.9279 0.1833 0
62.4953 0.1843 0
57.629 0.1853 0
46.9251 0.1863 0
41.4965 0.1873 0
37.2402 0.1883 0
29.7596 0.1893 0
28.7533 0.1903 0
29.6955 0.1913 0
30.1072 0.1923 0
36.493 0.1933 0
45.0739 0.1943 0
52.181 0.1953 0
59.7915 0.1963 0
70.4619 0.1973 0
80.4319 0.1983 0
94.9134 0.1993 0
106.756 0.2003 0
118.121 0.2013 0
125.319 0.2023 0
125.75 0.2033 0
131.097 0.2043 0
128.542 0.2053 0
126.664 0.2063 0
119.195 0.2073 0
113.401 0.2083 0
102.043 0.2093 0
88.2941 0.2103 0
76.4484 0.2113 0
63.5277 0.2123 0
51.7384 0.2133 0
40.7343 0.2143 0
32.5178 0.2153 0
26.3509 0.2163 0
21.8827 0.2173 0
18.2491 0.2183 0
17.6099 0.2193 0
17.6697 0.2203 0
24.1434 0.2213 0
29.9379 0.2223 0
37.3097 0.2233 0
45.8616 0.2243 0
52.6468 0.2253 0
63.4732 0.2263 0
69.9073 0.2273 0
73.6828 0.2283 0
82.1413 0.2293 0
84.7515 0.2303 0
90.3999 0.2313 0
84.9859 0.2323 0
84.6019 0.2333 0
83.0491 0.2343 0
83.1363 0.2353 0
79.6889 0.2363 0
78.4178 0.2373 0
76.2819 0.2383 0
71.0517 0.2393 0
68.1062 0.2403 0
62.8732 0.2413 0
60.1256 0.2423 0
56.1981 0.2433 0
48.4358 0.2443 0
43.7648 0.2453 0
40.528 0.2463 0
34.8776 0.2473 0
28.6801 0.2483 0
24.8564 0.2493 0
21.9046 0.2503 0
18.2785 0.2513 0
16.6835 0.2523 0
14.3926 0.2533 0
12.4491 0.2543 0
11.6407 0.2553 0
12.2945 0.2563 0
11.7758 0.2573 0
14.6354 0.2583 0
14.0325 0.2593 0
13.4992 0.2603 0
13.1519 0.2613 0
13.081 0.2623 0
13.2017 0.2633 0
15.1223 0.2643 0
14.6031 0.2653 0
15.2319 0.2663 0
15.4813 0.2673 0
18.3483 0.2683 0
20.705 0.2693 0
22.002 0.2703 0
23.1119 0.2713 0
24.5351 0.2723 0
26.3266 0.2733 0
27.9494 0.2743 0
29.6646 0.2753 0
33.0234 0.2763 0
35.1682 0.2773 0
37.4556 0.2783 0
40.1463 0.2793 0
42.8893 0.2803 0
45.8365 0.2813 0
52.3283 0.2823 0
54.0821 0.2833 0
57.9911 0.2843 0
63.5519 0.2853 0
71.3725 0.2863 0
76.0744 0.2873 0
80.8424 0.2883 0
85.9843 0.2893 0
90.7222 0.2903 0
95.8775 0.2913 0
99.4489 0.2923 0
103.31 0.2933 0
105.544 0.2943 0
109.125 0.2953 0
109.687 0.2963 0
105.706 0.2973 0
103.988 0.2983 0
101 0.2993 0
97.9557 0.3003 0
94.9275 0.3013 0
86.2204 0.3023 0
78.4994 0.3033 0
70.0043 0.3043 0
60.9845 0.3053 0
51.7225 0.3063 0
42.521 0.3073 0
33.6884 0.3083 0
25.5233 0.3093 0
17.2644 0.3103 0
10.3941 0.3113 0
5.94147 0.3123 0
3.20136 0.3133 0
2.00408 0.3143 0
2.18715 0.3153 0
3.69931 0.3163 0
6.45753 0.3173 0
10.281 0.3183 0
14.9017 0.3193 0
20.0126 0.3203 0
25.325 0.3213 0
30.5572 0.3223 0
35.9633 0.3233 0
40.2962 0.3243 0
43.8624 0.3253 0
46.532 0.3263 0
48.2302 0.3273 0
48.9364 0.3283 0
48.2356 0.3293 0
47.0145 0.3303 0
45.012 0.3313 0
42.364 0.3323 0
147.431 0.0833 1
133.705 0.0843 1
137.779 0.0853 1
156.116 0.0863 1
198.36 0.0873 1
273.23 0.0883 1
351.997 0.0893 1
430.009 0.0903 1
516.654 0.0913 1
639.608 0.0923 1
733.866 0.0933 1
837.943 0.0943 1
914.393 0.0953 1
990.312 0.0963 1
1043.39 0.0973 1
1093.41 0.0983 1
1131.77 0.0993 1
1174.56 0.1003 1
1169.03 0.1013 1
1156.73 0.1023 1
1120.95 0.1033 1
1051.49 0.1043 1
980.623 0.1053 1
909.549 0.1063 1
849.207 0.1073 1
756.925 0.1083 1
692.547 0.1093 1
616.34 0.1103 1
541.525 0.1113 1
466.242 0.1123 1
401.943 0.1133 1
342.118 0.1143 1
291.248 0.1153 1
248.97 0.1163 1
200.826 0.1173 1
165.449 0.1183 1
133.037 0.1193 1
106.944 0.1203 1
84.4535 0.1213 1
65.3494 0.1223 1
48.7147 0.1233 1
38.0076 0.1243 1
28.8845 0.1253 1
23.9843 0.1263 1
18.9359 0.1273 1
15.4633 0.1283 1
14.7576 0.1293 1
14.2954 0.1303 1
16.1191 0.1313 1
20.6479 0.1323 1
26.5756 0.1333 1
30.3104 0.1343 1
37.4955 0.1353 1
45.2785 0.1363 1
52.3794 0.1373 1
61.3329 0.1383 1
67.9664 0.1393 1
72.4488 0.1403 1
77.2707 0.1413 1
80.2739 0.1423 1
88.6309 0.1433 1
87.3502 0.1443 1
89.1285 0.1453 1
88.3431 0.1463 1
86.1961 0.1473 1
81.5534 0.1483 1
79.1909 0.1493 1
72.7991 0.1503 1
64.0483 0.1513 1
54.5819 0.1523 1
47.0522 0.1533 1
39.4836 0.1543 1
30.822 0.1553 1
23.7404 0.1563 1
16.3351 0.1573 1
11.7284 0.1583 1
8.94163 0.1593 1
8.36746 0.1603 1
8.68582 0.1613 1
12.0058 0.1623 1
16.7703 0.1633 1
19.3279 0.1643 1
24.2489 0.1653 1
32.2179 0.1663 1
37.4745 0.1673 1
43.6059 0.1683 1
46.7241 0.1693 1
49.2761 0.1703 1
50.4455 0.1713 1
50.1701 0.1723 1
48.4931 0.1733 1
47.5649 0.1743 1
45.7576 0.1753 1
39.5028 0.1763 1
34.3278 0.1773 1
30.0392 0.1783 1
24.9016 0.1793 1
20.1963 0.1803 1
15.3377 0.1813 1
12.4744 0.1823 1
10.4926 0.1833 1
10.3147 0.1843 1
10.1538 0.1853 1
10.8477 0.1863 1
12.2399 0.1873 1
13.1323 0.1883 1
15.0552 0.1893 1
16.3288 0.1903 1
19.012 0.1913 1
20.463 0.1923 1
23.0789 0.1933 1
24.4169 0.1943 1
25.7677 0.1953 1
28.3659 0.1963 1
29.9138 0.1973 1
30.3848 0.1983 1
31.46 0.1993 1
33.2997 0.2003 1
35.2661 0.2013 1
37.0721 0.2023 1
39.3014 0.2033 1
42.7691 0.2043 1
44.6128 0.2053 1
46.5361 0.2063 1
47.716 0.2073 1
49.0305 0.2083 1
48.7879 0.2093 1
48.5313 0.2103 1
47.3293 0.2113 1
46.9478 0.2123 1
44.4783 0.2133 1
42.2007 0.2143 1
39.169 0.2153 1
37.048 0.2163 1
35.0592 0.2173 1
33.3999 0.2183 1
32.1003 0.2193 1
28.7574 0.2203 1
26.2674 0.2213 1
24.5358 0.2223 1
22.8149 0.2233 1
22.4758 0.2243 1
20.9944 0.2253 1
18.199 0.2263 1
16.4067 0.2273 1
13.8164 0.2283 1
11.8576 0.2293 1
10.7281 0.2303 1
10.1409 0.2313 1
10.0348 0.2323 1
9.571 0.2333 1
10.3496 0.2343 1
11.0709 0.2353 1
11.5116 0.2363 1
14.4251 0.2373 1
15.9948 0.2383 1
19.1092 0.2393 1
23.0934 0.2403 1
26.5817 0.2413 1
30.3326 0.2423 1
31.9819 0.2433 1
34.6258 0.2443 1
36.64 0.2453 1
38.809 0.2463 1
38.0123 0.2473 1
37.6336 0.2483 1
35.897 0.2493 1
33.9829 0.2503 1
33.1242 0.2513 1
32.7389 0.2523 1
33.1155 0.2533 1
32.9677 0.2543 1
33.8827 0.2553 1
36.0454 0.2563 1
37.4708 0.2573 1
38.3393 0.2583 1
39.948 0.2593 1
40.9762 0.2603 1
42.3584 0.2613 1
42.055 0.2623 1
42.2173 0.2633 1
42.0112 0.2643 1
41.8592 0.2653 1
40.8876 0.2663 1
39.4423 0.2673 1
37.1221 0.2683 1
35.9667 0.2693 1
34.5046 0.2703 1
34.6212 0.2713 1
34.9115 0.2723 1
36.0812 0.2733 1
37.8065 0.2743 1
39.9604 0.2753 1
42.6741 0.2763 1
45.6615 0.2773 1
48.9743 0.2783 1
51.1673 0.2793 1
53.4194 0.2803 1
55.1462 0.2813 1
55.8723 0.2823 1
55.4277 0.2833 1
54.2568 0.2843 1
51.2718 0.2853 1
47.0441 0.2863 1
42.4144 0.2873 1
38.2179 0.2883 1
32.5145 0.2893 1
27.2587 0.2903 1
22.9946 0.2913 1
18.6615 0.2923 1
15.6696 0.2933 1
12.5549 0.2943 1
11.0297 0.2953 1
11.2339 0.2963 1
12.119 0.2973 1
13.7344 0.2983 1
15.9668 0.2993 1
18.7621 0.3003 1
21.1565 0.3013 1
24.5032 0.3023 1
26.8054 0.3033 1
28.848 0.3043 1
30.4264 0.3053 1
30.7877 0.3063 1
30.6282 0.3073 1
29.4734 0.3083 1
27.7927 0.3093 1
25.3827 0.3103 1
24.4472 0.3113 1
22.6543 0.3123 1
20.9425 0.3133 1
19.1514 0.3143 1
17.9513 0.3153 1
17.524 0.3163 1
18.2083 0.3173 1
18.8551 0.3183 1
18.99 0.3193 1
18.7223 0.3203 1
19.1281 0.3213 1
18.7082 0.3223 1
18.3301 0.3233 1
17.8869 0.3243 1
17.3441 0.3253 1
16.6336 0.3263 1
15.4419 0.3273 1
14.0999 0.3283 1
12.8549 0.3293 1
11.4737 0.3303 1
9.61092 0.3313 1
8.83904 0.3323 1
54.4005 0.0833 2
69.8195 0.0843 2
93.3105 0.0853 2
123.171 0.0863 2
157.258 0.0873 2
193.263 0.0883 2
229.012 0.0893 2
262.719 0.0903 2
293.195 0.0913 2
319.969 0.0923 2
343.312 0.0933 2
364.161 0.0943 2
383.964 0.0953 2
404.445 0.0963 2
427.351 0.0973 2
454.176 0.0983 2
485.982 0.0993 2
523.006 0.1003 2
564.868 0.1013 2
610.42 0.1023 2
657.759 0.1033 2
704.784 0.1043 2
748.264 0.1053 2
785.758 0.1063 2
815.577 0.1073 2
833.631 0.1083 2
840.371 0.1093 2
835.26 0.1103 2
818.19 0.1113 2
791.094 0.1123 2
753.386 0.1133 2
709.184 0.1143 2
661.867 0.1153 2
613.622 0.1163 2
564.308 0.1173 2
519.737 0.1183 2
479.762 0.1193 2
448.29 0.1203 2
422.691 0.1213 2
403.376 0.1223 2
393.539 0.1233 2
391.826 0.1243 2
393.537 0.1253 2
395.45 0.1263 2
400.702 0.1273 2
405.139 0.1283 2
404.461 0.1293 2
406.065 0.1303 2
399.18 0.1313 2
394.313 0.1323 2
386.08 0.1333 2
383.176 0.1343 2
364.471 0.1353 2
340.938 0.1363 2
314.926 0.1373 2
293.928 0.1383 2
273.46 0.1393 2
248.467 0.1403 2
219.094 0.1413 2
190.289 0.1423 2
163.07 0.1433 2
138.641 0.1443 2
120.264 0.1453 2
104.942 0.1463 2
92.035 0.1473 2
75.2198 0.1483 2
60.427 0.1493 2
54.8353 0.1503 2
52.6354 0.1513 2
52.7698 0.1523 2
51.7487 0.1533 2
47.7474 0.1543 2
45.7869 0.1553 2
44.6234 0.1563 2
44.0557 0.1573 2
42.5575 0.1583 2
42.6295 0.1593 2
40.507 0.1603 2
38.6303 0.1613 2
38.0636 0.1623 2
39.6192 0.1633 2
39.4314 0.1643 2
46.0247 0.1653 2
49.4687 0.1663 2
51.4053 0.1673 2
56.3201 0.1683 2
60.4813 0.1693 2
67.8137 0.1703 2
72.3605 0.1713 2
79.8817 0.1723 2
82.9496 0.1733 2
85.3285 0.1743 2
84.7023 0.1753 2
81.3464 0.1763 2
76.39 0.1773 2
69.4326 0.1783 2
62.0151 0.1793 2
57.0806 0.1803 2
48.9655 0.1813 2
40.3527 0.1823 2
32.6426 0.1833 2
26.2348 0.1843 2
22.8822 0.1853 2
24.5083 0.1863 2
26.9915 0.1873 2
34.2604 0.1883 2
40.5553 0.1893 2
47.8917 0.1903 2
59.4421 0.1913 2
68.272 0.1923 2
77.1612 0.1933 2
82.6174 0.1943 2
92.4952 0.1953 2
96.7831 0.1963 2
99.0382 0.1973 2
100.632 0.1983 2
99.3225 0.1993 2
100.871 0.2003 2
95.4415 0.2013 2
87.9389 0.2023 2
79.7581 0.2033 2
68.3292 0.2043 2
57.1517 0.2053 2
53.1802 0.2063 2
47.4455 0.2073 2
43.847 0.2083 2
37.8526 0.2093 2
36.097 0.2103 2
34.8015 0.2113 2
34.0286 0.2123 2
35.7293 0.2133 2
35.3716 0.2143 2
35.2542 0.2153 2
35.8814 0.2163 2
36.8831 0.2173 2
36.8225 0.2183 2
38.9117 0.2193 2
39.0388 0.2203 2
39.1886 0.2213 2
37.7792 0.2223 2
40.7774 0.2233 2
39.8538 0.2243 2
39.3774 0.2253 2
35.2527 0.2263 2
32.2361 0.2273 2
30.7949 0.2283 2
29.1405 0.2293 2
27.2559 0.2303 2
23.2341 0.2313 2
21.3802 0.2323 2
19.1168 0.2333 2
18.8033 0.2343 2
17.2905 0.2353 2
16.8203 0.2363 2
16.4486 0.2373 2
15.9856 0.2383 2
15.0321 0.2393 2
14.6149 0.2403 2
14.1783 0.2413 2
13.9788 0.2423 2
14.2145 0.2433 2
14.4211 0.2443 2
15.7888 0.2453 2
17.9676 0.2463 2
19.4923 0.2473 2
23.5014 0.2483 2
28.1678 0.2493 2
35.5972 0.2503 2
40.7954 0.2513 2
47.1323 0.2523 2
53.8868 0.2533 2
60.5483 0.2543 2
67.0092 0.2553 2
72.4659 0.2563 2
77.4249 0.2573 2
82.7961 0.2583 2
85.3484 0.2593 2
86.1459 0.2603 2
86.5379 0.2613 2
83.8167 0.2623 2
80.1443 0.2633 2
74.9169 0.2643 2
70.1028 0.2653 2
61.5148 0.2663 2
54.2629 0.2673 2
46.376 0.2683 2
39.9022 0.2693 2
33.7906 0.2703 2
28.6039 0.2713 2
24.9557 0.2723 2
23.2464 0.2733 2
21.8201 0.2743 2
22.2512 0.2753 2
24.4637 0.2763 2
26.3339 0.2773 2
28.742 0.2783 2
31.7453 0.2793 2
33.429 0.2803 2
35.4136 0.2813 2
36.7067 0.2823 2
37.592 0.2833 2
37.0733 0.2843 2
35.9675 0.2853 2
34.1048 0.2863 2
32.0901 0.2873 2
30.5074 0.2883 2
29.2167 0.2893 2
27.6498 0.2903 2
27.7892 0.2913 2
28.6731 0.2923 2
29.7962 0.2933 2
30.9891 0.2943 2
32.0758 0.2953 2
34.058 0.2963 2
36.9855 0.2973 2
39.9027 0.2983 2
42.0795 0.2993 2
43.924 0.3003 2
44.1245 0.3013 2
45.7239 0.3023 2
44.4222 0.3033 2
44.4996 0.3043 2
44.2725 0.3053 2
44.469 0.3063 2
45.2668 0.3073 2
45.6842 0.3083 2
45.3191 0.3093 2
44.1333 0.3103 2
43.8578 0.3113 2
43.7836 0.3123 2
44.6982 0.3133 2
46.2735 0.3143 2
48.2835 0.3153 2
50.0376 0.3163 2
50.0757 0.3173 2
51.1207 0.3183 2
51.6931 0.3193 2
50.3124 0.3203 2
48.6439 0.3213 2
46.6709 0.3223 2
44.0744 0.3233 2
40.2668 0.3243 2
35.3066 0.3253 2
31.6482 0.3263 2
27.0211 0.3273 2
22.9965 0.3283 2
18.4524 0.3293 2
14.6245 0.3303 2
10.4892 0.3313 2
7.80741 0.3323 2
1408.58 0.0833 3
1515.33 0.0843 3
1586.54 0.0853 3
1618.33 0.0863 3
1609.69 0.0873 3
1562.56 0.0883 3
1481.45 0.0893 3
1373.05 0.0903 3
1245.53 0.0913 3
1107.82 0.0923 3
968.867 0.0933 3
836.935 0.0943 3
719.016 0.0953 3
620.398 0.0963 3
543.509 0.0973 3
490.108 0.0983 3
458.763 0.0993 3
446.273 0.1003 3
450.982 0.1013 3
465.688 0.1023 3
486.015 0.1033 3
506.793 0.1043 3
521.245 0.1053 3
527.961 0.1063 3
525.545 0.1073 3
511.685 0.1083 3
494.255 0.1093 3
460.715 0.1103 3
419.316 0.1113 3
375.418 0.1123 3
329.465 0.1133 3
277.177 0.1143 3
228.434 0.1153 3
184.781 0.1163 3
147.114 0.1173 3
113.32 0.1183 3
89.2913 0.1193 3
70.4622 0.1203 3
63.7475 0.1213 3
62.7381 0.1223 3
62.0885 0.1233 3
65.9461 0.1243 3
74.3555 0.1253 3
72.0279 0.1263 3
78.5392 0.1273 3
82.7601 0.1283 3
86.6136 0.1293 3
86.9951 0.1303 3
91.4146 0.1313 3
92.4987 0.1323 3
95.7874 0.1333 3
99.9332 0.1343 3
102.745 0.1353 3
105.481 0.1363 3
108.015 0.1373 3
110.905 0.1383 3
114.166 0.1393 3
117.04 0.1403 3
117.532 0.1413 3
115.006 0.1423 3
112.537 0.1433 3
108.634 0.1443 3
102.758 0.1453 3
98.3019 0.1463 3
90.8313 0.1473 3
83.1737 0.1483 3
74.1471 0.1493 3
62.5587 0.1503 3
53.3571 0.1513 3
43.6619 0.1523 3
35.6096 0.1533 3
28.7444 0.1543 3
24.8625 0.1553 3
18.1116 0.1563 3
15.4211 0.1573 3
10.9738 0.1583 3
7.3425 0.1593 3
5.60982 0.1603 3
5.47296 0.1613 3
5.22111 0.1623 3
6.59658 0.1633 3
8.47408 0.1643 3
11.4273 0.1653 3
14.4436 0.1663 3
18.0903 0.1673 3
21.3734 0.1683 3
25.1993 0.1693 3
28.9463 0.1703 3
32.4156 0.1713 3
32.2929 0.1723 3
34.6421 0.1733 3
34.5117 0.1743 3
36.8746 0.1753 3
38.4034 0.1763 3
39.0131 0.1773 3
37.5187 0.1783 3
38.1226 0.1793 3
36.5593 0.1803 3
33.9576 0.1813 3
33.2839 0.1823 3
32.3796 0.1833 3
29.7758 0.1843 3
26.2173 0.1853 3
24.3484 0.1863 3
22.9591 0.1873 3
21.1469 0.1883 3
18.064 0.1893 3
14.3831 0.1903 3
12.6904 0.1913 3
12.05 0.1923 3
11.2784 0.1933 3
12.599 0.1943 3
12.8662 0.1953 3
17.1152 0.1963 3
19.4657 0.1973 3
21.2595 0.1983 3
25.2209 0.1993 3
30.765 0.2003 3
38.3245 0.2013 3
47.6436 0.2023 3
54.9287 0.2033 3
62.3562 0.2043 3
73.5603 0.2053 3
83.1599 0.2063 3
88.5423 0.2073 3
97.2212 0.2083 3
103.447 0.2093 3
110.183 0.2103 3
115.586 0.2113 3
118.869 0.2123 3
117.983 0.2133 3
120.178 0.2143 3
119.268 0.2153 3
113.543 0.2163 3
107.335 0.2173 3
99.1881 0.2183 3
91.9935 0.2193 3
83.824 0.2203 3
75.1801 0.2213 3
66.9878 0.2223 3
56.6972 0.2233 3
50.4207 0.2243 3
46.5507 0.2253 3
44.4042 0.2263 3
40.6034 0.2273 3
39.1027 0.2283 3
38.7573 0.2293 3
39.6143 0.2303 3
39.7222 0.2313 3
40.7891 0.2323 3
41.6537 0.2333 3
42.3688 0.2343 3
42.9799 0.2353 3
42.5242 0.2363 3
42.9676 0.2373 3
41.7648 0.2383 3
38.8582 0.2393 3
37.3334 0.2403 3
35.2141 0.2413 3
32.8779 0.2423 3
29.913 0.2433 3
28.0546 0.2443 3
24.9266 0.2453 3
23.3095 0.2463 3
22.4612 0.2473 3
22.2525 0.2483 3
22.0671 0.2493 3
22.5365 0.2503 3
23.023 0.2513 3
23.9123 0.2523 3
24.3954 0.2533 3
24.5698 0.2543 3
24.1282 0.2553 3
23.8421 0.2563 3
23.267 0.2573 3
21.0898 0.2583 3
18.8026 0.2593 3
17.2798 0.2603 3
15.8588 0.2613 3
14.6243 0.2623 3
14.2353 0.2633 3
14.1229 0.2643 3
15.6299 0.2653 3
16.239 0.2663 3
18.6602 0.2673 3
22.8384 0.2683 3
27.3262 0.2693 3
31.4212 0.2703 3
35.3498 0.2713 3
40.3748 0.2723 3
44.875 0.2733 3
48.9248 0.2743 3
53.1016 0.2753 3
54.4485 0.2763 3
54.7202 0.2773 3
55.3059 0.2783 3
53.807 0.2793 3
51.8059 0.2803 3
49.1059 0.2813 3
44.9756 0.2823 3
41.3635 0.2833 3
37.7857 0.2843 3
33.9732 0.2853 3
30.6149 0.2863 3
30.2552 0.2873 3
29.6216 0.2883 3
29.6407 0.2893 3
30.1192 0.2903 3
30.8838 0.2913 3
32.1277 0.2923 3
32.7169 0.2933 3
33.6906 0.2943 3
35.3199 0.2953 3
36.7469 0.2963 3
38.4433 0.2973 3
38.5475 0.2983 3
39.5562 0.2993 3
41.274 0.3003 3
42.4201 0.3013 3
42.2023 0.3023 3
44.8027 0.3033 3
45.5753 0.3043 3
47.6883 0.3053 3
49.0922 0.3063 3
50.0613 0.3073 3
51.4124 0.3083 3
52.7236 0.3093 3
53.5055 0.3103 3
53.8338 0.3113 3
51.6853 0.3123 3
52.4439 0.3133 3
50.0713 0.3143 3
47.8287 0.3153 3
43.6177 0.3163 3
38.7522 0.3173 3
35.768 0.3183 3
32.6618 0.3193 3
28.7274 0.3203 3
26.4129 0.3213 3
24.3913 0.3223 3
22.8988 0.3233 3
22.1873 0.3243 3
21.8074 0.3253 3
21.776 0.3263 3
21.8302 0.3273 3
22.0344 0.3283 3
22.5173 0.3293 3
22.8286 0.3303 3
58.4341 0.0833 4
65.4096 0.0843 4
64.4671 0.0853 4
66.5129 0.0863 4
64.3665 0.0873 4
62.9988 0.0883 4
65.7412 0.0893 4
59.4722 0.0903 4
53.3364 0.0913 4
51.0273 0.0923 4
50.1871 0.0933 4
54.1906 0.0943 4
62.8408 0.0953 4
74.0139 0.0963 4
77.6141 0.0973 4
95.2845 0.0983 4
107.844 0.0993 4
124.357 0.1003 4
140.188 0.1013 4
165.428 0.1023 4
185.481 0.1033 4
198.055 0.1043 4
224.307 0.1053 4
242.329 0.1063 4
254.787 0.1073 4
259.675 0.1083 4
259.292 0.1093 4
256.162 0.1103 4
261.179 0.1113 4
254.747 0.1123 4
257.819 0.1133 4
258.043 0.1143 4
246.528 0.1153 4
234.042 0.1163 4
219.634 0.1173 4
207.393 0.1183 4
196.775 0.1193 4
183.911 0.1203 4
175.909 0.1213 4
167.945 0.1223 4
153.129 0.1233 4
144.03 0.1243 4
131.777 0.1253 4
131.275 0.1263 4
125.96 0.1273 4
119.49 0.1283 4
111.369 0.1293 4
111.16 0.1303 4
109.502 0.1313 4
98.312 0.1323 4
89.2673 0.1333 4
83.4511 0.1343 4
76.3974 0.1353 4
67.756 0.1363 4
56.9553 0.1373 4
46.9684 0.1383 4
38.2793 0.1393 4
32.5422 0.1403 4
28.9396 0.1413 4
26.0489 0.1423 4
25.8696 0.1433 4
26.7135 0.1443 4
28.3609 0.1453 4
32.3147 0.1463 4
39.9319 0.1473 4
45.9738 0.1483 4
54.0638 0.1493 4
64.5323 0.1503 4
78.88 0.1513 4
92.6291 0.1523 4
100.933 0.1533 4
119.491 0.1543 4
139.116 0.1553 4
165.734 0.1563 4
180.676 0.1573 4
191.596 0.1583 4
208.384 0.1593 4
225.071 0.1603 4
235.871 0.1613 4
250.033 0.1623 4
263.362 0.1633 4
273.569 0.1643 4
277.217 0.1653 4
277.345 0.1663 4
274.591 0.1673 4
267.958 0.1683 4
258.13 0.1693 4
244.749 0.1703 4
228.483 0.1713 4
212.715 0.1723 4
196.945 0.1733 4
178.134 0.1743 4
163.159 0.1753 4
145.409 0.1763 4
130.875 0.1773 4
116.134 0.1783 4
104.315 0.1793 4
93.7734 0.1803 4
84.2168 0.1813 4
78.2379 0.1823 4
72.4971 0.1833 4
67.8895 0.1843 4
64.4271 0.1853 4
61.116 0.1863 4
58.7452 0.1873 4
56.7817 0.1883 4
56.1612 0.1893 4
54.8497 0.1903 4
52.9758 0.1913 4
52.1651 0.1923 4
51.286 0.1933 4
50.7644 0.1943 4
50.0432 0.1953 4
48.8977 0.1963 4
47.228 0.1973 4
45.6003 0.1983 4
43.7307 0.1993 4
41.5907 0.2003 4
38.733 0.2013 4
34.7521 0.2023 4
32.138 0.2033 4
29.9418 0.2043 4
27.628 0.2053 4
24.1087 0.2063 4
22.6252 0.2073 4
20.8984 0.2083 4
19.8519 0.2093 4
18.6819 0.2103 4
18.7117 0.2113 4
20.2854 0.2123 4
21.2011 0.2133 4
23.3917 0.2143 4
25.5082 0.2153 4
28.2191 0.2163 4
32.3236 0.2173 4
34.8657 0.2183 4
37.3677 0.2193 4
41.13 0.2203 4
43.6288 0.2213 4
46.1877 0.2223 4
48.5345 0.2233 4
53.1383 0.2243 4
55.2957 0.2253 4
58.5207 0.2263 4
60.921 0.2273 4
63.2451 0.2283 4
63.924 0.2293 4
62.9742 0.2303 4
59.6205 0.2313 4
56.5191 0.2323 4
53.1841 0.2333 4
50.7317 0.2343 4
43.6466 0.2353 4
35.8675 0.2363 4
28.4636 0.2373 4
21.249 0.2383 4
15.551 0.2393 4
12.5072 0.2403 4
9.19315 0.2413 4
9.00844 0.2423 4
12.5228 0.2433 4
17.079 0.2443 4
23.6419 0.2453 4
30.8855 0.2463 4
40.9528 0.2473 4
50.9326 0.2483 4
60.2724 0.2493 4
67.7787 0.2503 4
74.3441 0.2513 4
79.7385 0.2523 4
82.5278 0.2533 4
81.5116 0.2543 4
78.4574 0.2553 4
74.2586 0.2563 4
67.2192 0.2573 4
60.2834 0.2583 4
53.282 0.2593 4
46.6325 0.2603 4
38.9773 0.2613 4
33.9376 0.2623 4
30.6258 0.2633 4
28.5755 0.2643 4
28.9333 0.2653 4
29.7232 0.2663 4
31.0769 0.2673 4
33.7284 0.2683 4
38.3383 0.2693 4
41.3942 0.2703 4
43.9295 0.2713 4
44.9747 0.2723 4
44.0886 0.2733 4
44.6391 0.2743 4
41.8974 0.2753 4
38.2426 0.2763 4
34.2115 0.2773 4
31.5315 0.2783 4
26.9217 0.2793 4
22.4187 0.2803 4
18.4558 0.2813 4
16.7773 0.2823 4
16.3617 0.2833 4
17.3874 0.2843 4
18.4718 0.2853 4
21.1251 0.2863 4
23.6555 0.2873 4
26.4959 0.2883 4
28.9792 0.2893 4
31.2136 0.2903 4
32.3627 0.2913 4
33.0344 0.2923 4
32.9658 0.2933 4
32.1248 0.2943 4
30.8863 0.2953 4
28.8355 0.2963 4
26.5647 0.2973 4
23.9735 0.2983 4
22.1316 0.2993 4
20.6357 0.3003 4
19.2155 0.3013 4
18.5361 0.3023 4
18.7597 0.3033 4
19.4401 0.3043 4
20.3823 0.3053 4
21.6505 0.3063 4
23.557 0.3073 4
24.8686 0.3083 4
26.5751 0.3093 4
27.9 0.3103 4
28.5416 0.3113 4
29.2494 0.3123 4
28.7407 0.3133 4
28.811 0.3143 4
29.1754 0.3153 4
27.8262 0.3163 4
27.3981 0.3173 4
27.6311 0.3183 4
26.6514 0.3193 4
26.6697 0.3203 4
25.8517 0.3213 4
25.0928 0.3223 4
24.3648 0.3233 4
24.3251 0.3243 4
23.0842 0.3253 4
21.8886 0.3263 4
20.4385 0.3273 4
18.9944 0.3283 4
17.291 0.3293 4
7.60602 0.0833 5
13.3179 0.0843 5
23.9785 0.0853 5
39.4894 0.0863 5
59.1817 0.0873 5
81.8609 0.0883 5
105.915 0.0893 5
129.47 0.0903 5
150.583 0.0913 5
167.44 0.0923 5
178.549 0.0933 5
182.896 0.0943 5
180.059 0.0953 5
170.252 0.0963 5
154.312 0.0973 5
133.621 0.0983 5
109.972 0.0993 5
85.399 0.1003 5
61.9877 0.1013 5
41.681 0.1023 5
26.1069 0.1033 5
16.4413 0.1043 5
13.3171 0.1053 5
16.7889 0.1063 5
26.3522 0.1073 5
41.0137 0.1083 5
59.402 0.1093 5
79.9063 0.1103 5
100.828 0.1113 5
120.529 0.1123 5
137.565 0.1133 5
150.788 0.1143 5
159.42 0.1153 5
163.078 0.1163 5
161.774 0.1173 5
155.87 0.1183 5
146.074 0.1193 5
133.298 0.1203 5
118.749 0.1213 5
102.67 0.1223 5
86.402 0.1233 5
70.3466 0.1243 5
56.2237 0.1253 5
43.559 0.1263 5
32.7651 0.1273 5
24.0943 0.1283 5
18.2006 0.1293 5
14.373 0.1303 5
12.0485 0.1313 5
11.8937 0.1323 5
11.3013 0.1333 5
12.1694 0.1343 5
13.6254 0.1353 5
16.1198 0.1363 5
18.3436 0.1373 5
22.6612 0.1383 5
26.0695 0.1393 5
27.9387 0.1403 5
31.5579 0.1413 5
34.3138 0.1423 5
38.4932 0.1433 5
43.4973 0.1443 5
43.5885 0.1453 5
45.9239 0.1463 5
48.8953 0.1473 5
51.8284 0.1483 5
54.9265 0.1493 5
59.1966 0.1503 5
60.4262 0.1513 5
61.6294 0.1523 5
64.5143 0.1533 5
65.4792 0.1543 5
65.6025 0.1553 5
69.0982 0.1563 5
68.1108 0.1573 5
65.4695 0.1583 5
65.7464 0.1593 5
60.5144 0.1603 5
56.0272 0.1613 5
56.7378 0.1623 5
49.7309 0.1633 5
51.4806 0.1643 5
49.1542 0.1653 5
49.5582 0.1663 5
52.0027 0.1673 5
55.9418 0.1683 5
56.8371 0.1693 5
60.9848 0.1703 5
58.5032 0.1713 5
60.8945 0.1723 5
62.1812 0.1733 5
62.9296 0.1743 5
69.9574 0.1753 5
71.6314 0.1763 5
74.6372 0.1773 5
75.0224 0.1783 5
74.1653 0.1793 5
64.9309 0.1803 5
63.9244 0.1813 5
57.899 0.1823 5
55.1489 0.1833 5
49.9432 0.1843 5
47.4105 0.1853 5
44.2356 0.1863 5
39.1492 0.1873 5
36.2999 0.1883 5
35.1985 0.1893 5
31.4392 0.1903 5
28.8347 0.1913 5
28.8508 0.1923 5
30.4654 0.1933 5
26.8897 0.1943 5
26.3807 0.1953 5
30.2799 0.1963 5
33.0397 0.1973 5
31.1159 0.1983 5
31.6836 0.1993 5
29.248 0.2003 5
25.3835 0.2013 5
24.9488 0.2023 5
25.6349 0.2033 5
24.1919 0.2043 5
25.147 0.2053 5
26.3838 0.2063 5
29.0253 0.2073 5
31.1922 0.2083 5
31.8949 0.2093 5
34.5301 0.2103 5
37.3146 0.2113 5
39.6175 0.2123 5
42.9908 0.2133 5
43.543 0.2143 5
42.5429 0.2153 5
42.7081 0.2163 5
42.571 0.2173 5
40.6558 0.2183 5
38.414 0.2193 5
35.9246 0.2203 5
37.1044 0.2213 5
36.0072 0.2223 5
33.4449 0.2233 5
30.9625 0.2243 5
27.6677 0.2253 5
24.9876 0.2263 5
23.4635 0.2273 5
21.7459 0.2283 5
19.9019 0.2293 5
18.6148 0.2303 5
17.8524 0.2313 5
17.5642 0.2323 5
18.2669 0.2333 5
20.1943 0.2343 5
21.8142 0.2353 5
23.6028 0.2363 5
27.02 0.2373 5
30.406 0.2383 5
37.2685 0.2393 5
44.4686 0.2403 5
50.1253 0.2413 5
57.6185 0.2423 5
66.1141 0.2433 5
75.2771 0.2443 5
85.2752 0.2453 5
95.783 0.2463 5
106.528 0.2473 5
115.072 0.2483 5
124.962 0.2493 5
130.448 0.2503 5
133.564 0.2513 5
135.584 0.2523 5
135.291 0.2533 5
130.315 0.2543 5
124.275 0.2553 5
114.621 0.2563 5
104.527 0.2573 5
93.2329 0.2583 5
79.9345 0.2593 5
68.4579 0.2603 5
57.2197 0.2613 5
48.0805 0.2623 5
40.568 0.2633 5
35.3368 0.2643 5
33.0452 0.2653 5
31.7631 0.2663 5
32.0114 0.2673 5
35.4115 0.2683 5
39.3715 0.2693 5
44.6158 0.2703 5
50.8922 0.2713 5
56.6585 0.2723 5
62.5799 0.2733 5
66.5537 0.2743 5
71.2206 0.2753 5
74.2075 0.2763 5
77.1452 0.2773 5
76.3147 0.2783 5
76.5701 0.2793 5
75.1479 0.2803 5
75.622 0.2813 5
73.4129 0.2823 5
70.8094 0.2833 5
68.1793 0.2843 5
65.5614 0.2853 5
63.6558 0.2863 5
60.1383 0.2873 5
56.404 0.2883 5
52.913 0.2893 5
49.0664 0.2903 5
45.9892 0.2913 5
42.9105 0.2923 5
39.9683 0.2933 5
37.2685 0.2943 5
35.1056 0.2953 5
33.3892 0.2963 5
32.5011 0.2973 5
31.1672 0.2983 5
31.5302 0.2993 5
32.701 0.3003 5
35.0153 0.3013 5
37.5221 0.3023 5
41.5937 0.3033 5
45.3883 0.3043 5
48.2392 0.3053 5
51.5458 0.3063 5
52.6743 0.3073 5
53.6605 0.3083 5
56.2914 0.3093 5
57.5005 0.3103 5
56.9033 0.3113 5
56.4139 0.3123 5
53.8489 0.3133 5
50.9776 0.3143 5
47.0308 0.3153 5
43.159 0.3163 5
38.4683 0.3173 5
33.7074 0.3183 5
29.0652 0.3193 5
24.7081 0.3203 5
20.7717 0.3213 5
17.3549 0.3223 5
13.8247 0.3233 5
10.8486 0.3243 5
9.42857 0.3253 5
8.30033 0.3263 5
