8.04311e+06 0.085 0
5.65254e+06 0.0875 0
3.26603e+06 0.09 0
1.48039e+06 0.0925 0
456209 0.095 0
50341.8 0.0975 0
14923.3 0.1 0
136102 0.1025 0
280500 0.105 0
381589 0.1075 0
410553 0.11 0
359061 0.1125 0
240140 0.115 0
97578.7 0.1175 0
5444.05 0.12 0
42341 0.1225 0
245369 0.125 0
562310 0.1275 0
886838 0.13 0
1.03732e+06 0.1325 0
971591 0.135 0
722798 0.1375 0
361573 0.14 0
164699 0.1425 0
383216 0.145 0
745678 0.1475 0
985964 0.15 0
1.19575e+06 0.1525 0
1.27445e+06 0.155 0
1.00826e+06 0.1575 0
829684 0.16 0
657596 0.1625 0
541037 0.165 0
514991 0.1675 0
422235 0.17 0
614684 0.1725 0
821667 0.175 0
950776 0.1775 0
1.10605e+06 0.18 0
1.16175e+06 0.1825 0
1.07798e+06 0.185 0
724263 0.1875 0
518682 0.19 0
551961 0.1925 0
904595 0.195 0
1.32785e+06 0.1975 0
1.84672e+06 0.2 0
2.25531e+06 0.2025 0
2.30795e+06 0.205 0
2.09449e+06 0.2075 0
1.64403e+06 0.21 0
1.08851e+06 0.2125 0
624683 0.215 0
361124 0.2175 0
325872 0.22 0
581023 0.2225 0
902921 0.225 0
1.23718e+06 0.2275 0
1.49519e+06 0.23 0
1.51635e+06 0.2325 0
1.45066e+06 0.235 0
1.38247e+06 0.2375 0
1.24481e+06 0.24 0
1.05248e+06 0.2425 0
808512 0.245 0
606585 0.2475 0
426958 0.25 0
288918 0.2525 0
215496 0.255 0
206715 0.2575 0
254161 0.26 0
233506 0.2625 0
276005 0.265 0
278934 0.2675 0
385347 0.27 0
442870 0.2725 0
519504 0.275 0
635282 0.2775 0
750009 0.28 0
946539 0.2825 0
1.11117e+06 0.285 0
1.37398e+06 0.2875 0
1.59543e+06 0.29 0
1.78555e+06 0.2925 0
1.93986e+06 0.295 0
1.88123e+06 0.2975 0
1.75077e+06 0.3 0
1.51175e+06 0.3025 0
1.13681e+06 0.305 0
726279 0.3075 0
363050 0.31 0
94024.1 0.3125 0
35709.7 0.315 0
2.93094e+06 0.0825 1
2.39751e+06 0.085 1
3.75404e+06 0.0875 1
7.25442e+06 0.09 1
1.17268e+07 0.0925 1
1.58132e+07 0.095 1
1.8782e+07 0.0975 1
2.06827e+07 0.1 1
2.06642e+07 0.1025 1
1.78796e+07 0.105 1
1.48714e+07 0.1075 1
1.13914e+07 0.11 1
8.07378e+06 0.1125 1
5.48536e+06 0.115 1
3.42273e+06 0.1175 1
2.0409e+06 0.12 1
1.06788e+06 0.1225 1
557632 0.125 1
294335 0.1275 1
247263 0.13 1
406169 0.1325 1
634420 0.135 1
959325 0.1375 1
1.25279e+06 0.14 1
1.44493e+06 0.1425 1
1.5962e+06 0.145 1
1.5267e+06 0.1475 1
1.36031e+06 0.15 1
944349 0.1525 1
591381 0.155 1
272377 0.1575 1
140574 0.16 1
225670 0.1625 1
405052 0.165 1
686104 0.1675 1
867822 0.17 1
890896 0.1725 1
838900 0.175 1
593453 0.1775 1
383964 0.18 1
214023 0.1825 1
179748 0.185 1
224149 0.1875 1
294988 0.19 1
371322 0.1925 1
453177 0.195 1
538510 0.1975 1
581496 0.2 1
669175 0.2025 1
784601 0.205 1
855407 0.2075 1
868245 0.21 1
821717 0.2125 1
706758 0.215 1
620532 0.2175 1
523945 0.22 1
431992 0.2225 1
385663 0.225 1
285876 0.2275 1
196207 0.23 1
176280 0.2325 1
193919 0.235 1
266032 0.2375 1
397450 0.24 1
532836 0.2425 1
659928 0.245 1
678557 0.2475 1
613399 0.25 1
567252 0.2525 1
600239 0.255 1
673558 0.2575 1
729690 0.26 1
751604 0.2625 1
741998 0.265 1
699953 0.2675 1
620338 0.27 1
628014 0.2725 1
703859 0.275 1
829602 0.2775 1
942099 0.28 1
995683 0.2825 1
934879 0.285 1
745294 0.2875 1
513900 0.29 1
324915 0.2925 1
206744 0.295 1
220915 0.2975 1
320168 0.3 1
445954 0.3025 1
538288 0.305 1
543969 0.3075 1
462132 0.31 1
397927 0.3125 1
327530 0.315 1
1.20299e+06 0.08 2
866789 0.0825 2
1.52526e+06 0.085 2
2.93219e+06 0.0875 2
4.51133e+06 0.09 2
5.79542e+06 0.0925 2
6.74337e+06 0.095 2
7.71249e+06 0.0975 2
9.12151e+06 0.1 2
1.10563e+07 0.1025 2
1.31279e+07 0.105 2
1.46255e+07 0.1075 2
1.49469e+07 0.11 2
1.39934e+07 0.1125 2
1.20679e+07 0.115 2
9.914e+06 0.1175 2
8.16055e+06 0.12 2
7.14167e+06 0.1225 2
6.99076e+06 0.125 2
7.15645e+06 0.1275 2
7.23116e+06 0.13 2
6.97805e+06 0.1325 2
6.59465e+06 0.135 2
5.56767e+06 0.1375 2
4.58559e+06 0.14 2
3.29827e+06 0.1425 2
2.25739e+06 0.145 2
1.55944e+06 0.1475 2
976692 0.15 2
933115 0.1525 2
816241 0.155 2
782056 0.1575 2
733895 0.16 2
680263 0.1625 2
811574 0.165 2
946838 0.1675 2
1.1506e+06 0.17 2
1.45829e+06 0.1725 2
1.52263e+06 0.175 2
1.34276e+06 0.1775 2
1.06217e+06 0.18 2
682432 0.1825 2
406707 0.185 2
492903 0.1875 2
809978 0.19 2
1.23681e+06 0.1925 2
1.59082e+06 0.195 2
1.77397e+06 0.1975 2
1.77079e+06 0.2 2
1.54488e+06 0.2025 2
1.10579e+06 0.205 2
839448 0.2075 2
664559 0.21 2
605640 0.2125 2
622026 0.215 2
651142 0.2175 2
693439 0.22 2
672079 0.2225 2
705535 0.225 2
578641 0.2275 2
497451 0.23 2
374661 0.2325 2
330236 0.235 2
294349 0.2375 2
261673 0.24 2
249844 0.2425 2
275174 0.245 2
361091 0.2475 2
610629 0.25 2
863425 0.2525 2
1.16196e+06 0.255 2
1.39653e+06 0.2575 2
1.5356e+06 0.26 2
1.48205e+06 0.2625 2
1.25916e+06 0.265 2
938593 0.2675 2
632728 0.27 2
435215 0.2725 2
392617 0.275 2
478274 0.2775 2
587336 0.28 2
657071 0.2825 2
648649 0.285 2
573879 0.2875 2
500902 0.29 2
511819 0.2925 2
563270 0.295 2
687022 0.2975 2
775999 0.3 2
816415 0.3025 2
791396 0.305 2
806082 0.3075 2
785959 0.31 2
784716 0.3125 2
853210 0.315 2
5.77114e+06 0.075 3
9.41351e+06 0.0775 3
1.6079e+07 0.08 3
2.32241e+07 0.0825 3
2.79914e+07 0.085 3
2.85986e+07 0.0875 3
2.51155e+07 0.09 3
1.92625e+07 0.0925 3
1.34255e+07 0.095 3
9.47028e+06 0.0975 3
8.00391e+06 0.1 3
8.37069e+06 0.1025 3
9.22539e+06 0.105 3
9.34519e+06 0.1075 3
8.40852e+06 0.11 3
6.52709e+06 0.1125 3
4.31647e+06 0.115 3
2.5067e+06 0.1175 3
1.33891e+06 0.12 3
1.14111e+06 0.1225 3
1.32918e+06 0.125 3
1.4155e+06 0.1275 3
1.53347e+06 0.13 3
1.65473e+06 0.1325 3
1.81505e+06 0.135 3
1.9371e+06 0.1375 3
2.08042e+06 0.14 3
2.04436e+06 0.1425 3
1.87138e+06 0.145 3
1.59023e+06 0.1475 3
1.18931e+06 0.15 3
760204 0.1525 3
452984 0.155 3
261090 0.1575 3
110949 0.16 3
97321 0.1625 3
179466 0.165 3
336697 0.1675 3
490044 0.17 3
589519 0.1725 3
644503 0.175 3
697419 0.1775 3
653295 0.18 3
592236 0.1825 3
489098 0.185 3
397766 0.1875 3
282741 0.19 3
209515 0.1925 3
224476 0.195 3
359318 0.1975 3
517602 0.2 3
889017 0.2025 3
1.23945e+06 0.205 3
1.60845e+06 0.2075 3
1.93903e+06 0.21 3
2.12411e+06 0.2125 3
2.11771e+06 0.215 3
1.88991e+06 0.2175 3
1.53814e+06 0.22 3
1.10998e+06 0.2225 3
849196 0.225 3
717264 0.2275 3
705058 0.23 3
730320 0.2325 3
765214 0.235 3
762262 0.2375 3
669880 0.24 3
576324 0.2425 3
461586 0.245 3
397868 0.2475 3
400095 0.25 3
428402 0.2525 3
436568 0.255 3
410156 0.2575 3
312867 0.26 3
257042 0.2625 3
271811 0.265 3
352522 0.2675 3
533721 0.27 3
736745 0.2725 3
928308 0.275 3
975727 0.2775 3
937838 0.28 3
789882 0.2825 3
602235 0.285 3
535486 0.2875 3
533232 0.29 3
577196 0.2925 3
622949 0.295 3
690377 0.2975 3
716859 0.3 3
757811 0.3025 3
839394 0.305 3
908895 0.3075 3
954727 0.31 3
931280 0.3125 3
869059 0.315 3
639250 0.0675 4
344645 0.07 4
140346 0.0725 4
80676.2 0.075 4
253061 0.0775 4
612402 0.08 4
893220 0.0825 4
1.13667e+06 0.085 4
1.1439e+06 0.0875 4
1.10378e+06 0.09 4
940995 0.0925 4
1.07912e+06 0.095 4
1.44647e+06 0.0975 4
2.17206e+06 0.1 4
3.01626e+06 0.1025 4
3.88138e+06 0.105 4
4.53496e+06 0.1075 4
4.59209e+06 0.11 4
4.59523e+06 0.1125 4
4.49583e+06 0.115 4
3.87231e+06 0.1175 4
3.28958e+06 0.12 4
2.88209e+06 0.1225 4
2.43985e+06 0.125 4
2.23088e+06 0.1275 4
1.97784e+06 0.13 4
1.69305e+06 0.1325 4
1.40875e+06 0.135 4
986903 0.1375 4
608088 0.14 4
458066 0.1425 4
502131 0.145 4
711794 0.1475 4
1.05944e+06 0.15 4
1.70224e+06 0.1525 4
2.39346e+06 0.155 4
3.28522e+06 0.1575 4
3.91046e+06 0.16 4
4.4963e+06 0.1625 4
4.93306e+06 0.165 4
4.87902e+06 0.1675 4
4.435e+06 0.17 4
3.73584e+06 0.1725 4
2.9992e+06 0.175 4
2.28439e+06 0.1775 4
1.72945e+06 0.18 4
1.37333e+06 0.1825 4
1.16379e+06 0.185 4
1.04093e+06 0.1875 4
985784 0.19 4
927378 0.1925 4
893631 0.195 4
838407 0.1975 4
750642 0.2 4
617672 0.2025 4
508351 0.205 4
396614 0.2075 4
334722 0.21 4
348048 0.2125 4
443271 0.215 4
586095 0.2175 4
715047 0.22 4
828605 0.2225 4
975729 0.225 4
1.09541e+06 0.2275 4
1.11823e+06 0.23 4
996262 0.2325 4
821590 0.235 4
485125 0.2375 4
233992 0.24 4
165618 0.2425 4
383272 0.245 4
769009 0.2475 4
1.17644e+06 0.25 4
1.43401e+06 0.2525 4
1.4172e+06 0.255 4
1.17446e+06 0.2575 4
870222 0.26 4
588409 0.2625 4
518571 0.265 4
562620 0.2675 4
732374 0.27 4
803570 0.2725 4
771174 0.275 4
602305 0.2775 4
423786 0.28 4
296078 0.2825 4
329075 0.285 4
430620 0.2875 4
545764 0.29 4
588863 0.2925 4
557363 0.295 4
465634 0.2975 4
375319 0.3 4
330546 0.3025 4
356534 0.305 4
425999 0.3075 4
492244 0.31 4
512465 0.3125 4
1.64148e+06 0.055 5
2.22014e+06 0.0575 5
2.20109e+06 0.06 5
1.59043e+06 0.0625 5
755923 0.065 5
152625 0.0675 5
16359.7 0.07 5
236059 0.0725 5
482959 0.075 5
489895 0.0775 5
269904 0.08 5
112617 0.0825 5
361317 0.085 5
1.13316e+06 0.0875 5
2.18645e+06 0.09 5
3.03535e+06 0.0925 5
3.24054e+06 0.095 5
2.68466e+06 0.0975 5
1.65435e+06 0.1 5
680390 0.1025 5
241761 0.105 5
515804 0.1075 5
1.31348e+06 0.11 5
2.21532e+06 0.1125 5
2.80669e+06 0.115 5
2.87093e+06 0.1175 5
2.45166e+06 0.12 5
1.77315e+06 0.1225 5
1.07685e+06 0.125 5
537275 0.1275 5
275380 0.13 5
195665 0.1325 5
232704 0.135 5
338686 0.1375 5
495072 0.14 5
634864 0.1425 5
794377 0.145 5
882131 0.1475 5
1.02222e+06 0.15 5
1.10091e+06 0.1525 5
1.17922e+06 0.155 5
1.20752e+06 0.1575 5
1.1438e+06 0.16 5
989043 0.1625 5
881804 0.165 5
916268 0.1675 5
1.07868e+06 0.17 5
1.06849e+06 0.1725 5
1.22583e+06 0.175 5
1.33151e+06 0.1775 5
1.23614e+06 0.18 5
1.01995e+06 0.1825 5
845947 0.185 5
688262 0.1875 5
569087 0.19 5
539692 0.1925 5
458440 0.195 5
586759 0.1975 5
560514 0.2 5
444814 0.2025 5
455153 0.205 5
523626 0.2075 5
591848 0.21 5
752824 0.2125 5
759069 0.215 5
754582 0.2175 5
654780 0.22 5
631386 0.2225 5
508054 0.225 5
411445 0.2275 5
347049 0.23 5
312033 0.2325 5
380287 0.235 5
505039 0.2375 5
775837 0.24 5
1.05697e+06 0.2425 5
1.457e+06 0.245 5
1.93217e+06 0.2475 5
2.30371e+06 0.25 5
2.41526e+06 0.2525 5
2.25896e+06 0.255 5
1.81295e+06 0.2575 5
1.26727e+06 0.26 5
827905 0.2625 5
589347 0.265 5
595494 0.2675 5
764738 0.27 5
1.03124e+06 0.2725 5
1.24947e+06 0.275 5
1.3584e+06 0.2775 5
1.34378e+06 0.28 5
1.30414e+06 0.2825 5
1.1811e+06 0.285 5
1.06357e+06 0.2875 5
899748 0.29 5
754635 0.2925 5
636849 0.295 5
578333 0.2975 5
574524 0.3 5
680408 0.3025 5
841800 0.305 5
947968 0.3075 5
1.02542e+06 0.31 5
0 0.035 6
0 0.0375 6
0 0.04 6
0 0.0425 6
0 0.045 6
0 0.0475 6
960.638 0.05 6
6432.46 0.0525 6
4754.12 0.055 6
14205.3 0.0575 6
47321.7 0.06 6
49773.1 0.0625 6
113707 0.065 6
109327 0.0675 6
159436 0.07 6
161111 0.0725 6
226771 0.075 6
216588 0.0775 6
208953 0.08 6
249172 0.0825 6
271941 0.085 6
342904 0.0875 6
401460 0.09 6
514825 0.0925 6
953557 0.095 6
1.38355e+06 0.0975 6
1.78743e+06 0.1 6
1.99228e+06 0.1025 6
2.02229e+06 0.105 6
1.65771e+06 0.1075 6
1.25939e+06 0.11 6
716131 0.1125 6
372927 0.115 6
288391 0.1175 6
564360 0.12 6
1.05883e+06 0.1225 6
1.64279e+06 0.125 6
1.93102e+06 0.1275 6
1.94843e+06 0.13 6
1.50924e+06 0.1325 6
934778 0.135 6
466737 0.1375 6
288202 0.14 6
561152 0.1425 6
980470 0.145 6
1.51637e+06 0.1475 6
1.85724e+06 0.15 6
1.98669e+06 0.1525 6
1.84062e+06 0.155 6
1.71332e+06 0.1575 6
1.64051e+06 0.16 6
1.61611e+06 0.1625 6
1.65121e+06 0.165 6
1.55827e+06 0.1675 6
1.25395e+06 0.17 6
835794 0.1725 6
401756 0.175 6
166952 0.1775 6
232489 0.18 6
635574 0.1825 6
1.26631e+06 0.185 6
1.91268e+06 0.1875 6
2.44669e+06 0.19 6
2.73594e+06 0.1925 6
2.77205e+06 0.195 6
2.54904e+06 0.1975 6
2.21539e+06 0.2 6
1.82588e+06 0.2025 6
1.50872e+06 0.205 6
1.16216e+06 0.2075 6
890145 0.21 6
641919 0.2125 6
399611 0.215 6
214743 0.2175 6
153464 0.22 6
311378 0.2225 6
657569 0.225 6
1.19277e+06 0.2275 6
1.82877e+06 0.23 6
2.32194e+06 0.2325 6
2.67347e+06 0.235 6
2.64095e+06 0.2375 6
2.28832e+06 0.24 6
1.77183e+06 0.2425 6
1.21314e+06 0.245 6
758066 0.2475 6
477196 0.25 6
309290 0.2525 6
305339 0.255 6
343302 0.2575 6
355671 0.26 6
433417 0.2625 6
579550 0.265 6
773271 0.2675 6
1.01272e+06 0.27 6
1.26465e+06 0.2725 6
1.4896e+06 0.275 6
1.59442e+06 0.2775 6
1.53532e+06 0.28 6
1.3793e+06 0.2825 6
1.13554e+06 0.285 6
902356 0.2875 6
731141 0.29 6
658561 0.2925 6
677020 0.295 6
766167 0.2975 6
893160 0.3 6
1.00887e+06 0.3025 6
1.02963e+06 0.305 6
935392 0.3075 6
12657.7 0.0125 7
19211.3 0.015 7
33475.3 0.0175 7
73057 0.02 7
133385 0.0225 7
131837 0.025 7
156691 0.0275 7
160359 0.03 7
140607 0.0325 7
178965 0.035 7
316845 0.0375 7
590634 0.04 7
1.02169e+06 0.0425 7
1.54735e+06 0.045 7
2.03757e+06 0.0475 7
2.33398e+06 0.05 7
2.31464e+06 0.0525 7
1.95636e+06 0.055 7
1.36144e+06 0.0575 7
727939 0.06 7
270343 0.0625 7
125833 0.065 7
293853 0.0675 7
642732 0.07 7
981494 0.0725 7
1.15746e+06 0.075 7
1.12452e+06 0.0775 7
944778 0.08 7
728574 0.0825 7
556842 0.085 7
439527 0.0875 7
335879 0.09 7
216123 0.0925 7
112366 0.095 7
113718 0.0975 7
302876 0.1 7
678634 0.1025 7
1.12686e+06 0.105 7
1.47161e+06 0.1075 7
1.57048e+06 0.11 7
1.39989e+06 0.1125 7
1.10591e+06 0.115 7
814056 0.1175 7
741014 0.12 7
863105 0.1225 7
1.05615e+06 0.125 7
1.20092e+06 0.1275 7
1.11491e+06 0.13 7
795845 0.1325 7
449200 0.135 7
234613 0.1375 7
221210 0.14 7
422882 0.1425 7
684487 0.145 7
825834 0.1475 7
812544 0.15 7
735829 0.1525 7
679147 0.155 7
610516 0.1575 7
541785 0.16 7
525611 0.1625 7
516188 0.165 7
488477 0.1675 7
471153 0.17 7
430134 0.1725 7
535216 0.175 7
669044 0.1775 7
902311 0.18 7
1.16343e+06 0.1825 7
1.58565e+06 0.185 7
1.9178e+06 0.1875 7
2.23608e+06 0.19 7
2.63389e+06 0.1925 7
2.83167e+06 0.195 7
2.99895e+06 0.1975 7
2.87963e+06 0.2 7
2.89058e+06 0.2025 7
2.5652e+06 0.205 7
2.30097e+06 0.2075 7
2.00531e+06 0.21 7
1.80708e+06 0.2125 7
1.53325e+06 0.215 7
1.45131e+06 0.2175 7
1.27202e+06 0.22 7
1.18309e+06 0.2225 7
1.06671e+06 0.225 7
968557 0.2275 7
787153 0.23 7
597064 0.2325 7
462935 0.235 7
359841 0.2375 7
316944 0.24 7
405412 0.2425 7
568098 0.245 7
792362 0.2475 7
967296 0.25 7
1.02954e+06 0.2525 7
985424 0.255 7
885237 0.2575 7
809163 0.26 7
765385 0.2625 7
835368 0.265 7
988299 0.2675 7
1.14107e+06 0.27 7
1.25243e+06 0.2725 7
1.21135e+06 0.275 7
1.03194e+06 0.2775 7
766799 0.28 7
509115 0.2825 7
431318 0.285 7
513315 0.2875 7
748698 0.29 7
1.01894e+06 0.2925 7
1.2185e+06 0.295 7
1.24761e+06 0.2975 7
1.10624e+06 0.3 7
911351 0.3025 7
687773 0.305 7
0 0.01 8
0 0.0125 8
0 0.015 8
0 0.0175 8
0 0.02 8
0 0.0225 8
824.644 0.025 8
101.966 0.0275 8
7693.09 0.03 8
21022.1 0.0325 8
11895.4 0.035 8
57703.6 0.0375 8
133981 0.04 8
115573 0.0425 8
205129 0.045 8
336820 0.0475 8
335356 0.05 8
298329 0.0525 8
326250 0.055 8
395368 0.0575 8
534859 0.06 8
555680 0.0625 8
451792 0.065 8
407002 0.0675 8
311450 0.07 8
221885 0.0725 8
141559 0.075 8
74191.9 0.0775 8
53837.5 0.08 8
38314.2 0.0825 8
52890 0.085 8
48131.2 0.0875 8
30037.3 0.09 8
25317.6 0.0925 8
64308.1 0.095 8
255838 0.0975 8
565203 0.1 8
983681 0.1025 8
1.44519e+06 0.105 8
1.75406e+06 0.1075 8
1.86376e+06 0.11 8
1.76383e+06 0.1125 8
1.44742e+06 0.115 8
1.11868e+06 0.1175 8
759205 0.12 8
499868 0.1225 8
230146 0.125 8
168679 0.1275 8
216753 0.13 8
297513 0.1325 8
431535 0.135 8
600168 0.1375 8
734255 0.14 8
742181 0.1425 8
658616 0.145 8
540586 0.1475 8
515873 0.15 8
530398 0.1525 8
672070 0.155 8
802392 0.1575 8
1.06708e+06 0.16 8
1.03257e+06 0.1625 8
872752 0.165 8
615700 0.1675 8
559598 0.17 8
588509 0.1725 8
737051 0.175 8
913788 0.1775 8
944329 0.18 8
902647 0.1825 8
842879 0.185 8
791920 0.1875 8
922541 0.19 8
1.21401e+06 0.1925 8
1.44901e+06 0.195 8
1.68709e+06 0.1975 8
1.76884e+06 0.2 8
1.63169e+06 0.2025 8
1.44475e+06 0.205 8
1.29432e+06 0.2075 8
1.16684e+06 0.21 8
1.02239e+06 0.2125 8
878143 0.215 8
711177 0.2175 8
569374 0.22 8
507572 0.2225 8
582181 0.225 8
788750 0.2275 8
1.11717e+06 0.23 8
1.45316e+06 0.2325 8
1.67691e+06 0.235 8
1.72182e+06 0.2375 8
1.67548e+06 0.24 8
1.56355e+06 0.2425 8
1.46416e+06 0.245 8
1.37987e+06 0.2475 8
1.28569e+06 0.25 8
1.23721e+06 0.2525 8
1.24977e+06 0.255 8
1.26503e+06 0.2575 8
1.19325e+06 0.26 8
1.2397e+06 0.2625 8
1.33448e+06 0.265 8
1.48495e+06 0.2675 8
1.47888e+06 0.27 8
1.45204e+06 0.2725 8
1.33063e+06 0.275 8
1.14384e+06 0.2775 8
944589 0.28 8
788396 0.2825 8
759868 0.285 8
819374 0.2875 8
917814 0.29 8
1.06528e+06 0.2925 8
1.11332e+06 0.295 8
981138 0.2975 8
0 0.01 9
0 0.0125 9
0 0.015 9
0 0.0175 9
0 0.02 9
0 0.0225 9
0 0.025 9
0 0.0275 9
0 0.03 9
0 0.0325 9
2201.75 0.035 9
20207.6 0.0375 9
20573.6 0.04 9
131845 0.0425 9
203330 0.045 9
297141 0.0475 9
682900 0.05 9
671948 0.0525 9
894924 0.055 9
862567 0.0575 9
665600 0.06 9
644674 0.0625 9
547543 0.065 9
376143 0.0675 9
193382 0.07 9
76746.5 0.0725 9
123760 0.075 9
355469 0.0775 9
648831 0.08 9
850437 0.0825 9
964766 0.085 9
993770 0.0875 9
819771 0.09 9
609871 0.0925 9
548735 0.095 9
396509 0.0975 9
506152 0.1 9
675667 0.1025 9
766876 0.105 9
833083 0.1075 9
1.03354e+06 0.11 9
1.3289e+06 0.1125 9
1.53892e+06 0.115 9
1.59903e+06 0.1175 9
1.43489e+06 0.12 9
1.06572e+06 0.1225 9
660902 0.125 9
379766 0.1275 9
310239 0.13 9
688707 0.1325 9
1.13642e+06 0.135 9
1.52181e+06 0.1375 9
1.63084e+06 0.14 9
1.47077e+06 0.1425 9
965610 0.145 9
440203 0.1475 9
132175 0.15 9
152902 0.1525 9
402996 0.155 9
817049 0.1575 9
1.1059e+06 0.16 9
1.28691e+06 0.1625 9
1.52901e+06 0.165 9
1.57238e+06 0.1675 9
1.7091e+06 0.17 9
1.94841e+06 0.1725 9
2.11002e+06 0.175 9
1.93456e+06 0.1775 9
1.54811e+06 0.18 9
979330 0.1825 9
604072 0.185 9
569065 0.1875 9
1.10009e+06 0.19 9
2.00628e+06 0.1925 9
2.94611e+06 0.195 9
3.54477e+06 0.1975 9
3.62168e+06 0.2 9
3.11401e+06 0.2025 9
2.28016e+06 0.205 9
1.49715e+06 0.2075 9
991769 0.21 9
961946 0.2125 9
1.36849e+06 0.215 9
2.05476e+06 0.2175 9
2.70657e+06 0.22 9
3.08839e+06 0.2225 9
3.11583e+06 0.225 9
2.67129e+06 0.2275 9
2.14052e+06 0.23 9
1.58745e+06 0.2325 9
1.12772e+06 0.235 9
862890 0.2375 9
710414 0.24 9
692527 0.2425 9
755024 0.245 9
770846 0.2475 9
767299 0.25 9
713616 0.2525 9
659561 0.255 9
686883 0.2575 9
784491 0.26 9
950758 0.2625 9
1.12339e+06 0.265 9
1.2469e+06 0.2675 9
1.27507e+06 0.27 9
1.21678e+06 0.2725 9
1.11303e+06 0.275 9
968482 0.2775 9
840286 0.28 9
763817 0.2825 9
647027 0.285 9
568347 0.2875 9
464735 0.29 9
304638 0.2925 9
143777 0.01 10
227819 0.0125 10
269873 0.015 10
246816 0.0175 10
181243 0.02 10
130337 0.0225 10
146240 0.025 10
239776 0.0275 10
378087 0.03 10
518599 0.0325 10
650146 0.035 10
804329 0.0375 10
1.02407e+06 0.04 10
1.31276e+06 0.0425 10
1.60608e+06 0.045 10
1.79327e+06 0.0475 10
1.77736e+06 0.05 10
1.53372e+06 0.0525 10
1.12769e+06 0.055 10
681996 0.0575 10
319441 0.06 10
118048 0.0625 10
99592.9 0.065 10
243846 0.0675 10
505662 0.07 10
820541 0.0725 10
1.10504e+06 0.075 10
1.26963e+06 0.0775 10
1.25119e+06 0.08 10
1.04976e+06 0.0825 10
740859 0.085 10
445785 0.0875 10
271547 0.09 10
255993 0.0925 10
353281 0.095 10
468278 0.0975 10
516283 0.1 10
470065 0.1025 10
368736 0.105 10
290306 0.1075 10
310426 0.11 10
470589 0.1125 10
768630 0.115 10
1.15427e+06 0.1175 10
1.5342e+06 0.12 10
1.79533e+06 0.1225 10
1.85683e+06 0.125 10
1.67778e+06 0.1275 10
1.2854e+06 0.13 10
829449 0.1325 10
495593 0.135 10
420984 0.1375 10
734017 0.14 10
1.09398e+06 0.1425 10
1.72744e+06 0.145 10
2.00425e+06 0.1475 10
2.11967e+06 0.15 10
2.14515e+06 0.1525 10
2.01232e+06 0.155 10
2.04651e+06 0.1575 10
2.04276e+06 0.16 10
2.23079e+06 0.1625 10
2.05328e+06 0.165 10
1.72432e+06 0.1675 10
1.58125e+06 0.17 10
1.70211e+06 0.1725 10
2.03732e+06 0.175 10
2.40495e+06 0.1775 10
2.91182e+06 0.18 10
3.21008e+06 0.1825 10
3.14022e+06 0.185 10
2.59159e+06 0.1875 10
1.8744e+06 0.19 10
1.20007e+06 0.1925 10
757657 0.195 10
692464 0.1975 10
1.01322e+06 0.2 10
1.67559e+06 0.2025 10
2.46568e+06 0.205 10
3.12282e+06 0.2075 10
3.62241e+06 0.21 10
3.68329e+06 0.2125 10
3.36174e+06 0.215 10
2.75681e+06 0.2175 10
2.05119e+06 0.22 10
1.43875e+06 0.2225 10
987791 0.225 10
691968 0.2275 10
674817 0.23 10
684681 0.2325 10
709829 0.235 10
704792 0.2375 10
635780 0.24 10
543172 0.2425 10
495642 0.245 10
545701 0.2475 10
591732 0.25 10
625629 0.2525 10
579490 0.255 10
505848 0.2575 10
426799 0.26 10
380797 0.2625 10
404072 0.265 10
485228 0.2675 10
543841 0.27 10
545567 0.2725 10
453710 0.275 10
381151 0.2775 10
296392 0.28 10
276577 0.2825 10
308462 0.285 10
390066 0.2875 10
0 0.01 11
0 0.0125 11
0 0.015 11
0 0.0175 11
0 0.02 11
0 0.0225 11
0 0.025 11
0 0.0275 11
0 0.03 11
0 0.0325 11
0 0.035 11
0 0.0375 11
0 0.04 11
0 0.0425 11
0 0.045 11
0 0.0475 11
0 0.05 11
0 0.0525 11
3099.29 0.055 11
17369.5 0.0575 11
5307.26 0.06 11
12578.9 0.0625 11
17349.1 0.065 11
24049.5 0.0675 11
98396.8 0.07 11
85147.1 0.0725 11
149334 0.075 11
167428 0.0775 11
349018 0.08 11
363969 0.0825 11
473899 0.085 11
567606 0.0875 11
663341 0.09 11
692241 0.0925 11
711559 0.095 11
846759 0.0975 11
820587 0.1 11
978496 0.1025 11
1.16235e+06 0.105 11
1.20993e+06 0.1075 11
1.18526e+06 0.11 11
984317 0.1125 11
668221 0.115 11
369092 0.1175 11
165900 0.12 11
62106 0.1225 11
141694 0.125 11
440468 0.1275 11
714564 0.13 11
979585 0.1325 11
1.28682e+06 0.135 11
1.4322e+06 0.1375 11
1.41272e+06 0.14 11
1.34881e+06 0.1425 11
1.29039e+06 0.145 11
1.40646e+06 0.1475 11
1.76063e+06 0.15 11
2.20737e+06 0.1525 11
2.70172e+06 0.155 11
3.19441e+06 0.1575 11
3.57335e+06 0.16 11
3.64465e+06 0.1625 11
3.40408e+06 0.165 11
2.92149e+06 0.1675 11
2.25826e+06 0.17 11
1.5438e+06 0.1725 11
999025 0.175 11
677798 0.1775 11
578593 0.18 11
655239 0.1825 11
777264 0.185 11
865468 0.1875 11
844067 0.19 11
729088 0.1925 11
584295 0.195 11
445452 0.1975 11
381083 0.2 11
398226 0.2025 11
455481 0.205 11
514806 0.2075 11
556604 0.21 11
537389 0.2125 11
434193 0.215 11
342027 0.2175 11
274922 0.22 11
213583 0.2225 11
307581 0.225 11
487519 0.2275 11
707856 0.23 11
842297 0.2325 11
913343 0.235 11
858514 0.2375 11
769132 0.24 11
658543 0.2425 11
639146 0.245 11
726362 0.2475 11
798703 0.25 11
852673 0.2525 11
780140 0.255 11
658132 0.2575 11
475986 0.26 11
353544 0.2625 11
267171 0.265 11
245728 0.2675 11
236738 0.27 11
235420 0.2725 11
253578 0.275 11
321349 0.2775 11
407189 0.28 11
535114 0.2825 11
7715.87 0.01 12
4726.09 0.0125 12
8583.86 0.015 12
5535.89 0.0175 12
35207.1 0.02 12
189156 0.0225 12
599917 0.025 12
1.37142e+06 0.0275 12
2.4788e+06 0.03 12
3.7027e+06 0.0325 12
4.66691e+06 0.035 12
4.99456e+06 0.0375 12
4.51414e+06 0.04 12
3.39144e+06 0.0425 12
2.08695e+06 0.045 12
1.13773e+06 0.0475 12
878546 0.05 12
1.2684e+06 0.0525 12
1.93154e+06 0.055 12
2.38961e+06 0.0575 12
2.33967e+06 0.06 12
1.80585e+06 0.0625 12
1.07988e+06 0.065 12
506619 0.0675 12
267943 0.07 12
306233 0.0725 12
420414 0.075 12
444550 0.0775 12
368945 0.08 12
318887 0.0825 12
420551 0.085 12
669772 0.0875 12
913833 0.09 12
965597 0.0925 12
763305 0.095 12
448803 0.0975 12
293412 0.1 12
513375 0.1025 12
1.10337e+06 0.105 12
1.81215e+06 0.1075 12
2.29256e+06 0.11 12
2.32205e+06 0.1125 12
1.94914e+06 0.115 12
1.49649e+06 0.1175 12
1.36434e+06 0.12 12
1.63733e+06 0.1225 12
2.25564e+06 0.125 12
2.79319e+06 0.1275 12
2.9296e+06 0.13 12
2.41094e+06 0.1325 12
1.49225e+06 0.135 12
614550 0.1375 12
215912 0.14 12
451066 0.1425 12
1.11498e+06 0.145 12
1.90875e+06 0.1475 12
2.28257e+06 0.15 12
2.15402e+06 0.1525 12
1.67869e+06 0.155 12
1.15743e+06 0.1575 12
832751 0.16 12
821067 0.1625 12
968342 0.165 12
1.29564e+06 0.1675 12
1.48332e+06 0.17 12
1.50981e+06 0.1725 12
1.30334e+06 0.175 12
1.0411e+06 0.1775 12
832213 0.18 12
711621 0.1825 12
600675 0.185 12
532369 0.1875 12
465437 0.19 12
521699 0.1925 12
769335 0.195 12
1.00199e+06 0.1975 12
1.28425e+06 0.2 12
1.59569e+06 0.2025 12
1.67551e+06 0.205 12
1.55357e+06 0.2075 12
1.42075e+06 0.21 12
1.11539e+06 0.2125 12
839369 0.215 12
664094 0.2175 12
525536 0.22 12
552931 0.2225 12
664058 0.225 12
771996 0.2275 12
917052 0.23 12
1.21773e+06 0.2325 12
1.39883e+06 0.235 12
1.48611e+06 0.2375 12
1.45965e+06 0.24 12
1.34334e+06 0.2425 12
1.13727e+06 0.245 12
872655 0.2475 12
709709 0.25 12
545848 0.2525 12
413906 0.255 12
335251 0.2575 12
237496 0.26 12
152179 0.2625 12
135235 0.265 12
165341 0.2675 12
208392 0.27 12
262898 0.2725 12
336397 0.275 12
0 0.01 13
0 0.0125 13
0 0.015 13
0 0.0175 13
0 0.02 13
0 0.0225 13
0 0.025 13
0 0.0275 13
2804 0.03 13
10792.8 0.0325 13
79141.7 0.035 13
147452 0.0375 13
222716 0.04 13
432425 0.0425 13
631383 0.045 13
653861 0.0475 13
587391 0.05 13
582002 0.0525 13
471593 0.055 13
295970 0.0575 13
250282 0.06 13
83323.1 0.0625 13
21647.7 0.065 13
75684.2 0.0675 13
193034 0.07 13
297580 0.0725 13
459314 0.075 13
585334 0.0775 13
707694 0.08 13
917986 0.0825 13
960257 0.085 13
992617 0.0875 13
950378 0.09 13
901249 0.0925 13
803506 0.095 13
821433 0.0975 13
820582 0.1 13
1.129e+06 0.1025 13
1.45551e+06 0.105 13
2.04682e+06 0.1075 13
2.73668e+06 0.11 13
2.78849e+06 0.1125 13
2.82323e+06 0.115 13
2.77311e+06 0.1175 13
2.34931e+06 0.12 13
1.95343e+06 0.1225 13
1.79232e+06 0.125 13
1.62599e+06 0.1275 13
1.627e+06 0.13 13
1.77084e+06 0.1325 13
1.96126e+06 0.135 13
2.13758e+06 0.1375 13
2.24308e+06 0.14 13
2.31342e+06 0.1425 13
2.36736e+06 0.145 13
2.27272e+06 0.1475 13
2.12696e+06 0.15 13
2.00639e+06 0.1525 13
1.96109e+06 0.155 13
2.02979e+06 0.1575 13
2.01913e+06 0.16 13
2.03812e+06 0.1625 13
1.98019e+06 0.165 13
1.86366e+06 0.1675 13
1.67752e+06 0.17 13
1.54691e+06 0.1725 13
1.36951e+06 0.175 13
1.29093e+06 0.1775 13
1.10849e+06 0.18 13
957740 0.1825 13
889926 0.185 13
799205 0.1875 13
764172 0.19 13
815384 0.1925 13
897146 0.195 13
1.02672e+06 0.1975 13
1.14621e+06 0.2 13
1.19679e+06 0.2025 13
1.17413e+06 0.205 13
1.15045e+06 0.2075 13
1.06338e+06 0.21 13
1.00826e+06 0.2125 13
912666 0.215 13
830662 0.2175 13
789185 0.22 13
851934 0.2225 13
992767 0.225 13
1.12165e+06 0.2275 13
1.16045e+06 0.23 13
1.09113e+06 0.2325 13
930858 0.235 13
734472 0.2375 13
610157 0.24 13
532075 0.2425 13
548143 0.245 13
618044 0.2475 13
612911 0.25 13
530367 0.2525 13
372212 0.255 13
231962 0.2575 13
182629 0.26 13
237648 0.2625 13
395872 0.265 13
548127 0.2675 13
0 0.02 14
0 0.0225 14
0 0.025 14
0 0.0275 14
1317.46 0.03 14
3752.84 0.0325 14
22645.8 0.035 14
92686.3 0.0375 14
239433 0.04 14
505227 0.0425 14
815109 0.045 14
1.18612e+06 0.0475 14
1.76533e+06 0.05 14
2.2175e+06 0.0525 14
2.89539e+06 0.055 14
3.36892e+06 0.0575 14
3.7051e+06 0.06 14
3.72255e+06 0.0625 14
3.74168e+06 0.065 14
3.49929e+06 0.0675 14
2.86991e+06 0.07 14
2.44854e+06 0.0725 14
2.00163e+06 0.075 14
1.55699e+06 0.0775 14
1.08302e+06 0.08 14
671621 0.0825 14
376582 0.085 14
230638 0.0875 14
267151 0.09 14
539175 0.0925 14
897934 0.095 14
1.2077e+06 0.0975 14
1.43438e+06 0.1 14
1.44157e+06 0.1025 14
1.28453e+06 0.105 14
1.00105e+06 0.1075 14
762083 0.11 14
694611 0.1125 14
772419 0.115 14
945662 0.1175 14
1.11985e+06 0.12 14
1.26117e+06 0.1225 14
1.24114e+06 0.125 14
1.04466e+06 0.1275 14
904576 0.13 14
788294 0.1325 14
577003 0.135 14
526478 0.1375 14
541894 0.14 14
822171 0.1425 14
1.12618e+06 0.145 14
1.36891e+06 0.1475 14
1.50417e+06 0.15 14
1.44253e+06 0.1525 14
1.19423e+06 0.155 14
799618 0.1575 14
459329 0.16 14
253593 0.1625 14
171337 0.165 14
196263 0.1675 14
251993 0.17 14
307642 0.1725 14
387704 0.175 14
419950 0.1775 14
509438 0.18 14
646532 0.1825 14
699181 0.185 14
721467 0.1875 14
591702 0.19 14
471110 0.1925 14
378807 0.195 14
441138 0.1975 14
606757 0.2 14
766395 0.2025 14
946890 0.205 14
1.09125e+06 0.2075 14
1.10992e+06 0.21 14
1.05192e+06 0.2125 14
940568 0.215 14
809392 0.2175 14
733168 0.22 14
627031 0.2225 14
563882 0.225 14
510896 0.2275 14
492761 0.23 14
520766 0.2325 14
515206 0.235 14
488933 0.2375 14
473737 0.24 14
387122 0.2425 14
323729 0.245 14
283925 0.2475 14
248033 0.25 14
232305 0.2525 14
214437 0.255 14
176159 0.2575 14
33884.4 0.0125 15
103785 0.015 15
330446 0.0175 15
987827 0.02 15
2.50054e+06 0.0225 15
5.34365e+06 0.025 15
9.75767e+06 0.0275 15
1.54079e+07 0.03 15
2.12054e+07 0.0325 15
2.55014e+07 0.035 15
2.66889e+07 0.0375 15
2.39824e+07 0.04 15
1.79583e+07 0.0425 15
1.04931e+07 0.045 15
4.03398e+06 0.0475 15
526162 0.05 15
549794 0.0525 15
3.1357e+06 0.055 15
6.35393e+06 0.0575 15
8.33501e+06 0.06 15
8.15347e+06 0.0625 15
6.116e+06 0.065 15
3.37067e+06 0.0675 15
1.14567e+06 0.07 15
96866.1 0.0725 15
109879 0.075 15
580109 0.0775 15
906033 0.08 15
851223 0.0825 15
579096 0.085 15
411464 0.0875 15
532522 0.09 15
854760 0.0925 15
1.11374e+06 0.095 15
1.08798e+06 0.0975 15
767079 0.1 15
351478 0.1025 15
100674 0.105 15
151504 0.1075 15
436984 0.11 15
747221 0.1125 15
888497 0.115 15
807550 0.1175 15
621253 0.12 15
508026 0.1225 15
580914 0.125 15
804701 0.1275 15
1.06821e+06 0.13 15
1.18261e+06 0.1325 15
1.05375e+06 0.135 15
773659 0.1375 15
427313 0.14 15
168592 0.1425 15
98617.7 0.145 15
172021 0.1475 15
319444 0.15 15
449755 0.1525 15
535143 0.155 15
553177 0.1575 15
560797 0.16 15
554060 0.1625 15
563508 0.165 15
556963 0.1675 15
502005 0.17 15
392878 0.1725 15
309879 0.175 15
212734 0.1775 15
158345 0.18 15
164192 0.1825 15
192722 0.185 15
280234 0.1875 15
406074 0.19 15
550475 0.1925 15
605731 0.195 15
687488 0.1975 15
771948 0.2 15
790575 0.2025 15
795942 0.205 15
694734 0.2075 15
533555 0.21 15
336747 0.2125 15
141051 0.215 15
44191.3 0.2175 15
22931.3 0.22 15
98926.9 0.2225 15
214066 0.225 15
317969 0.2275 15
351459 0.23 15
334970 0.2325 15
249685 0.235 15
188527 0.2375 15
134030 0.24 15
123418 0.2425 15
153106 0.245 15
166251 0.2475 15
0 0.0025 16
0 0.005 16
0 0.0075 16
0 0.01 16
0 0.0125 16
0 0.015 16
0 0.0175 16
0 0.02 16
0 0.0225 16
0 0.025 16
0 0.0275 16
0 0.03 16
0 0.0325 16
0 0.035 16
0 0.0375 16
0 0.04 16
0 0.0425 16
0 0.045 16
0 0.0475 16
0 0.05 16
0 0.0525 16
1629.66 0.055 16
6421.41 0.0575 16
14449.6 0.06 16
16037.1 0.0625 16
89325.5 0.065 16
235211 0.0675 16
412138 0.07 16
680895 0.0725 16
960079 0.075 16
950780 0.0775 16
1.10399e+06 0.08 16
1.06515e+06 0.0825 16
1.10904e+06 0.085 16
1.04632e+06 0.0875 16
1.20006e+06 0.09 16
1.22179e+06 0.0925 16
1.17353e+06 0.095 16
1.2454e+06 0.0975 16
1.46862e+06 0.1 16
1.91237e+06 0.1025 16
2.3543e+06 0.105 16
2.67101e+06 0.1075 16
2.64464e+06 0.11 16
2.4812e+06 0.1125 16
2.12787e+06 0.115 16
1.63952e+06 0.1175 16
1.10688e+06 0.12 16
953110 0.1225 16
1.33177e+06 0.125 16
1.94537e+06 0.1275 16
2.47339e+06 0.13 16
2.79795e+06 0.1325 16
3.10009e+06 0.135 16
3.25261e+06 0.1375 16
3.13256e+06 0.14 16
2.9307e+06 0.1425 16
2.70182e+06 0.145 16
2.40172e+06 0.1475 16
1.93363e+06 0.15 16
1.46665e+06 0.1525 16
983810 0.155 16
622568 0.1575 16
504938 0.16 16
661726 0.1625 16
1.01298e+06 0.165 16
1.43688e+06 0.1675 16
1.6353e+06 0.17 16
1.64202e+06 0.1725 16
1.39833e+06 0.175 16
1.10303e+06 0.1775 16
892307 0.18 16
779203 0.1825 16
805001 0.185 16
829246 0.1875 16
756957 0.19 16
549464 0.1925 16
300330 0.195 16
114385 0.1975 16
110560 0.2 16
284412 0.2025 16
576733 0.205 16
860716 0.2075 16
1.03716e+06 0.21 16
1.02755e+06 0.2125 16
899116 0.215 16
722419 0.2175 16
591523 0.22 16
525586 0.2225 16
537766 0.225 16
580657 0.2275 16
594527 0.23 16
550881 0.2325 16
487471 0.235 16
415828 0.2375 16
3645.3 0.0025 17
50902.6 0.005 17
204030 0.0075 17
457978 0.01 17
699336 0.0125 17
777880 0.015 17
651535 0.0175 17
488021 0.02 17
620468 0.0225 17
1.35681e+06 0.025 17
2.75797e+06 0.0275 17
4.53774e+06 0.03 17
6.16475e+06 0.0325 17
7.11357e+06 0.035 17
7.11394e+06 0.0375 17
6.25262e+06 0.04 17
4.88357e+06 0.0425 17
3.42379e+06 0.045 17
2.17004e+06 0.0475 17
1.23431e+06 0.05 17
600848 0.0525 17
228802 0.055 17
113490 0.0575 17
271778 0.06 17
684574 0.0625 17
1.25948e+06 0.065 17
1.8529e+06 0.0675 17
2.33875e+06 0.07 17
2.6731e+06 0.0725 17
2.90739e+06 0.075 17
3.14014e+06 0.0775 17
3.43936e+06 0.08 17
3.78577e+06 0.0825 17
4.07209e+06 0.085 17
4.15843e+06 0.0875 17
3.95176e+06 0.09 17
3.46532e+06 0.0925 17
2.82606e+06 0.095 17
2.22543e+06 0.0975 17
1.83779e+06 0.1 17
1.74598e+06 0.1025 17
1.90979e+06 0.105 17
2.19077e+06 0.1075 17
2.41871e+06 0.11 17
2.46481e+06 0.1125 17
2.2879e+06 0.115 17
1.9296e+06 0.1175 17
1.48976e+06 0.12 17
1.07457e+06 0.1225 17
763463 0.125 17
545272 0.1275 17
481019 0.13 17
460765 0.1325 17
538378 0.135 17
650108 0.1375 17
751050 0.14 17
832567 0.1425 17
918175 0.145 17
894616 0.1475 17
859083 0.15 17
803145 0.1525 17
655526 0.155 17
479160 0.1575 17
313729 0.16 17
220626 0.1625 17
232952 0.165 17
324137 0.1675 17
455208 0.17 17
558300 0.1725 17
514518 0.175 17
418322 0.1775 17
249372 0.18 17
130589 0.1825 17
141747 0.185 17
257920 0.1875 17
407620 0.19 17
517587 0.1925 17
520957 0.195 17
462848 0.1975 17
364357 0.2 17
324992 0.2025 17
324281 0.205 17
363585 0.2075 17
395460 0.21 17
440857 0.2125 17
402453 0.215 17
374456 0.2175 17
324368 0.22 17
269325 0.2225 17
269269 0.225 17
0 0.0025 18
0 0.005 18
0 0.0075 18
0 0.01 18
0 0.0125 18
0 0.015 18
0 0.0175 18
0 0.02 18
0 0.0225 18
0 0.025 18
0 0.0275 18
0 0.03 18
0 0.0325 18
2893.78 0.035 18
33076.7 0.0375 18
127237 0.04 18
322411 0.0425 18
901200 0.045 18
1.97722e+06 0.0475 18
3.27291e+06 0.05 18
4.64343e+06 0.0525 18
6.68031e+06 0.055 18
8.72465e+06 0.0575 18
9.94595e+06 0.06 18
1.06278e+07 0.0625 18
1.05166e+07 0.065 18
9.56001e+06 0.0675 18
8.2056e+06 0.07 18
6.26698e+06 0.0725 18
3.89265e+06 0.075 18
2.12013e+06 0.0775 18
983555 0.08 18
314678 0.0825 18
172783 0.085 18
415429 0.0875 18
786101 0.09 18
1.20501e+06 0.0925 18
1.65986e+06 0.095 18
1.98989e+06 0.0975 18
2.2501e+06 0.1 18
2.22504e+06 0.1025 18
1.8401e+06 0.105 18
1.41927e+06 0.1075 18
1.01287e+06 0.11 18
666679 0.1125 18
521999 0.115 18
516221 0.1175 18
634067 0.12 18
742953 0.1225 18
714806 0.125 18
688754 0.1275 18
566407 0.13 18
428144 0.1325 18
367668 0.135 18
492281 0.1375 18
710469 0.14 18
920364 0.1425 18
1.02793e+06 0.145 18
956742 0.1475 18
739211 0.15 18
449093 0.1525 18
180026 0.155 18
46248.3 0.1575 18
54083.5 0.16 18
156518 0.1625 18
282868 0.165 18
349643 0.1675 18
347710 0.17 18
301825 0.1725 18
277524 0.175 18
303712 0.1775 18
382338 0.18 18
497371 0.1825 18
562913 0.185 18
549312 0.1875 18
465636 0.19 18
363583 0.1925 18
278498 0.195 18
218975 0.1975 18
193793 0.2 18
199623 0.2025 18
203322 0.205 18
182065 0.2075 18
163054 0.21 18
166407 0.2125 18
0 0.0025 19
0 0.005 19
0 0.0075 19
0 0.01 19
0 0.0125 19
0 0.015 19
0 0.0175 19
0 0.02 19
0 0.0225 19
2296.73 0.025 19
16955.5 0.0275 19
17101.9 0.03 19
38630 0.0325 19
42037.7 0.035 19
80528.9 0.0375 19
91953.4 0.04 19
107428 0.0425 19
66317.7 0.045 19
56492.7 0.0475 19
62891.7 0.05 19
104240 0.0525 19
199602 0.055 19
263913 0.0575 19
274453 0.06 19
276244 0.0625 19
217142 0.065 19
118468 0.0675 19
29424.1 0.07 19
1530.51 0.0725 19
57062.9 0.075 19
158689 0.0775 19
269681 0.08 19
373120 0.0825 19
378676 0.085 19
346748 0.0875 19
317122 0.09 19
307761 0.0925 19
313556 0.095 19
342400 0.0975 19
312701 0.1 19
271269 0.1025 19
273035 0.105 19
366836 0.1075 19
500797 0.11 19
741786 0.1125 19
817424 0.115 19
945892 0.1175 19
818846 0.12 19
782428 0.1225 19
600547 0.125 19
581727 0.1275 19
580229 0.13 19
626308 0.1325 19
658493 0.135 19
643305 0.1375 19
691012 0.14 19
661441 0.1425 19
550733 0.145 19
503874 0.1475 19
455587 0.15 19
403384 0.1525 19
314709 0.155 19
267574 0.1575 19
273741 0.16 19
227400 0.1625 19
174295 0.165 19
137566 0.1675 19
142438 0.17 19
194697 0.1725 19
330898 0.175 19
572949 0.1775 19
783662 0.18 19
900830 0.1825 19
995626 0.185 19
1.08739e+06 0.1875 19
1.1012e+06 0.19 19
1.0428e+06 0.1925 19
924983 0.195 19
772197 0.1975 19
0 0.0025 20
0 0.005 20
0 0.0075 20
835.585 0.01 20
10191.1 0.0125 20
32579.2 0.015 20
55949.2 0.0175 20
135430 0.02 20
199825 0.0225 20
299307 0.025 20
372663 0.0275 20
476880 0.03 20
539389 0.0325 20
678741 0.035 20
839444 0.0375 20
962892 0.04 20
1.02288e+06 0.0425 20
977011 0.045 20
825110 0.0475 20
618039 0.05 20
431926 0.0525 20
322644 0.055 20
292955 0.0575 20
297904 0.06 20
285724 0.0625 20
242895 0.065 20
206594 0.0675 20
232264 0.07 20
340552 0.0725 20
487378 0.075 20
585816 0.0775 20
568369 0.08 20
443795 0.0825 20
302128 0.085 20
257963 0.0875 20
369108 0.09 20
589333 0.0925 20
792133 0.095 20
851898 0.0975 20
726692 0.1 20
484680 0.1025 20
257350 0.105 20
152573 0.1075 20
173906 0.11 20
257162 0.1125 20
297413 0.115 20
240607 0.1175 20
118188 0.12 20
37937.5 0.1225 20
94271.3 0.125 20
302528 0.1275 20
551683 0.13 20
737626 0.1325 20
760699 0.135 20
634291 0.1375 20
457728 0.14 20
355177 0.1425 20
366092 0.145 20
508085 0.1475 20
714896 0.15 20
878080 0.1525 20
914067 0.155 20
823945 0.1575 20
611123 0.16 20
420832 0.1625 20
283554 0.165 20
247982 0.1675 20
299626 0.17 20
363013 0.1725 20
427577 0.175 20
411209 0.1775 20
0 0.0025 21
0 0.005 21
0 0.0075 21
0 0.01 21
0 0.0125 21
0 0.015 21
0 0.0175 21
0 0.02 21
0 0.0225 21
0 0.025 21
0 0.0275 21
0 0.03 21
0 0.0325 21
0 0.035 21
0 0.0375 21
0 0.04 21
0 0.0425 21
0 0.045 21
0 0.0475 21
2716.63 0.05 21
10597.7 0.0525 21
16952.1 0.055 21
20315.3 0.0575 21
60020.7 0.06 21
86951.5 0.0625 21
138509 0.065 21
150831 0.0675 21
138963 0.07 21
181112 0.0725 21
152490 0.075 21
203616 0.0775 21
288442 0.08 21
390252 0.0825 21
464275 0.085 21
586546 0.0875 21
634084 0.09 21
784229 0.0925 21
889858 0.095 21
853552 0.0975 21
763455 0.1 21
620021 0.1025 21
432290 0.105 21
295907 0.1075 21
204945 0.11 21
130700 0.1125 21
157073 0.115 21
134368 0.1175 21
158625 0.12 21
163270 0.1225 21
167065 0.125 21
198866 0.1275 21
194439 0.13 21
190226 0.1325 21
203322 0.135 21
220232 0.1375 21
236325 0.14 21
238011 0.1425 21
205732 0.145 21
157695 0.1475 21
122380 0.15 21
146387 0.1525 21
185213 0.155 21
244642 0.1575 21
278788 0.16 21
99774.7 0.0025 22
329275 0.005 22
529878 0.0075 22
569031 0.01 22
434462 0.0125 22
239509 0.015 22
137924 0.0175 22
212542 0.02 22
418702 0.0225 22
620037 0.025 22
685940 0.0275 22
578072 0.03 22
366752 0.0325 22
172828 0.035 22
83445.2 0.0375 22
102806 0.04 22
166536 0.0425 22
199487 0.045 22
169229 0.0475 22
98449.8 0.05 22
35474 0.0525 22
12761.9 0.055 22
26481.2 0.0575 22
48107.6 0.06 22
52500 0.0625 22
37162.9 0.065 22
19172.7 0.0675 22
16583.9 0.07 22
32400.8 0.0725 22
53861.1 0.075 22
64947.3 0.0775 22
59466.1 0.08 22
43789.8 0.0825 22
28966.9 0.085 22
20980.7 0.0875 22
17910.5 0.09 22
15031.7 0.0925 22
11411.2 0.095 22
11041.9 0.0975 22
17698.5 0.1 22
29170.6 0.1025 22
37208.4 0.105 22
34024.3 0.1075 22
19818.6 0.11 22
4432.79 0.1125 22
1072.82 0.115 22
16744.7 0.1175 22
46878.2 0.12 22
79621.5 0.1225 22
98928.7 0.125 22
106242 0.1275 22
111123 0.13 22
98327.4 0.1325 22
96523.5 0.135 22
111784 0.1375 22
0 0.0025 23
0 0.005 23
0 0.0075 23
0 0.01 23
0 0.0125 23
0 0.015 23
0 0.0175 23
0 0.02 23
0 0.0225 23
0 0.025 23
0 0.0275 23
0 0.03 23
0 0.0325 23
0 0.035 23
0 0.0375 23
765.686 0.04 23
4410.21 0.0425 23
9901.08 0.045 23
11309.9 0.0475 23
12329.3 0.05 23
19187.5 0.0525 23
18901.7 0.055 23
45008.7 0.0575 23
60386.2 0.06 23
106414 0.0625 23
196956 0.065 23
191336 0.0675 23
239178 0.07 23
269769 0.0725 23
299803 0.075 23
274189 0.0775 23
190760 0.08 23
159253 0.0825 23
97571.5 0.085 23
63340.6 0.0875 23
56212.4 0.09 23
85592 0.0925 23
112573 0.095 23
178725 0.0975 23
198856 0.1 23
214262 0.1025 23
