669.754 0.0843 0
608.654 0.0853 0
537.185 0.0863 0
460.374 0.0873 0
382.835 0.0883 0
308.468 0.0893 0
240.271 0.0903 0
180.285 0.0913 0
129.619 0.0923 0
88.5671 0.0933 0
56.7688 0.0943 0
33.3863 0.0953 0
17.2862 0.0963 0
7.19812 0.0973 0
1.84434 0.0983 0
0.0333358 0.0993 0
0.718612 0.1003 0
3.02656 0.1013 0
6.25997 0.1023 0
9.88434 0.1033 0
13.5042 0.1043 0
16.8352 0.1053 0
19.6771 0.1063 0
21.8901 0.1073 0
23.3776 0.1083 0
24.0753 0.1093 0
23.9473 0.1103 0
22.988 0.1113 0
21.2288 0.1123 0
18.7477 0.1133 0
15.6789 0.1143 0
12.2201 0.1153 0
8.63483 0.1163 0
5.24677 0.1173 0
2.42456 0.1183 0
0.556711 0.1193 0
0.0172029 0.1203 0
1.1246 0.1213 0
4.09868 0.1223 0
9.02006 0.1233 0
15.9744 0.1243 0
24.3004 0.1253 0
33.6841 0.1263 0
43.7391 0.1273 0
53.4827 0.1283 0
63.4097 0.1293 0
71.0389 0.1303 0
76.803 0.1313 0
78.0641 0.1323 0
77.7496 0.1333 0
74.9798 0.1343 0
68.4703 0.1353 0
61.3925 0.1363 0
52.9238 0.1373 0
38.6698 0.1383 0
28.0787 0.1393 0
21.8356 0.1403 0
16.3713 0.1413 0
12.4886 0.1423 0
16.351 0.1433 0
29.5639 0.1443 0
38.4058 0.1453 0
50.4348 0.1463 0
67.1461 0.1473 0
79.8737 0.1483 0
83.8464 0.1493 0
93.598 0.1503 0
103.04 0.1513 0
108.364 0.1523 0
112.96 0.1533 0
109.122 0.1543 0
109.041 0.1553 0
107.742 0.1563 0
86.0892 0.1573 0
79.9463 0.1583 0
69.7478 0.1593 0
65.3602 0.1603 0
59.6756 0.1613 0
51.6582 0.1623 0
48.4395 0.1633 0
42.3555 0.1643 0
38.8747 0.1653 0
34.7859 0.1663 0
37.2027 0.1673 0
33.6721 0.1683 0
33.2898 0.1693 0
32.2472 0.1703 0
39.2132 0.1713 0
42.1063 0.1723 0
42.8473 0.1733 0
51.2776 0.1743 0
58.2501 0.1753 0
63.284 0.1763 0
68.9423 0.1773 0
73.9353 0.1783 0
77.8128 0.1793 0
81.3208 0.1803 0
85.0445 0.1813 0
86.1504 0.1823 0
87.9613 0.1833 0
83.9459 0.1843 0
77.9787 0.1853 0
63.52 0.1863 0
56.838 0.1873 0
51.8292 0.1883 0
41.9569 0.1893 0
41.4122 0.1903 0
43.49 0.1913 0
44.5014 0.1923 0
53.9816 0.1933 0
66.3608 0.1943 0
76.2576 0.1953 0
86.604 0.1963 0
101.195 0.1973 0
114.566 0.1983 0
134.433 0.1993 0
150.358 0.2003 0
165.592 0.2013 0
174.783 0.2023 0
174.172 0.2033 0
180.985 0.2043 0
176.432 0.2053 0
173.147 0.2063 0
161.938 0.2073 0
153.484 0.2083 0
137.138 0.2093 0
117.538 0.2103 0
100.958 0.2113 0
82.9849 0.2123 0
66.8106 0.2133 0
51.8773 0.2143 0
41.0754 0.2153 0
33.2735 0.2163 0
27.9132 0.2173 0
23.6865 0.2183 0
23.7385 0.2193 0
24.5603 0.2203 0
34.8703 0.2213 0
43.9062 0.2223 0
55.0928 0.2233 0
67.8565 0.2243 0
77.8805 0.2253 0
93.7137 0.2263 0
102.99 0.2273 0
108.277 0.2283 0
120.386 0.2293 0
123.862 0.2303 0
131.791 0.2313 0
123.469 0.2323 0
122.559 0.2333 0
119.966 0.2343 0
119.83 0.2353 0
114.552 0.2363 0
112.53 0.2373 0
109.294 0.2383 0
101.57 0.2393 0
97.2589 0.2403 0
89.6366 0.2413 0
85.7017 0.2423 0
80.0642 0.2433 0
68.8203 0.2443 0
62.1319 0.2453 0
57.5645 0.2463 0
49.4519 0.2473 0
40.5299 0.2483 0
35.086 0.2493 0
30.9108 0.2503 0
25.73 0.2513 0
23.5199 0.2523 0
20.2723 0.2533 0
17.5235 0.2543 0
16.433 0.2553 0
17.4837 0.2563 0
16.8118 0.2573 0
21.1033 0.2583 0
20.3121 0.2593 0
19.6292 0.2603 0
19.2254 0.2613 0
19.2346 0.2623 0
19.5304 0.2633 0
22.4723 0.2643 0
21.8292 0.2653 0
22.8665 0.2663 0
23.3364 0.2673 0
27.6351 0.2683 0
29.4348 0.2693 0
31.2472 0.2703 0
32.6659 0.2713 0
34.6185 0.2723 0
37.1904 0.2733 0
39.4216 0.2743 0
41.9143 0.2753 0
46.7227 0.2763 0
49.7631 0.2773 0
53.0462 0.2783 0
57.0869 0.2793 0
61.1516 0.2803 0
65.586 0.2813 0
75.4276 0.2823 0
78.3415 0.2833 0
84.4613 0.2843 0
92.9837 0.2853 0
105.064 0.2863 0
112.625 0.2873 0
120.368 0.2883 0
128.573 0.2893 0
136.232 0.2903 0
144.575 0.2913 0
150.732 0.2923 0
157.277 0.2933 0
161.451 0.2943 0
167.851 0.2953 0
169.481 0.2963 0
164.515 0.2973 0
162.617 0.2983 0
158.731 0.2993 0
154.558 0.3003 0
150.452 0.3013 0
137.522 0.3023 0
126.06 0.3033 0
113.291 0.3043 0
99.5837 0.3053 0
85.3574 0.3063 0
71.0659 0.3073 0
57.1751 0.3083 0
44.1393 0.3093 0
30.7309 0.3103 0
19.3487 0.3113 0
11.287 0.3123 0
5.91706 0.3133 0
2.89558 0.3143 0
1.93308 0.3153 0
2.86044 0.3163 0
5.68236 0.3173 0
10.1106 0.3183 0
15.8595 0.3193 0
22.451 0.3203 0
29.4746 0.3213 0
36.5262 0.3223 0
43.8913 0.3233 0
49.9255 0.3243 0
54.9855 0.3253 0
58.8756 0.3263 0
61.4772 0.3273 0
62.7488 0.3283 0
62.0671 0.3293 0
60.7202 0.3303 0
58.3076 0.3313 0
55.0119 0.3323 0
216.594 0.0833 1
196.428 0.0843 1
202.42 0.0853 1
229.373 0.0863 1
291.458 0.0873 1
401.484 0.0883 1
517.242 0.0893 1
631.889 0.0903 1
759.23 0.0913 1
939.92 0.0923 1
1078.45 0.0933 1
1231.41 0.0943 1
1343.77 0.0953 1
1455.35 0.0963 1
1547.89 0.0973 1
1622.41 0.0983 1
1679.68 0.0993 1
1743.57 0.1003 1
1736.05 0.1013 1
1718.67 0.1023 1
1666.38 0.1033 1
1564.28 0.1043 1
1459.93 0.1053 1
1355.01 0.1063 1
1266.09 0.1073 1
1129.79 0.1083 1
1034.33 0.1093 1
921.342 0.1103 1
810.284 0.1113 1
698.234 0.1123 1
602.303 0.1133 1
512.89 0.1143 1
436.822 0.1153 1
373.156 0.1163 1
301.192 0.1173 1
247.957 0.1183 1
199.691 0.1193 1
160.472 0.1203 1
126.392 0.1213 1
97.8677 0.1223 1
72.855 0.1233 1
56.9422 0.1243 1
43.1529 0.1253 1
35.9645 0.1263 1
28.4852 0.1273 1
22.9301 0.1283 1
21.4842 0.1293 1
20.3084 0.1303 1
22.2043 0.1313 1
28.1137 0.1323 1
36.3899 0.1333 1
40.7677 0.1343 1
50.2137 0.1353 1
60.1243 0.1363 1
69.249 0.1373 1
81.0546 0.1383 1
89.4497 0.1393 1
95.0608 0.1403 1
100.937 0.1413 1
104.594 0.1423 1
115.972 0.1433 1
113.712 0.1443 1
115.645 0.1453 1
113.839 0.1463 1
110.737 0.1473 1
104.232 0.1483 1
101.105 0.1493 1
92.4544 0.1503 1
82.3883 0.1513 1
69.4335 0.1523 1
59.6305 0.1533 1
49.7991 0.1543 1
38.1178 0.1553 1
28.7974 0.1563 1
19.0751 0.1573 1
12.9797 0.1583 1
9.51291 0.1593 1
8.90525 0.1603 1
9.57519 0.1613 1
14.1149 0.1623 1
20.6942 0.1633 1
24.3238 0.1643 1
31.0727 0.1653 1
41.8134 0.1663 1
48.8225 0.1673 1
56.9244 0.1683 1
60.914 0.1693 1
64.0794 0.1703 1
65.3428 0.1713 1
64.6439 0.1723 1
62.0685 0.1733 1
60.5048 0.1743 1
57.7958 0.1753 1
49.2642 0.1763 1
42.2693 0.1773 1
36.5241 0.1783 1
29.8227 0.1793 1
23.8261 0.1803 1
17.8637 0.1813 1
14.601 0.1823 1
12.5768 0.1833 1
12.9748 0.1843 1
13.3925 0.1853 1
14.9083 0.1863 1
17.2723 0.1873 1
18.573 0.1883 1
21.3263 0.1893 1
22.81 0.1903 1
26.1987 0.1913 1
27.7279 0.1923 1
30.6368 0.1933 1
31.7626 0.1943 1
32.8418 0.1953 1
35.7355 0.1963 1
37.0802 0.1973 1
37.3347 0.1983 1
38.1099 0.1993 1
40.1074 0.2003 1
42.4135 0.2013 1
44.6259 0.2023 1
47.6158 0.2033 1
52.4158 0.2043 1
55.1649 0.2053 1
58.1938 0.2063 1
60.5724 0.2073 1
62.9172 0.2083 1
63.3903 0.2093 1
63.7467 0.2103 1
62.7987 0.2113 1
63.0417 0.2123 1
60.33 0.2133 1
57.9126 0.2143 1
54.378 0.2153 1
52.1467 0.2163 1
50.0559 0.2173 1
48.4337 0.2183 1
47.1929 0.2193 1
42.8523 0.2203 1
39.7325 0.2213 1
37.5323 0.2223 1
35.2362 0.2233 1
34.8793 0.2243 1
32.7317 0.2253 1
28.5542 0.2263 1
25.7752 0.2273 1
21.7851 0.2283 1
18.6782 0.2293 1
16.7678 0.2303 1
15.7984 0.2313 1
15.294 0.2323 1
14.3962 0.2333 1
15.3918 0.2343 1
16.347 0.2353 1
16.9501 0.2363 1
21.2545 0.2373 1
23.6515 0.2383 1
28.3834 0.2393 1
34.4511 0.2403 1
39.8434 0.2413 1
45.6575 0.2423 1
48.4085 0.2433 1
52.6345 0.2443 1
56.032 0.2453 1
59.3395 0.2463 1
58.6769 0.2473 1
58.3811 0.2483 1
56.0412 0.2493 1
53.2329 0.2503 1
51.9091 0.2513 1
51.3728 0.2523 1
51.8977 0.2533 1
51.5945 0.2543 1
52.8009 0.2553 1
55.7942 0.2563 1
57.6658 0.2573 1
58.688 0.2583 1
60.7733 0.2593 1
61.9895 0.2603 1
63.7175 0.2613 1
62.9657 0.2623 1
62.9024 0.2633 1
62.3082 0.2643 1
61.8091 0.2653 1
60.1265 0.2663 1
57.7732 0.2673 1
54.1625 0.2683 1
52.2967 0.2693 1
50.0175 0.2703 1
50.1223 0.2713 1
50.4765 0.2723 1
52.2188 0.2733 1
54.7682 0.2743 1
58.0204 0.2753 1
62.1395 0.2763 1
66.7023 0.2773 1
71.7794 0.2783 1
75.2413 0.2793 1
78.8118 0.2803 1
81.6227 0.2813 1
82.9621 0.2823 1
82.57 0.2833 1
81.0863 0.2843 1
76.9009 0.2853 1
70.8428 0.2863 1
64.1331 0.2873 1
57.9916 0.2883 1
49.564 0.2893 1
41.7163 0.2903 1
35.2497 0.2913 1
28.6089 0.2923 1
23.8742 0.2933 1
18.9054 0.2943 1
16.2316 0.2953 1
16.0731 0.2963 1
16.9065 0.2973 1
18.8239 0.2983 1
21.674 0.2993 1
25.3927 0.3003 1
28.5819 0.3013 1
33.2385 0.3023 1
36.438 0.3033 1
39.3372 0.3043 1
41.6377 0.3053 1
42.2287 0.3063 1
42.1276 0.3073 1
40.6259 0.3083 1
38.4007 0.3093 1
35.1395 0.3103 1
34.0641 0.3113 1
31.7332 0.3123 1
29.5105 0.3133 1
27.15 0.3143 1
25.6235 0.3153 1
25.1934 0.3163 1
26.3513 0.3173 1
27.4068 0.3183 1
27.6666 0.3193 1
27.2718 0.3203 1
27.8781 0.3213 1
27.2257 0.3223 1
26.6219 0.3233 1
25.9195 0.3243 1
25.0775 0.3253 1
24.0046 0.3263 1
22.2472 0.3273 1
20.2968 0.3283 1
18.5174 0.3293 1
16.568 0.3303 1
13.9392 0.3313 1
12.9325 0.3323 1
86.9032 0.0833 2
112.581 0.0843 2
149.305 0.0853 2
194.498 0.0863 2
244.986 0.0873 2
297.418 0.0883 2
348.685 0.0893 2
396.309 0.0903 2
438.727 0.0913 2
475.468 0.0923 2
507.168 0.0933 2
535.452 0.0943 2
562.684 0.0953 2
591.618 0.0963 2
624.999 0.0973 2
665.159 0.0983 2
713.739 0.0993 2
771.102 0.1003 2
836.646 0.1013 2
908.576 0.1023 2
983.929 0.1033 2
1059.4 0.1043 2
1129.99 0.1053 2
1191.84 0.1063 2
1242.16 0.1073 2
1274.66 0.1083 2
1289.74 0.1093 2
1286.38 0.1103 2
1264.22 0.1113 2
1225.98 0.1123 2
1170.72 0.1133 2
1104.48 0.1143 2
1032.29 0.1153 2
957.492 0.1163 2
880.045 0.1173 2
808.709 0.1183 2
743.525 0.1193 2
690.507 0.1203 2
646.071 0.1213 2
611.096 0.1223 2
590.522 0.1233 2
582.584 0.1243 2
580.545 0.1253 2
579.799 0.1263 2
585.028 0.1273 2
590.149 0.1283 2
588.799 0.1293 2
591.766 0.1303 2
583.088 0.1313 2
578.043 0.1323 2
568.532 0.1333 2
567.134 0.1343 2
542.599 0.1353 2
510.859 0.1363 2
475.191 0.1373 2
446.46 0.1383 2
417.965 0.1393 2
382.201 0.1403 2
339.345 0.1413 2
296.674 0.1423 2
255.721 0.1433 2
218.326 0.1443 2
189.384 0.1453 2
164.6 0.1463 2
143.172 0.1473 2
115.934 0.1483 2
91.7292 0.1493 2
81.2256 0.1503 2
75.9857 0.1513 2
74.5296 0.1523 2
71.7864 0.1533 2
65.0974 0.1543 2
61.84 0.1553 2
60.1586 0.1563 2
59.7082 0.1573 2
58.1811 0.1583 2
59.1685 0.1593 2
57.0494 0.1603 2
55.3158 0.1613 2
55.4455 0.1623 2
58.5499 0.1633 2
58.882 0.1643 2
68.918 0.1653 2
74.0346 0.1663 2
76.636 0.1673 2
83.3158 0.1683 2
88.6221 0.1693 2
98.3693 0.1703 2
103.863 0.1713 2
113.639 0.1723 2
116.859 0.1733 2
119.132 0.1743 2
117.133 0.1753 2
111.337 0.1763 2
103.456 0.1773 2
92.948 0.1783 2
82.1033 0.1793 2
75.2559 0.1803 2
64.075 0.1813 2
52.4769 0.1823 2
42.4769 0.1833 2
34.6066 0.1843 2
31.3756 0.1853 2
35.5384 0.1863 2
40.9603 0.1873 2
53.3418 0.1883 2
64.15 0.1893 2
76.2863 0.1903 2
94.3611 0.1913 2
108.15 0.1923 2
121.709 0.1933 2
129.906 0.1943 2
144.291 0.1953 2
150.471 0.1963 2
152.816 0.1973 2
154.281 0.1983 2
151.333 0.1993 2
152.491 0.2003 2
143.363 0.2013 2
131.21 0.2023 2
118.138 0.2033 2
100.419 0.2043 2
83.2278 0.2053 2
76.8169 0.2063 2
68.0132 0.2073 2
62.5545 0.2083 2
53.7641 0.2093 2
51.382 0.2103 2
49.8235 0.2113 2
49.152 0.2123 2
52.1975 0.2133 2
52.2591 0.2143 2
52.6748 0.2153 2
55.2731 0.2163 2
57.4117 0.2173 2
57.813 0.2183 2
61.2695 0.2193 2
61.7914 0.2203 2
62.1425 0.2213 2
60.104 0.2223 2
64.5034 0.2233 2
62.9728 0.2243 2
61.9141 0.2253 2
55.589 0.2263 2
50.6871 0.2273 2
48.2716 0.2283 2
45.5205 0.2293 2
42.3953 0.2303 2
36.0993 0.2313 2
33.1718 0.2323 2
29.5078 0.2333 2
28.887 0.2343 2
26.5176 0.2353 2
25.8823 0.2363 2
25.277 0.2373 2
24.3492 0.2383 2
22.8316 0.2393 2
22.2118 0.2403 2
21.511 0.2413 2
21.0938 0.2423 2
21.0723 0.2433 2
20.9013 0.2443 2
22.3229 0.2453 2
24.825 0.2463 2
26.2474 0.2473 2
31.1342 0.2483 2
37.0317 0.2493 2
47.0946 0.2503 2
53.439 0.2513 2
61.63 0.2523 2
70.5017 0.2533 2
79.232 0.2543 2
87.8426 0.2553 2
95.1146 0.2563 2
101.821 0.2573 2
109.288 0.2583 2
112.849 0.2593 2
114.055 0.2603 2
114.88 0.2613 2
111.346 0.2623 2
106.515 0.2633 2
99.6744 0.2643 2
93.5914 0.2653 2
82.0837 0.2663 2
72.6203 0.2673 2
62.2666 0.2683 2
53.9517 0.2693 2
46.1729 0.2703 2
39.6807 0.2713 2
35.497 0.2723 2
33.8868 0.2733 2
32.5475 0.2743 2
33.7802 0.2753 2
37.4007 0.2763 2
40.4309 0.2773 2
44.1067 0.2783 2
48.5257 0.2793 2
50.8671 0.2803 2
53.5969 0.2813 2
55.2489 0.2823 2
56.3715 0.2833 2
55.3177 0.2843 2
53.4113 0.2853 2
50.4222 0.2863 2
47.2526 0.2873 2
44.769 0.2883 2
42.7694 0.2893 2
40.4186 0.2903 2
40.6446 0.2913 2
41.9788 0.2923 2
43.678 0.2933 2
45.5233 0.2943 2
47.2028 0.2953 2
50.1861 0.2963 2
54.5444 0.2973 2
58.8471 0.2983 2
62.0317 0.2993 2
64.6935 0.3003 2
64.9059 0.3013 2
67.1447 0.3023 2
65.1091 0.3033 2
65.0784 0.3043 2
64.5976 0.3053 2
64.7466 0.3063 2
65.7967 0.3073 2
66.3136 0.3083 2
65.712 0.3093 2
63.942 0.3103 2
63.7012 0.3113 2
63.512 0.3123 2
64.9315 0.3133 2
67.3577 0.3143 2
70.4639 0.3153 2
73.1789 0.3163 2
73.3722 0.3173 2
75.0387 0.3183 2
75.9956 0.3193 2
74.0613 0.3203 2
71.6952 0.3213 2
68.8401 0.3223 2
64.7431 0.3233 2
59.1281 0.3243 2
51.8752 0.3253 2
46.4366 0.3263 2
39.3404 0.3273 2
33.5826 0.3283 2
26.8659 0.3293 2
21.1628 0.3303 2
15.1079 0.3313 2
11.1869 0.3323 2
2062.13 0.0833 3
2211.83 0.0843 3
2309.74 0.0853 3
2350.3 0.0863 3
2332.19 0.0873 3
2258.34 0.0883 3
2135.5 0.0893 3
1973.51 0.0903 3
1784.43 0.0913 3
1581.36 0.0923 3
1377.4 0.0933 3
1184.66 0.0943 3
1013.31 0.0953 3
871.026 0.0963 3
761.266 0.0973 3
686.485 0.0983 3
644.452 0.0993 3
630.336 0.1003 3
641.576 0.1013 3
667.476 0.1023 3
701.494 0.1033 3
735.94 0.1043 3
760.773 0.1053 3
773.856 0.1063 3
773.085 0.1073 3
755.029 0.1083 3
731.235 0.1093 3
683.275 0.1103 3
623.274 0.1113 3
559.127 0.1123 3
491.512 0.1133 3
414.176 0.1143 3
341.679 0.1153 3
276.339 0.1163 3
219.526 0.1173 3
168.183 0.1183 3
131.031 0.1193 3
101.415 0.1203 3
89.5491 0.1213 3
86.073 0.1223 3
83.1859 0.1233 3
87.0244 0.1243 3
97.7027 0.1253 3
92.7951 0.1263 3
101.097 0.1273 3
106.285 0.1283 3
111.201 0.1293 3
111.302 0.1303 3
117.621 0.1313 3
119.327 0.1323 3
124.547 0.1333 3
131.286 0.1343 3
136.3 0.1353 3
141.403 0.1363 3
146.739 0.1373 3
152.014 0.1383 3
158.285 0.1393 3
164.033 0.1403 3
166.32 0.1413 3
164.066 0.1423 3
161.859 0.1433 3
157.44 0.1443 3
149.99 0.1453 3
144.472 0.1463 3
134.353 0.1473 3
123.779 0.1483 3
111.009 0.1493 3
94.298 0.1503 3
80.9305 0.1513 3
66.6882 0.1523 3
54.731 0.1533 3
44.4132 0.1543 3
38.4014 0.1553 3
28.1216 0.1563 3
23.7838 0.1573 3
16.8689 0.1583 3
11.1739 0.1593 3
8.28496 0.1603 3
7.85227 0.1613 3
7.29438 0.1623 3
9.2019 0.1633 3
11.9207 0.1643 3
16.2901 0.1653 3
20.8155 0.1663 3
26.3169 0.1673 3
31.32 0.1683 3
37.1421 0.1693 3
42.8526 0.1703 3
48.1437 0.1713 3
48.1316 0.1723 3
51.7119 0.1733 3
51.6042 0.1743 3
55.1082 0.1753 3
57.333 0.1763 3
58.1577 0.1773 3
55.8504 0.1783 3
56.5944 0.1793 3
54.1357 0.1803 3
50.149 0.1813 3
49.0114 0.1823 3
47.5649 0.1833 3
43.6694 0.1843 3
38.4351 0.1853 3
35.758 0.1863 3
33.8668 0.1873 3
31.4402 0.1883 3
27.2307 0.1893 3
22.2237 0.1903 3
20.2089 0.1913 3
19.7989 0.1923 3
19.2364 0.1933 3
21.7719 0.1943 3
22.7585 0.1953 3
29.577 0.1963 3
33.5639 0.1973 3
36.668 0.1983 3
42.8778 0.1993 3
51.3179 0.2003 3
62.6129 0.2013 3
76.3794 0.2023 3
87.0381 0.2033 3
97.7952 0.2043 3
114.121 0.2053 3
128.172 0.2063 3
136.652 0.2073 3
148.26 0.2083 3
157.132 0.2093 3
166.734 0.2103 3
174.315 0.2113 3
178.766 0.2123 3
177.125 0.2133 3
180.156 0.2143 3
178.545 0.2153 3
169.852 0.2163 3
161.049 0.2173 3
148.365 0.2183 3
137.669 0.2193 3
125.801 0.2203 3
113.191 0.2213 3
101.174 0.2223 3
86.2719 0.2233 3
77.4152 0.2243 3
72.0983 0.2253 3
69.2083 0.2263 3
63.8296 0.2273 3
61.8857 0.2283 3
61.6592 0.2293 3
63.0742 0.2303 3
63.2184 0.2313 3
64.6841 0.2323 3
65.7588 0.2333 3
66.5204 0.2343 3
67.04 0.2353 3
66.0962 0.2363 3
66.3038 0.2373 3
63.9767 0.2383 3
59.1096 0.2393 3
56.2799 0.2403 3
52.4926 0.2413 3
48.5379 0.2423 3
43.7342 0.2433 3
40.6541 0.2443 3
36.0912 0.2453 3
33.4279 0.2463 3
32.2197 0.2473 3
32.0897 0.2483 3
32.1267 0.2493 3
33.214 0.2503 3
34.4544 0.2513 3
36.3587 0.2523 3
37.737 0.2533 3
38.6065 0.2543 3
38.5701 0.2553 3
38.722 0.2563 3
38.3214 0.2573 3
35.4521 0.2583 3
32.1493 0.2593 3
29.9031 0.2603 3
27.6301 0.2613 3
25.5104 0.2623 3
24.4146 0.2633 3
23.5791 0.2643 3
25.0062 0.2653 3
24.8769 0.2663 3
27.5209 0.2673 3
32.7438 0.2683 3
38.312 0.2693 3
43.5277 0.2703 3
48.6112 0.2713 3
55.4424 0.2723 3
61.6609 0.2733 3
67.3928 0.2743 3
73.4841 0.2753 3
75.5356 0.2763 3
76.211 0.2773 3
77.4749 0.2783 3
75.7732 0.2793 3
73.3959 0.2803 3
70.0468 0.2813 3
64.5569 0.2823 3
59.7791 0.2833 3
54.9485 0.2843 3
49.6653 0.2853 3
44.9218 0.2863 3
44.4463 0.2873 3
43.4269 0.2883 3
43.2317 0.2893 3
43.5895 0.2903 3
44.2645 0.2913 3
45.5662 0.2923 3
45.8563 0.2933 3
46.6926 0.2943 3
48.5049 0.2953 3
50.0627 0.2963 3
52.0838 0.2973 3
51.8549 0.2983 3
52.9927 0.2993 3
55.3548 0.3003 3
56.9978 0.3013 3
56.7588 0.3023 3
60.7747 0.3033 3
62.2082 0.3043 3
65.7041 0.3053 3
68.2223 0.3063 3
70.152 0.3073 3
72.6744 0.3083 3
75.2365 0.3093 3
76.9367 0.3103 3
77.8763 0.3113 3
75.298 0.3123 3
76.7781 0.3133 3
73.7118 0.3143 3
70.7903 0.3153 3
64.9291 0.3163 3
58.0535 0.3173 3
53.9065 0.3183 3
49.5407 0.3193 3
43.9197 0.3203 3
40.6455 0.3213 3
37.7714 0.3223 3
35.6456 0.3233 3
34.6394 0.3243 3
34.0928 0.3253 3
34.0309 0.3263 3
34.0671 0.3273 3
34.2968 0.3283 3
34.9082 0.3293 3
35.2418 0.3303 3
85.8968 0.0833 4
96.1457 0.0843 4
94.757 0.0853 4
94.6064 0.0863 4
91.25 0.0873 4
89.0747 0.0883 4
92.9211 0.0893 4
83.8919 0.0903 4
75.1135 0.0913 4
71.8177 0.0923 4
70.9808 0.0933 4
77.6487 0.0943 4
90.9372 0.0953 4
108.369 0.0963 4
114.525 0.0973 4
141.664 0.0983 4
161.562 0.0993 4
186.964 0.1003 4
211.82 0.1013 4
250.226 0.1023 4
281.505 0.1033 4
301.36 0.1043 4
340.19 0.1053 4
369.061 0.1063 4
388.513 0.1073 4
396.471 0.1083 4
396.152 0.1093 4
391.752 0.1103 4
399.261 0.1113 4
389.771 0.1123 4
393.469 0.1133 4
393.076 0.1143 4
375.175 0.1153 4
355.297 0.1163 4
332.684 0.1173 4
312.753 0.1183 4
294.383 0.1193 4
273.502 0.1203 4
259.715 0.1213 4
246.113 0.1223 4
222.523 0.1233 4
207.241 0.1243 4
187.689 0.1253 4
185.327 0.1263 4
176.364 0.1273 4
166.315 0.1283 4
153.797 0.1293 4
152.564 0.1303 4
149.898 0.1313 4
133.749 0.1323 4
120.269 0.1333 4
112.028 0.1343 4
102.087 0.1353 4
89.8982 0.1363 4
74.5897 0.1373 4
60.5007 0.1383 4
48.3164 0.1393 4
40.5482 0.1403 4
35.7764 0.1413 4
31.9992 0.1423 4
31.9976 0.1433 4
33.5562 0.1443 4
36.3132 0.1453 4
42.4344 0.1463 4
53.9267 0.1473 4
63.1166 0.1483 4
75.3459 0.1493 4
91.1173 0.1503 4
112.712 0.1513 4
133.39 0.1523 4
146.221 0.1533 4
174.208 0.1543 4
203.863 0.1553 4
243.885 0.1563 4
266.837 0.1573 4
283.951 0.1583 4
309.747 0.1593 4
335.432 0.1603 4
352.488 0.1613 4
370.644 0.1623 4
391.055 0.1633 4
406.791 0.1643 4
412.825 0.1653 4
413.723 0.1663 4
410.39 0.1673 4
401.232 0.1683 4
387.19 0.1693 4
368.084 0.1703 4
344.622 0.1713 4
321.871 0.1723 4
298.961 0.1733 4
271.599 0.1743 4
249.575 0.1753 4
223.73 0.1763 4
202.471 0.1773 4
180.882 0.1783 4
163.425 0.1793 4
147.731 0.1803 4
133.666 0.1813 4
124.44 0.1823 4
115.677 0.1833 4
108.523 0.1843 4
103.001 0.1853 4
97.8757 0.1863 4
93.8451 0.1873 4
90.4268 0.1883 4
88.768 0.1893 4
86.2751 0.1903 4
82.8144 0.1913 4
81.0824 0.1923 4
79.2885 0.1933 4
77.7461 0.1943 4
76.2806 0.1953 4
74.2664 0.1963 4
71.8139 0.1973 4
69.2741 0.1983 4
66.4689 0.1993 4
63.3555 0.2003 4
59.2737 0.2013 4
53.4029 0.2023 4
49.8218 0.2033 4
47.2658 0.2043 4
44.2544 0.2053 4
39.5127 0.2063 4
38.0047 0.2073 4
35.9443 0.2083 4
34.8848 0.2093 4
33.9679 0.2103 4
34.4685 0.2113 4
37.0872 0.2123 4
38.4563 0.2133 4
42 0.2143 4
45.3783 0.2153 4
49.5667 0.2163 4
55.7337 0.2173 4
59.6888 0.2183 4
63.3493 0.2193 4
68.7803 0.2203 4
72.271 0.2213 4
75.6275 0.2223 4
78.8699 0.2233 4
85.4236 0.2243 4
88.087 0.2253 4
92.2515 0.2263 4
95.0615 0.2273 4
97.8067 0.2283 4
98.1089 0.2293 4
96.0097 0.2303 4
90.3864 0.2313 4
85.1628 0.2323 4
79.7726 0.2333 4
75.4423 0.2343 4
64.567 0.2353 4
52.7692 0.2363 4
41.6246 0.2373 4
30.867 0.2383 4
22.4472 0.2393 4
17.9932 0.2403 4
13.3008 0.2413 4
13.2526 0.2423 4
18.6979 0.2433 4
25.7746 0.2443 4
35.7582 0.2453 4
46.7271 0.2463 4
62.0584 0.2473 4
76.6084 0.2483 4
90.458 0.2493 4
101.599 0.2503 4
111.17 0.2513 4
118.906 0.2523 4
122.703 0.2533 4
120.807 0.2543 4
115.832 0.2553 4
109.112 0.2563 4
98.181 0.2573 4
87.3945 0.2583 4
76.5344 0.2593 4
66.2418 0.2603 4
54.5528 0.2613 4
46.7487 0.2623 4
41.6648 0.2633 4
38.5691 0.2643 4
39.1526 0.2653 4
40.507 0.2663 4
42.817 0.2673 4
47.1371 0.2683 4
54.5207 0.2693 4
59.5863 0.2703 4
63.9132 0.2713 4
66.045 0.2723 4
65.3008 0.2733 4
66.5977 0.2743 4
62.9631 0.2753 4
57.8696 0.2763 4
52.0928 0.2773 4
48.161 0.2783 4
41.2533 0.2793 4
34.3686 0.2803 4
28.1551 0.2813 4
25.1961 0.2823 4
24.0131 0.2833 4
24.8934 0.2843 4
25.914 0.2853 4
29.0814 0.2863 4
32.175 0.2873 4
35.7747 0.2883 4
38.9183 0.2893 4
41.7794 0.2903 4
43.138 0.2913 4
43.8903 0.2923 4
43.6497 0.2933 4
42.363 0.2943 4
40.5708 0.2953 4
37.6519 0.2963 4
34.462 0.2973 4
30.8389 0.2983 4
28.3403 0.2993 4
26.3604 0.3003 4
24.4928 0.3013 4
23.7045 0.3023 4
24.2302 0.3033 4
25.412 0.3043 4
26.9657 0.3053 4
28.9864 0.3063 4
31.9406 0.3073 4
34.3543 0.3083 4
36.6868 0.3093 4
38.805 0.3103 4
39.9363 0.3113 4
41.1859 0.3123 4
40.6682 0.3133 4
41.0215 0.3143 4
41.8237 0.3153 4
40.1162 0.3163 4
39.7645 0.3173 4
40.3777 0.3183 4
39.1911 0.3193 4
39.4427 0.3203 4
38.4282 0.3213 4
37.4575 0.3223 4
36.4816 0.3233 4
36.4654 0.3243 4
34.6316 0.3253 4
32.814 0.3263 4
30.5782 0.3273 4
28.3153 0.3283 4
25.6465 0.3293 4
13.8994 0.0833 5
20.9555 0.0843 5
34.9316 0.0853 5
55.777 0.0863 5
82.6227 0.0873 5
113.84 0.0883 5
147.19 0.0893 5
180.044 0.0903 5
209.655 0.0913 5
233.446 0.0923 5
249.284 0.0933 5
255.709 0.0943 5
252.09 0.0953 5
238.706 0.0963 5
216.717 0.0973 5
188.058 0.0983 5
155.249 0.0993 5
121.154 0.1003 5
88.7084 0.1013 5
60.6418 0.1023 5
39.2357 0.1033 5
26.126 0.1043 5
22.1763 0.1053 5
27.4289 0.1063 5
41.1356 0.1073 5
61.8598 0.1083 5
87.6375 0.1093 5
116.178 0.1103 5
145.078 0.1113 5
172.039 0.1123 5
195.051 0.1133 5
212.539 0.1143 5
223.462 0.1153 5
227.349 0.1163 5
224.288 0.1173 5
214.864 0.1183 5
200.143 0.1193 5
181.469 0.1203 5
160.601 0.1213 5
137.854 0.1223 5
115.149 0.1233 5
93.0085 0.1243 5
73.8868 0.1253 5
57.0113 0.1263 5
42.9143 0.1273 5
31.8972 0.1283 5
24.8601 0.1293 5
20.7079 0.1303 5
18.5756 0.1313 5
19.4145 0.1323 5
19.3794 0.1333 5
21.2539 0.1343 5
23.759 0.1353 5
27.5671 0.1363 5
30.7693 0.1373 5
36.8601 0.1383 5
41.4436 0.1393 5
43.614 0.1403 5
48.2229 0.1413 5
51.4485 0.1423 5
56.6695 0.1433 5
63.0219 0.1443 5
62.0931 0.1453 5
64.4183 0.1463 5
67.6571 0.1473 5
70.8407 0.1483 5
74.2961 0.1493 5
79.532 0.1503 5
80.3883 0.1513 5
81.3265 0.1523 5
84.887 0.1533 5
85.8064 0.1543 5
85.692 0.1553 5
90.7562 0.1563 5
89.4659 0.1573 5
85.9763 0.1583 5
87.0009 0.1593 5
80.1343 0.1603 5
74.5409 0.1613 5
76.7204 0.1623 5
67.6528 0.1633 5
71.5012 0.1643 5
69.3501 0.1653 5
71.1492 0.1663 5
75.8404 0.1673 5
82.5755 0.1683 5
84.651 0.1693 5
91.2937 0.1703 5
87.9746 0.1713 5
91.5938 0.1723 5
93.3776 0.1733 5
94.1797 0.1743 5
104.051 0.1753 5
105.936 0.1763 5
109.703 0.1773 5
109.588 0.1783 5
107.664 0.1793 5
93.4913 0.1803 5
91.4092 0.1813 5
82.2622 0.1823 5
77.976 0.1833 5
70.2316 0.1843 5
66.5666 0.1853 5
62.1005 0.1863 5
54.95 0.1873 5
51.184 0.1883 5
50.0587 0.1893 5
45.0637 0.1903 5
41.7708 0.1913 5
42.3019 0.1923 5
45.1272 0.1933 5
40.2542 0.1943 5
39.7995 0.1953 5
45.7168 0.1963 5
49.8588 0.1973 5
47.0237 0.1983 5
47.7609 0.1993 5
44.0171 0.2003 5
39.9463 0.2013 5
37.237 0.2023 5
37.9909 0.2033 5
35.6329 0.2043 5
36.8314 0.2053 5
38.497 0.2063 5
42.2925 0.2073 5
45.4636 0.2083 5
46.562 0.2093 5
50.5848 0.2103 5
54.9012 0.2113 5
58.5826 0.2123 5
63.8996 0.2133 5
65.117 0.2143 5
64.0896 0.2153 5
64.7947 0.2163 5
65.0583 0.2173 5
62.6984 0.2183 5
59.8294 0.2193 5
56.5554 0.2203 5
58.6188 0.2213 5
57.0995 0.2223 5
53.6879 0.2233 5
50.1382 0.2243 5
45.3045 0.2253 5
41.2794 0.2263 5
38.8599 0.2273 5
36.0656 0.2283 5
33.0037 0.2293 5
30.6788 0.2303 5
29.0648 0.2313 5
28.0515 0.2323 5
28.5675 0.2333 5
30.8249 0.2343 5
32.645 0.2353 5
34.7543 0.2363 5
39.3175 0.2373 5
43.9242 0.2383 5
53.7414 0.2393 5
64.1757 0.2403 5
72.4768 0.2413 5
83.6148 0.2423 5
96.3664 0.2433 5
110.234 0.2443 5
125.451 0.2453 5
141.522 0.2463 5
158.023 0.2473 5
171.342 0.2483 5
186.663 0.2493 5
195.498 0.2503 5
200.804 0.2513 5
204.424 0.2523 5
204.536 0.2533 5
197.637 0.2543 5
189.02 0.2553 5
174.934 0.2563 5
160.034 0.2573 5
143.205 0.2583 5
124.639 0.2593 5
107.174 0.2603 5
89.9278 0.2613 5
75.6754 0.2623 5
63.7346 0.2633 5
55.0405 0.2643 5
50.7194 0.2653 5
47.9085 0.2663 5
47.3745 0.2673 5
51.5734 0.2683 5
56.6906 0.2693 5
63.7797 0.2703 5
72.6041 0.2713 5
80.7978 0.2723 5
89.2361 0.2733 5
94.9713 0.2743 5
101.711 0.2753 5
106.189 0.2763 5
110.656 0.2773 5
109.695 0.2783 5
110.356 0.2793 5
109.824 0.2803 5
110.748 0.2813 5
107.888 0.2823 5
104.652 0.2833 5
101.166 0.2843 5
97.6851 0.2853 5
95.279 0.2863 5
90.3777 0.2873 5
85.2532 0.2883 5
80.4827 0.2893 5
74.91 0.2903 5
70.5518 0.2913 5
66.138 0.2923 5
61.8759 0.2933 5
57.9041 0.2943 5
54.5953 0.2953 5
51.9847 0.2963 5
50.4862 0.2973 5
48.3188 0.2983 5
48.3739 0.2993 5
49.7631 0.3003 5
52.7123 0.3013 5
55.8391 0.3023 5
61.2716 0.3033 5
66.3392 0.3043 5
70.0362 0.3053 5
74.3857 0.3063 5
75.6822 0.3073 5
76.7673 0.3083 5
80.1384 0.3093 5
81.6485 0.3103 5
80.5045 0.3113 5
79.5139 0.3123 5
75.649 0.3133 5
71.1851 0.3143 5
65.5947 0.3153 5
60.0879 0.3163 5
53.383 0.3173 5
46.6343 0.3183 5
40.1087 0.3193 5
34.0386 0.3203 5
28.6106 0.3213 5
23.9575 0.3223 5
19.273 0.3233 5
15.4926 0.3243 5
13.7458 0.3253 5
12.409 0.3263 5
20.5644 0.0833 6
19.4708 0.0843 6
19.6995 0.0853 6
24.8797 0.0863 6
27.4113 0.0873 6
31.9143 0.0883 6
29.4391 0.0893 6
31.0291 0.0903 6
34.8772 0.0913 6
40.7106 0.0923 6
53.5545 0.0933 6
67.9522 0.0943 6
82.6186 0.0953 6
96.0363 0.0963 6
111.053 0.0973 6
116.897 0.0983 6
129.832 0.0993 6
152.805 0.1003 6
165.786 0.1013 6
165.175 0.1023 6
163.276 0.1033 6
168.937 0.1043 6
165.15 0.1053 6
155.656 0.1063 6
139.192 0.1073 6
132.286 0.1083 6
117.096 0.1093 6
97.223 0.1103 6
74.7912 0.1113 6
60.7993 0.1123 6
44.5756 0.1133 6
36.0319 0.1143 6
31.5499 0.1153 6
27.6548 0.1163 6
28.0556 0.1173 6
32.9002 0.1183 6
42.9828 0.1193 6
55.8058 0.1203 6
75.0058 0.1213 6
93.4255 0.1223 6
111.863 0.1233 6
127.722 0.1243 6
154.686 0.1253 6
172.507 0.1263 6
173.301 0.1273 6
175.712 0.1283 6
182.159 0.1293 6
174.389 0.1303 6
163.332 0.1313 6
142.875 0.1323 6
124.981 0.1333 6
104.525 0.1343 6
84.3672 0.1353 6
64.4732 0.1363 6
49.1589 0.1373 6
36.1531 0.1383 6
27.051 0.1393 6
24.8221 0.1403 6
29.5905 0.1413 6
38.7586 0.1423 6
47.9244 0.1433 6
58.5684 0.1443 6
73.3485 0.1453 6
87.0127 0.1463 6
105.841 0.1473 6
119.343 0.1483 6
128.024 0.1493 6
135.65 0.1503 6
140.259 0.1513 6
143.073 0.1523 6
137.756 0.1533 6
131.767 0.1543 6
132.94 0.1553 6
129.307 0.1563 6
124.667 0.1573 6
123.116 0.1583 6
122.481 0.1593 6
120.769 0.1603 6
122.931 0.1613 6
125.003 0.1623 6
127.729 0.1633 6
128.888 0.1643 6
132.897 0.1653 6
131.376 0.1663 6
128.676 0.1673 6
121.475 0.1683 6
112.269 0.1693 6
100.599 0.1703 6
88.1466 0.1713 6
73.1519 0.1723 6
57.7954 0.1733 6
43.072 0.1743 6
29.3853 0.1753 6
18.9955 0.1763 6
12.0118 0.1773 6
9.1277 0.1783 6
10.2241 0.1793 6
15.0874 0.1803 6
24.1217 0.1813 6
39.0928 0.1823 6
55.3782 0.1833 6
76.0595 0.1843 6
96.0943 0.1853 6
116.37 0.1863 6
136.258 0.1873 6
154.227 0.1883 6
172.151 0.1893 6
185.443 0.1903 6
195.056 0.1913 6
203.175 0.1923 6
204.248 0.1933 6
208.279 0.1943 6
205.718 0.1953 6
200.459 0.1963 6
191.903 0.1973 6
183.299 0.1983 6
172.962 0.1993 6
160.883 0.2003 6
150.646 0.2013 6
138.563 0.2023 6
128.416 0.2033 6
120.998 0.2043 6
111.166 0.2053 6
101.095 0.2063 6
90.2788 0.2073 6
83.2765 0.2083 6
74.2577 0.2093 6
67.3636 0.2103 6
59.5904 0.2113 6
54.0485 0.2123 6
45.4202 0.2133 6
37.0457 0.2143 6
30.9478 0.2153 6
24.1831 0.2163 6
19.1172 0.2173 6
15.3522 0.2183 6
13.7233 0.2193 6
13.927 0.2203 6
19.0463 0.2213 6
24.8119 0.2223 6
33.1791 0.2233 6
45.2708 0.2243 6
59.1696 0.2253 6
74.8401 0.2263 6
94.5521 0.2273 6
114.43 0.2283 6
135.6 0.2293 6
156.802 0.2303 6
175.208 0.2313 6
188.407 0.2323 6
205.289 0.2333 6
215.383 0.2343 6
221.812 0.2353 6
223.534 0.2363 6
219.179 0.2373 6
211.084 0.2383 6
200.631 0.2393 6
185.247 0.2403 6
167.249 0.2413 6
150.297 0.2423 6
131.699 0.2433 6
114.048 0.2443 6
95.6028 0.2453 6
79.3178 0.2463 6
64.4615 0.2473 6
54.4891 0.2483 6
42.6078 0.2493 6
36.3603 0.2503 6
28.4584 0.2513 6
25.0286 0.2523 6
23.6029 0.2533 6
24.131 0.2543 6
25.0161 0.2553 6
25.7868 0.2563 6
27.5891 0.2573 6
27.0815 0.2583 6
28.2848 0.2593 6
29.9617 0.2603 6
31.4409 0.2613 6
35.7856 0.2623 6
38.628 0.2633 6
42.9065 0.2643 6
50.1286 0.2653 6
56.4771 0.2663 6
64.0485 0.2673 6
70.384 0.2683 6
77.1208 0.2693 6
86.2661 0.2703 6
94.1255 0.2713 6
103.021 0.2723 6
108.432 0.2733 6
115.259 0.2743 6
119.492 0.2753 6
122.918 0.2763 6
127.954 0.2773 6
127.194 0.2783 6
124.859 0.2793 6
119.847 0.2803 6
115.39 0.2813 6
108.731 0.2823 6
101.009 0.2833 6
91.9568 0.2843 6
84.1699 0.2853 6
76.9704 0.2863 6
69.6456 0.2873 6
62.7599 0.2883 6
58.2324 0.2893 6
54.9131 0.2903 6
52.6813 0.2913 6
51.1647 0.2923 6
50.0718 0.2933 6
51.1416 0.2943 6
54.6871 0.2953 6
57.6232 0.2963 6
61.7837 0.2973 6
66.2495 0.2983 6
70.6314 0.2993 6
74.8465 0.3003 6
78.4186 0.3013 6
83.965 0.3023 6
83.8276 0.3033 6
83.9454 0.3043 6
83.8337 0.3053 6
81.0861 0.3063 6
76.761 0.3073 6
70.5989 0.3083 6
65.5252 0.3093 6
58.9213 0.3103 6
52.3154 0.3113 6
43.6583 0.3123 6
36.4715 0.3133 6
29.5852 0.3143 6
23.6536 0.3153 6
18.7273 0.3163 6
14.2632 0.3173 6
11.3451 0.3183 6
9.06746 0.3193 6
8.13262 0.3203 6
8.21395 0.3213 6
9.64946 0.3223 6
11.5978 0.3233 6
14.2193 0.3243 6
56.8809 0.0833 7
52.442 0.0843 7
48.7649 0.0853 7
45.6961 0.0863 7
42.9807 0.0873 7
40.3206 0.0883 7
37.4385 0.0893 7
34.1399 0.0903 7
30.3624 0.0913 7
26.207 0.0923 7
21.9454 0.0933 7
18.0009 0.0943 7
14.906 0.0953 7
13.2385 0.0963 7
13.5469 0.0973 7
16.2715 0.0983 7
21.6726 0.0993 7
29.7761 0.1003 7
40.3422 0.1013 7
52.865 0.1023 7
66.6032 0.1033 7
80.7238 0.1043 7
94.118 0.1053 7
106.357 0.1063 7
115.527 0.1073 7
122.096 0.1083 7
124.814 0.1093 7
124.238 0.1103 7
120.039 0.1113 7
112.137 0.1123 7
104.025 0.1133 7
94.3839 0.1143 7
85.5816 0.1153 7
75.4387 0.1163 7
66.4522 0.1173 7
60.7994 0.1183 7
59.5098 0.1193 7
64.2458 0.1203 7
66.7462 0.1213 7
73.1269 0.1223 7
81.4943 0.1233 7
87.232 0.1243 7
93.9169 0.1253 7
102.835 0.1263 7
105.063 0.1273 7
107.251 0.1283 7
103.528 0.1293 7
95.5501 0.1303 7
84.711 0.1313 7
71.9019 0.1323 7
60.9016 0.1333 7
47.4235 0.1343 7
35.7699 0.1353 7
25.157 0.1363 7
17.2777 0.1373 7
11.4427 0.1383 7
11.664 0.1393 7
16.5889 0.1403 7
20.207 0.1413 7
27.7144 0.1423 7
36.6049 0.1433 7
45.8914 0.1443 7
51.3815 0.1453 7
56.7871 0.1463 7
61.8611 0.1473 7
65.1606 0.1483 7
67.6175 0.1493 7
66.753 0.1503 7
64.3115 0.1513 7
59.9086 0.1523 7
55.6323 0.1533 7
57.4059 0.1543 7
54.8604 0.1553 7
58.183 0.1563 7
51.899 0.1573 7
47.9473 0.1583 7
47.3459 0.1593 7
44.8749 0.1603 7
41.8982 0.1613 7
42.6705 0.1623 7
43.0309 0.1633 7
40.7572 0.1643 7
41.0345 0.1653 7
42.1442 0.1663 7
39.6543 0.1673 7
38.8039 0.1683 7
38.1396 0.1693 7
37.6725 0.1703 7
37.1086 0.1713 7
33.5184 0.1723 7
31.8639 0.1733 7
35.7629 0.1743 7
42.2386 0.1753 7
43.966 0.1763 7
52.3577 0.1773 7
57.7355 0.1783 7
66.7442 0.1793 7
78.2219 0.1803 7
88.4553 0.1813 7
93.3141 0.1823 7
107.646 0.1833 7
121.447 0.1843 7
133.475 0.1853 7
145.583 0.1863 7
156.243 0.1873 7
160.074 0.1883 7
168.766 0.1893 7
185.683 0.1903 7
198.355 0.1913 7
214.334 0.1923 7
224.884 0.1933 7
233.665 0.1943 7
237.612 0.1953 7
243.431 0.1963 7
249.968 0.1973 7
248.266 0.1983 7
237.852 0.1993 7
235.399 0.2003 7
235.259 0.2013 7
241.415 0.2023 7
231.127 0.2033 7
219.754 0.2043 7
205.727 0.2053 7
200.468 0.2063 7
191.2 0.2073 7
179.348 0.2083 7
169.047 0.2093 7
167.24 0.2103 7
155.426 0.2113 7
150.58 0.2123 7
139.357 0.2133 7
132.964 0.2143 7
129.18 0.2153 7
126.888 0.2163 7
120.615 0.2173 7
106.749 0.2183 7
104.057 0.2193 7
103.528 0.2203 7
99.7474 0.2213 7
98.125 0.2223 7
95.5469 0.2233 7
92.2719 0.2243 7
87.4428 0.2253 7
83.33 0.2263 7
80.9507 0.2273 7
71.9996 0.2283 7
64.4772 0.2293 7
62.3556 0.2303 7
56.4147 0.2313 7
49.1774 0.2323 7
44.1889 0.2333 7
39.8042 0.2343 7
35.1952 0.2353 7
30.324 0.2363 7
28.0393 0.2373 7
24.7567 0.2383 7
22.9933 0.2393 7
23.8646 0.2403 7
27.0395 0.2413 7
29.5749 0.2423 7
33.802 0.2433 7
39.5812 0.2443 7
45.5347 0.2453 7
54.469 0.2463 7
62.8535 0.2473 7
69.3014 0.2483 7
73.9606 0.2493 7
79.0855 0.2503 7
83.5661 0.2513 7
84.4039 0.2523 7
85.0126 0.2533 7
84.515 0.2543 7
82.3898 0.2553 7
79.4817 0.2563 7
76.8068 0.2573 7
74.7578 0.2583 7
71.5773 0.2593 7
70.1024 0.2603 7
69.0207 0.2613 7
67.3311 0.2623 7
67.9562 0.2633 7
70.0419 0.2643 7
74.1162 0.2653 7
79.0419 0.2663 7
84.3832 0.2673 7
87.7807 0.2683 7
93.5758 0.2693 7
98.2311 0.2703 7
102.643 0.2713 7
105.344 0.2723 7
105.202 0.2733 7
103.628 0.2743 7
101.389 0.2753 7
96.0131 0.2763 7
89.5076 0.2773 7
82.5388 0.2783 7
73.5312 0.2793 7
65.2893 0.2803 7
57.2946 0.2813 7
48.3563 0.2823 7
44.3095 0.2833 7
41.974 0.2843 7
41.666 0.2853 7
42.945 0.2863 7
46.693 0.2873 7
52.3448 0.2883 7
60.184 0.2893 7
68.3859 0.2903 7
76.589 0.2913 7
84.9584 0.2923 7
91.4783 0.2933 7
98.3771 0.2943 7
102.073 0.2953 7
103.221 0.2963 7
102.304 0.2973 7
99.4359 0.2983 7
94.6652 0.2993 7
87.8517 0.3003 7
81.0664 0.3013 7
74.5852 0.3023 7
67.5559 0.3033 7
60.3291 0.3043 7
54.3678 0.3053 7
50.7692 0.3063 7
47.1766 0.3073 7
45.6343 0.3083 7
45.3706 0.3093 7
48.0181 0.3103 7
51.8302 0.3113 7
55.8392 0.3123 7
58.4537 0.3133 7
62.7919 0.3143 7
67.8854 0.3153 7
72.0863 0.3163 7
74.6546 0.3173 7
75.3726 0.3183 7
75.9727 0.3193 7
74.2123 0.3203 7
8.57569 0.0833 8
9.42482 0.0843 8
10.0945 0.0853 8
10.4005 0.0863 8
9.31964 0.0873 8
8.66701 0.0883 8
7.3297 0.0893 8
6.66261 0.0903 8
6.21798 0.0913 8
5.52309 0.0923 8
4.72603 0.0933 8
6.137 0.0943 8
8.11655 0.0953 8
12.4622 0.0963 8
19.4287 0.0973 8
27.3255 0.0983 8
36.8049 0.0993 8
47.9755 0.1003 8
60.6107 0.1013 8
75.0015 0.1023 8
91.0906 0.1033 8
106.368 0.1043 8
120.45 0.1053 8
131.729 0.1063 8
141.586 0.1073 8
147.366 0.1083 8
151.889 0.1093 8
152.276 0.1103 8
150.818 0.1113 8
145.516 0.1123 8
137.477 0.1133 8
128.095 0.1143 8
117.393 0.1153 8
105.88 0.1163 8
92.3537 0.1173 8
82.5346 0.1183 8
69.7427 0.1193 8
60.6159 0.1203 8
50.8944 0.1213 8
41.8599 0.1223 8
30.0253 0.1233 8
23.8788 0.1243 8
14.5694 0.1253 8
13.9613 0.1263 8
14.0201 0.1273 8
14.983 0.1283 8
18.0923 0.1293 8
22.2821 0.1303 8
25.2305 0.1313 8
28.465 0.1323 8
35.7041 0.1333 8
42.8441 0.1343 8
45.49 0.1353 8
51.3628 0.1363 8
59.3634 0.1373 8
67.0113 0.1383 8
71.6228 0.1393 8
73.4685 0.1403 8
74.5351 0.1413 8
74.2703 0.1423 8
70.8307 0.1433 8
68.5431 0.1443 8
62.9714 0.1453 8
59.1666 0.1463 8
52.5093 0.1473 8
46.9368 0.1483 8
43.317 0.1493 8
45.8743 0.1503 8
42.5759 0.1513 8
43.9991 0.1523 8
44.6376 0.1533 8
48.4231 0.1543 8
56.6129 0.1553 8
61.5027 0.1563 8
64.382 0.1573 8
73.6586 0.1583 8
83.8375 0.1593 8
88.4748 0.1603 8
88.1639 0.1613 8
86.343 0.1623 8
82.621 0.1633 8
76.407 0.1643 8
71.1757 0.1653 8
59.5084 0.1663 8
52.4152 0.1673 8
47.1533 0.1683 8
45.8542 0.1693 8
45.4783 0.1703 8
44.8951 0.1713 8
45.6325 0.1723 8
48.4186 0.1733 8
51.0817 0.1743 8
55.2446 0.1753 8
60.986 0.1763 8
66.839 0.1773 8
70.2817 0.1783 8
71.2121 0.1793 8
70.3862 0.1803 8
70.0428 0.1813 8
69.0346 0.1823 8
67.7116 0.1833 8
65.8809 0.1843 8
65.0699 0.1853 8
64.434 0.1863 8
63.5555 0.1873 8
65.0019 0.1883 8
73.6061 0.1893 8
78.7846 0.1903 8
90.685 0.1913 8
99.273 0.1923 8
108.039 0.1933 8
116.625 0.1943 8
126.515 0.1953 8
134.523 0.1963 8
142.792 0.1973 8
142.085 0.1983 8
149.319 0.1993 8
150.563 0.2003 8
144.276 0.2013 8
140.585 0.2023 8
132.696 0.2033 8
130.456 0.2043 8
124.491 0.2053 8
120.322 0.2063 8
114.963 0.2073 8
113.37 0.2083 8
109.874 0.2093 8
102.976 0.2103 8
97.5324 0.2113 8
92.7152 0.2123 8
87.9224 0.2133 8
83.3608 0.2143 8
76.7626 0.2153 8
70.3741 0.2163 8
63.3277 0.2173 8
56.1521 0.2183 8
49.9266 0.2193 8
44.8841 0.2203 8
40.4956 0.2213 8
37.9139 0.2223 8
36.4299 0.2233 8
37.5152 0.2243 8
41.0678 0.2253 8
46.0817 0.2263 8
53.4081 0.2273 8
62.5184 0.2283 8
73.7594 0.2293 8
84.5215 0.2303 8
95.6292 0.2313 8
105.841 0.2323 8
116.596 0.2333 8
124.606 0.2343 8
130.848 0.2353 8
134.637 0.2363 8
135.082 0.2373 8
136.199 0.2383 8
134.801 0.2393 8
131.398 0.2403 8
128.251 0.2413 8
124.563 0.2423 8
121.711 0.2433 8
117.743 0.2443 8
116.165 0.2453 8
113.657 0.2463 8
111.907 0.2473 8
106.086 0.2483 8
103.65 0.2493 8
103.812 0.2503 8
101.438 0.2513 8
101.122 0.2523 8
100.118 0.2533 8
98.8046 0.2543 8
102.083 0.2553 8
102.891 0.2563 8
103.895 0.2573 8
103.599 0.2583 8
103.506 0.2593 8
98.1936 0.2603 8
97.9232 0.2613 8
101.518 0.2623 8
103.666 0.2633 8
107.877 0.2643 8
111.244 0.2653 8
118.859 0.2663 8
121.54 0.2673 8
123.115 0.2683 8
124.449 0.2693 8
123.599 0.2703 8
124.079 0.2713 8
122.582 0.2723 8
120.104 0.2733 8
115.531 0.2743 8
111.26 0.2753 8
104.968 0.2763 8
99.2404 0.2773 8
92.015 0.2783 8
83.9325 0.2793 8
79.6877 0.2803 8
72.8676 0.2813 8
67.6247 0.2823 8
65.515 0.2833 8
63.8879 0.2843 8
63.4422 0.2853 8
63.7643 0.2863 8
66.0131 0.2873 8
68.5817 0.2883 8
70.4095 0.2893 8
75.7088 0.2903 8
79.8237 0.2913 8
84.0449 0.2923 8
85.8786 0.2933 8
88.2736 0.2943 8
86.6249 0.2953 8
84.5254 0.2963 8
79.1278 0.2973 8
73.4105 0.2983 8
67.2396 0.2993 8
59.0758 0.3003 8
51.6595 0.3013 8
44.8467 0.3023 8
38.5151 0.3033 8
32.7598 0.3043 8
28.3089 0.3053 8
24.8089 0.3063 8
22.1511 0.3073 8
20.4043 0.3083 8
19.6906 0.3093 8
19.8511 0.3103 8
20.3018 0.3113 8
20.533 0.3123 8
20.5683 0.3133 8
20.4801 0.3143 8
20.2626 0.3153 8
19.5346 0.3163 8
71.8717 0.0833 9
73.2579 0.0843 9
76.8895 0.0853 9
77.7361 0.0863 9
78.4704 0.0873 9
70.6609 0.0883 9
66.7985 0.0893 9
60.5134 0.0903 9
53.2237 0.0913 9
45.518 0.0923 9
40.7626 0.0933 9
42.5701 0.0943 9
38.7142 0.0953 9
33.756 0.0963 9
30.3441 0.0973 9
29.8245 0.0983 9
31.6045 0.0993 9
46.781 0.1003 9
52.7876 0.1013 9
58.4178 0.1023 9
69.9996 0.1033 9
73.5737 0.1043 9
74.2242 0.1053 9
78.2693 0.1063 9
81.0663 0.1073 9
85.9872 0.1083 9
97.3169 0.1093 9
104.625 0.1103 9
115.812 0.1113 9
132.012 0.1123 9
141.885 0.1133 9
147.111 0.1143 9
154.229 0.1153 9
161.665 0.1163 9
158.996 0.1173 9
155.217 0.1183 9
149.95 0.1193 9
138.794 0.1203 9
126.055 0.1213 9
109.354 0.1223 9
95.442 0.1233 9
78.7604 0.1243 9
63.4125 0.1253 9
49.7283 0.1263 9
38.5468 0.1273 9
31.0081 0.1283 9
28.1937 0.1293 9
25.4342 0.1303 9
41.1541 0.1313 9
48.5483 0.1323 9
57.6861 0.1333 9
74.5236 0.1343 9
90.0305 0.1353 9
102.838 0.1363 9
113.562 0.1373 9
124.492 0.1383 9
128.099 0.1393 9
129.67 0.1403 9
127.242 0.1413 9
120.498 0.1423 9
108.832 0.1433 9
93.4409 0.1443 9
75.5953 0.1453 9
57.5508 0.1463 9
41.7758 0.1473 9
28.0072 0.1483 9
17.7754 0.1493 9
11.2038 0.1503 9
10.175 0.1513 9
12.1709 0.1523 9
17.819 0.1533 9
24.1972 0.1543 9
32.2579 0.1553 9
44.6388 0.1563 9
57.9903 0.1573 9
68.3142 0.1583 9
75.8522 0.1593 9
85.366 0.1603 9
95.0896 0.1613 9
97.3741 0.1623 9
103.402 0.1633 9
114.336 0.1643 9
117.916 0.1653 9
120.901 0.1663 9
127.06 0.1673 9
134.795 0.1683 9
139.849 0.1693 9
146.906 0.1703 9
154.649 0.1713 9
165.044 0.1723 9
173.472 0.1733 9
175.595 0.1743 9
181.996 0.1753 9
176.503 0.1763 9
168.382 0.1773 9
158.043 0.1783 9
144.372 0.1793 9
126.543 0.1803 9
108.127 0.1813 9
88.7631 0.1823 9
72.7637 0.1833 9
58.2266 0.1843 9
51.1776 0.1853 9
48.9578 0.1863 9
50.0889 0.1873 9
62.3707 0.1883 9
80.9367 0.1893 9
107.164 0.1903 9
137.217 0.1913 9
171.889 0.1923 9
208.841 0.1933 9
238.951 0.1943 9
268.75 0.1953 9
292.78 0.1963 9
311.147 0.1973 9
321.077 0.1983 9
325.128 0.1993 9
317.616 0.2003 9
304.179 0.2013 9
282.319 0.2023 9
253.744 0.2033 9
224.797 0.2043 9
193.832 0.2053 9
163.082 0.2063 9
136.849 0.2073 9
111.778 0.2083 9
92.3745 0.2093 9
79.2887 0.2103 9
72.5602 0.2113 9
72.0362 0.2123 9
76.7591 0.2133 9
91.5429 0.2143 9
107.958 0.2153 9
126.363 0.2163 9
148.323 0.2173 9
175.446 0.2183 9
195.345 0.2193 9
215.121 0.2203 9
230.509 0.2213 9
240.526 0.2223 9
248.278 0.2233 9
251.646 0.2243 9
245.61 0.2253 9
234.339 0.2263 9
217.201 0.2273 9
203.783 0.2283 9
185.218 0.2293 9
168.621 0.2303 9
150.411 0.2313 9
133.894 0.2323 9
119.042 0.2333 9
103.807 0.2343 9
90.6011 0.2353 9
79.7712 0.2363 9
73.8244 0.2373 9
66.7615 0.2383 9
61.9369 0.2393 9
58.5255 0.2403 9
57.4305 0.2413 9
56.837 0.2423 9
57.9917 0.2433 9
60.046 0.2443 9
60.9051 0.2453 9
61.0916 0.2463 9
61.002 0.2473 9
60.7094 0.2483 9
62.1431 0.2493 9
59.9097 0.2503 9
60.5355 0.2513 9
57.1598 0.2523 9
53.6919 0.2533 9
52.151 0.2543 9
51.9777 0.2553 9
53.1465 0.2563 9
55.4662 0.2573 9
60.6129 0.2583 9
63.7092 0.2593 9
69.4546 0.2603 9
76.3623 0.2613 9
80.5759 0.2623 9
86.7338 0.2633 9
91.9268 0.2643 9
99.3365 0.2653 9
102.48 0.2663 9
107.791 0.2673 9
108.696 0.2683 9
109.902 0.2693 9
109.237 0.2703 9
108.626 0.2713 9
103.939 0.2723 9
100.558 0.2733 9
94.5278 0.2743 9
91.4294 0.2753 9
85.7964 0.2763 9
79.8068 0.2773 9
74.6603 0.2783 9
70.9991 0.2793 9
67.5153 0.2803 9
64.5596 0.2813 9
62.2874 0.2823 9
57.7814 0.2833 9
54.2263 0.2843 9
50.7566 0.2853 9
47.3616 0.2863 9
45.7893 0.2873 9
42.8702 0.2883 9
40.3993 0.2893 9
35.6192 0.2903 9
30.4248 0.2913 9
25.2575 0.2923 9
20.0127 0.2933 9
17.7268 0.2943 9
15.0083 0.2953 9
12.4307 0.2963 9
10.5035 0.2973 9
8.98631 0.2983 9
9.69844 0.2993 9
10.3799 0.3003 9
12.4795 0.3013 9
15.0092 0.3023 9
18.0997 0.3033 9
21.3928 0.3043 9
24.7986 0.3053 9
27.8887 0.3063 9
31.6395 0.3073 9
34.6851 0.3083 9
36.8777 0.3093 9
38.7943 0.3103 9
39.6692 0.3113 9
40.6414 0.3123 9
80.1315 0.0833 10
68.8223 0.0843 10
57.4484 0.0853 10
46.724 0.0863 10
37.3012 0.0873 10
29.7136 0.0883 10
24.3306 0.0893 10
21.3271 0.0903 10
20.6723 0.0913 10
22.1378 0.0923 10
25.326 0.0933 10
29.7129 0.0943 10
34.7022 0.0953 10
39.6856 0.0963 10
44.0996 0.0973 10
47.4776 0.0983 10
49.4879 0.0993 10
49.9583 0.1003 10
48.8834 0.1013 10
46.4166 0.1023 10
42.8484 0.1033 10
38.5745 0.1043 10
34.0581 0.1053 10
29.7906 0.1063 10
26.2533 0.1073 10
23.8853 0.1083 10
23.0568 0.1093 10
24.0496 0.1103 10
27.0448 0.1113 10
32.1158 0.1123 10
39.2261 0.1133 10
48.3093 0.1143 10
59.2033 0.1153 10
71.7137 0.1163 10
84.6656 0.1173 10
98.4586 0.1183 10
111.023 0.1193 10
123.677 0.1203 10
134.708 0.1213 10
144.061 0.1223 10
149.002 0.1233 10
152.313 0.1243 10
152.282 0.1253 10
148.176 0.1263 10
142.566 0.1273 10
133.31 0.1283 10
119.41 0.1293 10
105.122 0.1303 10
90.0767 0.1313 10
74.6402 0.1323 10
60.4741 0.1333 10
48.0263 0.1343 10
41.6238 0.1353 10
34.1011 0.1363 10
31.7204 0.1373 10
41.3693 0.1383 10
48.9572 0.1393 10
58.5311 0.1403 10
71.7098 0.1413 10
79.4614 0.1423 10
97.8718 0.1433 10
123.027 0.1443 10
138.315 0.1453 10
145.405 0.1463 10
157.752 0.1473 10
166.911 0.1483 10
170.313 0.1493 10
171.423 0.1503 10
181.026 0.1513 10
177.576 0.1523 10
175.948 0.1533 10
180.427 0.1543 10
167.031 0.1553 10
162.715 0.1563 10
163.15 0.1573 10
170.809 0.1583 10
171.157 0.1593 10
167.076 0.1603 10
182.095 0.1613 10
182.787 0.1623 10
171.69 0.1633 10
164.708 0.1643 10
164.031 0.1653 10
154.282 0.1663 10
142.377 0.1673 10
127.644 0.1683 10
130.073 0.1693 10
132.063 0.1703 10
136.823 0.1713 10
142.891 0.1723 10
158.417 0.1733 10
168.603 0.1743 10
180.971 0.1753 10
195.785 0.1763 10
208.871 0.1773 10
227.087 0.1783 10
244.723 0.1793 10
256.335 0.1803 10
272.356 0.1813 10
276.507 0.1823 10
278.876 0.1833 10
275.053 0.1843 10
263.579 0.1853 10
249.404 0.1863 10
224.776 0.1873 10
198.732 0.1883 10
176.718 0.1893 10
149.264 0.1903 10
125.491 0.1913 10
103.067 0.1923 10
83.6523 0.1933 10
70.0044 0.1943 10
59.1438 0.1953 10
55.3976 0.1963 10
56.8493 0.1973 10
63.5658 0.1983 10
75.7518 0.1993 10
92.5657 0.2003 10
111.362 0.2013 10
138.28 0.2023 10
167.784 0.2033 10
191.99 0.2043 10
217.629 0.2053 10
240.342 0.2063 10
260.903 0.2073 10
282.19 0.2083 10
298.742 0.2093 10
305.323 0.2103 10
308.276 0.2113 10
310.92 0.2123 10
304.504 0.2133 10
292.616 0.2143 10
277.778 0.2153 10
258.252 0.2163 10
236.793 0.2173 10
212.707 0.2183 10
188.273 0.2193 10
165.066 0.2203 10
143.802 0.2213 10
123.956 0.2223 10
107.089 0.2233 10
94.9157 0.2243 10
76.441 0.2253 10
64.2766 0.2263 10
56.4073 0.2273 10
54.0131 0.2283 10
52.4427 0.2293 10
54.0491 0.2303 10
54.4692 0.2313 10
55.1605 0.2323 10
56.7187 0.2333 10
58.4869 0.2343 10
58.1757 0.2353 10
57.1688 0.2363 10
57.6583 0.2373 10
58.7666 0.2383 10
55.144 0.2393 10
52.2119 0.2403 10
49.4905 0.2413 10
47.8615 0.2423 10
45.5701 0.2433 10
44.9473 0.2443 10
44.6058 0.2453 10
47.3187 0.2463 10
49.0096 0.2473 10
50.8295 0.2483 10
52.8079 0.2493 10
52.723 0.2503 10
54.4633 0.2513 10
54.6127 0.2523 10
52.7803 0.2533 10
51.3866 0.2543 10
48.9003 0.2553 10
46.2684 0.2563 10
42.4321 0.2573 10
39.5235 0.2583 10
37.3283 0.2593 10
35.1159 0.2603 10
33.2421 0.2613 10
32.652 0.2623 10
32.4915 0.2633 10
33.9077 0.2643 10
37.6568 0.2653 10
40.0853 0.2663 10
43.389 0.2673 10
46.5338 0.2683 10
48.9289 0.2693 10
51.0494 0.2703 10
52.7249 0.2713 10
51.7332 0.2723 10
47.8951 0.2733 10
45.5287 0.2743 10
42.5007 0.2753 10
40.3676 0.2763 10
37.5988 0.2773 10
33.8613 0.2783 10
30.4552 0.2793 10
28.1745 0.2803 10
26.0893 0.2813 10
25.4242 0.2823 10
25.3135 0.2833 10
25.9108 0.2843 10
26.9369 0.2853 10
30.1127 0.2863 10
32.3605 0.2873 10
32.9548 0.2883 10
34.5652 0.2893 10
34.8744 0.2903 10
33.8187 0.2913 10
31.1849 0.2923 10
28.1078 0.2933 10
24.9743 0.2943 10
21.8871 0.2953 10
18.1847 0.2963 10
13.246 0.2973 10
10.3 0.2983 10
7.75117 0.2993 10
5.96917 0.3003 10
5.00628 0.3013 10
5.00024 0.3023 10
6.04289 0.3033 10
8.53686 0.3043 10
11.4106 0.3053 10
15.4833 0.3063 10
19.153 0.3073 10
31.5181 0.0833 11
35.6885 0.0843 11
36.6078 0.0853 11
38.5562 0.0863 11
46.3127 0.0873 11
49.5499 0.0883 11
52.0882 0.0893 11
54.428 0.0903 11
55.8998 0.0913 11
58.3019 0.0923 11
54.4222 0.0933 11
57.361 0.0943 11
58.8573 0.0953 11
64.4958 0.0963 11
63.7857 0.0973 11
65.3713 0.0983 11
70.714 0.0993 11
68.0997 0.1003 11
80.1163 0.1013 11
79.9089 0.1023 11
89.329 0.1033 11
91.5352 0.1043 11
99.4755 0.1053 11
94.764 0.1063 11
100.619 0.1073 11
96.8415 0.1083 11
97.4162 0.1093 11
92.1398 0.1103 11
88.9949 0.1113 11
80.6431 0.1123 11
78.1041 0.1133 11
66.344 0.1143 11
52.6932 0.1153 11
44.5321 0.1163 11
35.9597 0.1173 11
22.4841 0.1183 11
16.2651 0.1193 11
12.659 0.1203 11
6.88264 0.1213 11
5.12512 0.1223 11
5.40244 0.1233 11
7.41075 0.1243 11
12.5149 0.1253 11
21.0968 0.1263 11
33.0659 0.1273 11
46.5465 0.1283 11
55.1533 0.1293 11
65.626 0.1303 11
71.4075 0.1313 11
83.0389 0.1323 11
95.3344 0.1333 11
105.179 0.1343 11
109.584 0.1353 11
116.108 0.1363 11
119.764 0.1373 11
123.842 0.1383 11
122.454 0.1393 11
120.642 0.1403 11
115.657 0.1413 11
115.776 0.1423 11
113.533 0.1433 11
110.451 0.1443 11
110.891 0.1453 11
112.7 0.1463 11
116.608 0.1473 11
124.382 0.1483 11
134.529 0.1493 11
149.124 0.1503 11
166.114 0.1513 11
180.348 0.1523 11
194.818 0.1533 11
209.264 0.1543 11
226.459 0.1553 11
243.101 0.1563 11
258.692 0.1573 11
275.753 0.1583 11
287.08 0.1593 11
295.885 0.1603 11
300.555 0.1613 11
301.284 0.1623 11
294.723 0.1633 11
290.453 0.1643 11
278.981 0.1653 11
264.007 0.1663 11
248.303 0.1673 11
230.323 0.1683 11
208.178 0.1693 11
184.738 0.1703 11
160.654 0.1713 11
138.616 0.1723 11
118.988 0.1733 11
100.805 0.1743 11
86.0692 0.1753 11
74.3826 0.1763 11
65.4485 0.1773 11
62.4512 0.1783 11
56.2449 0.1793 11
55.357 0.1803 11
56.5228 0.1813 11
60.5543 0.1823 11
63.8443 0.1833 11
67.8783 0.1843 11
71.5813 0.1853 11
74.572 0.1863 11
76.3413 0.1873 11
76.8206 0.1883 11
74.9519 0.1893 11
72.6199 0.1903 11
69.1263 0.1913 11
62.6962 0.1923 11
58.9144 0.1933 11
53.7611 0.1943 11
47.4386 0.1953 11
42.9132 0.1963 11
39.1513 0.1973 11
35.8116 0.1983 11
34.0172 0.1993 11
33.815 0.2003 11
34.3902 0.2013 11
35.5889 0.2023 11
38.2793 0.2033 11
40.1417 0.2043 11
43.4497 0.2053 11
46.6062 0.2063 11
47.8101 0.2073 11
49.9205 0.2083 11
51.9517 0.2093 11
52.6683 0.2103 11
51.7434 0.2113 11
51.4461 0.2123 11
49.2172 0.2133 11
44.9305 0.2143 11
41.9101 0.2153 11
37.1924 0.2163 11
33.336 0.2173 11
29.6143 0.2183 11
26.2801 0.2193 11
23.2497 0.2203 11
20.6918 0.2213 11
17.1623 0.2223 11
18.5497 0.2233 11
20.4942 0.2243 11
23.7958 0.2253 11
28.0017 0.2263 11
34.8932 0.2273 11
42.2131 0.2283 11
50.2431 0.2293 11
55.827 0.2303 11
61.0806 0.2313 11
65.2995 0.2323 11
69.3038 0.2333 11
72.8981 0.2343 11
73.0443 0.2353 11
72.8938 0.2363 11
71.0096 0.2373 11
69.305 0.2383 11
67.0574 0.2393 11
62.593 0.2403 11
60.1812 0.2413 11
56.6951 0.2423 11
52.4407 0.2433 11
53.0669 0.2443 11
55.4552 0.2453 11
57.1857 0.2463 11
59.4506 0.2473 11
58.4999 0.2483 11
62.7382 0.2493 11
66.2004 0.2503 11
67.7318 0.2513 11
67.6783 0.2523 11
67.0796 0.2533 11
63.5704 0.2543 11
58.1385 0.2553 11
55.3176 0.2563 11
51.5724 0.2573 11
46.6358 0.2583 11
39.6203 0.2593 11
34.7461 0.2603 11
30.798 0.2613 11
27.1674 0.2623 11
24.4084 0.2633 11
21.3979 0.2643 11
20.3848 0.2653 11
18.9219 0.2663 11
19.3299 0.2673 11
18.3493 0.2683 11
18.4837 0.2693 11
18.391 0.2703 11
17.8945 0.2713 11
18.8559 0.2723 11
19.0289 0.2733 11
18.8571 0.2743 11
21.3757 0.2753 11
22.9121 0.2763 11
25.7225 0.2773 11
30.1557 0.2783 11
32.2083 0.2793 11
34.8053 0.2803 11
39.0046 0.2813 11
43.7139 0.2823 11
48.0592 0.2833 11
50.7678 0.2843 11
55.2032 0.2853 11
56.7664 0.2863 11
54.5607 0.2873 11
53.9504 0.2883 11
51.7443 0.2893 11
47.7882 0.2903 11
41.7428 0.2913 11
36.992 0.2923 11
32.9314 0.2933 11
27.738 0.2943 11
23.9014 0.2953 11
21.8032 0.2963 11
19.3816 0.2973 11
19.9037 0.2983 11
21.1059 0.2993 11
22.4379 0.3003 11
25.9325 0.3013 11
18.0644 0.0833 12
21.3453 0.0843 12
27.035 0.0853 12
34.7244 0.0863 12
43.6644 0.0873 12
52.8571 0.0883 12
61.1873 0.0893 12
67.5758 0.0903 12
71.1358 0.0913 12
71.3099 0.0923 12
67.9704 0.0933 12
61.4666 0.0943 12
52.6127 0.0953 12
42.6146 0.0963 12
32.9433 0.0973 12
25.1686 0.0983 12
20.7725 0.0993 12
20.9645 0.1003 12
26.5217 0.1013 12
37.6734 0.1023 12
54.0459 0.1033 12
74.6754 0.1043 12
98.0903 0.1053 12
122.454 0.1063 12
145.757 0.1073 12
166.026 0.1083 12
181.623 0.1093 12
191.348 0.1103 12
194.577 0.1113 12
190.893 0.1123 12
180.842 0.1133 12
166.781 0.1143 12
149.511 0.1153 12
131.478 0.1163 12
115.929 0.1173 12
104.63 0.1183 12
98.153 0.1193 12
98.2242 0.1203 12
103.484 0.1213 12
114.057 0.1223 12
131.103 0.1233 12
151.595 0.1243 12
173.392 0.1253 12
192.351 0.1263 12
209.966 0.1273 12
221.546 0.1283 12
226.797 0.1293 12
226.097 0.1303 12
213.039 0.1313 12
195.447 0.1323 12
169.392 0.1333 12
140.482 0.1343 12
110.126 0.1353 12
80.7685 0.1363 12
54.4105 0.1373 12
32.8666 0.1383 12
20.8837 0.1393 12
16.6048 0.1403 12
21.1355 0.1413 12
32.5701 0.1423 12
50.2312 0.1433 12
70.0071 0.1443 12
94.7934 0.1453 12
120.809 0.1463 12
143.485 0.1473 12
162.459 0.1483 12
173.868 0.1493 12
178.361 0.1503 12
177.896 0.1513 12
169.132 0.1523 12
152.336 0.1533 12
143.281 0.1543 12
125.22 0.1553 12
105.918 0.1563 12
91.9359 0.1573 12
83.037 0.1583 12
71.9375 0.1593 12
68.256 0.1603 12
65.143 0.1613 12
68.3148 0.1623 12
75.3798 0.1633 12
80.8396 0.1643 12
85.8358 0.1653 12
99.3456 0.1663 12
106.609 0.1673 12
114.438 0.1683 12
119.494 0.1693 12
126.645 0.1703 12
128.345 0.1713 12
128.647 0.1723 12
118.362 0.1733 12
111.217 0.1743 12
102.924 0.1753 12
94.5112 0.1763 12
87.9536 0.1773 12
82.4528 0.1783 12
75.3224 0.1793 12
70.3268 0.1803 12
67.0795 0.1813 12
64.2607 0.1823 12
58.8543 0.1833 12
55.6924 0.1843 12
54.7106 0.1853 12
51.3182 0.1863 12
50.066 0.1873 12
47.6097 0.1883 12
45.1905 0.1893 12
43.6367 0.1903 12
45.0198 0.1913 12
44.7698 0.1923 12
48.23 0.1933 12
54.8692 0.1943 12
63.86 0.1953 12
70.5011 0.1963 12
78.4279 0.1973 12
87.9468 0.1983 12
96.3968 0.1993 12
106.741 0.2003 12
119.439 0.2013 12
125.169 0.2023 12
133.783 0.2033 12
137.867 0.2043 12
135.951 0.2053 12
133.168 0.2063 12
128.923 0.2073 12
129.798 0.2083 12
124.516 0.2093 12
114.067 0.2103 12
109.851 0.2113 12
94.6518 0.2123 12
85.3971 0.2133 12
76.8311 0.2143 12
69.9742 0.2153 12
65.4309 0.2163 12
56.3901 0.2173 12
50.0894 0.2183 12
46.2382 0.2193 12
44.4103 0.2203 12
44.6218 0.2213 12
45.0578 0.2223 12
46.0038 0.2233 12
49.2699 0.2243 12
54.2345 0.2253 12
57.244 0.2263 12
62.8323 0.2273 12
70.585 0.2283 12
72.3992 0.2293 12
77.8282 0.2303 12
87.2925 0.2313 12
99.1003 0.2323 12
105.19 0.2333 12
110.719 0.2343 12
116.881 0.2353 12
117.928 0.2363 12
120.312 0.2373 12
120.681 0.2383 12
121.164 0.2393 12
118.956 0.2403 12
117.566 0.2413 12
109.395 0.2423 12
101.98 0.2433 12
96.0203 0.2443 12
88.2708 0.2453 12
80.8729 0.2463 12
69.5102 0.2473 12
67.6463 0.2483 12
61.6958 0.2493 12
56.6246 0.2503 12
52.0052 0.2513 12
46.2042 0.2523 12
43.5886 0.2533 12
38.3502 0.2543 12
33.7541 0.2553 12
30.6319 0.2563 12
28.1824 0.2573 12
24.1312 0.2583 12
22.0868 0.2593 12
20.2664 0.2603 12
16.2575 0.2613 12
14.3884 0.2623 12
13.0633 0.2633 12
12.7481 0.2643 12
13.2207 0.2653 12
13.9977 0.2663 12
15.2613 0.2673 12
16.6942 0.2683 12
18.2204 0.2693 12
20.1004 0.2703 12
22.2861 0.2713 12
24.0039 0.2723 12
26.7422 0.2733 12
29.7182 0.2743 12
30.9144 0.2753 12
32.0812 0.2763 12
33.2583 0.2773 12
34.093 0.2783 12
34.7723 0.2793 12
34.0545 0.2803 12
33.6082 0.2813 12
32.7617 0.2823 12
31.3877 0.2833 12
30.5482 0.2843 12
28.6902 0.2853 12
26.3739 0.2863 12
24.0049 0.2873 12
21.6411 0.2883 12
19.1463 0.2893 12
16.6016 0.2903 12
14.341 0.2913 12
11.8819 0.2923 12
10.0799 0.2933 12
8.78631 0.2943 12
8.0815 0.2953 12
70.267 0.0833 13
70.6559 0.0843 13
68.8124 0.0853 13
71.1559 0.0863 13
70.7945 0.0873 13
71.708 0.0883 13
73.137 0.0893 13
69.8779 0.0903 13
70.374 0.0913 13
68.385 0.0923 13
64.8391 0.0933 13
63.2136 0.0943 13
63.9058 0.0953 13
67.0601 0.0963 13
69.4273 0.0973 13
71.2107 0.0983 13
72.4261 0.0993 13
78.0286 0.1003 13
84.4912 0.1013 13
105.014 0.1023 13
113.273 0.1033 13
132.269 0.1043 13
144.775 0.1053 13
166.47 0.1063 13
184.359 0.1073 13
198.5 0.1083 13
219.673 0.1093 13
248.717 0.1103 13
238.306 0.1113 13
250.476 0.1123 13
247.05 0.1133 13
238.871 0.1143 13
250.663 0.1153 13
253.396 0.1163 13
239.912 0.1173 13
235.262 0.1183 13
209.997 0.1193 13
195.533 0.1203 13
175.914 0.1213 13
164.295 0.1223 13
152.251 0.1233 13
149.97 0.1243 13
138.279 0.1253 13
132.441 0.1263 13
133.388 0.1273 13
131.254 0.1283 13
131.508 0.1293 13
133.282 0.1303 13
140.933 0.1313 13
145.329 0.1323 13
153.42 0.1333 13
159.368 0.1343 13
167.936 0.1353 13
176.635 0.1363 13
182.375 0.1373 13
186.701 0.1383 13
192.113 0.1393 13
196.25 0.1403 13
198.58 0.1413 13
202.721 0.1423 13
205.735 0.1433 13
205.643 0.1443 13
208.195 0.1453 13
206.631 0.1463 13
200.826 0.1473 13
195.19 0.1483 13
189.265 0.1493 13
177.468 0.1503 13
179.635 0.1513 13
176.968 0.1523 13
174.133 0.1533 13
171.038 0.1543 13
170.06 0.1553 13
172.43 0.1563 13
172.37 0.1573 13
177.678 0.1583 13
176.177 0.1593 13
171.863 0.1603 13
173.119 0.1613 13
172.611 0.1623 13
167.388 0.1633 13
167.578 0.1643 13
164.706 0.1653 13
160.051 0.1663 13
155.698 0.1673 13
148.853 0.1683 13
141.447 0.1693 13
137.427 0.1703 13
135.483 0.1713 13
128.844 0.1723 13
121.846 0.1733 13
116.289 0.1743 13
112.58 0.1753 13
109.901 0.1763 13
108.929 0.1773 13
102.222 0.1783 13
98.0311 0.1793 13
92.9904 0.1803 13
86.9944 0.1813 13
82.879 0.1823 13
77.9381 0.1833 13
73.7669 0.1843 13
72.656 0.1853 13
69.828 0.1863 13
65.5034 0.1873 13
62.4726 0.1883 13
62.1899 0.1893 13
60.7898 0.1903 13
61.5485 0.1913 13
62.1005 0.1923 13
65.8961 0.1933 13
67.9815 0.1943 13
68.0349 0.1953 13
71.1032 0.1963 13
75.2034 0.1973 13
79.4309 0.1983 13
83.2941 0.1993 13
85.0672 0.2003 13
84.5139 0.2013 13
88.6873 0.2023 13
89.0881 0.2033 13
89.8599 0.2043 13
86.7732 0.2053 13
86.6696 0.2063 13
86.8596 0.2073 13
84.5126 0.2083 13
82.0917 0.2093 13
78.9167 0.2103 13
77.2988 0.2113 13
75.7375 0.2123 13
70.7693 0.2133 13
68.0338 0.2143 13
66.1412 0.2153 13
62.4678 0.2163 13
59.4058 0.2173 13
57.291 0.2183 13
56.2146 0.2193 13
55.2595 0.2203 13
56.56 0.2213 13
57.9208 0.2223 13
61.0077 0.2233 13
66.237 0.2243 13
70.626 0.2253 13
75.205 0.2263 13
79.2579 0.2273 13
82.2145 0.2283 13
83.2728 0.2293 13
84.2327 0.2303 13
81.912 0.2313 13
80.2062 0.2323 13
77.1307 0.2333 13
72.1947 0.2343 13
65.6892 0.2353 13
59.9477 0.2363 13
54.2988 0.2373 13
49.6182 0.2383 13
45.9436 0.2393 13
43.5372 0.2403 13
41.9794 0.2413 13
40.1386 0.2423 13
39.3707 0.2433 13
40.4761 0.2443 13
41.7033 0.2453 13
45.0647 0.2463 13
47.6291 0.2473 13
48.4702 0.2483 13
47.8323 0.2493 13
47.779 0.2503 13
45.4901 0.2513 13
42.2533 0.2523 13
39.4418 0.2533 13
33.5756 0.2543 13
29.268 0.2553 13
23.2201 0.2563 13
19.317 0.2573 13
17.1902 0.2583 13
16.7722 0.2593 13
16.3449 0.2603 13
16.6994 0.2613 13
20.1547 0.2623 13
24.9952 0.2633 13
30.2452 0.2643 13
35.9377 0.2653 13
41.3242 0.2663 13
45.908 0.2673 13
49.3952 0.2683 13
52.321 0.2693 13
53.0978 0.2703 13
51.8774 0.2713 13
49.9895 0.2723 13
46.9005 0.2733 13
42.316 0.2743 13
36.2237 0.2753 13
29.4703 0.2763 13
23.6955 0.2773 13
18.7977 0.2783 13
15.7408 0.2793 13
13.2134 0.2803 13
11.5783 0.2813 13
10.6497 0.2823 13
10.4825 0.2833 13
11.9161 0.2843 13
13.6471 0.2853 13
15.2262 0.2863 13
17.6405 0.2873 13
18.6536 0.2883 13
42.7488 0.0833 14
30.1946 0.0843 14
23.4558 0.0853 14
17.8085 0.0863 14
13.767 0.0873 14
12.4793 0.0883 14
12.8871 0.0893 14
16.3851 0.0903 14
24.1249 0.0913 14
33.2034 0.0923 14
44.4444 0.0933 14
55.2472 0.0943 14
65.2988 0.0953 14
74.0076 0.0963 14
83.3105 0.0973 14
91.9615 0.0983 14
96.6274 0.0993 14
101.255 0.1003 14
101.815 0.1013 14
101.323 0.1023 14
96.4067 0.1033 14
89.9791 0.1043 14
85.2946 0.1053 14
78.3245 0.1063 14
66.8684 0.1073 14
58.1181 0.1083 14
51.6076 0.1093 14
47.2769 0.1103 14
45.9405 0.1113 14
45.6912 0.1123 14
48.0496 0.1133 14
51.6197 0.1143 14
55.7352 0.1153 14
62.3307 0.1163 14
70.046 0.1173 14
74.6803 0.1183 14
81.8614 0.1193 14
89.2011 0.1203 14
94.2338 0.1213 14
99.9502 0.1223 14
100.416 0.1233 14
104.008 0.1243 14
97.2505 0.1253 14
95.2393 0.1263 14
87.5312 0.1273 14
82.3383 0.1283 14
76.1129 0.1293 14
72.5073 0.1303 14
68.4511 0.1313 14
66.1331 0.1323 14
59.3989 0.1333 14
52.8827 0.1343 14
46.2985 0.1353 14
44.5264 0.1363 14
42.5135 0.1373 14
43.5732 0.1383 14
39.8978 0.1393 14
43.3661 0.1403 14
47.2401 0.1413 14
60.1303 0.1423 14
69.0543 0.1433 14
75.5553 0.1443 14
85.9587 0.1453 14
93.7175 0.1463 14
99.229 0.1473 14
107.197 0.1483 14
109.261 0.1493 14
109.586 0.1503 14
111.132 0.1513 14
106.62 0.1523 14
100.895 0.1533 14
94.9534 0.1543 14
83.2659 0.1553 14
72.0108 0.1563 14
59.045 0.1573 14
49.6933 0.1583 14
40.0912 0.1593 14
31.2238 0.1603 14
25.1456 0.1613 14
20.6472 0.1623 14
17.9154 0.1633 14
16.4631 0.1643 14
14.9931 0.1653 14
16.608 0.1663 14
17.5225 0.1673 14
19.212 0.1683 14
20.9855 0.1693 14
22.6112 0.1703 14
24.1133 0.1713 14
25.1951 0.1723 14
26.6672 0.1733 14
29.3361 0.1743 14
30.4234 0.1753 14
29.4579 0.1763 14
32.763 0.1773 14
35.6164 0.1783 14
38.5022 0.1793 14
43.3043 0.1803 14
47.1272 0.1813 14
52.7611 0.1823 14
55.9753 0.1833 14
58.7065 0.1843 14
62.3076 0.1853 14
64.1865 0.1863 14
65.5764 0.1873 14
59.5571 0.1883 14
55.9791 0.1893 14
53.4355 0.1903 14
48.0923 0.1913 14
45.0996 0.1923 14
39.9449 0.1933 14
35.3786 0.1943 14
34.3761 0.1953 14
35.2579 0.1963 14
36.7659 0.1973 14
39.8905 0.1983 14
44.4602 0.1993 14
50.6728 0.2003 14
55.1529 0.2013 14
58.4499 0.2023 14
65.5355 0.2033 14
71.0552 0.2043 14
75.2569 0.2053 14
81.4211 0.2063 14
84.1562 0.2073 14
85.7801 0.2083 14
86.1021 0.2093 14
85.3459 0.2103 14
85.7355 0.2113 14
81.777 0.2123 14
78.5799 0.2133 14
73.9231 0.2143 14
69.9287 0.2153 14
66.169 0.2163 14
61.8839 0.2173 14
57.842 0.2183 14
54.4054 0.2193 14
53.564 0.2203 14
50.1272 0.2213 14
46.8101 0.2223 14
44.2925 0.2233 14
43.3204 0.2243 14
41.1421 0.2253 14
38.6864 0.2263 14
37.815 0.2273 14
37.8424 0.2283 14
37.0646 0.2293 14
35.7401 0.2303 14
37.9178 0.2313 14
39.2386 0.2323 14
39.6167 0.2333 14
39.4018 0.2343 14
38.8197 0.2353 14
38.9071 0.2363 14
37.9413 0.2373 14
39.0141 0.2383 14
37.5812 0.2393 14
36.7466 0.2403 14
33.0229 0.2413 14
30.6296 0.2423 14
29.4885 0.2433 14
27.8606 0.2443 14
25.8019 0.2453 14
24.9029 0.2463 14
23.9991 0.2473 14
23.9813 0.2483 14
23.2818 0.2493 14
20.9017 0.2503 14
20.7597 0.2513 14
20.8305 0.2523 14
20.015 0.2533 14
19.5087 0.2543 14
18.7051 0.2553 14
17.7105 0.2563 14
16.2909 0.2573 14
15.1291 0.2583 14
13.946 0.2593 14
13.2502 0.2603 14
12.5044 0.2613 14
11.7766 0.2623 14
10.7807 0.2633 14
11.563 0.2643 14
12.197 0.2653 14
13.2409 0.2663 14
14.2342 0.2673 14
15.4269 0.2683 14
18.0173 0.2693 14
20.0832 0.2703 14
22.7894 0.2713 14
25.8956 0.2723 14
28.3808 0.2733 14
31.3577 0.2743 14
31.699 0.2753 14
36.6267 0.2763 14
39.0004 0.2773 14
42.3229 0.2783 14
44.1134 0.2793 14
46.155 0.2803 14
47.8669 0.2813 14
59.5154 0.0833 15
48.7762 0.0843 15
38.3626 0.0853 15
30.0458 0.0863 15
25.1808 0.0873 15
24.5395 0.0883 15
28.2349 0.0893 15
35.7374 0.0903 15
45.9766 0.0913 15
57.5087 0.0923 15
68.7251 0.0933 15
78.0724 0.0943 15
84.2564 0.0953 15
86.4034 0.0963 15
84.1618 0.0973 15
77.7344 0.0983 15
67.8384 0.0993 15
55.604 0.1003 15
42.4247 0.1013 15
29.7812 0.1023 15
19.0602 0.1033 15
11.3916 0.1043 15
7.52262 0.1053 15
7.74225 0.1063 15
11.8632 0.1073 15
19.2613 0.1083 15
29.0272 0.1093 15
39.8627 0.1103 15
50.5057 0.1113 15
59.8523 0.1123 15
66.8265 0.1133 15
70.9622 0.1143 15
71.9169 0.1153 15
69.9389 0.1163 15
64.7728 0.1173 15
58.3119 0.1183 15
51.0592 0.1193 15
44.0922 0.1203 15
38.2068 0.1213 15
34.8904 0.1223 15
33.7586 0.1233 15
36.1526 0.1243 15
41.2339 0.1253 15
46.961 0.1263 15
54.8204 0.1273 15
63.833 0.1283 15
73.1807 0.1293 15
80.8661 0.1303 15
86.4888 0.1313 15
90.0138 0.1323 15
89.0845 0.1333 15
85.4227 0.1343 15
79.8544 0.1353 15
72.8121 0.1363 15
63.256 0.1373 15
51.3581 0.1383 15
41.1317 0.1393 15
31.6453 0.1403 15
22.9519 0.1413 15
15.886 0.1423 15
10.6692 0.1433 15
8.27891 0.1443 15
8.54973 0.1453 15
9.1912 0.1463 15
12.3956 0.1473 15
15.9128 0.1483 15
20.1831 0.1493 15
23.7403 0.1503 15
27.1234 0.1513 15
30.8944 0.1523 15
33.5423 0.1533 15
36.3506 0.1543 15
37.4488 0.1553 15
38.2484 0.1563 15
39.021 0.1573 15
38.3638 0.1583 15
38.8456 0.1593 15
40.3915 0.1603 15
40.3721 0.1613 15
40.7201 0.1623 15
42.5414 0.1633 15
43.419 0.1643 15
43.4467 0.1653 15
43.5214 0.1663 15
43.4703 0.1673 15
44.6579 0.1683 15
43.1132 0.1693 15
39.1741 0.1703 15
37.226 0.1713 15
34.3416 0.1723 15
31.6032 0.1733 15
27.9195 0.1743 15
23.8261 0.1753 15
20.6357 0.1763 15
17.61 0.1773 15
16.0113 0.1783 15
13.9347 0.1793 15
11.0565 0.1803 15
10.1688 0.1813 15
10.3337 0.1823 15
11.2067 0.1833 15
12.9168 0.1843 15
14.7278 0.1853 15
17.0945 0.1863 15
20.1463 0.1873 15
24.6126 0.1883 15
28.6388 0.1893 15
34.6807 0.1903 15
38.8325 0.1913 15
43.7924 0.1923 15
46.1523 0.1933 15
46.7985 0.1943 15
50.5068 0.1953 15
54.5 0.1963 15
56.7382 0.1973 15
59.2286 0.1983 15
61.3387 0.1993 15
65.9857 0.2003 15
67.2866 0.2013 15
67.5919 0.2023 15
66.5793 0.2033 15
67.2479 0.2043 15
65.9622 0.2053 15
61.2911 0.2063 15
58.1612 0.2073 15
53.6331 0.2083 15
47.7955 0.2093 15
40.6679 0.2103 15
34.3582 0.2113 15
28.3059 0.2123 15
22.369 0.2133 15
15.1049 0.2143 15
9.93968 0.2153 15
6.30229 0.2163 15
3.553 0.2173 15
1.84875 0.2183 15
1.54412 0.2193 15
2.65278 0.2203 15
5.09029 0.2213 15
8.44135 0.2223 15
12.3627 0.2233 15
16.6297 0.2243 15
20.6957 0.2253 15
24.3785 0.2263 15
27.5005 0.2273 15
29.8689 0.2283 15
30.836 0.2293 15
31.0208 0.2303 15
30.751 0.2313 15
29.5717 0.2323 15
26.0314 0.2333 15
23.9618 0.2343 15
20.8034 0.2353 15
18.5433 0.2363 15
16.1354 0.2373 15
13.7813 0.2383 15
11.3111 0.2393 15
10.3182 0.2403 15
10.1986 0.2413 15
9.83353 0.2423 15
10.977 0.2433 15
12.0161 0.2443 15
11.8978 0.2453 15
12.5891 0.2463 15
13.5086 0.2473 15
12.8757 0.2483 15
11.7799 0.2493 15
11.1546 0.2503 15
10.247 0.2513 15
8.88161 0.2523 15
7.6502 0.2533 15
6.66828 0.2543 15
5.7567 0.2553 15
5.41072 0.2563 15
4.98561 0.2573 15
4.63467 0.2583 15
5.69752 0.2593 15
5.99412 0.2603 15
7.75715 0.2613 15
8.85386 0.2623 15
10.0846 0.2633 15
11.608 0.2643 15
13.1529 0.2653 15
14.167 0.2663 15
14.5959 0.2673 15
14.8143 0.2683 15
14.7616 0.2693 15
14.6488 0.2703 15
14.0422 0.2713 15
13.5521 0.2723 15
86.8338 0.0833 16
88.3642 0.0843 16
91.8286 0.0853 16
86.5494 0.0863 16
86.9576 0.0873 16
88.7709 0.0883 16
91.0099 0.0893 16
99.5576 0.0903 16
101.009 0.0913 16
100.287 0.0923 16
99.3515 0.0933 16
102.505 0.0943 16
97.1778 0.0953 16
96.6901 0.0963 16
101.672 0.0973 16
106.427 0.0983 16
108.505 0.0993 16
123.662 0.1003 16
134.445 0.1013 16
154.707 0.1023 16
165.025 0.1033 16
185.378 0.1043 16
190.589 0.1053 16
210.09 0.1063 16
216.358 0.1073 16
219.9 0.1083 16
221.109 0.1093 16
221.08 0.1103 16
218.112 0.1113 16
208.803 0.1123 16
200.506 0.1133 16
185.585 0.1143 16
170.522 0.1153 16
148.769 0.1163 16
135.052 0.1173 16
120.642 0.1183 16
102.551 0.1193 16
87.4036 0.1203 16
83.8599 0.1213 16
81.6035 0.1223 16
83.6431 0.1233 16
92.458 0.1243 16
114.884 0.1253 16
129.941 0.1263 16
156.363 0.1273 16
174.376 0.1283 16
190.705 0.1293 16
210.728 0.1303 16
223.536 0.1313 16
233.912 0.1323 16
241.467 0.1333 16
254.482 0.1343 16
264.515 0.1353 16
274.157 0.1363 16
280.485 0.1373 16
275.626 0.1383 16
274.262 0.1393 16
267.333 0.1403 16
262.487 0.1413 16
253.913 0.1423 16
250.025 0.1433 16
241.675 0.1443 16
239.384 0.1453 16
229.957 0.1463 16
219.161 0.1473 16
206.936 0.1483 16
190.73 0.1493 16
174.211 0.1503 16
160.26 0.1513 16
142.599 0.1523 16
125.283 0.1533 16
108.732 0.1543 16
91.6907 0.1553 16
77.4355 0.1563 16
64.4375 0.1573 16
55.4179 0.1583 16
48.8298 0.1593 16
46.2029 0.1603 16
46.9256 0.1613 16
51.9426 0.1623 16
57.1311 0.1633 16
68.8689 0.1643 16
81.1875 0.1653 16
92.9362 0.1663 16
105.535 0.1673 16
112.772 0.1683 16
120.066 0.1693 16
123.812 0.1703 16
126.125 0.1713 16
124.793 0.1723 16
118.755 0.1733 16
112.679 0.1743 16
104.451 0.1753 16
97.6505 0.1763 16
87.9967 0.1773 16
82.0345 0.1783 16
76.6999 0.1793 16
72.6007 0.1803 16
70.3744 0.1813 16
67.9905 0.1823 16
69.04 0.1833 16
70.9717 0.1843 16
73.2395 0.1853 16
74.35 0.1863 16
75.1678 0.1873 16
74.5535 0.1883 16
71.3168 0.1893 16
66.9688 0.1903 16
60.754 0.1913 16
51.0402 0.1923 16
42.5042 0.1933 16
33.3637 0.1943 16
23.4356 0.1953 16
16.11 0.1963 16
11.0675 0.1973 16
8.26232 0.1983 16
7.75512 0.1993 16
10.5799 0.2003 16
15.3945 0.2013 16
22.4501 0.2023 16
31.3661 0.2033 16
41.7406 0.2043 16
52.4132 0.2053 16
62.9434 0.2063 16
72.4265 0.2073 16
80.5143 0.2083 16
86.0767 0.2093 16
90.3994 0.2103 16
90.6128 0.2113 16
89.7925 0.2123 16
86.1688 0.2133 16
82.776 0.2143 16
76.549 0.2153 16
69.6512 0.2163 16
63.1966 0.2173 16
56.5768 0.2183 16
51.5793 0.2193 16
47.9716 0.2203 16
44.9307 0.2213 16
42.1292 0.2223 16
41.297 0.2233 16
41.1521 0.2243 16
41.5991 0.2253 16
42.7814 0.2263 16
44.1347 0.2273 16
45.0253 0.2283 16
45.971 0.2293 16
45.0612 0.2303 16
44.6581 0.2313 16
42.7861 0.2323 16
41.1118 0.2333 16
40.2633 0.2343 16
37.6452 0.2353 16
36.043 0.2363 16
33.8764 0.2373 16
31.5492 0.2383 16
29.3198 0.2393 16
27.3497 0.2403 16
26.8753 0.2413 16
25.8798 0.2423 16
24.5764 0.2433 16
24.1549 0.2443 16
24.1475 0.2453 16
23.8222 0.2463 16
22.8489 0.2473 16
21.1471 0.2483 16
18.7391 0.2493 16
16.2821 0.2503 16
14.6156 0.2513 16
12.0749 0.2523 16
10.0294 0.2533 16
8.07047 0.2543 16
7.03836 0.2553 16
6.91047 0.2563 16
7.38485 0.2573 16
8.33917 0.2583 16
9.44941 0.2593 16
10.8956 0.2603 16
13.8843 0.2613 16
16.3622 0.2623 16
18.2915 0.2633 16
303.489 0.0833 17
315.826 0.0843 17
326.068 0.0853 17
333.352 0.0863 17
336.944 0.0873 17
336.312 0.0883 17
331.173 0.0893 17
321.529 0.0903 17
307.674 0.0913 17
290.186 0.0923 17
269.881 0.0933 17
247.767 0.0943 17
224.964 0.0953 17
202.631 0.0963 17
181.88 0.0973 17
163.7 0.0983 17
148.885 0.0993 17
137.986 0.1003 17
131.272 0.1013 17
128.724 0.1023 17
130.043 0.1033 17
134.68 0.1043 17
141.889 0.1053 17
150.786 0.1063 17
160.421 0.1073 17
169.848 0.1083 17
178.193 0.1093 17
184.71 0.1103 17
188.825 0.1113 17
190.164 0.1123 17
188.56 0.1133 17
184.099 0.1143 17
176.941 0.1153 17
167.356 0.1163 17
155.94 0.1173 17
143.341 0.1183 17
129.659 0.1193 17
115.972 0.1203 17
102.661 0.1213 17
90.4556 0.1223 17
79.144 0.1233 17
69.4101 0.1243 17
60.3282 0.1253 17
53.4106 0.1263 17
45.6446 0.1273 17
41.6884 0.1283 17
38.8566 0.1293 17
37.7548 0.1303 17
36.564 0.1313 17
34.4248 0.1323 17
36.3701 0.1333 17
38.3408 0.1343 17
38.6184 0.1353 17
41.3168 0.1363 17
44.951 0.1373 17
48.9405 0.1383 17
52.0161 0.1393 17
54.9518 0.1403 17
58.0856 0.1413 17
59.9034 0.1423 17
62.2302 0.1433 17
69.0266 0.1443 17
69.5078 0.1453 17
69.8185 0.1463 17
69.0765 0.1473 17
67.8309 0.1483 17
67.0433 0.1493 17
68.0755 0.1503 17
67.571 0.1513 17
65.43 0.1523 17
62.4228 0.1533 17
57.2585 0.1543 17
52.8465 0.1553 17
46.6308 0.1563 17
40.8573 0.1573 17
36.0258 0.1583 17
29.4043 0.1593 17
24.1843 0.1603 17
20.8659 0.1613 17
17.6612 0.1623 17
15.906 0.1633 17
16.0902 0.1643 17
18.2432 0.1653 17
21.0804 0.1663 17
24.1791 0.1673 17
27.4634 0.1683 17
32.0634 0.1693 17
37.9331 0.1703 17
41.5884 0.1713 17
45.47 0.1723 17
44.3994 0.1733 17
44.4393 0.1743 17
42.0796 0.1753 17
40.4172 0.1763 17
35.7547 0.1773 17
30.7784 0.1783 17
26.8529 0.1793 17
19.5427 0.1803 17
15.2646 0.1813 17
11.878 0.1823 17
10.3013 0.1833 17
11.3547 0.1843 17
12.3348 0.1853 17
17.4011 0.1863 17
20.6853 0.1873 17
23.9269 0.1883 17
29.2042 0.1893 17
34.3888 0.1903 17
37.7203 0.1913 17
41.8142 0.1923 17
44.5912 0.1933 17
43.7601 0.1943 17
43.1429 0.1953 17
41.2787 0.1963 17
39.5386 0.1973 17
36.8164 0.1983 17
33.6866 0.1993 17
31.3413 0.2003 17
29.1935 0.2013 17
28.7822 0.2023 17
25.8369 0.2033 17
27.0264 0.2043 17
28.5935 0.2053 17
29.4928 0.2063 17
30.8685 0.2073 17
30.9581 0.2083 17
32.1049 0.2093 17
32.699 0.2103 17
34.5882 0.2113 17
35.7523 0.2123 17
34.5553 0.2133 17
32.8857 0.2143 17
31.5404 0.2153 17
30.3359 0.2163 17
29.2146 0.2173 17
27.8664 0.2183 17
26.2712 0.2193 17
25.9347 0.2203 17
24.2106 0.2213 17
22.0729 0.2223 17
20.4225 0.2233 17
20.0763 0.2243 17
22.0674 0.2253 17
21.7163 0.2263 17
22.34 0.2273 17
23.3206 0.2283 17
25.5965 0.2293 17
26.7196 0.2303 17
30.5547 0.2313 17
33.9592 0.2323 17
37.5315 0.2333 17
40.1213 0.2343 17
40.9773 0.2353 17
40.8244 0.2363 17
43.2658 0.2373 17
43.5882 0.2383 17
44.0055 0.2393 17
39.3957 0.2403 17
36.0389 0.2413 17
32.0708 0.2423 17
28.1517 0.2433 17
24.4641 0.2443 17
19.9665 0.2453 17
15.0547 0.2463 17
10.8197 0.2473 17
8.45233 0.2483 17
6.9621 0.2493 17
6.2544 0.2503 17
7.24853 0.2513 17
8.8924 0.2523 17
19.3533 0.0833 18
14.7244 0.0843 18
15.288 0.0853 18
19.9599 0.0863 18
29.5979 0.0873 18
38.801 0.0883 18
50.4354 0.0893 18
62.9657 0.0903 18
72.0155 0.0913 18
88.0164 0.0923 18
101.924 0.0933 18
117.809 0.0943 18
130.659 0.0953 18
143.74 0.0963 18
150.454 0.0973 18
157.053 0.0983 18
166.012 0.0993 18
172.277 0.1003 18
169.649 0.1013 18
168.91 0.1023 18
161.74 0.1033 18
146.951 0.1043 18
132.694 0.1053 18
121.457 0.1063 18
105.433 0.1073 18
90.4001 0.1083 18
77.9999 0.1093 18
66.5722 0.1103 18
54.9754 0.1113 18
44.3119 0.1123 18
37.9365 0.1133 18
34.6962 0.1143 18
32.604 0.1153 18
32.28 0.1163 18
34.061 0.1173 18
38.2313 0.1183 18
42.7562 0.1193 18
47.1974 0.1203 18
52.9307 0.1213 18
55.7653 0.1223 18
58.0398 0.1233 18
59.3176 0.1243 18
55.7006 0.1253 18
57.3801 0.1263 18
54.8882 0.1273 18
51.1839 0.1283 18
46.1944 0.1293 18
42.2402 0.1303 18
38.0899 0.1313 18
32.5863 0.1323 18
27.9878 0.1333 18
26.5038 0.1343 18
27.1307 0.1353 18
30.1531 0.1363 18
35.4169 0.1373 18
43.0245 0.1383 18
50.3852 0.1393 18
58.5682 0.1403 18
67.0461 0.1413 18
73.3439 0.1423 18
80.0162 0.1433 18
84.3789 0.1443 18
86.019 0.1453 18
85.3476 0.1463 18
82.3308 0.1473 18
77.3714 0.1483 18
70.5307 0.1493 18
61.9968 0.1503 18
52.8206 0.1513 18
42.9449 0.1523 18
32.9379 0.1533 18
23.4933 0.1543 18
15.5489 0.1553 18
9.49714 0.1563 18
5.37364 0.1573 18
3.04424 0.1583 18
2.43274 0.1593 18
3.59774 0.1603 18
5.74136 0.1613 18
8.77841 0.1623 18
12.2632 0.1633 18
16.0211 0.1643 18
19.2952 0.1653 18
21.7172 0.1663 18
23.429 0.1673 18
24.5024 0.1683 18
24.5508 0.1693 18
24.0566 0.1703 18
22.6514 0.1713 18
21.6436 0.1723 18
20.5614 0.1733 18
20.5225 0.1743 18
20.8249 0.1753 18
21.3288 0.1763 18
23.6406 0.1773 18
26.182 0.1783 18
28.72 0.1793 18
33.2407 0.1803 18
36.8346 0.1813 18
39.5343 0.1823 18
41.1099 0.1833 18
42.8322 0.1843 18
44.5637 0.1853 18
44.5209 0.1863 18
43.4787 0.1873 18
40.4462 0.1883 18
36.9443 0.1893 18
33.4595 0.1903 18
29.7411 0.1913 18
26.417 0.1923 18
23.1948 0.1933 18
20.6602 0.1943 18
18.1056 0.1953 18
16.3592 0.1963 18
15.1431 0.1973 18
14.5831 0.1983 18
12.7494 0.1993 18
14.7919 0.2003 18
15.4757 0.2013 18
16.2805 0.2023 18
17.7029 0.2033 18
17.6225 0.2043 18
17.8355 0.2053 18
17.636 0.2063 18
16.6066 0.2073 18
16.1289 0.2083 18
15.2746 0.2093 18
15.0087 0.2103 18
15.6281 0.2113 18
15.1294 0.2123 18
17.2331 0.2133 18
18.9465 0.2143 18
20.8347 0.2153 18
23.7424 0.2163 18
25.5104 0.2173 18
27.2167 0.2183 18
28.5789 0.2193 18
31.4597 0.2203 18
33.4455 0.2213 18
33.8848 0.2223 18
35.0291 0.2233 18
32.7593 0.2243 18
32.5991 0.2253 18
29.3282 0.2263 18
25.7677 0.2273 18
23.7022 0.2283 18
20.2329 0.2293 18
17.8448 0.2303 18
15.2582 0.2313 18
13.3623 0.2323 18
12.4284 0.2333 18
10.8813 0.2343 18
9.81511 0.2353 18
9.77237 0.2363 18
10.9467 0.2373 18
12.6192 0.2383 18
14.0528 0.2393 18
17.0625 0.2403 18
19.5683 0.2413 18
26.3215 0.0833 19
26.1271 0.0843 19
25.3606 0.0853 19
24.1363 0.0863 19
21.9398 0.0873 19
20.5081 0.0883 19
20.1195 0.0893 19
17.9845 0.0903 19
17.2911 0.0913 19
16.965 0.0923 19
16.8997 0.0933 19
17.0739 0.0943 19
17.7846 0.0953 19
20.6129 0.0963 19
20.875 0.0973 19
20.9915 0.0983 19
20.0835 0.0993 19
20.4943 0.1003 19
18.4694 0.1013 19
19.464 0.1023 19
21.5731 0.1033 19
20.006 0.1043 19
21.3871 0.1053 19
23.8538 0.1063 19
27.2095 0.1073 19
35.6753 0.1083 19
40.6011 0.1093 19
44.4725 0.1103 19
54.5121 0.1113 19
60.3442 0.1123 19
61.8028 0.1133 19
66.7115 0.1143 19
70.8394 0.1153 19
79.8281 0.1163 19
78.4996 0.1173 19
76.4757 0.1183 19
73.5757 0.1193 19
66.1731 0.1203 19
65.1321 0.1213 19
64.3599 0.1223 19
62.6439 0.1233 19
56.1143 0.1243 19
48.0898 0.1253 19
48.7856 0.1263 19
47.0187 0.1273 19
47.051 0.1283 19
46.4602 0.1293 19
47.2376 0.1303 19
49.7208 0.1313 19
51.8988 0.1323 19
54.1583 0.1333 19
52.6391 0.1343 19
56.8559 0.1353 19
55.5176 0.1363 19
55.5444 0.1373 19
59.8897 0.1383 19
62.0584 0.1393 19
59.3562 0.1403 19
61.0272 0.1413 19
56.7911 0.1423 19
55.564 0.1433 19
50.8467 0.1443 19
45.6916 0.1453 19
43.9712 0.1463 19
42.6942 0.1473 19
39.1974 0.1483 19
35.558 0.1493 19
36.1461 0.1503 19
33.8556 0.1513 19
32.9044 0.1523 19
28.5532 0.1533 19
26.7197 0.1543 19
24.5051 0.1553 19
21.991 0.1563 19
21.843 0.1573 19
21.0806 0.1583 19
22.7481 0.1593 19
21.8998 0.1603 19
20.2373 0.1613 19
18.5304 0.1623 19
17.9138 0.1633 19
15.726 0.1643 19
14.7474 0.1653 19
12.3043 0.1663 19
12.3732 0.1673 19
11.5687 0.1683 19
11.741 0.1693 19
12.2326 0.1703 19
13.6336 0.1713 19
16.1955 0.1723 19
18.6022 0.1733 19
23.4689 0.1743 19
29.6187 0.1753 19
37.746 0.1763 19
44.9632 0.1773 19
50.7651 0.1783 19
59.4362 0.1793 19
64.5913 0.1803 19
69.0592 0.1813 19
72.3129 0.1823 19
77.165 0.1833 19
80.0042 0.1843 19
82.3195 0.1853 19
84.4025 0.1863 19
88.0273 0.1873 19
89.2492 0.1883 19
87.5551 0.1893 19
89.9945 0.1903 19
89.0797 0.1913 19
86.2688 0.1923 19
81.6159 0.1933 19
77.4612 0.1943 19
72.5482 0.1953 19
67.0556 0.1963 19
63.1288 0.1973 19
59.8848 0.1983 19
56.9569 0.1993 19
50.5304 0.2003 19
43.7613 0.2013 19
38.1859 0.2023 19
33.2026 0.2033 19
27.2998 0.2043 19
22.4697 0.2053 19
19.7617 0.2063 19
16.7763 0.2073 19
14.7782 0.2083 19
13.2783 0.2093 19
12.1321 0.2103 19
11.4657 0.2113 19
10.4054 0.2123 19
10.0233 0.2133 19
9.12967 0.2143 19
8.97672 0.2153 19
8.63607 0.2163 19
8.83203 0.2173 19
8.18322 0.2183 19
8.84574 0.2193 19
8.25958 0.2203 19
8.69665 0.2213 19
10.5761 0.2223 19
11.7339 0.2233 19
12.4013 0.2243 19
13.118 0.2253 19
14.4763 0.2263 19
16.609 0.2273 19
18.3973 0.2283 19
