574.458 0.0843 0
520.677 0.0853 0
458.275 0.0863 0
391.546 0.0873 0
324.423 0.0883 0
260.225 0.0893 0
201.509 0.0903 0
150.007 0.0913 0
106.664 0.0923 0
71.7255 0.0933 0
44.8735 0.0943 0
25.3804 0.0953 0
12.2603 0.0963 0
4.4053 0.0973 0
0.696386 0.0983 0
0.0849857 0.0993 0
1.64456 0.1003 0
4.59606 0.1013 0
8.31237 0.1023 0
12.3077 0.1033 0
16.2182 0.1043 0
19.7783 0.1053 0
22.7977 0.1063 0
25.1415 0.1073 0
26.7152 0.1083 0
27.4553 0.1093 0
27.3266 0.1103 0
26.3239 0.1113 0
24.4782 0.1123 0
21.8655 0.1133 0
18.6156 0.1143 0
14.9178 0.1153 0
11.0232 0.1163 0
7.23923 0.1173 0
3.9157 0.1183 0
1.42219 0.1193 0
0.117227 0.1203 0
0.311663 0.1213 0
2.2298 0.1223 0
5.97304 0.1233 0
11.6337 0.1243 0
18.6823 0.1253 0
26.8534 0.1263 0
35.8059 0.1273 0
44.6972 0.1283 0
53.8701 0.1293 0
61.239 0.1303 0
67.0775 0.1313 0
69.1643 0.1323 0
69.7986 0.1333 0
68.1985 0.1343 0
63.2659 0.1353 0
57.5383 0.1363 0
50.329 0.1373 0
38.0744 0.1383 0
28.4698 0.1393 0
22.1176 0.1403 0
16.1829 0.1413 0
11.3897 0.1423 0
12.8287 0.1433 0
21.889 0.1443 0
27.5065 0.1453 0
35.8962 0.1463 0
48.3339 0.1473 0
57.8278 0.1483 0
60.527 0.1493 0
68.2426 0.1503 0
76.0168 0.1513 0
80.7299 0.1523 0
85.0879 0.1533 0
82.7787 0.1543 0
83.6493 0.1553 0
83.5917 0.1563 0
67.0127 0.1573 0
62.9878 0.1583 0
55.5879 0.1593 0
52.8038 0.1603 0
48.8487 0.1613 0
42.8804 0.1623 0
40.7036 0.1633 0
36.1217 0.1643 0
33.6047 0.1653 0
30.5776 0.1663 0
32.8505 0.1673 0
30.336 0.1683 0
30.4426 0.1693 0
30.0876 0.1703 0
36.313 0.1713 0
39.2941 0.1723 0
40.5721 0.1733 0
48.106 0.1743 0
54.4282 0.1753 0
59.1097 0.1763 0
64.1866 0.1773 0
68.5749 0.1783 0
71.8753 0.1793 0
74.6739 0.1803 0
77.4326 0.1813 0
77.8548 0.1823 0
78.6514 0.1833 0
74.5564 0.1843 0
68.7509 0.1853 0
55.9812 0.1863 0
49.505 0.1873 0
44.4272 0.1883 0
35.5029 0.1893 0
34.3025 0.1903 0
35.4265 0.1913 0
35.9177 0.1923 0
43.5358 0.1933 0
53.7728 0.1943 0
62.2515 0.1953 0
71.3308 0.1963 0
84.0605 0.1973 0
95.9546 0.1983 0
113.231 0.1993 0
127.359 0.2003 0
140.917 0.2013 0
149.505 0.2023 0
150.019 0.2033 0
156.397 0.2043 0
153.349 0.2053 0
151.109 0.2063 0
142.199 0.2073 0
135.286 0.2083 0
121.736 0.2093 0
105.334 0.2103 0
91.2023 0.2113 0
75.788 0.2123 0
61.7234 0.2133 0
48.5957 0.2143 0
38.7935 0.2153 0
31.4364 0.2163 0
26.1059 0.2173 0
21.7711 0.2183 0
21.0085 0.2193 0
21.0798 0.2203 0
28.8028 0.2213 0
35.7156 0.2223 0
44.5101 0.2233 0
54.7125 0.2243 0
62.8072 0.2253 0
75.723 0.2263 0
83.3988 0.2273 0
87.903 0.2283 0
97.9939 0.2293 0
101.108 0.2303 0
107.846 0.2313 0
101.387 0.2323 0
100.929 0.2333 0
99.0769 0.2343 0
99.1809 0.2353 0
95.0682 0.2363 0
93.5517 0.2373 0
91.0036 0.2383 0
84.764 0.2393 0
81.2501 0.2403 0
75.0072 0.2413 0
71.7294 0.2423 0
67.0438 0.2433 0
57.7835 0.2443 0
52.211 0.2453 0
48.3496 0.2463 0
41.6087 0.2473 0
34.2152 0.2483 0
29.6534 0.2493 0
26.132 0.2503 0
21.8061 0.2513 0
19.9033 0.2523 0
17.1702 0.2533 0
14.8517 0.2543 0
13.8873 0.2553 0
14.6673 0.2563 0
14.0484 0.2573 0
17.4599 0.2583 0
16.7407 0.2593 0
16.1044 0.2603 0
15.6902 0.2613 0
15.6055 0.2623 0
15.7495 0.2633 0
18.0408 0.2643 0
17.4214 0.2653 0
18.1715 0.2663 0
18.469 0.2673 0
21.8894 0.2683 0
24.7009 0.2693 0
26.2482 0.2703 0
27.5723 0.2713 0
29.2702 0.2723 0
31.4074 0.2733 0
33.3434 0.2743 0
35.3896 0.2753 0
39.3966 0.2763 0
41.9554 0.2773 0
44.6842 0.2783 0
47.8942 0.2793 0
51.1665 0.2803 0
54.6825 0.2813 0
62.4272 0.2823 0
64.5194 0.2833 0
69.1828 0.2843 0
75.8169 0.2853 0
85.1468 0.2863 0
90.7561 0.2873 0
96.4443 0.2883 0
102.579 0.2893 0
108.231 0.2903 0
114.381 0.2913 0
118.642 0.2923 0
123.248 0.2933 0
125.913 0.2943 0
130.185 0.2953 0
130.856 0.2963 0
126.106 0.2973 0
124.056 0.2983 0
120.492 0.2993 0
116.86 0.3003 0
113.248 0.3013 0
102.86 0.3023 0
93.6491 0.3033 0
83.5145 0.3043 0
72.754 0.3053 0
61.7045 0.3063 0
50.7272 0.3073 0
40.19 0.3083 0
30.4491 0.3093 0
20.5963 0.3103 0
12.4001 0.3113 0
7.08812 0.3123 0
3.8192 0.3133 0
2.39085 0.3143 0
2.60925 0.3153 0
4.41325 0.3163 0
7.70377 0.3173 0
12.2652 0.3183 0
17.7776 0.3193 0
23.8748 0.3203 0
30.2125 0.3213 0
36.4545 0.3223 0
42.9039 0.3233 0
48.0731 0.3243 0
52.3275 0.3253 0
55.5123 0.3263 0
57.5382 0.3273 0
58.3806 0.3283 0
57.5446 0.3293 0
56.0879 0.3303 0
53.699 0.3313 0
50.5399 0.3323 0
175.884 0.0833 1
159.508 0.0843 1
164.369 0.0853 1
186.246 0.0863 1
236.642 0.0873 1
325.961 0.0883 1
419.93 0.0893 1
512.998 0.0903 1
616.364 0.0913 1
763.046 0.0923 1
875.495 0.0933 1
999.659 0.0943 1
1090.86 0.0953 1
1181.43 0.0963 1
1244.76 0.0973 1
1304.43 0.0983 1
1350.19 0.0993 1
1401.23 0.1003 1
1394.64 0.1013 1
1379.97 0.1023 1
1337.28 0.1033 1
1254.41 0.1043 1
1169.88 0.1053 1
1085.08 0.1063 1
1013.1 0.1073 1
903.005 0.1083 1
826.203 0.1093 1
735.288 0.1103 1
646.034 0.1113 1
556.223 0.1123 1
479.514 0.1133 1
408.144 0.1143 1
347.457 0.1153 1
297.019 0.1163 1
239.584 0.1173 1
197.379 0.1183 1
158.712 0.1193 1
127.583 0.1203 1
100.752 0.1213 1
77.9613 0.1223 1
58.1162 0.1233 1
45.3427 0.1243 1
34.459 0.1253 1
28.613 0.1263 1
22.5904 0.1273 1
18.4476 0.1283 1
17.6057 0.1293 1
17.0543 0.1303 1
19.2299 0.1313 1
24.6328 0.1323 1
31.7045 0.1333 1
36.16 0.1343 1
44.7318 0.1353 1
54.0169 0.1363 1
62.4881 0.1373 1
73.1696 0.1383 1
81.0834 0.1393 1
86.4308 0.1403 1
92.1832 0.1413 1
95.7661 0.1423 1
105.736 0.1433 1
104.208 0.1443 1
106.33 0.1453 1
105.393 0.1463 1
102.831 0.1473 1
97.2925 0.1483 1
94.4741 0.1493 1
86.8487 0.1503 1
76.4091 0.1513 1
65.1157 0.1523 1
56.1329 0.1533 1
47.1036 0.1543 1
36.7704 0.1553 1
28.322 0.1563 1
19.4876 0.1573 1
13.9918 0.1583 1
10.6673 0.1593 1
9.9823 0.1603 1
10.3621 0.1613 1
14.3229 0.1623 1
20.0069 0.1633 1
23.058 0.1643 1
28.9287 0.1653 1
38.4356 0.1663 1
44.7067 0.1673 1
52.0214 0.1683 1
55.7414 0.1693 1
58.786 0.1703 1
60.1811 0.1713 1
59.8525 0.1723 1
57.8518 0.1733 1
56.7445 0.1743 1
54.5884 0.1753 1
47.1265 0.1763 1
40.9528 0.1773 1
35.8365 0.1783 1
29.7074 0.1793 1
24.094 0.1803 1
18.2978 0.1813 1
14.8818 0.1823 1
12.5176 0.1833 1
12.3053 0.1843 1
12.1134 0.1853 1
12.9412 0.1863 1
14.6021 0.1873 1
15.6668 0.1883 1
17.9607 0.1893 1
19.4801 0.1903 1
22.6811 0.1913 1
24.4121 0.1923 1
27.5329 0.1933 1
29.1292 0.1943 1
30.7406 0.1953 1
33.8403 0.1963 1
35.6869 0.1973 1
36.2488 0.1983 1
37.5315 0.1993 1
39.7263 0.2003 1
42.0721 0.2013 1
44.2267 0.2023 1
46.8863 0.2033 1
51.0232 0.2043 1
53.2227 0.2053 1
55.5172 0.2063 1
56.9248 0.2073 1
58.4929 0.2083 1
58.2035 0.2093 1
57.8974 0.2103 1
56.4635 0.2113 1
56.0083 0.2123 1
53.0623 0.2133 1
50.345 0.2143 1
46.7282 0.2153 1
44.1979 0.2163 1
41.8253 0.2173 1
39.8458 0.2183 1
38.2953 0.2193 1
34.3074 0.2203 1
31.3367 0.2213 1
29.271 0.2223 1
27.218 0.2233 1
26.8134 0.2243 1
25.0462 0.2253 1
21.7113 0.2263 1
19.573 0.2273 1
16.4828 0.2283 1
14.1461 0.2293 1
12.7985 0.2303 1
12.098 0.2313 1
11.9714 0.2323 1
11.4181 0.2333 1
12.347 0.2343 1
13.2074 0.2353 1
13.7332 0.2363 1
17.2091 0.2373 1
19.0817 0.2383 1
22.7972 0.2393 1
27.5503 0.2403 1
31.7117 0.2413 1
36.1865 0.2423 1
38.1541 0.2433 1
41.3083 0.2443 1
43.7112 0.2453 1
46.2988 0.2463 1
45.3484 0.2473 1
44.8966 0.2483 1
42.8249 0.2493 1
40.5413 0.2503 1
39.5169 0.2513 1
39.0572 0.2523 1
39.5065 0.2533 1
39.3302 0.2543 1
40.4218 0.2553 1
43.0018 0.2563 1
44.7024 0.2573 1
45.7385 0.2583 1
47.6576 0.2593 1
48.8843 0.2603 1
50.5333 0.2613 1
50.1713 0.2623 1
50.3649 0.2633 1
50.119 0.2643 1
49.9377 0.2653 1
48.7786 0.2663 1
47.0543 0.2673 1
44.2864 0.2683 1
42.9079 0.2693 1
41.1637 0.2703 1
41.3028 0.2713 1
41.6491 0.2723 1
43.0445 0.2733 1
45.1028 0.2743 1
47.6725 0.2753 1
50.9098 0.2763 1
54.4738 0.2773 1
58.4259 0.2783 1
61.0421 0.2793 1
63.7289 0.2803 1
65.789 0.2813 1
66.6552 0.2823 1
66.1248 0.2833 1
64.7279 0.2843 1
61.1668 0.2853 1
56.1232 0.2863 1
50.6 0.2873 1
45.5936 0.2883 1
38.7895 0.2893 1
32.5193 0.2903 1
27.4323 0.2913 1
22.263 0.2923 1
18.6937 0.2933 1
14.9779 0.2943 1
13.1584 0.2953 1
13.402 0.2963 1
14.4578 0.2973 1
16.385 0.2983 1
19.0483 0.2993 1
22.383 0.3003 1
25.2395 0.3013 1
29.2321 0.3023 1
31.9786 0.3033 1
34.4154 0.3043 1
36.2984 0.3053 1
36.7294 0.3063 1
36.5392 0.3073 1
35.1615 0.3083 1
33.1564 0.3093 1
30.2813 0.3103 1
29.1654 0.3113 1
27.0264 0.3123 1
24.9842 0.3133 1
22.8475 0.3143 1
21.4158 0.3153 1
20.906 0.3163 1
21.7224 0.3173 1
22.4939 0.3183 1
22.6549 0.3193 1
22.3356 0.3203 1
22.8197 0.3213 1
22.3187 0.3223 1
21.8676 0.3233 1
21.3389 0.3243 1
20.6914 0.3253 1
19.8437 0.3263 1
18.422 0.3273 1
16.8211 0.3283 1
15.3358 0.3293 1
13.6881 0.3303 1
11.4657 0.3313 1
10.5449 0.3323 1
64.8993 0.0833 2
83.294 0.0843 2
111.319 0.0853 2
146.942 0.0863 2
187.607 0.0873 2
230.562 0.0883 2
273.209 0.0893 2
313.421 0.0903 2
349.779 0.0913 2
381.72 0.0923 2
409.568 0.0933 2
434.441 0.0943 2
458.065 0.0953 2
482.5 0.0963 2
509.826 0.0973 2
541.828 0.0983 2
579.773 0.0993 2
623.942 0.1003 2
673.883 0.1013 2
728.226 0.1023 2
784.701 0.1033 2
840.802 0.1043 2
892.672 0.1053 2
937.403 0.1063 2
972.976 0.1073 2
994.515 0.1083 2
1002.55 0.1093 2
996.458 0.1103 2
976.094 0.1113 2
943.769 0.1123 2
898.783 0.1133 2
846.05 0.1143 2
789.602 0.1153 2
732.045 0.1163 2
673.215 0.1173 2
620.041 0.1183 2
572.352 0.1193 2
534.807 0.1203 2
504.267 0.1213 2
481.224 0.1223 2
469.488 0.1233 2
467.445 0.1243 2
469.486 0.1253 2
471.769 0.1263 2
478.034 0.1273 2
483.328 0.1283 2
482.518 0.1293 2
484.432 0.1303 2
476.219 0.1313 2
470.412 0.1323 2
460.59 0.1333 2
457.126 0.1343 2
434.811 0.1353 2
406.737 0.1363 2
375.704 0.1373 2
350.654 0.1383 2
326.236 0.1393 2
296.419 0.1403 2
261.377 0.1413 2
227.013 0.1423 2
194.541 0.1433 2
165.397 0.1443 2
143.474 0.1453 2
125.195 0.1463 2
109.797 0.1473 2
89.7366 0.1483 2
72.0889 0.1493 2
65.418 0.1503 2
62.7936 0.1513 2
62.954 0.1523 2
61.7358 0.1533 2
56.9622 0.1543 2
54.6234 0.1553 2
53.2353 0.1563 2
52.5581 0.1573 2
50.7707 0.1583 2
50.8566 0.1593 2
48.3245 0.1603 2
46.0856 0.1613 2
45.4095 0.1623 2
47.2654 0.1633 2
47.0413 0.1643 2
54.9071 0.1653 2
59.0157 0.1663 2
61.3261 0.1673 2
67.1894 0.1683 2
72.1536 0.1693 2
80.9012 0.1703 2
86.3255 0.1713 2
95.2982 0.1723 2
98.9582 0.1733 2
101.796 0.1743 2
101.049 0.1753 2
97.0455 0.1763 2
91.1326 0.1773 2
82.8325 0.1783 2
73.9835 0.1793 2
68.0967 0.1803 2
58.4154 0.1813 2
48.1404 0.1823 2
38.9424 0.1833 2
31.2979 0.1843 2
27.2982 0.1853 2
29.2382 0.1863 2
32.2006 0.1873 2
40.8723 0.1883 2
48.3821 0.1893 2
57.1344 0.1903 2
70.9139 0.1913 2
81.4479 0.1923 2
92.0527 0.1933 2
98.5618 0.1943 2
110.346 0.1953 2
115.461 0.1963 2
118.152 0.1973 2
120.053 0.1983 2
118.491 0.1993 2
120.338 0.2003 2
113.861 0.2013 2
104.91 0.2023 2
95.1507 0.2033 2
81.5162 0.2043 2
68.1815 0.2053 2
63.4435 0.2063 2
56.6021 0.2073 2
52.3091 0.2083 2
45.1578 0.2093 2
43.0635 0.2103 2
41.5179 0.2113 2
40.5958 0.2123 2
42.6247 0.2133 2
42.198 0.2143 2
42.0579 0.2153 2
42.8062 0.2163 2
44.0012 0.2173 2
43.929 0.2183 2
46.4214 0.2193 2
46.5729 0.2203 2
46.7517 0.2213 2
45.0703 0.2223 2
48.6471 0.2233 2
47.5452 0.2243 2
46.9769 0.2253 2
42.0562 0.2263 2
38.4574 0.2273 2
36.738 0.2283 2
34.7644 0.2293 2
32.516 0.2303 2
27.718 0.2313 2
25.5063 0.2323 2
22.8062 0.2333 2
22.4322 0.2343 2
20.6274 0.2353 2
20.0665 0.2363 2
19.6231 0.2373 2
19.0707 0.2383 2
17.9331 0.2393 2
17.4355 0.2403 2
16.9146 0.2413 2
16.6765 0.2423 2
16.9578 0.2433 2
17.2042 0.2443 2
18.8359 0.2453 2
21.4352 0.2463 2
23.2541 0.2473 2
28.037 0.2483 2
33.604 0.2493 2
42.4671 0.2503 2
48.6685 0.2513 2
56.2284 0.2523 2
64.2865 0.2533 2
72.2336 0.2543 2
79.9414 0.2553 2
86.4512 0.2563 2
92.3672 0.2573 2
98.7751 0.2583 2
101.82 0.2593 2
102.771 0.2603 2
103.239 0.2613 2
99.9926 0.2623 2
95.6115 0.2633 2
89.3752 0.2643 2
83.632 0.2653 2
73.3866 0.2663 2
64.7352 0.2673 2
55.3262 0.2683 2
47.6029 0.2693 2
40.3119 0.2703 2
34.1242 0.2713 2
29.7719 0.2723 2
27.7328 0.2733 2
26.0312 0.2743 2
26.5455 0.2753 2
29.1849 0.2763 2
31.4161 0.2773 2
34.289 0.2783 2
37.8719 0.2793 2
39.8805 0.2803 2
42.2481 0.2813 2
43.7908 0.2823 2
44.8469 0.2833 2
44.2281 0.2843 2
42.909 0.2853 2
40.6868 0.2863 2
38.2832 0.2873 2
36.3951 0.2883 2
34.8553 0.2893 2
32.986 0.2903 2
33.1522 0.2913 2
34.2068 0.2923 2
35.5466 0.2933 2
36.9698 0.2943 2
38.2661 0.2953 2
40.6309 0.2963 2
44.1233 0.2973 2
47.6036 0.2983 2
50.2005 0.2993 2
52.401 0.3003 2
52.6402 0.3013 2
54.5482 0.3023 2
52.9953 0.3033 2
53.0876 0.3043 2
52.8167 0.3053 2
53.0512 0.3063 2
54.0029 0.3073 2
54.5008 0.3083 2
54.0652 0.3093 2
52.6506 0.3103 2
52.322 0.3113 2
52.2335 0.3123 2
53.3246 0.3133 2
55.2039 0.3143 2
57.6018 0.3153 2
59.6944 0.3163 2
59.7399 0.3173 2
60.9866 0.3183 2
61.6694 0.3193 2
60.0223 0.3203 2
58.0317 0.3213 2
55.6779 0.3223 2
52.5803 0.3233 2
48.038 0.3243 2
42.1204 0.3253 2
37.7561 0.3263 2
32.2359 0.3273 2
27.4347 0.3283 2
22.0135 0.3293 2
17.4469 0.3303 2
12.5135 0.3313 2
9.31417 0.3323 2
1680.42 0.0833 3
1807.77 0.0843 3
1892.73 0.0853 3
1930.65 0.0863 3
1920.35 0.0873 3
1864.12 0.0883 3
1767.36 0.0893 3
1638.04 0.0903 3
1485.91 0.0913 3
1321.62 0.0923 3
1155.85 0.0933 3
998.457 0.0943 3
857.779 0.0953 3
740.129 0.0963 3
648.402 0.0973 3
584.695 0.0983 3
547.3 0.0993 3
532.4 0.1003 3
538.017 0.1013 3
555.562 0.1023 3
579.812 0.1033 3
604.6 0.1043 3
621.841 0.1053 3
629.853 0.1063 3
626.97 0.1073 3
610.435 0.1083 3
589.642 0.1093 3
549.629 0.1103 3
500.24 0.1113 3
447.871 0.1123 3
393.049 0.1133 3
330.67 0.1143 3
272.52 0.1153 3
220.442 0.1163 3
175.506 0.1173 3
135.19 0.1183 3
106.524 0.1193 3
84.0608 0.1203 3
76.0502 0.1213 3
74.846 0.1223 3
74.0711 0.1233 3
78.6732 0.1243 3
88.7054 0.1253 3
85.9286 0.1263 3
93.6966 0.1273 3
98.732 0.1283 3
103.329 0.1293 3
103.784 0.1303 3
109.057 0.1313 3
110.35 0.1323 3
114.274 0.1333 3
119.219 0.1343 3
122.574 0.1353 3
125.837 0.1363 3
128.861 0.1373 3
132.308 0.1383 3
136.199 0.1393 3
139.627 0.1403 3
140.214 0.1413 3
137.202 0.1423 3
134.255 0.1433 3
129.599 0.1443 3
122.589 0.1453 3
117.273 0.1463 3
108.361 0.1473 3
99.2255 0.1483 3
88.4569 0.1493 3
74.632 0.1503 3
63.6546 0.1513 3
52.0883 0.1523 3
42.482 0.1533 3
34.2919 0.1543 3
29.6607 0.1553 3
21.607 0.1563 3
18.3973 0.1573 3
13.0916 0.1583 3
8.75953 0.1593 3
6.69247 0.1603 3
6.5292 0.1613 3
6.22874 0.1623 3
7.86967 0.1633 3
10.1095 0.1643 3
13.6326 0.1653 3
17.2311 0.1663 3
21.5815 0.1673 3
25.4983 0.1683 3
30.0626 0.1693 3
34.5326 0.1703 3
38.6715 0.1713 3
38.5252 0.1723 3
41.3277 0.1733 3
41.1722 0.1743 3
43.9911 0.1753 3
45.8149 0.1763 3
46.5423 0.1773 3
44.7595 0.1783 3
45.4799 0.1793 3
43.6149 0.1803 3
40.5111 0.1813 3
39.7074 0.1823 3
38.6286 0.1833 3
35.5222 0.1843 3
31.277 0.1853 3
29.0475 0.1863 3
27.39 0.1873 3
25.2281 0.1883 3
21.5502 0.1893 3
17.1589 0.1903 3
15.1395 0.1913 3
14.3756 0.1923 3
13.455 0.1933 3
15.0305 0.1943 3
15.3492 0.1953 3
20.4183 0.1963 3
23.2224 0.1973 3
25.3624 0.1983 3
30.0883 0.1993 3
36.7023 0.2003 3
45.7208 0.2013 3
56.8384 0.2023 3
65.5294 0.2033 3
74.3905 0.2043 3
87.7568 0.2053 3
99.2091 0.2063 3
105.63 0.2073 3
115.984 0.2083 3
123.411 0.2093 3
131.447 0.2103 3
137.893 0.2113 3
141.809 0.2123 3
140.752 0.2133 3
143.371 0.2143 3
142.286 0.2153 3
135.456 0.2163 3
128.05 0.2173 3
118.331 0.2183 3
109.747 0.2193 3
100.001 0.2203 3
89.6893 0.2213 3
79.9159 0.2223 3
67.6393 0.2233 3
60.1515 0.2243 3
55.5346 0.2253 3
52.9738 0.2263 3
48.4395 0.2273 3
46.6492 0.2283 3
46.2371 0.2293 3
47.2595 0.2303 3
47.3882 0.2313 3
48.661 0.2323 3
49.6925 0.2333 3
50.5457 0.2343 3
51.2746 0.2353 3
50.731 0.2363 3
51.2599 0.2373 3
49.825 0.2383 3
46.3575 0.2393 3
44.5384 0.2403 3
42.0101 0.2413 3
39.2231 0.2423 3
35.6859 0.2433 3
33.4689 0.2443 3
29.7372 0.2453 3
27.8081 0.2463 3
26.796 0.2473 3
26.5471 0.2483 3
26.3259 0.2493 3
26.8858 0.2503 3
27.4663 0.2513 3
28.5272 0.2523 3
29.1035 0.2533 3
29.3115 0.2543 3
28.7847 0.2553 3
28.4434 0.2563 3
27.7573 0.2573 3
25.16 0.2583 3
22.4314 0.2593 3
20.6147 0.2603 3
18.9194 0.2613 3
17.4467 0.2623 3
16.9826 0.2633 3
16.8485 0.2643 3
18.6463 0.2653 3
19.373 0.2663 3
22.2615 0.2673 3
27.246 0.2683 3
32.6 0.2693 3
37.4852 0.2703 3
42.172 0.2713 3
48.1668 0.2723 3
53.5355 0.2733 3
58.3669 0.2743 3
63.3497 0.2753 3
64.9566 0.2763 3
65.2808 0.2773 3
65.9795 0.2783 3
64.1913 0.2793 3
61.804 0.2803 3
58.5829 0.2813 3
53.6555 0.2823 3
49.3463 0.2833 3
45.0781 0.2843 3
40.5298 0.2853 3
36.5233 0.2863 3
36.0942 0.2873 3
35.3383 0.2883 3
35.3611 0.2893 3
35.9319 0.2903 3
36.8441 0.2913 3
38.3281 0.2923 3
39.0309 0.2933 3
40.1926 0.2943 3
42.1364 0.2953 3
43.8388 0.2963 3
45.8626 0.2973 3
45.9868 0.2983 3
47.1902 0.2993 3
49.2395 0.3003 3
50.6069 0.3013 3
50.347 0.3023 3
53.4492 0.3033 3
54.3709 0.3043 3
56.8918 0.3053 3
58.5666 0.3063 3
59.7227 0.3073 3
61.3346 0.3083 3
62.8987 0.3093 3
63.8316 0.3103 3
64.2232 0.3113 3
61.6601 0.3123 3
62.5652 0.3133 3
59.7346 0.3143 3
57.0593 0.3153 3
52.0355 0.3163 3
46.2311 0.3173 3
42.6709 0.3183 3
38.9653 0.3193 3
34.2715 0.3203 3
31.5103 0.3213 3
29.0986 0.3223 3
27.318 0.3233 3
26.4693 0.3243 3
26.0161 0.3253 3
25.9786 0.3263 3
26.0432 0.3273 3
26.2868 0.3283 3
26.8629 0.3293 3
27.2344 0.3303 3
69.7113 0.0833 4
78.0331 0.0843 4
76.9087 0.0853 4
79.3493 0.0863 4
76.7886 0.0873 4
75.157 0.0883 4
78.4287 0.0893 4
70.9498 0.0903 4
63.6298 0.0913 4
60.8751 0.0923 4
59.8727 0.0933 4
64.649 0.0943 4
74.9685 0.0953 4
88.2979 0.0963 4
92.593 0.0973 4
113.674 0.0983 4
128.657 0.0993 4
148.357 0.1003 4
167.243 0.1013 4
197.355 0.1023 4
221.277 0.1033 4
236.277 0.1043 4
267.596 0.1053 4
289.097 0.1063 4
303.958 0.1073 4
309.79 0.1083 4
309.334 0.1093 4
305.599 0.1103 4
311.584 0.1113 4
303.911 0.1123 4
307.575 0.1133 4
307.843 0.1143 4
294.106 0.1153 4
279.21 0.1163 4
262.021 0.1173 4
247.418 0.1183 4
234.751 0.1193 4
219.404 0.1203 4
209.858 0.1213 4
200.357 0.1223 4
182.682 0.1233 4
171.827 0.1243 4
157.209 0.1253 4
156.61 0.1263 4
150.27 0.1273 4
142.551 0.1283 4
132.863 0.1293 4
132.613 0.1303 4
130.635 0.1313 4
117.285 0.1323 4
106.495 0.1333 4
99.5564 0.1343 4
91.1414 0.1353 4
80.8323 0.1363 4
67.9472 0.1373 4
56.0329 0.1383 4
45.6669 0.1393 4
38.8226 0.1403 4
34.5248 0.1413 4
31.0761 0.1423 4
30.8622 0.1433 4
31.869 0.1443 4
33.8343 0.1453 4
38.5512 0.1463 4
47.6384 0.1473 4
54.8463 0.1483 4
64.4977 0.1493 4
76.9865 0.1503 4
94.1032 0.1513 4
110.506 0.1523 4
120.412 0.1533 4
142.552 0.1543 4
165.965 0.1553 4
197.72 0.1563 4
215.545 0.1573 4
228.572 0.1583 4
248.6 0.1593 4
268.508 0.1603 4
281.392 0.1613 4
298.287 0.1623 4
314.189 0.1633 4
326.365 0.1643 4
330.718 0.1653 4
330.871 0.1663 4
327.585 0.1673 4
319.672 0.1683 4
307.947 0.1693 4
291.983 0.1703 4
272.578 0.1713 4
253.767 0.1723 4
234.954 0.1733 4
212.512 0.1743 4
194.647 0.1753 4
173.471 0.1763 4
156.132 0.1773 4
138.547 0.1783 4
124.447 0.1793 4
111.871 0.1803 4
100.47 0.1813 4
93.3372 0.1823 4
86.4884 0.1833 4
80.9916 0.1843 4
76.861 0.1853 4
72.9108 0.1863 4
70.0826 0.1873 4
67.74 0.1883 4
66.9998 0.1893 4
65.4353 0.1903 4
63.1997 0.1913 4
62.2325 0.1923 4
61.1838 0.1933 4
60.5615 0.1943 4
59.7011 0.1953 4
58.3345 0.1963 4
56.3426 0.1973 4
54.4008 0.1983 4
52.1704 0.1993 4
49.6173 0.2003 4
46.2081 0.2013 4
41.4589 0.2023 4
38.3403 0.2033 4
35.7203 0.2043 4
32.9599 0.2053 4
28.7615 0.2063 4
26.9917 0.2073 4
24.9316 0.2083 4
23.6832 0.2093 4
22.2874 0.2103 4
22.3228 0.2113 4
24.2003 0.2123 4
25.2927 0.2133 4
27.9061 0.2143 4
30.4311 0.2153 4
33.6651 0.2163 4
38.5618 0.2173 4
41.5945 0.2183 4
44.5793 0.2193 4
49.0677 0.2203 4
52.0488 0.2213 4
55.1016 0.2223 4
57.9012 0.2233 4
63.3936 0.2243 4
65.9673 0.2253 4
69.8147 0.2263 4
72.6783 0.2273 4
75.4509 0.2283 4
76.2608 0.2293 4
75.1277 0.2303 4
71.1267 0.2313 4
67.4268 0.2323 4
63.4482 0.2333 4
60.5224 0.2343 4
52.07 0.2353 4
42.7896 0.2363 4
33.9568 0.2373 4
25.3498 0.2383 4
18.5523 0.2393 4
14.921 0.2403 4
10.9674 0.2413 4
10.747 0.2423 4
14.9396 0.2433 4
20.3751 0.2443 4
28.2045 0.2453 4
36.8461 0.2463 4
48.8564 0.2473 4
60.7621 0.2483 4
71.9045 0.2493 4
80.8594 0.2503 4
88.6918 0.2513 4
95.1273 0.2523 4
98.4549 0.2533 4
97.2426 0.2543 4
93.599 0.2553 4
88.5898 0.2563 4
80.192 0.2573 4
71.9175 0.2583 4
63.565 0.2593 4
55.6322 0.2603 4
46.4996 0.2613 4
40.4872 0.2623 4
36.5363 0.2633 4
34.0903 0.2643 4
34.5172 0.2653 4
35.4596 0.2663 4
37.0745 0.2673 4
40.2377 0.2683 4
45.7373 0.2693 4
49.3829 0.2703 4
52.4075 0.2713 4
53.6544 0.2723 4
52.5973 0.2733 4
53.2541 0.2743 4
49.9832 0.2753 4
45.6231 0.2763 4
40.814 0.2773 4
37.6168 0.2783 4
32.1174 0.2793 4
26.7453 0.2803 4
22.0176 0.2813 4
20.0151 0.2823 4
19.5194 0.2833 4
20.743 0.2843 4
22.0367 0.2853 4
25.2021 0.2863 4
28.2208 0.2873 4
31.6094 0.2883 4
34.572 0.2893 4
37.2376 0.2903 4
38.6084 0.2913 4
39.4097 0.2923 4
39.3279 0.2933 4
38.3246 0.2943 4
36.8471 0.2953 4
34.4005 0.2963 4
31.6914 0.2973 4
28.6002 0.2983 4
26.4029 0.2993 4
24.6182 0.3003 4
22.924 0.3013 4
22.1134 0.3023 4
22.3801 0.3033 4
23.1918 0.3043 4
24.316 0.3053 4
25.8288 0.3063 4
28.1033 0.3073 4
29.668 0.3083 4
31.7039 0.3093 4
33.2845 0.3103 4
34.0498 0.3113 4
34.8943 0.3123 4
34.2875 0.3133 4
34.3713 0.3143 4
34.8061 0.3153 4
33.1965 0.3163 4
32.6857 0.3173 4
32.9637 0.3183 4
31.7949 0.3193 4
31.8167 0.3203 4
30.8408 0.3213 4
29.9355 0.3223 4
29.067 0.3233 4
29.0197 0.3243 4
27.5393 0.3253 4
26.1129 0.3263 4
24.3829 0.3273 4
22.6602 0.3283 4
20.628 0.3293 4
9.07392 0.0833 5
15.8881 0.0843 5
28.6061 0.0853 5
47.1106 0.0863 5
70.6033 0.0873 5
97.6594 0.0883 5
126.355 0.0893 5
154.457 0.0903 5
179.644 0.0913 5
199.754 0.0923 5
213.007 0.0933 5
218.194 0.0943 5
214.809 0.0953 5
203.11 0.0963 5
184.093 0.0973 5
159.409 0.0983 5
131.195 0.0993 5
101.88 0.1003 5
73.9508 0.1013 5
49.725 0.1023 5
31.1453 0.1033 5
19.6143 0.1043 5
15.8872 0.1053 5
20.029 0.1063 5
31.438 0.1073 5
48.929 0.1083 5
70.8661 0.1093 5
95.3275 0.1103 5
120.287 0.1113 5
143.79 0.1123 5
164.114 0.1133 5
179.889 0.1143 5
190.186 0.1153 5
194.551 0.1163 5
192.995 0.1173 5
185.952 0.1183 5
174.265 0.1193 5
159.023 0.1203 5
141.667 0.1213 5
122.484 0.1223 5
103.077 0.1233 5
83.9229 0.1243 5
67.0744 0.1253 5
51.9656 0.1263 5
39.0885 0.1273 5
28.7443 0.1283 5
21.7131 0.1293 5
17.1468 0.1303 5
14.3738 0.1313 5
14.1891 0.1323 5
13.4823 0.1333 5
14.518 0.1343 5
16.255 0.1353 5
19.2308 0.1363 5
21.8837 0.1373 5
27.0346 0.1383 5
31.1007 0.1393 5
33.3307 0.1403 5
37.6483 0.1413 5
40.936 0.1423 5
45.922 0.1433 5
51.8919 0.1443 5
52.0007 0.1453 5
54.7868 0.1463 5
58.3317 0.1473 5
61.8309 0.1483 5
65.5269 0.1493 5
70.6211 0.1503 5
72.088 0.1513 5
73.5234 0.1523 5
76.965 0.1533 5
78.1162 0.1543 5
78.2632 0.1553 5
82.4336 0.1563 5
81.2556 0.1573 5
78.1045 0.1583 5
78.4349 0.1593 5
72.1932 0.1603 5
66.84 0.1613 5
67.6878 0.1623 5
59.3286 0.1633 5
61.4159 0.1643 5
58.6405 0.1653 5
59.1225 0.1663 5
62.0388 0.1673 5
66.7381 0.1683 5
67.8061 0.1693 5
72.7543 0.1703 5
69.7938 0.1713 5
72.6466 0.1723 5
74.1817 0.1733 5
75.0744 0.1743 5
83.4586 0.1753 5
85.4556 0.1763 5
89.0415 0.1773 5
89.5011 0.1783 5
88.4786 0.1793 5
77.4621 0.1803 5
76.2612 0.1813 5
69.073 0.1823 5
65.7922 0.1833 5
59.5818 0.1843 5
56.5603 0.1853 5
52.7727 0.1863 5
46.7046 0.1873 5
43.3055 0.1883 5
41.9915 0.1893 5
37.5067 0.1903 5
34.3995 0.1913 5
34.4187 0.1923 5
36.345 0.1933 5
32.0792 0.1943 5
31.4719 0.1953 5
36.1236 0.1963 5
39.4161 0.1973 5
37.121 0.1983 5
37.7982 0.1993 5
34.8926 0.2003 5
30.2823 0.2013 5
29.7637 0.2023 5
30.5822 0.2033 5
28.8607 0.2043 5
30.0001 0.2053 5
31.4756 0.2063 5
34.6269 0.2073 5
37.212 0.2083 5
38.0504 0.2093 5
41.1941 0.2103 5
44.516 0.2113 5
47.2633 0.2123 5
51.2876 0.2133 5
51.9464 0.2143 5
50.7534 0.2153 5
50.9504 0.2163 5
50.7869 0.2173 5
48.5021 0.2183 5
45.8276 0.2193 5
42.8578 0.2203 5
44.2652 0.2213 5
42.9563 0.2223 5
39.8995 0.2233 5
36.938 0.2243 5
33.0073 0.2253 5
29.81 0.2263 5
27.9918 0.2273 5
25.9427 0.2283 5
23.7428 0.2293 5
22.2072 0.2303 5
21.2978 0.2313 5
20.9539 0.2323 5
21.7922 0.2333 5
24.0916 0.2343 5
26.0241 0.2353 5
28.158 0.2363 5
32.2346 0.2373 5
36.2741 0.2383 5
44.461 0.2393 5
53.0507 0.2403 5
59.799 0.2413 5
68.7384 0.2423 5
78.8736 0.2433 5
89.8049 0.2443 5
101.733 0.2453 5
114.268 0.2463 5
127.087 0.2473 5
137.28 0.2483 5
149.078 0.2493 5
155.624 0.2503 5
159.341 0.2513 5
161.751 0.2523 5
161.401 0.2533 5
155.465 0.2543 5
148.258 0.2553 5
136.742 0.2563 5
124.7 0.2573 5
111.226 0.2583 5
95.3611 0.2593 5
81.6697 0.2603 5
68.2626 0.2613 5
57.3596 0.2623 5
48.3973 0.2633 5
42.1565 0.2643 5
39.4227 0.2653 5
37.8931 0.2663 5
38.1893 0.2673 5
42.2456 0.2683 5
46.9699 0.2693 5
53.2263 0.2703 5
60.7139 0.2713 5
67.5931 0.2723 5
74.6573 0.2733 5
79.398 0.2743 5
84.9656 0.2753 5
88.5289 0.2763 5
92.0336 0.2773 5
91.0428 0.2783 5
91.3475 0.2793 5
89.6508 0.2803 5
90.2163 0.2813 5
87.5809 0.2823 5
84.475 0.2833 5
81.3373 0.2843 5
78.2141 0.2853 5
75.9408 0.2863 5
71.7444 0.2873 5
67.2895 0.2883 5
63.1247 0.2893 5
58.5358 0.2903 5
54.8648 0.2913 5
51.1918 0.2923 5
47.6818 0.2933 5
44.461 0.2943 5
41.8807 0.2953 5
39.833 0.2963 5
38.7735 0.2973 5
37.1822 0.2983 5
37.6153 0.2993 5
39.012 0.3003 5
41.773 0.3013 5
44.7636 0.3023 5
49.6209 0.3033 5
54.1479 0.3043 5
57.549 0.3053 5
61.4937 0.3063 5
62.84 0.3073 5
64.0165 0.3083 5
67.1552 0.3093 5
68.5976 0.3103 5
67.8852 0.3113 5
67.3013 0.3123 5
64.2413 0.3133 5
60.8158 0.3143 5
56.1073 0.3153 5
51.4883 0.3163 5
45.8923 0.3173 5
40.2126 0.3183 5
34.6746 0.3193 5
29.4766 0.3203 5
24.7805 0.3213 5
20.7042 0.3223 5
16.4927 0.3233 5
12.9423 0.3243 5
11.2482 0.3253 5
9.90222 0.3263 5
16.6936 0.0833 6
15.8048 0.0843 6
15.9903 0.0853 6
20.1962 0.0863 6
22.2494 0.0873 6
26.0892 0.0883 6
23.8916 0.0893 6
25.1794 0.0903 6
28.3005 0.0913 6
33.034 0.0923 6
43.4576 0.0933 6
55.1424 0.0943 6
67.0205 0.0953 6
77.9344 0.0963 6
90.1212 0.0973 6
94.8622 0.0983 6
105.361 0.0993 6
124.008 0.1003 6
134.545 0.1013 6
134.049 0.1023 6
132.507 0.1033 6
137.101 0.1043 6
134.028 0.1053 6
126.324 0.1063 6
112.958 0.1073 6
109.734 0.1083 6
97.1761 0.1093 6
80.0066 0.1103 6
62.1608 0.1113 6
50.2938 0.1123 6
36.4855 0.1133 6
28.9731 0.1143 6
24.4552 0.1153 6
20.4666 0.1163 6
20.0189 0.1173 6
23.0272 0.1183 6
30.2179 0.1193 6
39.7198 0.1203 6
54.0934 0.1213 6
68.0303 0.1223 6
82.0297 0.1233 6
94.035 0.1243 6
114.736 0.1253 6
128.325 0.1263 6
128.541 0.1273 6
130.105 0.1283 6
134.855 0.1293 6
128.518 0.1303 6
119.725 0.1313 6
103.747 0.1323 6
89.8523 0.1333 6
74.0833 0.1343 6
59.0478 0.1353 6
44.051 0.1363 6
32.9956 0.1373 6
24.2012 0.1383 6
18.4212 0.1393 6
19.8465 0.1403 6
25.9339 0.1413 6
35.4954 0.1423 6
45.0148 0.1433 6
55.6669 0.1443 6
69.6049 0.1453 6
83.3867 0.1463 6
99.0938 0.1473 6
111.655 0.1483 6
118.928 0.1493 6
125.787 0.1503 6
130.032 0.1513 6
132.942 0.1523 6
128.445 0.1533 6
123.13 0.1543 6
123.695 0.1553 6
119.97 0.1563 6
114.983 0.1573 6
112.336 0.1583 6
110.425 0.1593 6
107.496 0.1603 6
108.126 0.1613 6
107.939 0.1623 6
108.93 0.1633 6
108.643 0.1643 6
110.98 0.1653 6
108.585 0.1663 6
105.265 0.1673 6
98.686 0.1683 6
90.6061 0.1693 6
80.7332 0.1703 6
70.506 0.1713 6
58.3615 0.1723 6
46.1282 0.1733 6
34.6035 0.1743 6
24.0919 0.1753 6
16.4351 0.1763 6
11.7085 0.1773 6
10.409 0.1783 6
12.3139 0.1793 6
17.4681 0.1803 6
26.0523 0.1813 6
39.7945 0.1823 6
54.2879 0.1833 6
72.5253 0.1843 6
89.9769 0.1853 6
107.542 0.1863 6
124.688 0.1873 6
140.155 0.1883 6
155.624 0.1893 6
167.009 0.1903 6
175.242 0.1913 6
182.227 0.1923 6
183.21 0.1933 6
186.57 0.1943 6
184.236 0.1953 6
179.547 0.1963 6
172.037 0.1973 6
164.336 0.1983 6
155.103 0.1993 6
144.348 0.2003 6
135.002 0.2013 6
124.1 0.2023 6
114.717 0.2033 6
107.527 0.2043 6
98.4082 0.2053 6
89.0832 0.2063 6
79.1937 0.2073 6
72.4819 0.2083 6
64.1194 0.2093 6
57.6327 0.2103 6
50.5737 0.2113 6
45.3684 0.2123 6
37.7596 0.2133 6
30.4598 0.2143 6
25.1097 0.2153 6
19.3006 0.2163 6
14.9766 0.2173 6
11.7814 0.2183 6
10.3903 0.2193 6
10.5459 0.2203 6
14.7395 0.2213 6
19.4943 0.2223 6
26.3869 0.2233 6
36.3161 0.2243 6
47.717 0.2253 6
60.5516 0.2263 6
76.5587 0.2273 6
92.7695 0.2283 6
110.007 0.2293 6
127.248 0.2303 6
142.19 0.2313 6
152.907 0.2323 6
166.641 0.2333 6
174.775 0.2343 6
179.917 0.2353 6
181.228 0.2363 6
177.599 0.2373 6
170.935 0.2383 6
162.363 0.2393 6
149.799 0.2403 6
135.129 0.2413 6
121.328 0.2423 6
106.214 0.2433 6
91.8907 0.2443 6
76.9471 0.2453 6
63.7788 0.2463 6
51.7882 0.2473 6
43.7755 0.2483 6
34.2221 0.2493 6
29.2474 0.2503 6
22.9244 0.2513 6
20.2241 0.2523 6
19.1335 0.2533 6
19.6095 0.2543 6
20.351 0.2553 6
20.9718 0.2563 6
22.5346 0.2573 6
21.9327 0.2583 6
22.8293 0.2593 6
24.0929 0.2603 6
25.1868 0.2613 6
28.6052 0.2623 6
30.8159 0.2633 6
34.2115 0.2643 6
40.0302 0.2653 6
45.1801 0.2663 6
51.3744 0.2673 6
56.6253 0.2683 6
62.2654 0.2693 6
69.9277 0.2703 6
76.6131 0.2713 6
84.2033 0.2723 6
89.021 0.2733 6
95.0372 0.2743 6
98.9789 0.2753 6
102.285 0.2763 6
106.902 0.2773 6
106.799 0.2783 6
105.383 0.2793 6
101.742 0.2803 6
98.4858 0.2813 6
93.3621 0.2823 6
87.282 0.2833 6
80.0246 0.2843 6
73.6921 0.2853 6
67.7343 0.2863 6
61.5786 0.2873 6
55.6907 0.2883 6
51.6422 0.2893 6
48.5126 0.2903 6
46.2215 0.2913 6
44.4853 0.2923 6
43.0875 0.2933 6
43.4597 0.2943 6
45.8721 0.2953 6
47.8373 0.2963 6
50.8567 0.2973 6
54.1951 0.2983 6
57.5428 0.2993 6
60.8349 0.3003 6
63.6833 0.3013 6
68.2109 0.3023 6
68.1905 0.3033 6
68.4333 0.3043 6
68.5341 0.3053 6
66.5258 0.3063 6
63.2532 0.3073 6
58.4621 0.3083 6
54.6015 0.3093 6
49.4468 0.3103 6
44.2578 0.3113 6
37.3618 0.3123 6
31.6149 0.3133 6
26.0635 0.3143 6
21.2392 0.3153 6
17.2104 0.3163 6
13.4663 0.3173 6
10.9676 0.3183 6
8.96141 0.3193 6
8.02689 0.3203 6
7.9073 0.3213 6
8.88601 0.3223 6
10.2871 0.3233 6
12.2474 0.3243 6
44.5954 0.0833 7
40.0289 0.0843 7
36.1431 0.0853 7
32.8426 0.0863 7
29.9455 0.0873 7
27.23 0.0883 7
24.4855 0.0893 7
21.5624 0.0903 7
18.4126 0.0913 7
15.115 0.0923 7
11.8818 0.0933 7
9.04451 0.0943 7
7.01952 0.0953 7
6.25792 0.0963 7
7.18528 0.0973 7
10.1386 0.0983 7
15.3089 0.0993 7
22.6969 0.1003 7
32.0888 0.1013 7
43.0556 0.1023 7
54.9781 0.1033 7
67.1635 0.1043 7
78.6965 0.1053 7
89.2139 0.1063 7
97.1495 0.1073 7
102.869 0.1083 7
105.348 0.1093 7
105.028 0.1103 7
101.635 0.1113 7
95.0993 0.1123 7
88.2561 0.1133 7
80.0364 0.1143 7
72.3701 0.1153 7
63.4992 0.1163 7
55.4685 0.1173 7
50.0665 0.1183 7
48.1546 0.1193 7
51.1128 0.1203 7
52.2664 0.1213 7
56.6127 0.1223 7
62.6482 0.1233 7
66.6556 0.1243 7
71.5676 0.1253 7
78.4524 0.1263 7
80.084 0.1273 7
81.8978 0.1283 7
79.0472 0.1293 7
72.9542 0.1303 7
64.7081 0.1313 7
55.0142 0.1323 7
46.9094 0.1333 7
36.8808 0.1343 7
28.3848 0.1353 7
20.7462 0.1363 7
15.3005 0.1373 7
11.4502 0.1383 7
12.4205 0.1393 7
17.0848 0.1403 7
20.5553 0.1413 7
26.9959 0.1423 7
34.4061 0.1433 7
41.9737 0.1443 7
46.3033 0.1453 7
50.4235 0.1463 7
54.1567 0.1473 7
56.3539 0.1483 7
57.8027 0.1493 7
56.5196 0.1503 7
53.9487 0.1513 7
49.8042 0.1523 7
45.8062 0.1533 7
46.7819 0.1543 7
44.328 0.1553 7
46.729 0.1563 7
41.4238 0.1573 7
38.1037 0.1583 7
37.5921 0.1593 7
35.6409 0.1603 7
33.3465 0.1613 7
34.1503 0.1623 7
34.6598 0.1633 7
33.0562 0.1643 7
33.5356 0.1653 7
34.6903 0.1663 7
32.9102 0.1673 7
32.4403 0.1683 7
32.0918 0.1693 7
31.8707 0.1703 7
31.7923 0.1713 7
28.705 0.1723 7
27.4109 0.1733 7
30.5891 0.1743 7
35.8126 0.1753 7
37.1876 0.1763 7
43.9307 0.1773 7
48.2061 0.1783 7
55.4112 0.1793 7
64.6107 0.1803 7
72.7888 0.1813 7
76.6009 0.1823 7
88.1005 0.1833 7
99.1727 0.1843 7
108.808 0.1853 7
118.521 0.1863 7
127.066 0.1873 7
130.085 0.1883 7
137.067 0.1893 7
150.742 0.1903 7
160.992 0.1913 7
173.944 0.1923 7
182.507 0.1933 7
189.652 0.1943 7
192.884 0.1953 7
197.65 0.1963 7
203.006 0.1973 7
201.678 0.1983 7
193.276 0.1993 7
191.333 0.2003 7
191.263 0.2013 7
196.294 0.2023 7
187.957 0.2033 7
178.727 0.2043 7
167.331 0.2053 7
163.042 0.2063 7
155.491 0.2073 7
145.833 0.2083 7
137.432 0.2093 7
135.929 0.2103 7
126.301 0.2113 7
122.334 0.2123 7
113.199 0.2133 7
107.994 0.2143 7
104.914 0.2153 7
103.053 0.2163 7
97.9627 0.2173 7
86.7151 0.2183 7
84.5378 0.2193 7
84.1161 0.2203 7
81.0455 0.2213 7
79.7162 0.2223 7
77.6032 0.2233 7
74.9127 0.2243 7
70.952 0.2253 7
68.2947 0.2263 7
66.3904 0.2273 7
59.1046 0.2283 7
52.9848 0.2293 7
51.307 0.2303 7
46.6168 0.2313 7
40.8002 0.2323 7
36.8645 0.2333 7
33.5116 0.2343 7
29.9453 0.2353 7
26.1903 0.2363 7
24.4172 0.2373 7
21.9344 0.2383 7
20.6823 0.2393 7
21.6039 0.2403 7
24.2555 0.2413 7
26.3889 0.2423 7
29.9834 0.2433 7
34.7256 0.2443 7
39.6206 0.2453 7
46.5954 0.2463 7
53.2319 0.2473 7
58.0964 0.2483 7
61.5273 0.2493 7
65.2949 0.2503 7
68.4859 0.2513 7
68.622 0.2523 7
68.5244 0.2533 7
67.5104 0.2543 7
65.2707 0.2553 7
62.4258 0.2563 7
59.8211 0.2573 7
57.7868 0.2583 7
54.9077 0.2593 7
53.4952 0.2603 7
52.5581 0.2613 7
51.1795 0.2623 7
51.7233 0.2633 7
53.475 0.2643 7
56.9394 0.2653 7
61.1335 0.2663 7
65.7154 0.2673 7
68.6909 0.2683 7
73.5969 0.2693 7
77.5427 0.2703 7
81.2388 0.2713 7
83.4893 0.2723 7
83.364 0.2733 7
82.0054 0.2743 7
80.0377 0.2753 7
75.357 0.2763 7
69.8101 0.2773 7
63.8514 0.2783 7
56.2192 0.2793 7
49.2097 0.2803 7
42.4223 0.2813 7
34.9702 0.2823 7
31.4914 0.2833 7
29.4797 0.2843 7
29.2189 0.2853 7
30.3629 0.2863 7
33.5808 0.2873 7
38.4451 0.2883 7
45.1258 0.2893 7
52.2415 0.2903 7
59.4242 0.2913 7
66.7909 0.2923 7
72.6829 0.2933 7
78.8021 0.2943 7
82.3877 0.2953 7
83.8613 0.2963 7
83.6764 0.2973 7
81.6883 0.2983 7
78.1131 0.2993 7
72.7738 0.3003 7
67.3472 0.3013 7
62.0557 0.3023 7
56.2151 0.3033 7
50.1197 0.3043 7
44.9623 0.3053 7
41.6756 0.3063 7
38.3523 0.3073 7
36.6744 0.3083 7
36.038 0.3093 7
37.7902 0.3103 7
40.5323 0.3113 7
44.4185 0.3123 7
46.31 0.3133 7
49.6832 0.3143 7
53.7819 0.3153 7
57.1972 0.3163 7
59.3336 0.3173 7
60.029 0.3183 7
60.7122 0.3193 7
59.4979 0.3203 7
2.73373 0.0833 8
3.23916 0.0843 8
3.63914 0.0853 8
3.82606 0.0863 8
3.27528 0.0873 8
2.88347 0.0883 8
2.25842 0.0893 8
1.81211 0.0903 8
1.84591 0.0913 8
1.74623 0.0923 8
1.62012 0.0933 8
3.32758 0.0943 8
5.5197 0.0953 8
9.63651 0.0963 8
15.8646 0.0973 8
22.8117 0.0983 8
30.9888 0.0993 8
40.4674 0.1003 8
51.0496 0.1013 8
62.9625 0.1023 8
76.1538 0.1033 8
88.5854 0.1043 8
99.9514 0.1053 8
108.954 0.1063 8
116.731 0.1073 8
121.142 0.1083 8
124.497 0.1093 8
124.482 0.1103 8
122.978 0.1113 8
118.383 0.1123 8
111.616 0.1133 8
103.822 0.1143 8
95.028 0.1153 8
85.6528 0.1163 8
74.7162 0.1173 8
66.8543 0.1183 8
56.6275 0.1193 8
49.4047 0.1203 8
41.702 0.1213 8
34.5321 0.1223 8
25.0347 0.1233 8
20.0713 0.1243 8
12.4315 0.1253 8
11.728 0.1263 8
11.4213 0.1273 8
11.6973 0.1283 8
13.5661 0.1293 8
16.1751 0.1303 8
17.657 0.1313 8
19.2826 0.1323 8
24.1076 0.1333 8
28.8414 0.1343 8
29.9598 0.1353 8
33.7769 0.1363 8
39.4456 0.1373 8
44.9913 0.1383 8
48.2677 0.1393 8
49.5213 0.1403 8
50.3786 0.1413 8
50.3918 0.1423 8
48.0581 0.1433 8
46.8666 0.1443 8
43.1875 0.1453 8
41.0787 0.1463 8
36.7468 0.1473 8
33.3377 0.1483 8
31.5042 0.1493 8
34.6306 0.1503 8
32.8988 0.1513 8
34.861 0.1523 8
36.0211 0.1533 8
39.555 0.1543 8
46.4791 0.1553 8
50.5463 0.1563 8
52.8252 0.1573 8
60.1709 0.1583 8
68.1619 0.1593 8
71.6054 0.1603 8
71.0303 0.1613 8
69.271 0.1623 8
66.0514 0.1633 8
60.9262 0.1643 8
56.7397 0.1653 8
47.485 0.1663 8
42.1043 0.1673 8
38.3628 0.1683 8
37.971 0.1693 8
38.4295 0.1703 8
38.7837 0.1713 8
40.231 0.1723 8
43.3169 0.1733 8
46.2289 0.1743 8
50.2439 0.1753 8
55.074 0.1763 8
60.4509 0.1773 8
63.3593 0.1783 8
64.0259 0.1793 8
63.0706 0.1803 8
62.3277 0.1813 8
60.8961 0.1823 8
59.0922 0.1833 8
56.8037 0.1843 8
55.3121 0.1853 8
53.9791 0.1863 8
52.5082 0.1873 8
53.0196 0.1883 8
59.4684 0.1893 8
63.2808 0.1903 8
72.7053 0.1913 8
79.5938 0.1923 8
86.7686 0.1933 8
91.0815 0.1943 8
98.9762 0.1953 8
105.438 0.1963 8
112.066 0.1973 8
111.566 0.1983 8
117.348 0.1993 8
118.278 0.2003 8
113.066 0.2013 8
109.854 0.2023 8
103.274 0.2033 8
101.026 0.2043 8
95.8508 0.2053 8
92.1382 0.2063 8
87.3897 0.2073 8
85.6614 0.2083 8
82.5886 0.2093 8
76.9064 0.2103 8
72.6256 0.2113 8
68.7565 0.2123 8
65.2022 0.2133 8
61.9153 0.2143 8
57.2682 0.2153 8
53.0068 0.2163 8
48.2373 0.2173 8
43.6082 0.2183 8
39.8167 0.2193 8
37.0385 0.2203 8
34.8009 0.2213 8
33.9974 0.2223 8
34.0109 0.2233 8
35.9985 0.2243 8
39.8492 0.2253 8
44.4819 0.2263 8
51.2479 0.2273 8
59.0749 0.2283 8
68.5493 0.2293 8
77.3575 0.2303 8
86.2829 0.2313 8
94.3385 0.2323 8
102.819 0.2333 8
108.88 0.2343 8
113.439 0.2353 8
115.967 0.2363 8
115.642 0.2373 8
115.981 0.2383 8
114.297 0.2393 8
111.018 0.2403 8
107.986 0.2413 8
104.483 0.2423 8
101.776 0.2433 8
98.2078 0.2443 8
96.7002 0.2453 8
94.394 0.2463 8
92.7342 0.2473 8
87.8126 0.2483 8
85.6436 0.2493 8
85.6031 0.2503 8
83.5194 0.2513 8
82.9748 0.2523 8
82.0361 0.2533 8
80.8636 0.2543 8
83.3408 0.2553 8
83.9237 0.2563 8
84.6805 0.2573 8
84.3937 0.2583 8
84.2795 0.2593 8
79.9311 0.2603 8
79.6704 0.2613 8
82.5774 0.2623 8
84.2488 0.2633 8
87.5693 0.2643 8
90.173 0.2653 8
96.2044 0.2663 8
98.3905 0.2673 8
99.1991 0.2683 8
100.012 0.2693 8
99.0305 0.2703 8
99.1134 0.2713 8
97.5901 0.2723 8
95.285 0.2733 8
91.31 0.2743 8
87.6274 0.2753 8
82.3656 0.2763 8
77.6352 0.2773 8
71.8797 0.2783 8
65.3067 0.2793 8
62.0652 0.2803 8
56.8122 0.2813 8
52.9249 0.2823 8
51.6543 0.2833 8
50.8398 0.2843 8
51.0179 0.2853 8
51.8366 0.2863 8
54.2154 0.2873 8
56.8264 0.2883 8
58.7879 0.2893 8
63.5019 0.2903 8
67.1724 0.2913 8
70.835 0.2923 8
72.3914 0.2933 8
74.3667 0.2943 8
72.962 0.2953 8
71.24 0.2963 8
66.4914 0.2973 8
61.5551 0.2983 8
56.2077 0.2993 8
49.1638 0.3003 8
42.7748 0.3013 8
36.8896 0.3023 8
31.4242 0.3033 8
26.47 0.3043 8
22.6274 0.3053 8
19.6165 0.3063 8
17.3509 0.3073 8
15.8852 0.3083 8
15.3128 0.3093 8
15.4976 0.3103 8
15.9559 0.3113 8
16.2614 0.3123 8
16.4202 0.3133 8
16.5034 0.3143 8
16.4464 0.3153 8
15.956 0.3163 8
60.7285 0.0833 9
61.9384 0.0843 9
65.2817 0.0853 9
66.1594 0.0863 9
66.7712 0.0873 9
60.6224 0.0883 9
57.7468 0.0893 9
52.7299 0.0903 9
46.9629 0.0913 9
40.776 0.0923 9
36.8463 0.0933 9
38.2235 0.0943 9
34.4985 0.0953 9
30.6515 0.0963 9
26.6828 0.0973 9
25.934 0.0983 9
26.1805 0.0993 9
37.5682 0.1003 9
41.3672 0.1013 9
44.185 0.1023 9
52.6456 0.1033 9
54.047 0.1043 9
52.9848 0.1053 9
54.654 0.1063 9
55.202 0.1073 9
57.4581 0.1083 9
64.8965 0.1093 9
69.3689 0.1103 9
76.9177 0.1113 9
88.2614 0.1123 9
95.0724 0.1133 9
98.7506 0.1143 9
103.873 0.1153 9
109.243 0.1163 9
107.286 0.1173 9
104.565 0.1183 9
101 0.1193 9
93.0001 0.1203 9
84.0489 0.1213 9
72.3879 0.1223 9
63.051 0.1233 9
51.6703 0.1243 9
41.3373 0.1253 9
32.9006 0.1263 9
26.2088 0.1273 9
22.4062 0.1283 9
22.3008 0.1293 9
22.0332 0.1303 9
36.511 0.1313 9
43.9173 0.1323 9
52.3974 0.1333 9
66.7725 0.1343 9
79.7013 0.1353 9
90.0891 0.1363 9
98.4608 0.1373 9
106.721 0.1383 9
108.807 0.1393 9
109.079 0.1403 9
106.009 0.1413 9
99.4163 0.1423 9
88.8769 0.1433 9
75.4287 0.1443 9
60.1625 0.1453 9
44.957 0.1463 9
31.8503 0.1473 9
20.6469 0.1483 9
12.5893 0.1493 9
7.76384 0.1503 9
7.66721 0.1513 9
10.2121 0.1523 9
15.8515 0.1533 9
22.15 0.1543 9
29.8127 0.1553 9
40.9132 0.1563 9
52.6638 0.1573 9
61.7649 0.1583 9
68.3618 0.1593 9
76.2893 0.1603 9
84.0933 0.1613 9
85.5628 0.1623 9
89.7892 0.1633 9
97.7469 0.1643 9
99.523 0.1653 9
100.666 0.1663 9
104.294 0.1673 9
109.179 0.1683 9
111.933 0.1693 9
116.421 0.1703 9
121.634 0.1713 9
128.977 0.1723 9
135.135 0.1733 9
136.393 0.1743 9
141.415 0.1753 9
137.038 0.1763 9
130.707 0.1773 9
122.822 0.1783 9
112.275 0.1793 9
98.4675 0.1803 9
84.084 0.1813 9
68.9432 0.1823 9
56.1819 0.1833 9
44.5231 0.1843 9
38.581 0.1853 9
36.3267 0.1863 9
36.7713 0.1873 9
45.9065 0.1883 9
59.7436 0.1893 9
79.6683 0.1903 9
102.528 0.1913 9
128.966 0.1923 9
157.176 0.1933 9
180.147 0.1943 9
202.879 0.1953 9
221.137 0.1963 9
235.076 0.1973 9
242.503 0.1983 9
245.414 0.1993 9
239.363 0.2003 9
228.913 0.2013 9
212.132 0.2023 9
190.363 0.2033 9
168.581 0.2043 9
145.462 0.2053 9
122.759 0.2063 9
103.613 0.2073 9
85.7701 0.2083 9
72.5477 0.2093 9
64.4936 0.2103 9
61.4439 0.2113 9
63.1819 0.2123 9
68.9353 0.2133 9
82.5707 0.2143 9
97.3947 0.2153 9
113.325 0.2163 9
131.829 0.2173 9
154.277 0.2183 9
170.438 0.2193 9
186.356 0.2203 9
198.316 0.2213 9
205.702 0.2223 9
211.08 0.2233 9
212.955 0.2243 9
206.935 0.2253 9
196.559 0.2263 9
181.362 0.2273 9
169.287 0.2283 9
153.171 0.2293 9
138.751 0.2303 9
123.141 0.2313 9
109.038 0.2323 9
96.3508 0.2333 9
83.5755 0.2343 9
72.5885 0.2353 9
63.6665 0.2363 9
58.8574 0.2373 9
53.3203 0.2383 9
49.6022 0.2393 9
47.1086 0.2403 9
46.5521 0.2413 9
46.4879 0.2423 9
47.8037 0.2433 9
49.8441 0.2443 9
50.8892 0.2453 9
51.3446 0.2463 9
51.5168 0.2473 9
51.4523 0.2483 9
52.6975 0.2493 9
50.8921 0.2503 9
51.3154 0.2513 9
48.3863 0.2523 9
45.3004 0.2533 9
43.6982 0.2543 9
43.1366 0.2553 9
43.6078 0.2563 9
44.9701 0.2573 9
48.6101 0.2583 9
50.5807 0.2593 9
54.6511 0.2603 9
59.7576 0.2613 9
62.7289 0.2623 9
67.3488 0.2633 9
71.3413 0.2643 9
77.1533 0.2653 9
79.5985 0.2663 9
83.8331 0.2673 9
84.6553 0.2683 9
85.815 0.2693 9
85.5409 0.2703 9
85.3846 0.2713 9
81.9805 0.2723 9
79.6818 0.2733 9
75.2608 0.2743 9
73.2326 0.2753 9
69.1412 0.2763 9
64.7389 0.2773 9
60.9873 0.2783 9
58.3942 0.2793 9
55.9637 0.2803 9
53.8231 0.2813 9
52.1705 0.2823 9
48.6349 0.2833 9
45.8053 0.2843 9
42.9823 0.2853 9
40.1125 0.2863 9
38.688 0.2873 9
36.1745 0.2883 9
33.9977 0.2893 9
29.9304 0.2903 9
25.5206 0.2913 9
21.1378 0.2923 9
16.7061 0.2933 9
14.6993 0.2943 9
12.3712 0.2953 9
10.1909 0.2963 9
8.57619 0.2973 9
7.33475 0.2983 9
7.94223 0.2993 9
8.56368 0.3003 9
10.3715 0.3013 9
12.5592 0.3023 9
15.2272 0.3033 9
18.0788 0.3043 9
21.0344 0.3053 9
23.7382 0.3063 9
26.9763 0.3073 9
29.6327 0.3083 9
31.5811 0.3093 9
33.2843 0.3103 9
34.115 0.3113 9
34.9947 0.3123 9
