1.48972e+07 0.0875 0
5.4874e+06 0.09 0
478120 0.0925 0
3.83453e+06 0.0975 0
6.65288e+06 0.1 0
4.69233e+06 0.105 0
1.71791e+06 0.1075 0
61096.6 0.11 0
684421 0.1125 0
3.009e+06 0.115 0
6.07106e+06 0.1225 0
4.14029e+06 0.125 0
464423 0.13 0
33.4492 0.1325 0
907005 0.1375 0
1.28951e+06 0.14 0
769603 0.1475 0
468233 0.15 0
310827 0.155 0
378932 0.1575 0
492860 0.16 0
709259 0.1625 0
904050 0.165 0
1.23408e+06 0.1725 0
1.17587e+06 0.175 0
860018 0.1775 0
537191 0.18 0
273890 0.1825 0
88427.6 0.1875 0
190270 0.19 0
359410 0.1925 0
594172 0.195 0
853071 0.1975 0
1.06473e+06 0.2 0
1.25202e+06 0.2025 0
1.43034e+06 0.205 0
1.55006e+06 0.2075 0
1.42521e+06 0.2125 0
1.32582e+06 0.215 0
1.12609e+06 0.2175 0
581983 0.2225 0
399585 0.225 0
330653 0.2275 0
351975 0.23 0
418175 0.2325 0
504056 0.2375 0
499657 0.24 0
399333 0.245 0
283031 0.2475 0
204134 0.25 0
142142 0.2525 0
188849 0.255 0
290296 0.2575 0
397625 0.26 0
421466 0.2625 0
472901 0.265 0
400738 0.2675 0
199828 0.2725 0
100808 0.275 0
29540.5 0.2775 0
3750.17 0.28 0
20275 0.2825 0
55501.7 0.285 0
96932.9 0.2875 0
123004 0.29 0
97114.6 0.2925 0
67019.3 0.295 0
36477.7 0.2975 0
18100.7 0.3 0
24838.1 0.305 0
52062.4 0.3075 0
114689 0.3125 0
160657 0.315 0
3.1152e+06 0.0825 1
2.13675e+06 0.085 1
2.30136e+06 0.0875 1
1.0542e+07 0.095 1
1.48058e+07 0.0975 1
1.87507e+07 0.1 1
2.07246e+07 0.1025 1
2.06818e+07 0.105 1
1.8778e+07 0.1075 1
1.20926e+07 0.1125 1
9.00812e+06 0.115 1
6.42148e+06 0.1175 1
2.69144e+06 0.125 1
2.23675e+06 0.1275 1
732394 0.135 1
582342 0.1375 1
586297 0.1425 1
816016 0.145 1
1.07911e+06 0.1475 1
1.20405e+06 0.15 1
1.19288e+06 0.1525 1
1.11663e+06 0.155 1
1.00308e+06 0.1575 1
908402 0.16 1
807190 0.1625 1
531007 0.1675 1
421769 0.17 1
330940 0.1725 1
280382 0.175 1
307837 0.1775 1
468898 0.18 1
659228 0.1825 1
926616 0.185 1
1.08147e+06 0.1875 1
1.16517e+06 0.19 1
1.02025e+06 0.195 1
917153 0.1975 1
865702 0.2 1
926869 0.205 1
975244 0.2075 1
1.05906e+06 0.2125 1
1.07212e+06 0.215 1
1.2297e+06 0.2225 1
1.28991e+06 0.225 1
1.06202e+06 0.23 1
854545 0.2325 1
596151 0.24 1
685894 0.2425 1
904606 0.2475 1
917268 0.25 1
859083 0.2525 1
764424 0.255 1
678394 0.2575 1
634940 0.26 1
705240 0.265 1
881788 0.2675 1
1.05991e+06 0.27 1
1.18553e+06 0.2725 1
1.24359e+06 0.275 1
1.22848e+06 0.2775 1
1.13716e+06 0.28 1
1.01104e+06 0.2825 1
819657 0.285 1
711249 0.2875 1
683699 0.29 1
645667 0.2925 1
650797 0.295 1
666937 0.2975 1
671861 0.3 1
643479 0.3025 1
592509 0.305 1
520114 0.3075 1
459506 0.31 1
389018 0.3125 1
329807 0.315 1
7.54027e+06 0.085 2
8.69645e+06 0.0875 2
9.90696e+06 0.0925 2
9.83862e+06 0.095 2
1.00828e+07 0.1025 2
1.08755e+07 0.105 2
1.17996e+07 0.11 2
1.11629e+07 0.1125 2
7.27089e+06 0.12 2
7.01952e+06 0.1225 2
8.36989e+06 0.1275 2
8.78862e+06 0.13 2
8.4616e+06 0.1325 2
7.42495e+06 0.135 2
5.72609e+06 0.1375 2
1.35266e+06 0.145 2
890813 0.1475 2
692328 0.15 2
401802 0.1525 2
220009 0.155 2
275655 0.16 2
610553 0.1625 2
1.52399e+06 0.17 2
1.53612e+06 0.1725 2
1.43508e+06 0.175 2
1.03062e+06 0.1775 2
857453 0.18 2
647172 0.1825 2
533328 0.185 2
675682 0.1875 2
764353 0.19 2
890664 0.1925 2
1.12948e+06 0.195 2
1.36092e+06 0.1975 2
1.44834e+06 0.2025 2
1.44448e+06 0.205 2
1.43221e+06 0.2075 2
1.03898e+06 0.2125 2
872221 0.215 2
673347 0.2175 2
544527 0.22 2
446300 0.2225 2
376511 0.225 2
383222 0.2275 2
396244 0.23 2
421418 0.2325 2
451100 0.235 2
457618 0.2375 2
517395 0.24 2
587322 0.2425 2
665687 0.245 2
752024 0.2475 2
707780 0.2525 2
682188 0.255 2
584173 0.2575 2
443735 0.2625 2
395540 0.265 2
367650 0.2675 2
357935 0.27 2
372644 0.2725 2
387899 0.275 2
437155 0.2775 2
548514 0.28 2
732362 0.2825 2
920115 0.285 2
1.12677e+06 0.2875 2
1.29803e+06 0.29 2
1.45374e+06 0.2925 2
1.6053e+06 0.295 2
1.70708e+06 0.2975 2
1.61821e+06 0.3 2
1.2554e+06 0.305 2
959484 0.3075 2
711905 0.31 2
488590 0.3125 2
346452 0.315 2
3.57913e+06 0.075 3
5.68974e+06 0.0775 3
1.50424e+07 0.0825 3
1.93193e+07 0.085 3
2.02882e+07 0.09 3
1.70787e+07 0.0925 3
8.09164e+06 0.1 3
7.98101e+06 0.1025 3
9.1666e+06 0.1075 3
8.92971e+06 0.11 3
6.03791e+06 0.1175 3
6.05614e+06 0.12 3
7.17686e+06 0.125 3
7.10721e+06 0.1275 3
6.47392e+06 0.13 3
3.98599e+06 0.135 3
2.9223e+06 0.1375 3
1.61681e+06 0.1425 3
1.50751e+06 0.145 3
772174 0.1525 3
450058 0.155 3
205174 0.1575 3
136058 0.16 3
242569 0.1625 3
845922 0.1675 3
1.13481e+06 0.17 3
1.49873e+06 0.1775 3
1.39177e+06 0.18 3
1.06065e+06 0.185 3
880841 0.1875 3
699961 0.19 3
937575 0.195 3
1.09178e+06 0.1975 3
1.41714e+06 0.2 3
1.67211e+06 0.2025 3
1.88792e+06 0.205 3
2.07512e+06 0.2075 3
2.04669e+06 0.21 3
1.78761e+06 0.2125 3
1.31318e+06 0.2175 3
1.02365e+06 0.22 3
829200 0.2225 3
651407 0.225 3
589042 0.2275 3
575209 0.23 3
448549 0.2375 3
352033 0.24 3
297444 0.2425 3
206367 0.245 3
194267 0.2475 3
206308 0.25 3
222873 0.2525 3
247393 0.255 3
246987 0.2575 3
244210 0.26 3
248719 0.2625 3
258493 0.265 3
333643 0.2675 3
398766 0.27 3
483636 0.2725 3
500600 0.275 3
527883 0.2775 3
515327 0.28 3
546125 0.2825 3
500539 0.285 3
501836 0.2875 3
547417 0.29 3
629615 0.2925 3
748083 0.295 3
857367 0.2975 3
1.00373e+06 0.3 3
1.11518e+06 0.3025 3
1.20452e+06 0.305 3
1.28454e+06 0.31 3
1.24402e+06 0.3125 3
1.16238e+06 0.315 3
1.08529e+06 0.0675 4
1.13153e+06 0.07 4
1.94517e+06 0.0775 4
2.13594e+06 0.08 4
2.44144e+06 0.09 4
2.26546e+06 0.0925 4
2.48734e+06 0.1 4
2.84499e+06 0.1025 4
4.3223e+06 0.105 4
6.30086e+06 0.1075 4
8.47325e+06 0.11 4
1.18188e+07 0.1175 4
1.0989e+07 0.12 4
9.48734e+06 0.1225 4
6.22565e+06 0.1275 4
4.46509e+06 0.13 4
3.52935e+06 0.1325 4
2.01235e+06 0.1375 4
1.48296e+06 0.14 4
1.20476e+06 0.1425 4
1.07079e+06 0.145 4
947518 0.1475 4
1.61296e+06 0.1525 4
2.02596e+06 0.155 4
2.24688e+06 0.1575 4
2.07979e+06 0.1625 4
1.75152e+06 0.165 4
2.26345e+06 0.1725 4
2.91571e+06 0.175 4
4.25483e+06 0.18 4
4.54106e+06 0.1825 4
4.49216e+06 0.185 4
3.78331e+06 0.19 4
3.07368e+06 0.1925 4
2.42259e+06 0.195 4
1.83967e+06 0.1975 4
1.29356e+06 0.2 4
945767 0.2025 4
802740 0.205 4
707724 0.2075 4
717989 0.21 4
805150 0.2125 4
845487 0.215 4
880222 0.2175 4
906919 0.22 4
913718 0.2225 4
898507 0.225 4
844676 0.2275 4
788754 0.23 4
751529 0.2325 4
663195 0.235 4
614089 0.2375 4
561959 0.24 4
559171 0.2425 4
630528 0.2475 4
620099 0.25 4
651837 0.2525 4
639342 0.255 4
681105 0.2575 4
785951 0.26 4
859297 0.2625 4
940541 0.265 4
961687 0.2675 4
949865 0.27 4
940505 0.2725 4
929951 0.275 4
946870 0.2775 4
904520 0.2825 4
822313 0.285 4
673150 0.2875 4
501294 0.29 4
429812 0.2925 4
425378 0.295 4
571413 0.3 4
641517 0.3025 4
657554 0.3075 4
630041 0.31 4
600148 0.3125 4
1.60628e+06 0.055 5
947096 0.0575 5
434800 0.0625 5
781015 0.065 5
1.80826e+06 0.0725 5
1.58432e+06 0.075 5
815883 0.08 5
630659 0.0825 5
814712 0.0875 5
979533 0.09 5
966430 0.0975 5
876126 0.1 5
750521 0.105 5
708453 0.1075 5
696410 0.1125 5
759498 0.115 5
896733 0.1225 5
759335 0.125 5
357342 0.13 5
267904 0.1325 5
392754 0.1375 5
561833 0.14 5
494515 0.1475 5
555599 0.15 5
1.01088e+06 0.155 5
1.39006e+06 0.1575 5
1.48991e+06 0.1625 5
1.39851e+06 0.165 5
1.47238e+06 0.1675 5
1.68667e+06 0.17 5
1.71443e+06 0.1725 5
2.02892e+06 0.175 5
1.67786e+06 0.18 5
1.17215e+06 0.1825 5
627019 0.185 5
220903 0.1875 5
215816 0.19 5
471679 0.1925 5
1.00951e+06 0.195 5
1.44796e+06 0.1975 5
1.79376e+06 0.2 5
1.8766e+06 0.205 5
1.81506e+06 0.2075 5
1.79373e+06 0.21 5
1.85238e+06 0.2125 5
1.91375e+06 0.215 5
1.73847e+06 0.2175 5
1.52948e+06 0.22 5
1.18932e+06 0.2225 5
874456 0.225 5
330465 0.23 5
190979 0.2325 5
150755 0.2375 5
194151 0.24 5
255037 0.2425 5
358426 0.245 5
511833 0.2475 5
661211 0.25 5
811585 0.2525 5
906176 0.255 5
980621 0.2575 5
1.08547e+06 0.26 5
1.24013e+06 0.2625 5
1.21428e+06 0.265 5
1.19421e+06 0.27 5
1.2595e+06 0.2725 5
1.32004e+06 0.275 5
1.36861e+06 0.2775 5
1.39961e+06 0.28 5
1.41589e+06 0.2825 5
1.31781e+06 0.285 5
1.118e+06 0.2875 5
982783 0.29 5
907884 0.2925 5
934904 0.295 5
1.02982e+06 0.2975 5
1.12208e+06 0.3 5
1.13473e+06 0.3025 5
1.03186e+06 0.305 5
826872 0.3075 5
598378 0.31 5
0 0.04 6
91935.9 0.065 6
271409 0.0675 6
835501 0.0775 6
1.08996e+06 0.08 6
1.31248e+06 0.085 6
1.51052e+06 0.09 6
1.58935e+06 0.0925 6
1.62324e+06 0.095 6
1.36926e+06 0.0975 6
1.07797e+06 0.1 6
916049 0.1025 6
911620 0.105 6
841090 0.1075 6
930760 0.11 6
1.15672e+06 0.1125 6
1.16778e+06 0.115 6
1.24429e+06 0.12 6
1.14808e+06 0.1225 6
1.02233e+06 0.125 6
807134 0.1275 6
561843 0.13 6
345800 0.1325 6
370510 0.14 6
486126 0.1425 6
671535 0.145 6
956746 0.15 6
1.21201e+06 0.1525 6
1.65289e+06 0.1575 6
1.98652e+06 0.16 6
2.36289e+06 0.1625 6
2.6001e+06 0.165 6
2.72904e+06 0.1675 6
2.49724e+06 0.17 6
2.0453e+06 0.1725 6
898026 0.1775 6
395828 0.18 6
82930.4 0.1825 6
23639 0.185 6
180422 0.1875 6
475009 0.19 6
1.24718e+06 0.195 6
1.52154e+06 0.1975 6
1.68948e+06 0.2 6
1.63594e+06 0.2025 6
1.59344e+06 0.205 6
1.43015e+06 0.2075 6
1.25726e+06 0.21 6
1.09329e+06 0.2125 6
913416 0.215 6
738003 0.2175 6
649347 0.22 6
637072 0.2225 6
677420 0.225 6
692573 0.2275 6
714714 0.23 6
754758 0.2325 6
783735 0.235 6
670295 0.2375 6
599937 0.24 6
538763 0.2425 6
418887 0.245 6
339176 0.2475 6
321919 0.25 6
362289 0.2525 6
534765 0.255 6
817447 0.2575 6
1.1509e+06 0.26 6
1.43366e+06 0.2625 6
1.67494e+06 0.265 6
1.85282e+06 0.2675 6
1.92976e+06 0.27 6
1.93936e+06 0.2725 6
1.89523e+06 0.275 6
1.80606e+06 0.2775 6
1.72362e+06 0.28 6
1.62811e+06 0.2825 6
1.47974e+06 0.285 6
1.36069e+06 0.2875 6
1.27637e+06 0.29 6
1.19025e+06 0.2925 6
1.13926e+06 0.295 6
1.07051e+06 0.2975 6
1.01311e+06 0.3 6
877538 0.3025 6
716082 0.305 6
539923 0.3075 6
12987.5 0.0125 7
720711 0.025 7
988771 0.03 7
912837 0.0325 7
741306 0.035 7
173532 0.0425 7
259113 0.045 7
668858 0.05 7
754335 0.0525 7
666017 0.055 7
198208 0.06 7
47613 0.0625 7
53737.6 0.065 7
192985 0.0675 7
378043 0.07 7
480276 0.0775 7
369061 0.08 7
167772 0.085 7
96949.8 0.0875 7
187835 0.095 7
471028 0.0975 7
1.34891e+06 0.1025 7
1.69745e+06 0.105 7
1.63991e+06 0.11 7
1.25841e+06 0.1125 7
798766 0.115 7
191255 0.12 7
138744 0.1225 7
87215.8 0.1275 7
103712 0.13 7
113332 0.135 7
134806 0.1375 7
175024 0.14 7
192137 0.1425 7
198775 0.145 7
285869 0.1475 7
812850 0.1525 7
1.18987e+06 0.155 7
1.55139e+06 0.1575 7
1.6066e+06 0.1625 7
1.26e+06 0.165 7
881384 0.1675 7
426585 0.17 7
212178 0.1725 7
379179 0.1775 7
590880 0.18 7
781921 0.1825 7
1.11621e+06 0.185 7
1.40317e+06 0.1875 7
1.63623e+06 0.19 7
2.04589e+06 0.1925 7
2.35199e+06 0.195 7
2.88932e+06 0.1975 7
3.01312e+06 0.2 7
2.79471e+06 0.2025 7
2.50442e+06 0.205 7
2.10253e+06 0.2075 7
1.43568e+06 0.2125 7
1.13822e+06 0.215 7
904155 0.2175 7
614498 0.22 7
454064 0.2225 7
387664 0.225 7
402734 0.2275 7
466319 0.23 7
574335 0.2325 7
783330 0.2375 7
878542 0.24 7
1.00461e+06 0.2425 7
1.13449e+06 0.245 7
1.19304e+06 0.2475 7
1.19145e+06 0.25 7
1.05663e+06 0.2525 7
930738 0.255 7
821956 0.2575 7
802302 0.26 7
849025 0.2625 7
974482 0.265 7
1.08904e+06 0.2675 7
1.10165e+06 0.27 7
1.03894e+06 0.2725 7
890440 0.275 7
738961 0.2775 7
591578 0.28 7
552257 0.2825 7
647311 0.2875 7
718133 0.29 7
778876 0.2925 7
738052 0.295 7
656548 0.2975 7
537007 0.3 7
402532 0.3025 7
325083 0.305 7
0 0.0175 8
0 0.02 8
0 0.025 8
120.797 0.0275 8
14374.1 0.03 8
56040.5 0.0425 8
55078.4 0.045 8
103243 0.0475 8
126104 0.05 8
147224 0.0525 8
197484 0.0575 8
250337 0.06 8
288947 0.0625 8
291715 0.0675 8
191147 0.07 8
163444 0.0725 8
90044.3 0.075 8
13267 0.08 8
82084.8 0.0825 8
207512 0.085 8
371386 0.0875 8
534022 0.09 8
617937 0.0925 8
558137 0.0975 8
431436 0.1 8
314949 0.1025 8
268624 0.1075 8
288966 0.11 8
183593 0.115 8
210000 0.1175 8
354832 0.1225 8
424483 0.125 8
544542 0.1275 8
606450 0.13 8
586949 0.1325 8
477579 0.135 8
330004 0.1375 8
215955 0.14 8
170322 0.1425 8
233656 0.145 8
533197 0.15 8
595022 0.1525 8
405895 0.16 8
344289 0.1625 8
384236 0.1675 8
581034 0.17 8
717242 0.1725 8
810187 0.175 8
805595 0.1775 8
539149 0.1825 8
412137 0.185 8
544521 0.1875 8
1.25055e+06 0.1925 8
1.67738e+06 0.195 8
2.32144e+06 0.2 8
2.36962e+06 0.2025 8
2.08527e+06 0.205 8
1.03148e+06 0.21 8
622385 0.2125 8
494527 0.215 8
743114 0.2175 8
1.12404e+06 0.22 8
1.49829e+06 0.2225 8
1.84138e+06 0.225 8
2.04514e+06 0.2275 8
2.00222e+06 0.23 8
1.86545e+06 0.2325 8
1.69444e+06 0.235 8
1.65484e+06 0.2375 8
1.54876e+06 0.24 8
1.48085e+06 0.2425 8
1.44715e+06 0.245 8
1.34731e+06 0.2475 8
1.23926e+06 0.25 8
1.16676e+06 0.2525 8
1.12396e+06 0.255 8
1.13981e+06 0.2575 8
1.1564e+06 0.26 8
1.24906e+06 0.2625 8
1.20353e+06 0.2675 8
1.12518e+06 0.27 8
992962 0.2725 8
828674 0.275 8
719654 0.2775 8
630050 0.28 8
569998 0.2825 8
505346 0.285 8
469131 0.2875 8
455051 0.29 8
437346 0.2925 8
427446 0.295 8
444346 0.2975 8
0 0.01 9
0 0.0125 9
0 0.015 9
0 0.02 9
0 0.025 9
0 0.0275 9
0 0.03 9
0 0.0325 9
0 0.035 9
7036.73 0.0375 9
43777.9 0.0425 9
359322 0.0525 9
857411 0.06 9
787511 0.0625 9
278966 0.07 9
157225 0.0725 9
74544.2 0.075 9
123045 0.08 9
361587 0.0825 9
548134 0.085 9
619126 0.0925 9
351299 0.095 9
187280 0.0975 9
414152 0.1025 9
995928 0.105 9
2.36297e+06 0.11 9
2.83928e+06 0.1125 9
3.01169e+06 0.115 9
2.98963e+06 0.1175 9
2.58226e+06 0.12 9
2.22203e+06 0.1225 9
1.82084e+06 0.125 9
1.46444e+06 0.1275 9
1.19875e+06 0.13 9
816541 0.1325 9
341198 0.1375 9
189922 0.14 9
395424 0.1475 9
601277 0.15 9
1.13409e+06 0.155 9
1.39451e+06 0.1575 9
1.84333e+06 0.16 9
2.23503e+06 0.1625 9
2.67506e+06 0.165 9
2.97928e+06 0.1675 9
3.06244e+06 0.17 9
3.14744e+06 0.1725 9
2.8663e+06 0.175 9
2.52913e+06 0.1775 9
2.09863e+06 0.18 9
1.84378e+06 0.1825 9
1.76057e+06 0.185 9
2.45536e+06 0.19 9
2.96368e+06 0.1925 9
3.27585e+06 0.195 9
3.19531e+06 0.1975 9
2.71179e+06 0.2 9
1.94119e+06 0.2025 9
685071 0.2075 9
599944 0.21 9
1.01673e+06 0.2125 9
2.30056e+06 0.2175 9
2.68139e+06 0.22 9
2.6422e+06 0.225 9
2.39524e+06 0.2275 9
2.07142e+06 0.23 9
2.02934e+06 0.2325 9
1.87232e+06 0.235 9
1.93757e+06 0.2375 9
1.61402e+06 0.2425 9
1.42237e+06 0.245 9
1.22205e+06 0.2475 9
1.09919e+06 0.25 9
1.09409e+06 0.2525 9
999526 0.255 9
895393 0.2575 9
755353 0.26 9
595073 0.2625 9
452466 0.265 9
428570 0.2675 9
548185 0.27 9
747143 0.2725 9
1.0507e+06 0.275 9
1.26039e+06 0.2775 9
1.40011e+06 0.28 9
1.40267e+06 0.2825 9
1.28075e+06 0.285 9
1.0509e+06 0.2875 9
818057 0.29 9
607578 0.2925 9
197736 0.01 10
357274 0.0125 10
611931 0.0175 10
645832 0.02 10
644700 0.0225 10
668195 0.025 10
762346 0.0275 10
922234 0.03 10
1.16139e+06 0.035 10
1.0887e+06 0.0375 10
873975 0.04 10
386521 0.045 10
334487 0.0475 10
1.053e+06 0.055 10
1.2759e+06 0.0575 10
1.27264e+06 0.0625 10
1.08983e+06 0.065 10
667731 0.07 10
517533 0.0725 10
374986 0.08 10
382614 0.0825 10
375696 0.0875 10
343614 0.09 10
281814 0.095 10
301750 0.0975 10
371666 0.1 10
567256 0.105 10
611485 0.1075 10
487603 0.1125 10
358693 0.115 10
103005 0.1225 10
97815.5 0.125 10
206404 0.13 10
350336 0.1325 10
659689 0.1375 10
802155 0.14 10
900064 0.1475 10
924833 0.15 10
1.21447e+06 0.1525 10
1.64372e+06 0.155 10
2.14319e+06 0.1575 10
2.51906e+06 0.1625 10
2.38563e+06 0.165 10
2.0545e+06 0.1675 10
2.02702e+06 0.17 10
2.06776e+06 0.1725 10
2.58275e+06 0.175 10
3.33624e+06 0.1775 10
4.04085e+06 0.18 10
4.55556e+06 0.1825 10
4.73848e+06 0.1875 10
4.46037e+06 0.19 10
3.83341e+06 0.1925 10
2.89891e+06 0.1975 10
2.6105e+06 0.2 10
2.88252e+06 0.2025 10
2.87187e+06 0.205 10
2.77087e+06 0.2075 10
2.25733e+06 0.2125 10
1.72524e+06 0.215 10
1.21642e+06 0.2175 10
762671 0.22 10
611114 0.2225 10
615640 0.225 10
832472 0.2275 10
1.07443e+06 0.23 10
1.24017e+06 0.2325 10
1.22589e+06 0.235 10
1.07075e+06 0.2375 10
871008 0.24 10
682988 0.2425 10
533642 0.245 10
429104 0.2475 10
351878 0.25 10
273735 0.2525 10
220829 0.255 10
209278 0.2575 10
292058 0.26 10
447293 0.2625 10
601593 0.265 10
710736 0.2675 10
746909 0.27 10
640934 0.2725 10
494598 0.275 10
402897 0.2775 10
344289 0.28 10
333242 0.2825 10
392908 0.285 10
418027 0.2875 10
0 0.01 11
0 0.0125 11
0 0.0225 11
0 0.045 11
0 0.0475 11
0 0.05 11
0 0.055 11
0 0.0575 11
12061.9 0.06 11
33706 0.0625 11
126157 0.07 11
430735 0.08 11
573483 0.0825 11
827725 0.085 11
931124 0.0875 11
984108 0.09 11
1.09789e+06 0.0925 11
1.29622e+06 0.095 11
1.35117e+06 0.0975 11
1.3481e+06 0.1 11
1.09019e+06 0.1025 11
971284 0.105 11
701343 0.1075 11
592111 0.11 11
569917 0.1125 11
665254 0.115 11
922380 0.1175 11
1.29606e+06 0.12 11
1.58886e+06 0.125 11
1.63287e+06 0.1275 11
1.49817e+06 0.13 11
1.04688e+06 0.135 11
998193 0.1375 11
1.1054e+06 0.14 11
1.37892e+06 0.1425 11
1.85991e+06 0.145 11
2.24333e+06 0.1475 11
2.5755e+06 0.15 11
2.73046e+06 0.1525 11
2.86896e+06 0.155 11
2.85009e+06 0.1575 11
2.84177e+06 0.16 11
2.80203e+06 0.1625 11
2.84808e+06 0.165 11
2.78616e+06 0.1675 11
2.35777e+06 0.1725 11
2.02436e+06 0.175 11
1.70094e+06 0.1775 11
1.08481e+06 0.1825 11
865464 0.185 11
592066 0.19 11
435517 0.1925 11
330177 0.195 11
265054 0.1975 11
272762 0.2 11
327693 0.2025 11
386625 0.205 11
413508 0.2075 11
410752 0.21 11
388663 0.2125 11
436411 0.2175 11
539791 0.22 11
686357 0.2225 11
777731 0.225 11
816627 0.2275 11
793222 0.23 11
671981 0.2325 11
531347 0.235 11
392865 0.2375 11
318791 0.24 11
275468 0.2425 11
274869 0.245 11
305687 0.2475 11
338599 0.25 11
383858 0.2525 11
368265 0.255 11
382971 0.2575 11
459378 0.26 11
487028 0.2625 11
502127 0.265 11
469939 0.2675 11
428083 0.27 11
395375 0.2725 11
330307 0.275 11
285681 0.2775 11
261819 0.28 11
257695 0.2825 11
24527.8 0.01 12
245141 0.015 12
844003 0.025 12
884568 0.0275 12
967145 0.0325 12
1.0995e+06 0.035 12
1.28043e+06 0.0375 12
1.33702e+06 0.045 12
1.06097e+06 0.0475 12
466787 0.0525 12
331181 0.055 12
320717 0.0575 12
363404 0.06 12
371939 0.0625 12
301803 0.065 12
180546 0.0675 12
90843.2 0.07 12
119221 0.0725 12
608096 0.0775 12
946487 0.08 12
1.37516e+06 0.085 12
1.39411e+06 0.0875 12
1.30687e+06 0.09 12
956638 0.095 12
743831 0.0975 12
539686 0.1 12
334016 0.105 12
413719 0.1075 12
615081 0.11 12
882115 0.1125 12
1.13985e+06 0.115 12
1.49423e+06 0.12 12
1.65413e+06 0.1225 12
2.35724e+06 0.1275 12
2.94399e+06 0.13 12
3.445e+06 0.1325 12
3.72871e+06 0.135 12
3.77755e+06 0.1375 12
3.53561e+06 0.14 12
2.51866e+06 0.145 12
2.04868e+06 0.1475 12
2.15016e+06 0.155 12
2.42715e+06 0.1575 12
2.47013e+06 0.16 12
2.10253e+06 0.1625 12
1.66068e+06 0.165 12
654630 0.17 12
364166 0.1725 12
215242 0.175 12
298371 0.1775 12
455162 0.18 12
609447 0.1825 12
779945 0.185 12
753926 0.1875 12
816964 0.19 12
844526 0.1925 12
860176 0.195 12
1.01641e+06 0.1975 12
1.09237e+06 0.2025 12
899170 0.205 12
644727 0.2075 12
375052 0.21 12
186314 0.2125 12
153717 0.215 12
272855 0.2175 12
579742 0.22 12
948870 0.2225 12
1.73686e+06 0.2275 12
1.895e+06 0.23 12
1.84721e+06 0.2325 12
1.60112e+06 0.235 12
1.31537e+06 0.2375 12
967409 0.24 12
394490 0.245 12
240285 0.2475 12
183618 0.25 12
194453 0.2525 12
197906 0.255 12
238755 0.2575 12
186392 0.2625 12
121583 0.265 12
90050.6 0.2675 12
81185.1 0.27 12
87704.7 0.2725 12
88329.2 0.275 12
0 0.01 13
0 0.015 13
4354.97 0.0325 13
50659.9 0.035 13
138869 0.0375 13
158387 0.04 13
1.00047e+06 0.0525 13
883388 0.055 13
898800 0.0575 13
780525 0.06 13
581541 0.065 13
503940 0.0675 13
781052 0.075 13
849828 0.0775 13
945768 0.08 13
918816 0.0825 13
875470 0.085 13
928647 0.0875 13
1.27833e+06 0.095 13
1.37561e+06 0.0975 13
1.39474e+06 0.1 13
1.39803e+06 0.1025 13
1.23194e+06 0.105 13
1.00353e+06 0.1075 13
887497 0.11 13
825686 0.1125 13
804009 0.115 13
781962 0.1175 13
763318 0.12 13
861952 0.1225 13
977936 0.125 13
1.16255e+06 0.1275 13
1.30417e+06 0.13 13
1.41209e+06 0.1325 13
1.39134e+06 0.135 13
1.33059e+06 0.1375 13
1.20923e+06 0.14 13
1.20635e+06 0.1425 13
1.45099e+06 0.145 13
1.66173e+06 0.1475 13
1.94378e+06 0.15 13
2.21321e+06 0.1525 13
2.36211e+06 0.155 13
2.40965e+06 0.1575 13
2.54769e+06 0.16 13
2.76495e+06 0.165 13
3.01067e+06 0.1675 13
2.99082e+06 0.175 13
2.61917e+06 0.1775 13
1.9505e+06 0.1825 13
1.82892e+06 0.185 13
1.86669e+06 0.1875 13
1.92181e+06 0.19 13
1.93972e+06 0.1925 13
1.79794e+06 0.195 13
1.46819e+06 0.1975 13
1.07935e+06 0.2 13
645291 0.2025 13
412291 0.205 13
312705 0.2075 13
346627 0.21 13
409861 0.2125 13
468221 0.215 13
515147 0.2175 13
490932 0.22 13
520983 0.2225 13
597616 0.225 13
658060 0.2275 13
732455 0.23 13
704445 0.2325 13
692380 0.235 13
666468 0.2375 13
654613 0.2425 13
682967 0.245 13
694717 0.2475 13
690962 0.25 13
625103 0.2525 13
567732 0.255 13
421720 0.26 13
364994 0.2625 13
324698 0.265 13
269823 0.2675 13
0 0.02 14
28.3869 0.0325 14
5893.5 0.035 14
101711 0.04 14
850598 0.05 14
1.43077e+06 0.055 14
1.56121e+06 0.0575 14
1.77077e+06 0.06 14
1.7714e+06 0.0625 14
1.83733e+06 0.065 14
1.72555e+06 0.0675 14
1.51532e+06 0.075 14
1.37022e+06 0.0775 14
1.21116e+06 0.08 14
974315 0.085 14
723418 0.0875 14
386649 0.0925 14
267357 0.095 14
234725 0.0975 14
318741 0.1 14
566862 0.105 14
644001 0.1075 14
1.33169e+06 0.115 14
1.64589e+06 0.1175 14
1.81464e+06 0.12 14
1.74476e+06 0.1225 14
1.50003e+06 0.125 14
1.34188e+06 0.1275 14
1.05964e+06 0.13 14
898657 0.1325 14
950450 0.135 14
1.18649e+06 0.1375 14
1.57719e+06 0.14 14
1.92734e+06 0.1425 14
2.41991e+06 0.145 14
2.68007e+06 0.15 14
2.37649e+06 0.1525 14
1.86427e+06 0.155 14
1.32412e+06 0.1575 14
985046 0.16 14
820412 0.1625 14
901875 0.165 14
1.12831e+06 0.1675 14
1.50183e+06 0.1725 14
1.41323e+06 0.175 14
1.29022e+06 0.1775 14
1.02896e+06 0.18 14
730651 0.1825 14
554366 0.185 14
452433 0.1875 14
431743 0.1925 14
430080 0.195 14
397286 0.1975 14
321007 0.2 14
270776 0.2025 14
250780 0.205 14
327753 0.2075 14
465797 0.21 14
619593 0.2125 14
709591 0.215 14
688745 0.2175 14
578096 0.22 14
446087 0.2225 14
364977 0.225 14
401600 0.2275 14
580517 0.2325 14
638328 0.235 14
605702 0.2375 14
483426 0.24 14
317304 0.2425 14
174394 0.245 14
113105 0.2475 14
191599 0.25 14
324750 0.2525 14
444207 0.255 14
523031 0.2575 14
1.10934e+06 0.0175 15
2.00041e+06 0.02 15
4.78116e+06 0.025 15
6.47433e+06 0.0275 15
8.13674e+06 0.03 15
9.53981e+06 0.0325 15
1.04511e+07 0.035 15
1.06789e+07 0.0375 15
1.0122e+07 0.04 15
8.81449e+06 0.0425 15
6.94697e+06 0.045 15
4.84788e+06 0.0475 15
2.91678e+06 0.05 15
1.52222e+06 0.0525 15
895046 0.055 15
2.83404e+06 0.0625 15
3.74015e+06 0.065 15
4.25238e+06 0.0675 15
4.25288e+06 0.07 15
3.79755e+06 0.0725 15
2.25828e+06 0.0775 15
1.55215e+06 0.08 15
474283 0.0875 15
344779 0.09 15
189832 0.095 15
145265 0.0975 15
123455 0.1 15
156784 0.105 15
223741 0.1075 15
498435 0.1125 15
695919 0.115 15
898103 0.1175 15
1.06341e+06 0.12 15
1.15789e+06 0.1225 15
907165 0.13 15
679030 0.1325 15
450282 0.1375 15
504894 0.14 15
634773 0.1425 15
712308 0.145 15
912156 0.1475 15
1.1702e+06 0.155 15
1.13535e+06 0.1575 15
947580 0.16 15
869006 0.1625 15
764579 0.165 15
587502 0.17 15
600835 0.1725 15
575247 0.175 15
690474 0.1775 15
596121 0.18 15
679627 0.1825 15
660088 0.185 15
716518 0.1875 15
820190 0.19 15
906325 0.1925 15
920706 0.195 15
815270 0.1975 15
573064 0.2025 15
424799 0.205 15
418833 0.2075 15
536243 0.21 15
723490 0.2125 15
926326 0.215 15
1.08519e+06 0.2175 15
1.10333e+06 0.22 15
987045 0.2225 15
556860 0.2275 15
405023 0.23 15
264653 0.2325 15
199112 0.235 15
200670 0.2375 15
187044 0.24 15
184745 0.245 15
196751 0.2475 15
0 0.005 16
0 0.0075 16
0 0.015 16
0 0.0175 16
0 0.0225 16
0 0.0275 16
0 0.0325 16
0 0.035 16
0 0.0375 16
0 0.045 16
0 0.0475 16
0 0.05 16
49470.5 0.0625 16
54004.8 0.065 16
95297.4 0.0675 16
104307 0.07 16
832019 0.0825 16
999031 0.085 16
1.20083e+06 0.0875 16
1.37567e+06 0.09 16
1.55657e+06 0.0925 16
1.48525e+06 0.095 16
1.73864e+06 0.0975 16
1.61978e+06 0.1025 16
1.63721e+06 0.105 16
1.51104e+06 0.1075 16
1.48852e+06 0.11 16
1.52264e+06 0.1125 16
1.39392e+06 0.115 16
1.46562e+06 0.1175 16
1.63129e+06 0.12 16
1.68606e+06 0.125 16
1.66936e+06 0.1275 16
1.59182e+06 0.13 16
1.37306e+06 0.135 16
1.35226e+06 0.1375 16
1.35971e+06 0.14 16
1.43735e+06 0.1425 16
1.50743e+06 0.145 16
1.40391e+06 0.1475 16
1.20254e+06 0.15 16
1.00189e+06 0.1525 16
823292 0.155 16
749001 0.1575 16
814970 0.16 16
918796 0.1625 16
1.00075e+06 0.165 16
958321 0.1675 16
746458 0.17 16
450386 0.1725 16
198886 0.175 16
109896 0.1775 16
231486 0.18 16
568106 0.1825 16
974896 0.185 16
1.45388e+06 0.19 16
1.30457e+06 0.1925 16
998802 0.195 16
674794 0.1975 16
455974 0.2 16
380452 0.2025 16
467101 0.205 16
639685 0.2075 16
805495 0.21 16
877737 0.2125 16
808611 0.215 16
647785 0.2175 16
470608 0.22 16
305902 0.2225 16
194034 0.225 16
149947 0.2275 16
167114 0.23 16
225079 0.2325 16
309958 0.235 16
384790 0.2375 16
1.36411e+06 0.0125 17
1.90822e+06 0.02 17
1.32823e+06 0.0225 17
127934 0.0275 17
22957.3 0.03 17
336350 0.0325 17
910380 0.035 17
1.51501e+06 0.0375 17
1.97339e+06 0.04 17
2.37616e+06 0.045 17
2.51195e+06 0.0475 17
2.73287e+06 0.05 17
3.05124e+06 0.0525 17
3.40774e+06 0.055 17
3.70704e+06 0.0575 17
3.85497e+06 0.06 17
3.78126e+06 0.0625 17
3.45194e+06 0.065 17
2.88355e+06 0.0675 17
2.16107e+06 0.07 17
1.44395e+06 0.0725 17
938960 0.075 17
834302 0.0775 17
1.21793e+06 0.08 17
2.02329e+06 0.0825 17
3.9898e+06 0.0875 17
4.6426e+06 0.09 17
4.89686e+06 0.0925 17
4.79894e+06 0.095 17
4.48685e+06 0.0975 17
3.71253e+06 0.1025 17
3.31917e+06 0.105 17
2.88421e+06 0.1075 17
1.93025e+06 0.1125 17
1.57066e+06 0.115 17
1.64082e+06 0.1225 17
1.81328e+06 0.125 17
1.68876e+06 0.13 17
1.3555e+06 0.1325 17
652091 0.1375 17
464696 0.14 17
433022 0.1475 17
497161 0.15 17
492971 0.1525 17
489454 0.155 17
435091 0.1575 17
434270 0.16 17
407780 0.1625 17
377409 0.165 17
352385 0.1675 17
338171 0.17 17
240836 0.1725 17
186146 0.175 17
159228 0.1775 17
150740 0.18 17
182848 0.1825 17
233896 0.185 17
268243 0.1875 17
268804 0.19 17
292127 0.1925 17
365746 0.1975 17
351660 0.2 17
399671 0.2025 17
435966 0.205 17
439325 0.2075 17
447937 0.21 17
420970 0.2125 17
369503 0.215 17
326939 0.2175 17
172762 0.2225 17
164436 0.225 17
0 0.0025 18
0 0.0075 18
0 0.0125 18
0 0.0175 18
0 0.02 18
0 0.025 18
0 0.0275 18
0 0.03 18
26.0253 0.04 18
13568.3 0.0425 18
112996 0.0475 18
261473 0.0525 18
461951 0.055 18
688827 0.0575 18
742183 0.06 18
886925 0.0625 18
1.0343e+06 0.0675 18
1.04039e+06 0.0725 18
947191 0.075 18
928180 0.0775 18
894886 0.08 18
1.02361e+06 0.0825 18
1.03342e+06 0.085 18
1.00532e+06 0.0925 18
847305 0.095 18
737101 0.0975 18
865285 0.1025 18
1.14319e+06 0.105 18
1.54536e+06 0.1075 18
2.09639e+06 0.1125 18
2.27956e+06 0.115 18
2.20637e+06 0.1175 18
1.89968e+06 0.12 18
1.5701e+06 0.1225 18
1.19657e+06 0.125 18
820596 0.1275 18
542848 0.13 18
327958 0.1325 18
258329 0.1375 18
295187 0.14 18
354945 0.1425 18
408902 0.145 18
403270 0.1475 18
352528 0.15 18
191503 0.155 18
128778 0.1575 18
76750.9 0.16 18
40355.4 0.1625 18
56798.1 0.165 18
154696 0.1675 18
294409 0.17 18
449569 0.1725 18
622237 0.175 18
748215 0.18 18
684123 0.1825 18
541278 0.185 18
366618 0.1875 18
217080 0.19 18
117495 0.1925 18
86273.9 0.195 18
85306.7 0.1975 18
94722.9 0.2 18
98646.8 0.2025 18
92516.4 0.205 18
64765.5 0.2075 18
68576.4 0.21 18
77385.2 0.2125 18
0 0.01 19
0 0.0125 19
5997.42 0.03 19
14131.9 0.0325 19
51959.1 0.035 19
131568 0.04 19
130972 0.0425 19
169561 0.0475 19
146763 0.05 19
104283 0.0525 19
92484.8 0.055 19
23699.2 0.06 19
7820.27 0.0625 19
10214.9 0.065 19
29367.5 0.07 19
55823.6 0.0725 19
301149 0.0775 19
481134 0.08 19
697212 0.0825 19
898559 0.085 19
1.0043e+06 0.0875 19
991721 0.09 19
866968 0.0925 19
505712 0.0975 19
342395 0.1 19
235894 0.1025 19
202658 0.105 19
234458 0.1075 19
338411 0.11 19
420820 0.1125 19
518363 0.115 19
543901 0.1175 19
556405 0.12 19
457567 0.1225 19
329158 0.125 19
320396 0.1275 19
442801 0.13 19
613066 0.1325 19
855413 0.135 19
1.0029e+06 0.1375 19
1.05719e+06 0.14 19
924819 0.1425 19
711417 0.145 19
385864 0.15 19
377300 0.1525 19
467538 0.1575 19
507406 0.16 19
450089 0.1625 19
351104 0.165 19
245725 0.1675 19
192884 0.17 19
203818 0.1725 19
290441 0.175 19
349712 0.1775 19
380193 0.18 19
387169 0.1825 19
354155 0.185 19
336768 0.1875 19
291236 0.19 19
265248 0.1925 19
217982 0.195 19
200401 0.1975 19
0 0.0025 20
34.6176 0.0125 20
2663.83 0.015 20
9881.1 0.02 20
35700.8 0.0225 20
100845 0.0275 20
164735 0.03 20
259882 0.0325 20
360316 0.0375 20
342734 0.0425 20
292470 0.045 20
230884 0.0475 20
173683 0.05 20
133782 0.0525 20
137568 0.0575 20
195198 0.06 20
303189 0.0625 20
696507 0.0675 20
958223 0.07 20
1.21073e+06 0.0725 20
1.45778e+06 0.0775 20
1.37461e+06 0.08 20
1.1621e+06 0.0825 20
874166 0.085 20
581127 0.0875 20
183992 0.0925 20
98887.6 0.095 20
57388.9 0.0975 20
31286.4 0.1 20
10374.9 0.1025 20
4714.35 0.105 20
206997 0.1125 20
315866 0.115 20
398250 0.1175 20
431147 0.12 20
416856 0.1225 20
311932 0.1275 20
246694 0.13 20
199447 0.1325 20
168791 0.135 20
148598 0.1375 20
148654 0.14 20
172275 0.1425 20
203658 0.145 20
300369 0.1475 20
439386 0.1525 20
499168 0.155 20
557806 0.1575 20
589493 0.16 20
607382 0.1625 20
541912 0.165 20
441497 0.1675 20
331140 0.17 20
197039 0.1725 20
103414 0.175 20
126428 0.1775 20
0 0.0025 21
0 0.005 21
0 0.015 21
0 0.0175 21
0 0.02 21
0 0.0225 21
0 0.025 21
0 0.0275 21
0 0.03 21
0 0.035 21
0 0.0375 21
0 0.0425 21
0 0.0475 21
7469.15 0.055 21
23101.9 0.06 21
23096 0.0625 21
46240.3 0.065 21
57554.4 0.0675 21
60671.8 0.07 21
95547.6 0.0725 21
105959 0.0775 21
107943 0.08 21
151126 0.0825 21
146834 0.085 21
104367 0.09 21
142868 0.0925 21
150481 0.095 21
156153 0.0975 21
174874 0.1 21
189228 0.1025 21
200324 0.1075 21
189190 0.11 21
171191 0.1125 21
138085 0.115 21
106364 0.1175 21
73664.6 0.12 21
61528 0.1225 21
60243.7 0.125 21
152689 0.13 21
213335 0.1325 21
280334 0.135 21
328116 0.14 21
326198 0.1425 21
312291 0.145 21
334877 0.1475 21
364795 0.15 21
393557 0.1525 21
408800 0.155 21
384362 0.1575 21
319167 0.16 21
40495.9 0.0025 22
344596 0.0075 22
826759 0.0125 22
1.0515e+06 0.015 22
1.20923e+06 0.0175 22
1.26645e+06 0.02 22
1.21066e+06 0.0225 22
633934 0.03 22
465956 0.0325 22
346758 0.0375 22
371960 0.04 22
413496 0.0425 22
443200 0.045 22
445211 0.0475 22
416085 0.05 22
360085 0.0525 22
284686 0.055 22
199487 0.0575 22
117625 0.06 22
55966.8 0.0625 22
31077.7 0.065 22
51683.9 0.0675 22
112143 0.07 22
192076 0.0725 22
263947 0.075 22
308141 0.08 22
281884 0.0825 22
245374 0.085 22
216117 0.0875 22
201450 0.09 22
179023 0.0975 22
154340 0.1 22
88676.6 0.105 22
57578.6 0.1075 22
30939.3 0.11 22
11003.8 0.1125 22
2584.25 0.115 22
92571.5 0.1225 22
146502 0.125 22
200047 0.13 22
180308 0.1325 22
137061 0.135 22
88052.4 0.1375 22
0 0.0025 23
0 0.005 23
0 0.0075 23
0 0.01 23
0 0.0125 23
0 0.0175 23
0 0.02 23
0 0.0225 23
0 0.0275 23
0 0.03 23
0 0.0325 23
0 0.0375 23
0 0.04 23
132.122 0.0425 23
3679.18 0.045 23
4473.69 0.0475 23
9747.9 0.05 23
101868 0.055 23
148304 0.0575 23
203083 0.06 23
283503 0.0625 23
312157 0.065 23
415584 0.0675 23
487147 0.07 23
444800 0.0725 23
363822 0.0775 23
301176 0.08 23
203605 0.0825 23
108282 0.09 23
144728 0.0925 23
180581 0.1 23
129583 0.1025 23
