9.30701e+06 0.085 0
6.54079e+06 0.0875 0
3.77926e+06 0.09 0
1.71302e+06 0.0925 0
527898 0.095 0
58252.5 0.0975 0
17268.4 0.1 0
157489 0.1025 0
324578 0.105 0
441552 0.1075 0
475068 0.11 0
415484 0.1125 0
277876 0.115 0
112912 0.1175 0
6299.54 0.12 0
48994.5 0.1225 0
283927 0.125 0
650672 0.1275 0
1.0262e+06 0.13 0
1.20033e+06 0.1325 0
1.12427e+06 0.135 0
836379 0.1375 0
418391 0.14 0
190580 0.1425 0
443435 0.145 0
862854 0.1475 0
1.1409e+06 0.15 0
1.38365e+06 0.1525 0
1.47471e+06 0.155 0
1.1667e+06 0.1575 0
960062 0.16 0
760932 0.1625 0
626056 0.165 0
595918 0.1675 0
488586 0.17 0
711276 0.1725 0
950785 0.175 0
1.10018e+06 0.1775 0
1.27985e+06 0.18 0
1.34431e+06 0.1825 0
1.24737e+06 0.185 0
838075 0.1875 0
600188 0.19 0
638696 0.1925 0
1.04674e+06 0.195 0
1.53651e+06 0.1975 0
2.13691e+06 0.2 0
2.60971e+06 0.2025 0
2.67062e+06 0.205 0
2.42362e+06 0.2075 0
1.90237e+06 0.21 0
1.25956e+06 0.2125 0
722847 0.215 0
417871 0.2175 0
377080 0.22 0
672325 0.2225 0
1.04481e+06 0.225 0
1.43159e+06 0.2275 0
1.73015e+06 0.23 0
1.75463e+06 0.2325 0
1.67862e+06 0.235 0
1.59971e+06 0.2375 0
1.44043e+06 0.24 0
1.21787e+06 0.2425 0
935562 0.245 0
701905 0.2475 0
494051 0.25 0
334319 0.2525 0
249359 0.255 0
239198 0.2575 0
294100 0.26 0
270199 0.2625 0
319377 0.265 0
322766 0.2675 0
445901 0.27 0
512464 0.2725 0
601139 0.275 0
735111 0.2775 0
867867 0.28 0
1.09528e+06 0.2825 0
1.28578e+06 0.285 0
1.58989e+06 0.2875 0
1.84613e+06 0.29 0
2.06613e+06 0.2925 0
2.24469e+06 0.295 0
2.17685e+06 0.2975 0
2.02589e+06 0.3 0
1.74931e+06 0.3025 0
1.31544e+06 0.305 0
840408 0.3075 0
420100 0.31 0
108799 0.3125 0
41321.1 0.315 0
563525 0.085 1
2.21416e+06 0.0875 1
6.05127e+06 0.09 1
1.12043e+07 0.0925 1
1.58533e+07 0.095 1
1.95567e+07 0.0975 1
2.17523e+07 0.1 1
2.239e+07 0.1025 1
2.00101e+07 0.105 1
1.73009e+07 0.1075 1
1.37773e+07 0.11 1
1.03891e+07 0.1125 1
7.37524e+06 0.115 1
4.7712e+06 0.1175 1
2.9477e+06 0.12 1
1.54365e+06 0.1225 1
787407 0.125 1
422023 0.1275 1
444807 0.13 1
677588 0.1325 1
917913 0.135 1
1.26969e+06 0.1375 1
1.63102e+06 0.14 1
1.8779e+06 0.1425 1
2.03266e+06 0.145 1
2.02947e+06 0.1475 1
2.10666e+06 0.15 1
1.80127e+06 0.1525 1
1.43009e+06 0.155 1
1.00059e+06 0.1575 1
571039 0.16 1
357986 0.1625 1
285345 0.165 1
440456 0.1675 1
662510 0.17 1
857607 0.1725 1
1.04483e+06 0.175 1
959028 0.1775 1
799425 0.18 1
531494 0.1825 1
311423 0.185 1
144747 0.1875 1
69205 0.19 1
88044 0.1925 1
207909 0.195 1
418900 0.1975 1
639487 0.2 1
901746 0.2025 1
1.16584e+06 0.205 1
1.33371e+06 0.2075 1
1.36144e+06 0.21 1
1.22879e+06 0.2125 1
991213 0.215 1
770499 0.2175 1
528992 0.22 1
331111 0.2225 1
248344 0.225 1
161455 0.2275 1
160383 0.23 1
243592 0.2325 1
391382 0.235 1
566962 0.2375 1
774183 0.24 1
941572 0.2425 1
1.05547e+06 0.245 1
996782 0.2475 1
830655 0.25 1
705963 0.2525 1
681938 0.255 1
730270 0.2575 1
808737 0.26 1
893065 0.2625 1
960274 0.265 1
954556 0.2675 1
854703 0.27 1
786364 0.2725 1
739676 0.275 1
733150 0.2775 1
758773 0.28 1
783261 0.2825 1
756430 0.285 1
644274 0.2875 1
486129 0.29 1
342270 0.2925 1
232659 0.295 1
229406 0.2975 1
305508 0.3 1
420772 0.3025 1
522554 0.305 1
542246 0.3075 1
460193 0.31 1
373373 0.3125 1
280623 0.315 1
1.48556e+07 0.0825 2
1.94881e+07 0.085 2
2.48773e+07 0.0875 2
2.98417e+07 0.09 2
3.32073e+07 0.0925 2
3.43812e+07 0.095 2
3.35418e+07 0.0975 2
3.13699e+07 0.1 2
2.85517e+07 0.1025 2
2.54515e+07 0.105 2
2.20534e+07 0.1075 2
1.83038e+07 0.11 2
1.44665e+07 0.1125 2
1.09252e+07 0.115 2
8.27704e+06 0.1175 2
6.80543e+06 0.12 2
6.28218e+06 0.1225 2
6.31797e+06 0.125 2
6.11509e+06 0.1275 2
5.28372e+06 0.13 2
3.87568e+06 0.1325 2
2.66985e+06 0.135 2
1.53897e+06 0.1375 2
1.1834e+06 0.14 2
1.01611e+06 0.1425 2
1.40948e+06 0.145 2
1.73513e+06 0.1475 2
1.59065e+06 0.15 2
1.71406e+06 0.1525 2
1.55721e+06 0.155 2
1.44628e+06 0.1575 2
1.53473e+06 0.16 2
1.60433e+06 0.1625 2
1.86979e+06 0.165 2
1.93393e+06 0.1675 2
1.97767e+06 0.17 2
2.04666e+06 0.1725 2
1.92795e+06 0.175 2
1.65597e+06 0.1775 2
1.28219e+06 0.18 2
874905 0.1825 2
519873 0.185 2
535499 0.1875 2
728339 0.19 2
1.08046e+06 0.1925 2
1.35828e+06 0.195 2
1.48829e+06 0.1975 2
1.54245e+06 0.2 2
1.41178e+06 0.2025 2
1.0266e+06 0.205 2
735874 0.2075 2
608794 0.21 2
574968 0.2125 2
613440 0.215 2
677644 0.2175 2
711487 0.22 2
671925 0.2225 2
689405 0.225 2
583333 0.2275 2
482194 0.23 2
390612 0.2325 2
302996 0.235 2
240340 0.2375 2
208627 0.24 2
203105 0.2425 2
272627 0.245 2
407688 0.2475 2
571256 0.25 2
786961 0.2525 2
951708 0.255 2
954191 0.2575 2
839826 0.26 2
581650 0.2625 2
327951 0.265 2
140612 0.2675 2
176893 0.27 2
419732 0.2725 2
797889 0.275 2
1.20766e+06 0.2775 2
1.48739e+06 0.28 2
1.50707e+06 0.2825 2
1.30989e+06 0.285 2
982184 0.2875 2
678732 0.29 2
516903 0.2925 2
464686 0.295 2
576218 0.2975 2
715502 0.3 2
850277 0.3025 2
934751 0.305 2
1.01828e+06 0.3075 2
975939 0.31 2
907175 0.3125 2
862716 0.315 2
3.79515e+07 0.08 3
2.61488e+07 0.0825 3
1.85437e+07 0.085 3
1.45431e+07 0.0875 3
1.26516e+07 0.09 3
1.13956e+07 0.0925 3
9.89272e+06 0.095 3
7.9397e+06 0.0975 3
5.81015e+06 0.1 3
3.89213e+06 0.1025 3
2.45717e+06 0.105 3
1.60364e+06 0.1075 3
1.43925e+06 0.11 3
1.70363e+06 0.1125 3
2.0448e+06 0.115 3
2.34115e+06 0.1175 3
2.4068e+06 0.12 3
2.59708e+06 0.1225 3
2.47688e+06 0.125 3
2.17997e+06 0.1275 3
1.73877e+06 0.13 3
1.37862e+06 0.1325 3
1.08973e+06 0.135 3
1.00076e+06 0.1375 3
993063 0.14 3
1.17186e+06 0.1425 3
1.40489e+06 0.145 3
1.57054e+06 0.1475 3
1.49772e+06 0.15 3
1.2313e+06 0.1525 3
856231 0.155 3
427210 0.1575 3
106858 0.16 3
13832.2 0.1625 3
137348 0.165 3
348659 0.1675 3
557850 0.17 3
753613 0.1725 3
828413 0.175 3
985112 0.1775 3
1.08604e+06 0.18 3
1.17519e+06 0.1825 3
1.31278e+06 0.185 3
1.41852e+06 0.1875 3
1.41508e+06 0.19 3
1.31136e+06 0.1925 3
1.00551e+06 0.195 3
642874 0.1975 3
439963 0.2 3
413047 0.2025 3
419138 0.205 3
567571 0.2075 3
749563 0.21 3
928689 0.2125 3
1.04454e+06 0.215 3
1.18949e+06 0.2175 3
1.3288e+06 0.22 3
1.31836e+06 0.2225 3
1.3057e+06 0.225 3
1.29642e+06 0.2275 3
1.28412e+06 0.23 3
1.18827e+06 0.2325 3
1.10662e+06 0.235 3
1.03799e+06 0.2375 3
933011 0.24 3
911581 0.2425 3
934941 0.245 3
967825 0.2475 3
953187 0.25 3
906156 0.2525 3
764574 0.255 3
590408 0.2575 3
348974 0.26 3
223385 0.2625 3
194458 0.265 3
270228 0.2675 3
462368 0.27 3
687078 0.2725 3
866316 0.275 3
956154 0.2775 3
927282 0.28 3
845370 0.2825 3
713494 0.285 3
558910 0.2875 3
515989 0.29 3
545121 0.2925 3
643895 0.295 3
805308 0.2975 3
993098 0.3 3
1.1896e+06 0.3025 3
1.4286e+06 0.305 3
1.48578e+06 0.3075 3
1.50399e+06 0.31 3
1.45313e+06 0.3125 3
1.28494e+06 0.315 3
635460 0.075 4
623254 0.0775 4
589963 0.08 4
574320 0.0825 4
799905 0.085 4
1.13845e+06 0.0875 4
1.32919e+06 0.09 4
1.60445e+06 0.0925 4
1.94683e+06 0.095 4
2.43849e+06 0.0975 4
3.11037e+06 0.1 4
3.90921e+06 0.1025 4
4.04635e+06 0.105 4
4.22388e+06 0.1075 4
4.07006e+06 0.11 4
3.43145e+06 0.1125 4
3.13582e+06 0.115 4
2.79425e+06 0.1175 4
2.70112e+06 0.12 4
2.82045e+06 0.1225 4
3.24987e+06 0.125 4
3.71245e+06 0.1275 4
4.13193e+06 0.13 4
4.41632e+06 0.1325 4
4.46878e+06 0.135 4
4.44127e+06 0.1375 4
4.48523e+06 0.14 4
4.34477e+06 0.1425 4
4.1884e+06 0.145 4
4.0468e+06 0.1475 4
3.74584e+06 0.15 4
3.30207e+06 0.1525 4
2.77075e+06 0.155 4
2.12336e+06 0.1575 4
1.4592e+06 0.16 4
960886 0.1625 4
826423 0.165 4
935489 0.1675 4
1.20242e+06 0.17 4
1.57665e+06 0.1725 4
2.00539e+06 0.175 4
2.33278e+06 0.1775 4
2.46127e+06 0.18 4
2.38493e+06 0.1825 4
2.16863e+06 0.185 4
1.77713e+06 0.1875 4
1.30323e+06 0.19 4
859527 0.1925 4
535698 0.195 4
351692 0.1975 4
321264 0.2 4
401621 0.2025 4
499133 0.205 4
625486 0.2075 4
740752 0.21 4
892804 0.2125 4
1.00774e+06 0.215 4
1.08202e+06 0.2175 4
1.11805e+06 0.22 4
1.02209e+06 0.2225 4
1.10067e+06 0.225 4
1.14227e+06 0.2275 4
1.24126e+06 0.23 4
1.39153e+06 0.2325 4
1.50116e+06 0.235 4
1.45617e+06 0.2375 4
1.29645e+06 0.24 4
1.1237e+06 0.2425 4
992770 0.245 4
948889 0.2475 4
1.00998e+06 0.25 4
1.04828e+06 0.2525 4
1.00742e+06 0.255 4
803730 0.2575 4
581477 0.26 4
361916 0.2625 4
289717 0.265 4
315293 0.2675 4
450714 0.27 4
567680 0.2725 4
613913 0.275 4
571663 0.2775 4
550689 0.28 4
560035 0.2825 4
671602 0.285 4
812819 0.2875 4
881808 0.29 4
811044 0.2925 4
582792 0.295 4
330253 0.2975 4
184690 0.3 4
219861 0.3025 4
481443 0.305 4
860172 0.3075 4
1.19929e+06 0.31 4
1.36287e+06 0.3125 4
5.20297e+06 0.07 5
2.78299e+06 0.0725 5
2.24713e+06 0.075 5
2.57244e+06 0.0775 5
2.59234e+06 0.08 5
1.83934e+06 0.0825 5
739473 0.085 5
126523 0.0875 5
519511 0.09 5
1.71526e+06 0.0925 5
2.95735e+06 0.095 5
3.50338e+06 0.0975 5
3.15035e+06 0.1 5
2.35471e+06 0.1025 5
1.90298e+06 0.105 5
2.39786e+06 0.1075 5
3.91146e+06 0.11 5
5.99619e+06 0.1125 5
7.98367e+06 0.115 5
9.33609e+06 0.1175 5
9.83999e+06 0.12 5
9.57271e+06 0.1225 5
8.74354e+06 0.125 5
7.5442e+06 0.1275 5
6.24888e+06 0.13 5
4.95322e+06 0.1325 5
3.84422e+06 0.135 5
3.14678e+06 0.1375 5
3.0344e+06 0.14 5
3.18538e+06 0.1425 5
3.56758e+06 0.145 5
3.65072e+06 0.1475 5
3.48226e+06 0.15 5
2.9994e+06 0.1525 5
2.23242e+06 0.155 5
1.56987e+06 0.1575 5
1.01937e+06 0.16 5
865275 0.1625 5
1.03813e+06 0.165 5
1.60253e+06 0.1675 5
2.2443e+06 0.17 5
2.73084e+06 0.1725 5
2.90144e+06 0.175 5
2.64597e+06 0.1775 5
2.31071e+06 0.18 5
1.65571e+06 0.1825 5
1.13179e+06 0.185 5
1.09467e+06 0.1875 5
1.38125e+06 0.19 5
1.74423e+06 0.1925 5
2.11489e+06 0.195 5
2.17886e+06 0.1975 5
2.02456e+06 0.2 5
1.66371e+06 0.2025 5
1.19515e+06 0.205 5
757927 0.2075 5
529610 0.21 5
425651 0.2125 5
545568 0.215 5
745561 0.2175 5
887474 0.22 5
933759 0.2225 5
947237 0.225 5
925933 0.2275 5
911309 0.23 5
893242 0.2325 5
965649 0.235 5
969601 0.2375 5
950846 0.24 5
957242 0.2425 5
899142 0.245 5
728536 0.2475 5
554255 0.25 5
430282 0.2525 5
362563 0.255 5
453372 0.2575 5
656516 0.26 5
917131 0.2625 5
1.05771e+06 0.265 5
1.04114e+06 0.2675 5
873397 0.27 5
612383 0.2725 5
396226 0.275 5
320077 0.2775 5
382070 0.28 5
567903 0.2825 5
751261 0.285 5
872800 0.2875 5
829393 0.29 5
641702 0.2925 5
396960 0.295 5
199517 0.2975 5
102201 0.3 5
78257.2 0.3025 5
114196 0.305 5
139514 0.3075 5
155389 0.31 5
964088 0.0625 6
1.94291e+06 0.065 6
2.28002e+06 0.0675 6
2.68477e+06 0.07 6
3.3871e+06 0.0725 6
3.87944e+06 0.075 6
3.78178e+06 0.0775 6
3.31929e+06 0.08 6
2.54558e+06 0.0825 6
1.97941e+06 0.085 6
1.24577e+06 0.0875 6
838299 0.09 6
925593 0.0925 6
1.69165e+06 0.095 6
2.64624e+06 0.0975 6
3.80357e+06 0.1 6
4.41759e+06 0.1025 6
4.31533e+06 0.105 6
4.09589e+06 0.1075 6
2.85671e+06 0.11 6
1.59877e+06 0.1125 6
899588 0.115 6
795928 0.1175 6
1.37953e+06 0.12 6
2.34292e+06 0.1225 6
3.49804e+06 0.125 6
4.08123e+06 0.1275 6
4.01976e+06 0.13 6
3.24511e+06 0.1325 6
2.39534e+06 0.135 6
1.62888e+06 0.1375 6
1.43264e+06 0.14 6
2.05436e+06 0.1425 6
2.91287e+06 0.145 6
3.88507e+06 0.1475 6
4.55175e+06 0.15 6
4.58599e+06 0.1525 6
4.0351e+06 0.155 6
3.16078e+06 0.1575 6
2.26569e+06 0.16 6
1.66062e+06 0.1625 6
1.56666e+06 0.165 6
1.70225e+06 0.1675 6
2.0836e+06 0.17 6
2.39932e+06 0.1725 6
2.49011e+06 0.175 6
2.35838e+06 0.1775 6
1.93707e+06 0.18 6
1.33828e+06 0.1825 6
802515 0.185 6
371928 0.1875 6
115132 0.19 6
59889.9 0.1925 6
134734 0.195 6
223252 0.1975 6
284207 0.2 6
302806 0.2025 6
392567 0.205 6
498881 0.2075 6
703241 0.21 6
925634 0.2125 6
1.0823e+06 0.215 6
1.02169e+06 0.2175 6
792778 0.22 6
480147 0.2225 6
235330 0.225 6
250883 0.2275 6
644509 0.23 6
1.23264e+06 0.2325 6
2.03924e+06 0.235 6
2.65885e+06 0.2375 6
3.03211e+06 0.24 6
3.11061e+06 0.2425 6
2.98336e+06 0.245 6
2.56034e+06 0.2475 6
2.0135e+06 0.25 6
1.52318e+06 0.2525 6
1.06323e+06 0.255 6
760164 0.2575 6
593351 0.26 6
598302 0.2625 6
647926 0.265 6
737696 0.2675 6
776202 0.27 6
750013 0.2725 6
627825 0.275 6
509732 0.2775 6
459805 0.28 6
401634 0.2825 6
382991 0.285 6
360079 0.2875 6
337877 0.29 6
316479 0.2925 6
313825 0.295 6
322116 0.2975 6
375112 0.3 6
449731 0.3025 6
510820 0.305 6
552010 0.3075 6
336354 0.0525 7
281885 0.055 7
211024 0.0575 7
182134 0.06 7
240718 0.0625 7
396836 0.065 7
625994 0.0675 7
883022 0.07 7
1.11533e+06 0.0725 7
1.27084e+06 0.075 7
1.30525e+06 0.0775 7
1.19422e+06 0.08 7
948261 0.0825 7
620856 0.085 7
301195 0.0875 7
91166.7 0.09 7
75209.6 0.0925 7
294047 0.095 7
729341 0.0975 7
1.30147e+06 0.1 7
1.88152e+06 0.1025 7
2.32039e+06 0.105 7
2.49418e+06 0.1075 7
2.3443e+06 0.11 7
1.89402e+06 0.1125 7
1.3008e+06 0.115 7
704656 0.1175 7
286489 0.12 7
111910 0.1225 7
177322 0.125 7
379246 0.1275 7
469344 0.13 7
634370 0.1325 7
809490 0.135 7
1.08128e+06 0.1375 7
1.37454e+06 0.14 7
1.74655e+06 0.1425 7
2.17601e+06 0.145 7
2.4686e+06 0.1475 7
2.6535e+06 0.15 7
2.56554e+06 0.1525 7
2.28283e+06 0.155 7
1.84822e+06 0.1575 7
1.51602e+06 0.16 7
1.26684e+06 0.1625 7
1.26318e+06 0.165 7
1.36762e+06 0.1675 7
1.66836e+06 0.17 7
1.93708e+06 0.1725 7
2.0249e+06 0.175 7
2.12541e+06 0.1775 7
2.07787e+06 0.18 7
1.78431e+06 0.1825 7
1.46621e+06 0.185 7
1.0082e+06 0.1875 7
761193 0.19 7
541509 0.1925 7
526154 0.195 7
495424 0.1975 7
459064 0.2 7
434147 0.2025 7
347431 0.205 7
321018 0.2075 7
437798 0.21 7
637905 0.2125 7
959587 0.215 7
1.28944e+06 0.2175 7
1.57647e+06 0.22 7
1.67789e+06 0.2225 7
1.64927e+06 0.225 7
1.33384e+06 0.2275 7
1.12321e+06 0.23 7
1.04019e+06 0.2325 7
1.08854e+06 0.235 7
1.24096e+06 0.2375 7
1.37518e+06 0.24 7
1.37948e+06 0.2425 7
1.25059e+06 0.245 7
1.0248e+06 0.2475 7
889161 0.25 7
934226 0.2525 7
1.14542e+06 0.255 7
1.33843e+06 0.2575 7
1.55806e+06 0.26 7
1.63075e+06 0.2625 7
1.53501e+06 0.265 7
1.32303e+06 0.2675 7
1.11078e+06 0.27 7
1.02079e+06 0.2725 7
1.00315e+06 0.275 7
1.02533e+06 0.2775 7
1.01387e+06 0.28 7
841338 0.2825 7
670699 0.285 7
472356 0.2875 7
314432 0.29 7
240349 0.2925 7
250824 0.295 7
250590 0.2975 7
260171 0.3 7
273018 0.3025 7
244269 0.305 7
169814 0.035 8
252521 0.0375 8
373035 0.04 8
342586 0.0425 8
458011 0.045 8
436804 0.0475 8
387057 0.05 8
238598 0.0525 8
90964.7 0.055 8
82682.7 0.0575 8
184608 0.06 8
512962 0.0625 8
1.11248e+06 0.065 8
1.7256e+06 0.0675 8
2.49647e+06 0.07 8
3.03522e+06 0.0725 8
3.70895e+06 0.075 8
3.91088e+06 0.0775 8
3.80398e+06 0.08 8
3.36155e+06 0.0825 8
2.79364e+06 0.085 8
2.16894e+06 0.0875 8
1.60101e+06 0.09 8
1.19909e+06 0.0925 8
982060 0.095 8
991550 0.0975 8
1.06313e+06 0.1 8
1.07081e+06 0.1025 8
993926 0.105 8
737664 0.1075 8
502240 0.11 8
451135 0.1125 8
677902 0.115 8
1.16213e+06 0.1175 8
1.87068e+06 0.12 8
2.42685e+06 0.1225 8
2.77678e+06 0.125 8
2.82724e+06 0.1275 8
2.25954e+06 0.13 8
1.62349e+06 0.1325 8
1.32022e+06 0.135 8
1.28828e+06 0.1375 8
1.48219e+06 0.14 8
1.84386e+06 0.1425 8
2.1832e+06 0.145 8
2.28705e+06 0.1475 8
2.17556e+06 0.15 8
1.99431e+06 0.1525 8
1.96992e+06 0.155 8
2.16638e+06 0.1575 8
2.58266e+06 0.16 8
2.71664e+06 0.1625 8
2.63201e+06 0.165 8
2.3673e+06 0.1675 8
1.75559e+06 0.17 8
1.08051e+06 0.1725 8
543231 0.175 8
408305 0.1775 8
396943 0.18 8
650018 0.1825 8
992163 0.185 8
1.24867e+06 0.1875 8
1.39457e+06 0.19 8
1.53262e+06 0.1925 8
1.50389e+06 0.195 8
1.42063e+06 0.1975 8
1.28855e+06 0.2 8
1.06625e+06 0.2025 8
870425 0.205 8
674188 0.2075 8
588394 0.21 8
577473 0.2125 8
678615 0.215 8
700849 0.2175 8
691958 0.22 8
662183 0.2225 8
644765 0.225 8
650154 0.2275 8
726508 0.23 8
845719 0.2325 8
1.00534e+06 0.235 8
1.10955e+06 0.2375 8
1.20139e+06 0.24 8
1.22409e+06 0.2425 8
1.25262e+06 0.245 8
1.15644e+06 0.2475 8
967356 0.25 8
749112 0.2525 8
504900 0.255 8
287017 0.2575 8
226502 0.26 8
355309 0.2625 8
697746 0.265 8
1.08362e+06 0.2675 8
1.43802e+06 0.27 8
1.62586e+06 0.2725 8
1.60876e+06 0.275 8
1.41476e+06 0.2775 8
1.16519e+06 0.28 8
878374 0.2825 8
807284 0.285 8
899754 0.2875 8
1.08312e+06 0.29 8
1.26575e+06 0.2925 8
1.41869e+06 0.295 8
1.34721e+06 0.2975 8
0 0.01 9
0 0.0125 9
0 0.015 9
0 0.0175 9
0 0.02 9
0 0.0225 9
0 0.025 9
0 0.0275 9
0 0.03 9
0 0.0325 9
3849.66 0.035 9
22192.6 0.0375 9
6275.15 0.04 9
34133.2 0.0425 9
21764.4 0.045 9
61729.1 0.0475 9
138970 0.05 9
269673 0.0525 9
253127 0.055 9
309499 0.0575 9
408414 0.06 9
435600 0.0625 9
449231 0.065 9
400752 0.0675 9
381314 0.07 9
540640 0.0725 9
694235 0.075 9
925824 0.0775 9
1.25513e+06 0.08 9
1.72221e+06 0.0825 9
2.1284e+06 0.085 9
2.31348e+06 0.0875 9
2.43303e+06 0.09 9
2.4095e+06 0.0925 9
2.08495e+06 0.095 9
1.64604e+06 0.0975 9
1.25335e+06 0.1 9
1.01792e+06 0.1025 9
877309 0.105 9
1.04668e+06 0.1075 9
1.26458e+06 0.11 9
1.40043e+06 0.1125 9
1.67444e+06 0.115 9
1.98138e+06 0.1175 9
2.26353e+06 0.12 9
2.59009e+06 0.1225 9
2.81821e+06 0.125 9
2.73654e+06 0.1275 9
2.51339e+06 0.13 9
2.04041e+06 0.1325 9
1.61007e+06 0.135 9
1.24426e+06 0.1375 9
1.15192e+06 0.14 9
1.46442e+06 0.1425 9
1.87315e+06 0.145 9
2.67799e+06 0.1475 9
3.10138e+06 0.15 9
3.29328e+06 0.1525 9
3.4689e+06 0.155 9
3.55819e+06 0.1575 9
3.54799e+06 0.16 9
3.60534e+06 0.1625 9
3.70485e+06 0.165 9
3.56305e+06 0.1675 9
3.39332e+06 0.17 9
2.99227e+06 0.1725 9
2.52219e+06 0.175 9
1.94188e+06 0.1775 9
1.45868e+06 0.18 9
1.18658e+06 0.1825 9
1.08013e+06 0.185 9
908019 0.1875 9
825934 0.19 9
646194 0.1925 9
473764 0.195 9
315576 0.1975 9
273661 0.2 9
343419 0.2025 9
532556 0.205 9
636570 0.2075 9
735165 0.21 9
749169 0.2125 9
639050 0.215 9
669889 0.2175 9
786750 0.22 9
1.08855e+06 0.2225 9
1.42559e+06 0.225 9
1.66289e+06 0.2275 9
1.77488e+06 0.23 9
1.77725e+06 0.2325 9
1.6917e+06 0.235 9
1.63724e+06 0.2375 9
1.56654e+06 0.24 9
1.42293e+06 0.2425 9
1.23774e+06 0.245 9
1.01048e+06 0.2475 9
787168 0.25 9
597899 0.2525 9
527239 0.255 9
576071 0.2575 9
696236 0.26 9
752931 0.2625 9
768760 0.265 9
700628 0.2675 9
559405 0.27 9
442433 0.2725 9
354409 0.275 9
332886 0.2775 9
392689 0.28 9
457025 0.2825 9
506203 0.285 9
520054 0.2875 9
485486 0.29 9
438558 0.2925 9
902820 0.01 10
1.78571e+06 0.0125 10
2.84684e+06 0.015 10
3.83488e+06 0.0175 10
4.48216e+06 0.02 10
4.62196e+06 0.0225 10
4.26931e+06 0.025 10
3.62675e+06 0.0275 10
3.01259e+06 0.03 10
2.74509e+06 0.0325 10
3.03236e+06 0.035 10
3.90813e+06 0.0375 10
5.22731e+06 0.04 10
6.70884e+06 0.0425 10
8.00288e+06 0.045 10
8.76622e+06 0.0475 10
8.74109e+06 0.05 10
7.83414e+06 0.0525 10
6.17839e+06 0.055 10
4.14289e+06 0.0575 10
2.25521e+06 0.06 10
1.03381e+06 0.0625 10
781240 0.065 10
1.43318e+06 0.0675 10
2.55567e+06 0.07 10
3.52078e+06 0.0725 10
3.795e+06 0.075 10
3.2003e+06 0.0775 10
2.00524e+06 0.08 10
785872 0.0825 10
121392 0.085 10
286787 0.0875 10
1.11153e+06 0.09 10
2.08294e+06 0.0925 10
2.63489e+06 0.095 10
2.45832e+06 0.0975 10
1.66091e+06 0.1 10
692671 0.1025 10
87985.6 0.105 10
173881 0.1075 10
904391 0.11 10
1.90193e+06 0.1125 10
2.67461e+06 0.115 10
2.87072e+06 0.1175 10
2.40658e+06 0.12 10
1.54038e+06 0.1225 10
706031 0.125 10
205691 0.1275 10
170457 0.13 10
543798 0.1325 10
1.07409e+06 0.135 10
1.39323e+06 0.1375 10
1.52158e+06 0.14 10
1.42596e+06 0.1425 10
1.24185e+06 0.145 10
1.07409e+06 0.1475 10
997475 0.15 10
1.04681e+06 0.1525 10
1.14303e+06 0.155 10
1.16042e+06 0.1575 10
1.33248e+06 0.16 10
1.59657e+06 0.1625 10
1.97272e+06 0.165 10
2.50855e+06 0.1675 10
3.14352e+06 0.17 10
3.48445e+06 0.1725 10
3.66895e+06 0.175 10
3.50943e+06 0.1775 10
3.2684e+06 0.18 10
2.7776e+06 0.1825 10
2.40494e+06 0.185 10
2.17937e+06 0.1875 10
1.83627e+06 0.19 10
1.72944e+06 0.1925 10
1.45718e+06 0.195 10
1.0853e+06 0.1975 10
846050 0.2 10
639686 0.2025 10
439977 0.205 10
429225 0.2075 10
520692 0.21 10
649102 0.2125 10
794375 0.215 10
909558 0.2175 10
1.02272e+06 0.22 10
1.26781e+06 0.2225 10
1.44366e+06 0.225 10
1.52854e+06 0.2275 10
1.5203e+06 0.23 10
1.39827e+06 0.2325 10
1.17687e+06 0.235 10
1.02133e+06 0.2375 10
1.00561e+06 0.24 10
945701 0.2425 10
1.01467e+06 0.245 10
1.26936e+06 0.2475 10
1.52246e+06 0.25 10
1.73896e+06 0.2525 10
1.8643e+06 0.255 10
1.91981e+06 0.2575 10
2.05733e+06 0.26 10
2.03044e+06 0.2625 10
1.96821e+06 0.265 10
1.8456e+06 0.2675 10
1.65397e+06 0.27 10
1.38874e+06 0.2725 10
1.07162e+06 0.275 10
774247 0.2775 10
528586 0.28 10
384795 0.2825 10
395300 0.285 10
527539 0.2875 10
0 0.01 11
0 0.0125 11
0 0.015 11
0 0.0175 11
0 0.02 11
0 0.0225 11
0 0.025 11
0 0.0275 11
0 0.03 11
0 0.0325 11
0 0.035 11
0 0.0375 11
0 0.04 11
0 0.0425 11
0 0.045 11
0 0.0475 11
0 0.05 11
0 0.0525 11
1724.83 0.055 11
20724.5 0.0575 11
45039.7 0.06 11
31881.4 0.0625 11
116455 0.065 11
95433.5 0.0675 11
219764 0.07 11
193725 0.0725 11
270555 0.075 11
357405 0.0775 11
598195 0.08 11
760245 0.0825 11
1.29153e+06 0.085 11
1.70123e+06 0.0875 11
2.2315e+06 0.09 11
2.78993e+06 0.0925 11
3.25522e+06 0.095 11
3.94032e+06 0.0975 11
3.94415e+06 0.1 11
3.64973e+06 0.1025 11
3.31971e+06 0.105 11
3.08278e+06 0.1075 11
2.89286e+06 0.11 11
2.5965e+06 0.1125 11
2.53921e+06 0.115 11
2.32679e+06 0.1175 11
2.44973e+06 0.12 11
2.68317e+06 0.1225 11
2.90655e+06 0.125 11
2.68799e+06 0.1275 11
2.62047e+06 0.13 11
2.4247e+06 0.1325 11
2.20132e+06 0.135 11
2.15089e+06 0.1375 11
2.19103e+06 0.14 11
2.25238e+06 0.1425 11
2.4678e+06 0.145 11
2.63256e+06 0.1475 11
2.60504e+06 0.15 11
2.52083e+06 0.1525 11
2.11552e+06 0.155 11
1.53425e+06 0.1575 11
947487 0.16 11
387474 0.1625 11
92602.3 0.165 11
159893 0.1675 11
663936 0.17 11
1.42806e+06 0.1725 11
2.25857e+06 0.175 11
2.9569e+06 0.1775 11
3.33873e+06 0.18 11
3.35605e+06 0.1825 11
2.86482e+06 0.185 11
2.18418e+06 0.1875 11
1.46522e+06 0.19 11
879580 0.1925 11
539330 0.195 11
461985 0.1975 11
668602 0.2 11
1.08991e+06 0.2025 11
1.60408e+06 0.205 11
2.12637e+06 0.2075 11
2.67753e+06 0.21 11
3.08303e+06 0.2125 11
3.33476e+06 0.215 11
3.43317e+06 0.2175 11
3.37744e+06 0.22 11
3.10772e+06 0.2225 11
2.68439e+06 0.225 11
2.14347e+06 0.2275 11
1.647e+06 0.23 11
1.33228e+06 0.2325 11
1.25748e+06 0.235 11
1.38209e+06 0.2375 11
1.66897e+06 0.24 11
1.99257e+06 0.2425 11
2.22275e+06 0.245 11
2.29152e+06 0.2475 11
2.18534e+06 0.25 11
1.90996e+06 0.2525 11
1.67184e+06 0.255 11
1.45317e+06 0.2575 11
1.3052e+06 0.26 11
1.26347e+06 0.2625 11
1.21108e+06 0.265 11
1.10343e+06 0.2675 11
955500 0.27 11
733932 0.2725 11
528133 0.275 11
431626 0.2775 11
492155 0.28 11
713578 0.2825 11
37833.6 0.01 12
205554 0.0125 12
422839 0.015 12
827350 0.0175 12
1.42393e+06 0.02 12
2.20746e+06 0.0225 12
3.09044e+06 0.025 12
3.94814e+06 0.0275 12
4.62046e+06 0.03 12
4.94452e+06 0.0325 12
4.80416e+06 0.035 12
4.18246e+06 0.0375 12
3.19187e+06 0.04 12
2.05749e+06 0.0425 12
1.04915e+06 0.045 12
387215 0.0475 12
166828 0.05 12
338339 0.0525 12
751071 0.055 12
1.23126e+06 0.0575 12
1.64875e+06 0.06 12
1.94067e+06 0.0625 12
2.0934e+06 0.065 12
2.1107e+06 0.0675 12
1.99795e+06 0.07 12
1.7708e+06 0.0725 12
1.47147e+06 0.075 12
1.1682e+06 0.0775 12
929717 0.08 12
790147 0.0825 12
731694 0.085 12
699885 0.0875 12
641425 0.09 12
537360 0.0925 12
409442 0.095 12
300020 0.0975 12
246137 0.1 12
269550 0.1025 12
385975 0.105 12
616282 0.1075 12
982039 0.11 12
1.4773e+06 0.1125 12
2.0269e+06 0.115 12
2.52687e+06 0.1175 12
2.84252e+06 0.12 12
2.75942e+06 0.1225 12
2.39493e+06 0.125 12
1.9239e+06 0.1275 12
1.47747e+06 0.13 12
1.14794e+06 0.1325 12
1.02103e+06 0.135 12
1.10064e+06 0.1375 12
1.37821e+06 0.14 12
1.74547e+06 0.1425 12
1.6553e+06 0.145 12
1.89221e+06 0.1475 12
2.10526e+06 0.15 12
2.22261e+06 0.1525 12
2.37474e+06 0.155 12
2.4049e+06 0.1575 12
2.27952e+06 0.16 12
1.94903e+06 0.1625 12
1.60748e+06 0.165 12
1.4772e+06 0.1675 12
1.38767e+06 0.17 12
1.42531e+06 0.1725 12
1.53092e+06 0.175 12
1.7142e+06 0.1775 12
1.83329e+06 0.18 12
1.99534e+06 0.1825 12
2.12198e+06 0.185 12
2.37802e+06 0.1875 12
2.69651e+06 0.19 12
3.09941e+06 0.1925 12
3.08683e+06 0.195 12
3.01224e+06 0.1975 12
2.45269e+06 0.2 12
1.79075e+06 0.2025 12
1.0358e+06 0.205 12
622880 0.2075 12
535505 0.21 12
947794 0.2125 12
1.64967e+06 0.215 12
2.35292e+06 0.2175 12
2.78058e+06 0.22 12
2.73866e+06 0.2225 12
2.44311e+06 0.225 12
1.91702e+06 0.2275 12
1.50535e+06 0.23 12
1.11224e+06 0.2325 12
1.07181e+06 0.235 12
1.2296e+06 0.2375 12
1.54821e+06 0.24 12
1.75931e+06 0.2425 12
1.83105e+06 0.245 12
1.86632e+06 0.2475 12
1.69119e+06 0.25 12
1.51018e+06 0.2525 12
1.38689e+06 0.255 12
1.18565e+06 0.2575 12
1.02158e+06 0.26 12
877964 0.2625 12
732871 0.265 12
666977 0.2675 12
718966 0.27 12
767169 0.2725 12
798193 0.275 12
0 0.01 13
0 0.0125 13
0 0.015 13
0 0.0175 13
0 0.02 13
0 0.0225 13
0 0.025 13
0 0.0275 13
1571.8 0.03 13
1262.79 0.0325 13
9674.29 0.035 13
1430.74 0.0375 13
17929 0.04 13
17748.1 0.0425 13
104881 0.045 13
265152 0.0475 13
404792 0.05 13
522482 0.0525 13
559650 0.055 13
819048 0.0575 13
829860 0.06 13
897052 0.0625 13
880043 0.065 13
650395 0.0675 13
426781 0.07 13
130047 0.0725 13
10194.7 0.075 13
44011.4 0.0775 13
200465 0.08 13
412268 0.0825 13
576981 0.085 13
636514 0.0875 13
575148 0.09 13
579982 0.0925 13
608108 0.095 13
810068 0.0975 13
1.31749e+06 0.1 13
1.72247e+06 0.1025 13
2.08697e+06 0.105 13
2.47685e+06 0.1075 13
2.44369e+06 0.11 13
2.32838e+06 0.1125 13
1.95614e+06 0.115 13
1.60489e+06 0.1175 13
1.24188e+06 0.12 13
1.07386e+06 0.1225 13
1.02953e+06 0.125 13
1.00578e+06 0.1275 13
1.0613e+06 0.13 13
995584 0.1325 13
859622 0.135 13
827997 0.1375 13
922232 0.14 13
1.15668e+06 0.1425 13
1.55838e+06 0.145 13
1.89734e+06 0.1475 13
2.02591e+06 0.15 13
1.90952e+06 0.1525 13
1.56792e+06 0.155 13
1.04436e+06 0.1575 13
591774 0.16 13
396506 0.1625 13
536798 0.165 13
752553 0.1675 13
1.08537e+06 0.17 13
1.29836e+06 0.1725 13
1.30851e+06 0.175 13
1.23918e+06 0.1775 13
1.1183e+06 0.18 13
995883 0.1825 13
920782 0.185 13
839856 0.1875 13
898904 0.19 13
975173 0.1925 13
1.05448e+06 0.195 13
1.27581e+06 0.1975 13
1.29551e+06 0.2 13
1.37005e+06 0.2025 13
1.61139e+06 0.205 13
1.89288e+06 0.2075 13
2.15996e+06 0.21 13
2.4021e+06 0.2125 13
2.52184e+06 0.215 13
2.41039e+06 0.2175 13
2.11427e+06 0.22 13
1.76376e+06 0.2225 13
1.4302e+06 0.225 13
1.21008e+06 0.2275 13
1.134e+06 0.23 13
1.14865e+06 0.2325 13
1.07335e+06 0.235 13
974464 0.2375 13
845151 0.24 13
702267 0.2425 13
519265 0.245 13
468291 0.2475 13
421017 0.25 13
421599 0.2525 13
446566 0.255 13
459924 0.2575 13
545081 0.26 13
595828 0.2625 13
651657 0.265 13
671763 0.2675 13
0 0.02 14
0 0.0225 14
0 0.025 14
0 0.0275 14
1558.17 0.03 14
14935.1 0.0325 14
63211.6 0.035 14
271666 0.0375 14
484389 0.04 14
631308 0.0425 14
931547 0.045 14
1.35226e+06 0.0475 14
1.55862e+06 0.05 14
1.70437e+06 0.0525 14
1.4487e+06 0.055 14
1.23701e+06 0.0575 14
871413 0.06 14
647241 0.0625 14
499035 0.065 14
592169 0.0675 14
961052 0.07 14
1.43287e+06 0.0725 14
1.92274e+06 0.075 14
2.19914e+06 0.0775 14
2.28609e+06 0.08 14
2.26083e+06 0.0825 14
2.16514e+06 0.085 14
1.99659e+06 0.0875 14
1.82472e+06 0.09 14
1.7109e+06 0.0925 14
1.62026e+06 0.095 14
1.46773e+06 0.0975 14
1.35907e+06 0.1 14
1.23714e+06 0.1025 14
1.16995e+06 0.105 14
1.18332e+06 0.1075 14
1.27779e+06 0.11 14
1.24723e+06 0.1125 14
1.06015e+06 0.115 14
939027 0.1175 14
785361 0.12 14
872118 0.1225 14
1.08784e+06 0.125 14
1.17349e+06 0.1275 14
1.35918e+06 0.13 14
1.38228e+06 0.1325 14
1.09416e+06 0.135 14
905636 0.1375 14
950128 0.14 14
1.68066e+06 0.1425 14
2.72911e+06 0.145 14
3.79372e+06 0.1475 14
4.44812e+06 0.15 14
4.29354e+06 0.1525 14
3.4234e+06 0.155 14
2.18889e+06 0.1575 14
1.10419e+06 0.16 14
601691 0.1625 14
881308 0.165 14
1.54838e+06 0.1675 14
2.20832e+06 0.17 14
2.4779e+06 0.1725 14
2.29343e+06 0.175 14
1.73034e+06 0.1775 14
1.25911e+06 0.18 14
1.08408e+06 0.1825 14
1.25379e+06 0.185 14
1.54297e+06 0.1875 14
1.67308e+06 0.19 14
1.53031e+06 0.1925 14
1.04163e+06 0.195 14
502983 0.1975 14
152500 0.2 14
127945 0.2025 14
306614 0.205 14
573545 0.2075 14
782404 0.21 14
799052 0.2125 14
668485 0.215 14
536024 0.2175 14
439047 0.22 14
443177 0.2225 14
533671 0.225 14
605010 0.2275 14
676160 0.23 14
696510 0.2325 14
677737 0.235 14
748427 0.2375 14
813308 0.24 14
835302 0.2425 14
862674 0.245 14
806121 0.2475 14
729690 0.25 14
698513 0.2525 14
664919 0.255 14
688096 0.2575 14
452600 0.0125 15
1.06498e+06 0.015 15
1.74518e+06 0.0175 15
2.41887e+06 0.02 15
2.81098e+06 0.0225 15
2.75356e+06 0.025 15
2.32055e+06 0.0275 15
1.81926e+06 0.03 15
1.64148e+06 0.0325 15
2.03992e+06 0.035 15
2.96449e+06 0.0375 15
4.06308e+06 0.04 15
4.85181e+06 0.0425 15
4.95744e+06 0.045 15
4.29579e+06 0.0475 15
3.09547e+06 0.05 15
1.77031e+06 0.0525 15
724342 0.055 15
193515 0.0575 15
188970 0.06 15
542425 0.0625 15
1.00747e+06 0.065 15
1.36113e+06 0.0675 15
1.46982e+06 0.07 15
1.31055e+06 0.0725 15
955805 0.075 15
535912 0.0775 15
193000 0.08 15
39336.7 0.0825 15
130581 0.085 15
458239 0.0875 15
957735 0.09 15
1.5244e+06 0.0925 15
2.03256e+06 0.095 15
2.35909e+06 0.0975 15
2.41407e+06 0.1 15
2.17378e+06 0.1025 15
1.70026e+06 0.105 15
1.12952e+06 0.1075 15
627190 0.11 15
315855 0.1125 15
237846 0.115 15
324358 0.1175 15
514037 0.12 15
700340 0.1225 15
832129 0.125 15
924152 0.1275 15
1.01926e+06 0.13 15
1.18349e+06 0.1325 15
1.37543e+06 0.135 15
1.51542e+06 0.1375 15
1.58976e+06 0.14 15
1.8707e+06 0.1425 15
1.99251e+06 0.145 15
1.96769e+06 0.1475 15
2.18205e+06 0.15 15
2.28671e+06 0.1525 15
2.30932e+06 0.155 15
1.97713e+06 0.1575 15
1.5749e+06 0.16 15
1.21254e+06 0.1625 15
978627 0.165 15
1.01753e+06 0.1675 15
1.28188e+06 0.17 15
1.79731e+06 0.1725 15
2.31107e+06 0.175 15
2.69384e+06 0.1775 15
2.78926e+06 0.18 15
2.64422e+06 0.1825 15
2.33535e+06 0.185 15
1.83312e+06 0.1875 15
1.50623e+06 0.19 15
1.44889e+06 0.1925 15
1.85733e+06 0.195 15
2.36721e+06 0.1975 15
2.79926e+06 0.2 15
2.89555e+06 0.2025 15
2.6202e+06 0.205 15
1.91779e+06 0.2075 15
1.17956e+06 0.21 15
598075 0.2125 15
496826 0.215 15
770408 0.2175 15
1.33958e+06 0.22 15
1.7351e+06 0.2225 15
1.82278e+06 0.225 15
1.50491e+06 0.2275 15
959591 0.23 15
504484 0.2325 15
383456 0.235 15
628482 0.2375 15
1.16115e+06 0.24 15
1.60901e+06 0.2425 15
1.794e+06 0.245 15
1.69149e+06 0.2475 15
0 0.0025 16
0 0.005 16
0 0.0075 16
0 0.01 16
0 0.0125 16
0 0.015 16
0 0.0175 16
0 0.02 16
0 0.0225 16
0 0.025 16
0 0.0275 16
0 0.03 16
0 0.0325 16
0 0.035 16
0 0.0375 16
0 0.04 16
0 0.0425 16
0 0.045 16
0 0.0475 16
0 0.05 16
0 0.0525 16
1813.31 0.055 16
5335.44 0.0575 16
9484.44 0.06 16
23256.2 0.0625 16
26488.2 0.065 16
28171.8 0.0675 16
93273.6 0.07 16
308203 0.0725 16
565177 0.075 16
848653 0.0775 16
1.2068e+06 0.08 16
1.60867e+06 0.0825 16
1.97206e+06 0.085 16
2.81378e+06 0.0875 16
3.04192e+06 0.09 16
3.28468e+06 0.0925 16
3.22686e+06 0.095 16
3.2002e+06 0.0975 16
2.70573e+06 0.1 16
2.26364e+06 0.1025 16
1.76247e+06 0.105 16
1.45388e+06 0.1075 16
1.3606e+06 0.11 16
1.57068e+06 0.1125 16
1.72238e+06 0.115 16
1.89749e+06 0.1175 16
1.83585e+06 0.12 16
1.62553e+06 0.1225 16
1.20025e+06 0.125 16
796540 0.1275 16
701791 0.13 16
736165 0.1325 16
1.06895e+06 0.135 16
1.64457e+06 0.1375 16
2.34848e+06 0.14 16
2.8368e+06 0.1425 16
3.24343e+06 0.145 16
3.36313e+06 0.1475 16
3.22835e+06 0.15 16
3.017e+06 0.1525 16
2.67926e+06 0.155 16
2.15676e+06 0.1575 16
1.63879e+06 0.16 16
1.28362e+06 0.1625 16
1.04294e+06 0.165 16
906955 0.1675 16
944612 0.17 16
1.03231e+06 0.1725 16
1.06038e+06 0.175 16
1.0984e+06 0.1775 16
986457 0.18 16
861393 0.1825 16
691026 0.185 16
515635 0.1875 16
387292 0.19 16
338520 0.1925 16
348874 0.195 16
467523 0.1975 16
660193 0.2 16
868579 0.2025 16
1.03628e+06 0.205 16
1.08267e+06 0.2075 16
987744 0.21 16
834503 0.2125 16
661984 0.215 16
529783 0.2175 16
431961 0.22 16
396767 0.2225 16
427912 0.225 16
489155 0.2275 16
528253 0.23 16
620039 0.2325 16
767572 0.235 16
899500 0.2375 16
314.754 0.0025 17
5486.87 0.005 17
31980.2 0.0075 17
120520 0.01 17
351227 0.0125 17
841215 0.015 17
1.69764e+06 0.0175 17
2.92363e+06 0.02 17
4.32495e+06 0.0225 17
5.50093e+06 0.025 17
5.97927e+06 0.0275 17
5.46269e+06 0.03 17
4.05294e+06 0.0325 17
2.28737e+06 0.035 17
913363 0.0375 17
495162 0.04 17
1.08372e+06 0.0425 17
2.17235e+06 0.045 17
2.99397e+06 0.0475 17
2.98944e+06 0.05 17
2.14889e+06 0.0525 17
998261 0.055 17
235797 0.0575 17
261707 0.06 17
920633 0.0625 17
1.63209e+06 0.065 17
1.81544e+06 0.0675 17
1.31057e+06 0.07 17
498346 0.0725 17
34915.5 0.075 17
384448 0.0775 17
1.47608e+06 0.08 17
2.72551e+06 0.0825 17
3.41053e+06 0.085 17
3.14736e+06 0.0875 17
2.14773e+06 0.09 17
1.08611e+06 0.0925 17
667901 0.095 17
1.18392e+06 0.0975 17
2.33749e+06 0.1 17
3.44481e+06 0.1025 17
3.86637e+06 0.105 17
3.38779e+06 0.1075 17
2.31692e+06 0.11 17
1.25733e+06 0.1125 17
726959 0.115 17
857274 0.1175 17
1.36191e+06 0.12 17
1.78465e+06 0.1225 17
1.82382e+06 0.125 17
1.36876e+06 0.1275 17
748069 0.13 17
258767 0.1325 17
164186 0.135 17
353548 0.1375 17
589487 0.14 17
685047 0.1425 17
512142 0.145 17
349888 0.1475 17
335363 0.15 17
631983 0.1525 17
1.14948e+06 0.155 17
1.67092e+06 0.1575 17
1.96975e+06 0.16 17
2.08088e+06 0.1625 17
1.90558e+06 0.165 17
1.49432e+06 0.1675 17
1.10811e+06 0.17 17
793191 0.1725 17
780338 0.175 17
759635 0.1775 17
870500 0.18 17
854298 0.1825 17
859614 0.185 17
838561 0.1875 17
832424 0.19 17
837321 0.1925 17
959443 0.195 17
1.04283e+06 0.1975 17
1.02717e+06 0.2 17
1.14404e+06 0.2025 17
1.05848e+06 0.205 17
857865 0.2075 17
648718 0.21 17
368166 0.2125 17
274875 0.215 17
286473 0.2175 17
451464 0.22 17
750632 0.2225 17
1.17216e+06 0.225 17
0 0.0025 18
0 0.005 18
0 0.0075 18
0 0.01 18
0 0.0125 18
0 0.015 18
0 0.0175 18
0 0.02 18
0 0.0225 18
0 0.025 18
0 0.0275 18
0 0.03 18
0 0.0325 18
3777.47 0.035 18
20099.1 0.0375 18
60068.7 0.04 18
177807 0.0425 18
232517 0.045 18
326760 0.0475 18
452698 0.05 18
600487 0.0525 18
533867 0.055 18
388705 0.0575 18
260853 0.06 18
121201 0.0625 18
59245.5 0.065 18
119708 0.0675 18
226807 0.07 18
451462 0.0725 18
825318 0.075 18
1.13565e+06 0.0775 18
1.32041e+06 0.08 18
1.51191e+06 0.0825 18
1.60949e+06 0.085 18
1.69872e+06 0.0875 18
1.90095e+06 0.09 18
2.26369e+06 0.0925 18
2.56932e+06 0.095 18
2.86147e+06 0.0975 18
2.92025e+06 0.1 18
2.99924e+06 0.1025 18
2.99543e+06 0.105 18
2.7457e+06 0.1075 18
2.99581e+06 0.11 18
2.68821e+06 0.1125 18
2.53722e+06 0.115 18
2.38788e+06 0.1175 18
2.16445e+06 0.12 18
1.741e+06 0.1225 18
1.35143e+06 0.125 18
904325 0.1275 18
704669 0.13 18
718879 0.1325 18
988570 0.135 18
1.41521e+06 0.1375 18
1.80554e+06 0.14 18
2.08517e+06 0.1425 18
2.36994e+06 0.145 18
2.55809e+06 0.1475 18
2.64851e+06 0.15 18
2.56256e+06 0.1525 18
2.41695e+06 0.155 18
2.22584e+06 0.1575 18
2.01248e+06 0.16 18
1.92979e+06 0.1625 18
1.87776e+06 0.165 18
1.90754e+06 0.1675 18
1.90645e+06 0.17 18
1.90459e+06 0.1725 18
1.85534e+06 0.175 18
1.70881e+06 0.1775 18
1.54106e+06 0.18 18
1.35941e+06 0.1825 18
1.15898e+06 0.185 18
1.04095e+06 0.1875 18
853090 0.19 18
664055 0.1925 18
549748 0.195 18
570378 0.1975 18
790768 0.2 18
1.05302e+06 0.2025 18
1.32355e+06 0.205 18
1.46613e+06 0.2075 18
1.50954e+06 0.21 18
1.44978e+06 0.2125 18
0 0.0025 19
0 0.005 19
0 0.0075 19
0 0.01 19
0 0.0125 19
0 0.015 19
0 0.0175 19
0 0.02 19
0 0.0225 19
1497.61 0.025 19
8332.64 0.0275 19
63232.1 0.03 19
151575 0.0325 19
399433 0.035 19
716770 0.0375 19
1.11045e+06 0.04 19
1.82618e+06 0.0425 19
2.48925e+06 0.045 19
3.31613e+06 0.0475 19
4.15204e+06 0.05 19
4.59641e+06 0.0525 19
5.20092e+06 0.055 19
5.02196e+06 0.0575 19
4.83536e+06 0.06 19
4.31781e+06 0.0625 19
3.62107e+06 0.065 19
2.73498e+06 0.0675 19
2.025e+06 0.07 19
1.41728e+06 0.0725 19
889233 0.075 19
607045 0.0775 19
579845 0.08 19
802506 0.0825 19
1.20139e+06 0.085 19
1.63346e+06 0.0875 19
1.82331e+06 0.09 19
1.82976e+06 0.0925 19
1.59608e+06 0.095 19
1.27321e+06 0.0975 19
965712 0.1 19
857149 0.1025 19
897467 0.105 19
1.12345e+06 0.1075 19
1.33634e+06 0.11 19
1.45419e+06 0.1125 19
1.35323e+06 0.115 19
1.15107e+06 0.1175 19
891606 0.12 19
616523 0.1225 19
445016 0.125 19
387169 0.1275 19
478997 0.13 19
663770 0.1325 19
927229 0.135 19
1.33931e+06 0.1375 19
1.75933e+06 0.14 19
1.83639e+06 0.1425 19
1.69641e+06 0.145 19
1.25156e+06 0.1475 19
855163 0.15 19
501869 0.1525 19
354818 0.155 19
413022 0.1575 19
531713 0.16 19
668786 0.1625 19
650160 0.165 19
518886 0.1675 19
332229 0.17 19
159138 0.1725 19
90591.7 0.175 19
153563 0.1775 19
292947 0.18 19
423811 0.1825 19
581743 0.185 19
635324 0.1875 19
692210 0.19 19
749725 0.1925 19
605064 0.195 19
535971 0.1975 19
0 0.0025 20
0 0.005 20
0 0.0075 20
1247.32 0.01 20
112812 0.0125 20
101824 0.015 20
256470 0.0175 20
545885 0.02 20
1.13238e+06 0.0225 20
2.14364e+06 0.025 20
3.54035e+06 0.0275 20
5.75404e+06 0.03 20
8.77685e+06 0.0325 20
1.28009e+07 0.035 20
1.71971e+07 0.0375 20
2.10454e+07 0.04 20
2.30548e+07 0.0425 20
2.22389e+07 0.045 20
1.84382e+07 0.0475 20
1.26007e+07 0.05 20
6.54147e+06 0.0525 20
2.21473e+06 0.055 20
830478 0.0575 20
2.28764e+06 0.06 20
5.25391e+06 0.0625 20
7.8707e+06 0.065 20
8.70248e+06 0.0675 20
7.40943e+06 0.07 20
4.79028e+06 0.0725 20
2.21654e+06 0.075 20
824908 0.0775 20
943200 0.08 20
2.04432e+06 0.0825 20
3.1835e+06 0.085 20
3.59746e+06 0.0875 20
3.09304e+06 0.09 20
2.0333e+06 0.0925 20
1.0016e+06 0.095 20
407298 0.0975 20
287429 0.1 20
390668 0.1025 20
433798 0.105 20
319160 0.1075 20
180325 0.11 20
235553 0.1125 20
587225 0.115 20
1.10987e+06 0.1175 20
1.53756e+06 0.12 20
1.56251e+06 0.1225 20
1.225e+06 0.125 20
702221 0.1275 20
306717 0.13 20
318541 0.1325 20
836845 0.135 20
1.59198e+06 0.1375 20
2.27019e+06 0.14 20
2.55829e+06 0.1425 20
2.31998e+06 0.145 20
1.76966e+06 0.1475 20
1.06676e+06 0.15 20
491117 0.1525 20
215104 0.155 20
191923 0.1575 20
391437 0.16 20
559755 0.1625 20
712200 0.165 20
669727 0.1675 20
539966 0.17 20
387422 0.1725 20
248939 0.175 20
202676 0.1775 20
0 0.0025 21
0 0.005 21
0 0.0075 21
0 0.01 21
0 0.0125 21
0 0.015 21
0 0.0175 21
0 0.02 21
0 0.0225 21
0 0.025 21
0 0.0275 21
0 0.03 21
0 0.0325 21
0 0.035 21
0 0.0375 21
0 0.04 21
0 0.0425 21
0 0.045 21
0 0.0475 21
1868.77 0.05 21
4372.74 0.0525 21
3127.27 0.055 21
11437 0.0575 21
80015.4 0.06 21
108017 0.0625 21
228480 0.065 21
447527 0.0675 21
485674 0.07 21
564950 0.0725 21
863694 0.075 21
1.08258e+06 0.0775 21
1.3099e+06 0.08 21
1.28828e+06 0.0825 21
1.30953e+06 0.085 21
1.19292e+06 0.0875 21
975395 0.09 21
689341 0.0925 21
557657 0.095 21
455930 0.0975 21
349901 0.1 21
362788 0.1025 21
523118 0.105 21
806676 0.1075 21
1.0679e+06 0.11 21
1.38916e+06 0.1125 21
1.67197e+06 0.115 21
2.00077e+06 0.1175 21
2.33572e+06 0.12 21
2.55359e+06 0.1225 21
2.44441e+06 0.125 21
2.14212e+06 0.1275 21
1.81874e+06 0.13 21
1.50497e+06 0.1325 21
1.49905e+06 0.135 21
1.8119e+06 0.1375 21
2.48977e+06 0.14 21
3.28419e+06 0.1425 21
3.90417e+06 0.145 21
4.43579e+06 0.1475 21
4.47633e+06 0.15 21
4.31627e+06 0.1525 21
3.84433e+06 0.155 21
3.2167e+06 0.1575 21
2.63134e+06 0.16 21
1.15565e+06 0.0025 22
4.03217e+06 0.005 22
7.20167e+06 0.0075 22
9.21123e+06 0.01 22
9.35729e+06 0.0125 22
7.96468e+06 0.015 22
6.05338e+06 0.0175 22
4.66524e+06 0.02 22
4.29881e+06 0.0225 22
4.76831e+06 0.025 22
5.48525e+06 0.0275 22
5.896e+06 0.03 22
5.76749e+06 0.0325 22
5.1878e+06 0.035 22
4.37852e+06 0.0375 22
3.5241e+06 0.04 22
2.74973e+06 0.0425 22
2.21186e+06 0.045 22
2.1552e+06 0.0475 22
2.82506e+06 0.05 22
4.26682e+06 0.0525 22
6.16809e+06 0.055 22
7.89851e+06 0.0575 22
8.77086e+06 0.06 22
8.38606e+06 0.0625 22
6.85262e+06 0.065 22
4.74261e+06 0.0675 22
2.80911e+06 0.07 22
1.63114e+06 0.0725 22
1.38176e+06 0.075 22
1.8243e+06 0.0775 22
2.50118e+06 0.08 22
2.98253e+06 0.0825 22
3.03856e+06 0.085 22
2.67407e+06 0.0875 22
2.05296e+06 0.09 22
1.3887e+06 0.0925 22
864025 0.095 22
597490 0.0975 22
636577 0.1 22
952364 0.1025 22
1.43356e+06 0.105 22
1.90028e+06 0.1075 22
2.15658e+06 0.11 22
2.07325e+06 0.1125 22
1.66049e+06 0.115 22
1.08111e+06 0.1175 22
583645 0.12 22
373222 0.1225 22
513795 0.125 22
886541 0.1275 22
1.26602e+06 0.13 22
1.38073e+06 0.1325 22
1.21725e+06 0.135 22
826188 0.1375 22
0 0.0025 23
0 0.005 23
0 0.0075 23
0 0.01 23
0 0.0125 23
0 0.015 23
0 0.0175 23
0 0.02 23
0 0.0225 23
0 0.025 23
0 0.0275 23
0 0.03 23
0 0.0325 23
0 0.035 23
0 0.0375 23
3845.99 0.04 23
25459.2 0.0425 23
147915 0.045 23
442901 0.0475 23
1.02229e+06 0.05 23
1.5866e+06 0.0525 23
2.46628e+06 0.055 23
3.23905e+06 0.0575 23
4.43986e+06 0.06 23
5.2289e+06 0.0625 23
5.13631e+06 0.065 23
4.89812e+06 0.0675 23
4.51191e+06 0.07 23
3.93059e+06 0.0725 23
3.34619e+06 0.075 23
3.18339e+06 0.0775 23
3.49013e+06 0.08 23
4.20837e+06 0.0825 23
4.61253e+06 0.085 23
5.10923e+06 0.0875 23
5.31452e+06 0.09 23
4.74033e+06 0.0925 23
3.82375e+06 0.095 23
2.59061e+06 0.0975 23
1.57556e+06 0.1 23
745233 0.1025 23
