586.625 0.0843 0
370.361 0.0853 0
198.66 0.0863 0
79.5466 0.0873 0
14.9019 0.0883 0
0.899216 0.0893 0
29.0282 0.0903 0
87.5376 0.0913 0
163.088 0.0923 0
242.405 0.0933 0
313.735 0.0943 0
367.967 0.0953 0
399.312 0.0963 0
405.522 0.0973 0
387.67 0.0983 0
349.566 0.0993 0
296.932 0.1003 0
236.448 0.1013 0
174.813 0.1023 0
117.934 0.1033 0
70.3106 0.1043 0
34.6886 0.1053 0
11.9713 0.1063 0
1.37988 0.1073 0
0.804915 0.1083 0
7.28031 0.1093 0
17.5039 0.1103 0
28.3307 0.1113 0
37.1785 0.1123 0
42.3026 0.1133 0
42.9205 0.1143 0
39.1883 0.1153 0
32.0486 0.1163 0
22.9875 0.1173 0
13.742 0.1183 0
6.00496 0.1193 0
1.28984 0.1203 0
0.272243 0.1213 0
3.35423 0.1223 0
10.1682 0.1233 0
19.9183 0.1243 0
31.7614 0.1253 0
43.3749 0.1263 0
54.2591 0.1273 0
63.9788 0.1283 0
69.2436 0.1293 0
70.721 0.1303 0
68.3821 0.1313 0
64.2048 0.1323 0
54.8581 0.1333 0
46.5295 0.1343 0
33.8198 0.1353 0
24.3487 0.1363 0
15.0803 0.1373 0
8.62771 0.1383 0
9.89483 0.1393 0
7.19921 0.1403 0
7.69364 0.1413 0
14.9652 0.1423 0
21.3674 0.1433 0
29.3751 0.1443 0
40.4596 0.1453 0
47.0914 0.1463 0
57.4341 0.1473 0
59.1883 0.1483 0
60.2641 0.1493 0
59.8503 0.1503 0
57.0629 0.1513 0
53.7192 0.1523 0
42.8773 0.1533 0
31.6284 0.1543 0
23.9448 0.1553 0
20.5761 0.1563 0
15.0536 0.1573 0
13.336 0.1583 0
8.98877 0.1593 0
8.52966 0.1603 0
9.55126 0.1613 0
10.6884 0.1623 0
12.4662 0.1633 0
11.0617 0.1643 0
13.3225 0.1653 0
15.4092 0.1663 0
17.3943 0.1673 0
19.28 0.1683 0
20.5517 0.1693 0
21.1555 0.1703 0
21.3421 0.1713 0
22.7224 0.1723 0
22.9676 0.1733 0
26.9943 0.1743 0
28.7372 0.1753 0
32.1266 0.1763 0
40.487 0.1773 0
42.2163 0.1783 0
54.3553 0.1793 0
57.577 0.1803 0
58.9306 0.1813 0
65.0847 0.1823 0
70.4371 0.1833 0
82.0943 0.1843 0
89.6248 0.1853 0
91.6105 0.1863 0
93.2808 0.1873 0
101.873 0.1883 0
107.092 0.1893 0
108.238 0.1903 0
120.195 0.1913 0
121.109 0.1923 0
129.282 0.1933 0
129.158 0.1943 0
133.396 0.1953 0
136.625 0.1963 0
138.766 0.1973 0
138.018 0.1983 0
141.564 0.1993 0
140.537 0.2003 0
142.249 0.2013 0
138.298 0.2023 0
136.755 0.2033 0
131.467 0.2043 0
124.956 0.2053 0
115.186 0.2063 0
101.575 0.2073 0
92.9813 0.2083 0
83.2209 0.2093 0
74.1183 0.2103 0
65.214 0.2113 0
55.2294 0.2123 0
49.8415 0.2133 0
43.6663 0.2143 0
41.8646 0.2153 0
35.9026 0.2163 0
34.69 0.2173 0
36.2157 0.2183 0
37.7846 0.2193 0
40.5393 0.2203 0
46.052 0.2213 0
51.6519 0.2223 0
56.007 0.2233 0
58.658 0.2243 0
57.8517 0.2253 0
57.4756 0.2263 0
56.3575 0.2273 0
51.7776 0.2283 0
46.7108 0.2293 0
40.3145 0.2303 0
33.6684 0.2313 0
26.6417 0.2323 0
19.7364 0.2333 0
13.2669 0.2343 0
7.19599 0.2353 0
4.26726 0.2363 0
3.33203 0.2373 0
4.40045 0.2383 0
8.2775 0.2393 0
13.5797 0.2403 0
21.8029 0.2413 0
29.5448 0.2423 0
37.4365 0.2433 0
45.5185 0.2443 0
51.7195 0.2453 0
56.3413 0.2463 0
58.9825 0.2473 0
59.5027 0.2483 0
57.5365 0.2493 0
54.541 0.2503 0
44.1915 0.2513 0
37.9999 0.2523 0
31.4778 0.2533 0
25.2012 0.2543 0
18.8355 0.2553 0
16.4976 0.2563 0
13.8886 0.2573 0
12.9078 0.2583 0
14.3344 0.2593 0
18.2786 0.2603 0
21.4844 0.2613 0
25.5115 0.2623 0
29.9955 0.2633 0
34.5806 0.2643 0
38.0188 0.2653 0
40.4776 0.2663 0
43.2787 0.2673 0
47.8152 0.2683 0
48.8268 0.2693 0
49.8686 0.2703 0
48.2178 0.2713 0
47.7145 0.2723 0
46.8776 0.2733 0
48.0606 0.2743 0
45.0627 0.2753 0
39.0423 0.2763 0
37.4178 0.2773 0
35.4173 0.2783 0
33.2195 0.2793 0
30.7967 0.2803 0
26.3926 0.2813 0
23.6464 0.2823 0
20.8302 0.2833 0
18.072 0.2843 0
15.5379 0.2853 0
12.8406 0.2863 0
11.3887 0.2873 0
10.7334 0.2883 0
11.0199 0.2893 0
12.0512 0.2903 0
14.0538 0.2913 0
18.215 0.2923 0
21.9461 0.2933 0
26.5133 0.2943 0
34.0955 0.2953 0
39.5205 0.2963 0
44.7149 0.2973 0
49.3681 0.2983 0
53.0518 0.2993 0
55.8621 0.3003 0
57.4737 0.3013 0
59.0245 0.3023 0
58.0971 0.3033 0
55.9589 0.3043 0
52.7564 0.3053 0
48.69 0.3063 0
43.9964 0.3073 0
38.9302 0.3083 0
33.7449 0.3093 0
28.6762 0.3103 0
23.9276 0.3113 0
20.7277 0.3123 0
16.9427 0.3133 0
14.826 0.3143 0
13.5734 0.3153 0
11.5528 0.3163 0
9.84474 0.3173 0
8.97543 0.3183 0
8.65854 0.3193 0
8.56303 0.3203 0
8.73678 0.3213 0
9.10094 0.3223 0
9.59128 0.3233 0
10.1603 0.3243 0
10.7769 0.3253 0
11.9344 0.3263 0
12.6445 0.3273 0
13.383 0.3283 0
14.149 0.3293 0
14.9377 0.3303 0
15.7377 0.3313 0
16.5283 0.3323 0
537.883 0.0833 1
548.947 0.0843 1
588.059 0.0853 1
652.126 0.0863 1
738.876 0.0873 1
838.104 0.0883 1
955.149 0.0893 1
1092.95 0.0903 1
1235.13 0.0913 1
1312.35 0.0923 1
1425.5 0.0933 1
1520.12 0.0943 1
1605.18 0.0953 1
1673.29 0.0963 1
1685.53 0.0973 1
1711.4 0.0983 1
1700.77 0.0993 1
1638.07 0.1003 1
1569.13 0.1013 1
1477.84 0.1023 1
1359.74 0.1033 1
1244.79 0.1043 1
1125.45 0.1053 1
1019.19 0.1063 1
922.799 0.1073 1
840.831 0.1083 1
768.214 0.1093 1
709.83 0.1103 1
660.842 0.1113 1
619.125 0.1123 1
607.66 0.1133 1
602.532 0.1143 1
600.148 0.1153 1
601.599 0.1163 1
607.886 0.1173 1
613.318 0.1183 1
611.655 0.1193 1
602.093 0.1203 1
592.021 0.1213 1
568.93 0.1223 1
539.614 0.1233 1
493.309 0.1243 1
445.997 0.1253 1
403.913 0.1263 1
347.889 0.1273 1
299.883 0.1283 1
254.249 0.1293 1
207.973 0.1303 1
169.588 0.1313 1
135.602 0.1323 1
110.253 0.1333 1
89.9445 0.1343 1
72.1555 0.1353 1
61.3041 0.1363 1
57.6344 0.1373 1
56.5272 0.1383 1
54.304 0.1393 1
53.374 0.1403 1
54.8582 0.1413 1
58.3087 0.1423 1
62.1223 0.1433 1
66.3908 0.1443 1
71.2198 0.1453 1
70.1692 0.1463 1
73.3225 0.1473 1
75.7067 0.1483 1
77.0149 0.1493 1
78.6597 0.1503 1
78.0744 0.1513 1
72.5966 0.1523 1
68.2909 0.1533 1
62.9017 0.1543 1
55.5068 0.1553 1
48.3955 0.1563 1
41.4756 0.1573 1
34.5393 0.1583 1
28.5122 0.1593 1
24.4647 0.1603 1
21.525 0.1613 1
20.9653 0.1623 1
21.6527 0.1633 1
23.5161 0.1643 1
25.9987 0.1653 1
29.9525 0.1663 1
33.255 0.1673 1
36.7982 0.1683 1
40.4555 0.1693 1
41.8527 0.1703 1
41.6608 0.1713 1
39.9069 0.1723 1
36.6925 0.1733 1
32.4425 0.1743 1
29.6271 0.1753 1
22.6127 0.1763 1
18.6744 0.1773 1
17.3174 0.1783 1
15.5021 0.1793 1
16.514 0.1803 1
19.5201 0.1813 1
24.1916 0.1823 1
30.9026 0.1833 1
38.0506 0.1843 1
45.549 0.1853 1
52.4039 0.1863 1
58.1572 0.1873 1
60.458 0.1883 1
62.6274 0.1893 1
62.6442 0.1903 1
60.7522 0.1913 1
55.9294 0.1923 1
51.5243 0.1933 1
47.499 0.1943 1
43.6201 0.1953 1
41.0093 0.1963 1
38.6664 0.1973 1
34.7857 0.1983 1
34.5816 0.1993 1
35.6724 0.2003 1
37.7603 0.2013 1
39.8971 0.2023 1
42.5935 0.2033 1
44.8458 0.2043 1
44.673 0.2053 1
44.846 0.2063 1
45.7099 0.2073 1
42.5747 0.2083 1
39.8513 0.2093 1
35.904 0.2103 1
32.405 0.2113 1
28.8083 0.2123 1
27.3127 0.2133 1
27.6746 0.2143 1
28.7196 0.2153 1
32.4296 0.2163 1
40.2721 0.2173 1
45.9264 0.2183 1
54.7763 0.2193 1
64.4614 0.2203 1
73.2387 0.2213 1
82.1798 0.2223 1
91.3613 0.2233 1
102.177 0.2243 1
110.33 0.2253 1
117.191 0.2263 1
122.352 0.2273 1
129.506 0.2283 1
134.322 0.2293 1
137.046 0.2303 1
140.026 0.2313 1
145.15 0.2323 1
147.101 0.2333 1
149.42 0.2343 1
153.455 0.2353 1
157.242 0.2363 1
158.649 0.2373 1
161.533 0.2383 1
160.781 0.2393 1
156.984 0.2403 1
152.222 0.2413 1
146.215 0.2423 1
136.699 0.2433 1
124.769 0.2443 1
110.894 0.2453 1
96.1129 0.2463 1
80.22 0.2473 1
66.236 0.2483 1
53.4924 0.2493 1
43.9507 0.2503 1
36.129 0.2513 1
30.4591 0.2523 1
25.2375 0.2533 1
21.9665 0.2543 1
20.9888 0.2553 1
24.3566 0.2563 1
26.9869 0.2573 1
31.18 0.2583 1
36.546 0.2593 1
40.3231 0.2603 1
44.681 0.2613 1
47.3252 0.2623 1
48.4862 0.2633 1
49.4703 0.2643 1
48.9113 0.2653 1
45.7536 0.2663 1
45.6486 0.2673 1
40.7877 0.2683 1
38.2329 0.2693 1
34.3064 0.2703 1
31.0487 0.2713 1
29.2262 0.2723 1
27.9653 0.2733 1
27.89 0.2743 1
28.0336 0.2753 1
26.7691 0.2763 1
27.4726 0.2773 1
30.0024 0.2783 1
28.9678 0.2793 1
30.338 0.2803 1
31.5438 0.2813 1
31.4523 0.2823 1
30.9743 0.2833 1
30.7253 0.2843 1
28.6625 0.2853 1
27.3192 0.2863 1
26.1498 0.2873 1
24.1537 0.2883 1
21.8023 0.2893 1
19.7602 0.2903 1
17.9077 0.2913 1
16.4973 0.2923 1
15.8868 0.2933 1
14.331 0.2943 1
12.4893 0.2953 1
11.3189 0.2963 1
9.97232 0.2973 1
10.1562 0.2983 1
9.66662 0.2993 1
9.77148 0.3003 1
10.6506 0.3013 1
12.7563 0.3023 1
14.3914 0.3033 1
15.8017 0.3043 1
17.0992 0.3053 1
19.5661 0.3063 1
22.1828 0.3073 1
24.643 0.3083 1
26.9312 0.3093 1
28.3162 0.3103 1
29.0045 0.3113 1
29.6365 0.3123 1
29.8394 0.3133 1
28.148 0.3143 1
26.2753 0.3153 1
24.1055 0.3163 1
21.3105 0.3173 1
18.6959 0.3183 1
16.0043 0.3193 1
13.4404 0.3203 1
11.5655 0.3213 1
11.6703 0.3223 1
12.2691 0.3233 1
13.44 0.3243 1
15.1933 0.3253 1
17.6737 0.3263 1
20.5657 0.3273 1
24.7869 0.3283 1
29.5519 0.3293 1
33.8972 0.3303 1
36.6475 0.3313 1
39.4958 0.3323 1
172.187 0.0833 2
153.68 0.0843 2
138.738 0.0853 2
128.183 0.0863 2
122.642 0.0873 2
122.567 0.0883 2
128.244 0.0893 2
139.796 0.0903 2
157.168 0.0913 2
180.096 0.0923 2
208.072 0.0933 2
240.308 0.0943 2
275.716 0.0953 2
312.965 0.0963 2
350.299 0.0973 2
385.848 0.0983 2
417.992 0.0993 2
444.706 0.1003 2
464.065 0.1013 2
475.448 0.1023 2
477.601 0.1033 2
470.4 0.1043 2
454.61 0.1053 2
430.123 0.1063 2
401.222 0.1073 2
369.086 0.1083 2
337.683 0.1093 2
307.824 0.1103 2
283.296 0.1113 2
266.325 0.1123 2
257.727 0.1133 2
259.845 0.1143 2
270.623 0.1153 2
288.514 0.1163 2
316.602 0.1173 2
349.637 0.1183 2
381.291 0.1193 2
416.181 0.1203 2
449.961 0.1213 2
479.819 0.1223 2
493.448 0.1233 2
506.842 0.1243 2
512.743 0.1253 2
505.729 0.1263 2
486.427 0.1273 2
464.167 0.1283 2
436.029 0.1293 2
410.386 0.1303 2
394.693 0.1313 2
370.448 0.1323 2
346.928 0.1333 2
326.751 0.1343 2
314.004 0.1353 2
296.724 0.1363 2
290.459 0.1373 2
286.303 0.1383 2
293.75 0.1393 2
292.604 0.1403 2
297.776 0.1413 2
312.399 0.1423 2
312.889 0.1433 2
311.061 0.1443 2
303.894 0.1453 2
300.274 0.1463 2
291.369 0.1473 2
272.807 0.1483 2
253.78 0.1493 2
235.615 0.1503 2
211.353 0.1513 2
186.265 0.1523 2
169.329 0.1533 2
156.065 0.1543 2
137.583 0.1553 2
116.643 0.1563 2
97.1044 0.1573 2
78.6742 0.1583 2
60.8977 0.1593 2
47.0377 0.1603 2
37.107 0.1613 2
25.768 0.1623 2
20.4586 0.1633 2
14.7791 0.1643 2
14.2841 0.1653 2
10.4389 0.1663 2
10.4948 0.1673 2
10.1038 0.1683 2
11.0695 0.1693 2
12.6147 0.1703 2
14.0975 0.1713 2
14.4838 0.1723 2
13.824 0.1733 2
13.808 0.1743 2
14.9768 0.1753 2
14.9405 0.1763 2
14.8672 0.1773 2
14.8395 0.1783 2
15.4589 0.1793 2
15.6802 0.1803 2
18.7151 0.1813 2
20.56 0.1823 2
20.6275 0.1833 2
21.9381 0.1843 2
19.6672 0.1853 2
25.6377 0.1863 2
25.2764 0.1873 2
30.8806 0.1883 2
35.2671 0.1893 2
43.1517 0.1903 2
52.6755 0.1913 2
61.3841 0.1923 2
69.8006 0.1933 2
80.7183 0.1943 2
90.6429 0.1953 2
99.2936 0.1963 2
106.612 0.1973 2
113.386 0.1983 2
111.465 0.1993 2
114.455 0.2003 2
109.884 0.2013 2
103.177 0.2023 2
93.9037 0.2033 2
86.1323 0.2043 2
79.7303 0.2053 2
71.5576 0.2063 2
62.0893 0.2073 2
55.2343 0.2083 2
46.8917 0.2093 2
40.6666 0.2103 2
34.3641 0.2113 2
30.4681 0.2123 2
31.0037 0.2133 2
35.4015 0.2143 2
44.0249 0.2153 2
54.2865 0.2163 2
65.4439 0.2173 2
76.3114 0.2183 2
84.7253 0.2193 2
93.293 0.2203 2
102.877 0.2213 2
110.492 0.2223 2
114.471 0.2233 2
115.967 0.2243 2
111.184 0.2253 2
107.726 0.2263 2
101.368 0.2273 2
93.9789 0.2283 2
88.1704 0.2293 2
78.9111 0.2303 2
70.6444 0.2313 2
61.0879 0.2323 2
55.5015 0.2333 2
55.921 0.2343 2
55.0076 0.2353 2
60.139 0.2363 2
63.6111 0.2373 2
68.1672 0.2383 2
73.2648 0.2393 2
79.4078 0.2403 2
83.5894 0.2413 2
88.6199 0.2423 2
92.5731 0.2433 2
93.4531 0.2443 2
92.8268 0.2453 2
91.2741 0.2463 2
85.9092 0.2473 2
78.8511 0.2483 2
72.728 0.2493 2
62.6387 0.2503 2
54.3228 0.2513 2
43.2413 0.2523 2
35.7489 0.2533 2
27.7961 0.2543 2
22.2385 0.2553 2
19.8132 0.2563 2
19.371 0.2573 2
21.3867 0.2583 2
22.9055 0.2593 2
27.2646 0.2603 2
32.7896 0.2613 2
38.3443 0.2623 2
43.7535 0.2633 2
48.9339 0.2643 2
52.292 0.2653 2
54.1235 0.2663 2
55.6528 0.2673 2
55.3392 0.2683 2
56.8521 0.2693 2
55.2564 0.2703 2
52.4378 0.2713 2
50.8102 0.2723 2
47.3513 0.2733 2
43.5486 0.2743 2
39.2816 0.2753 2
36.5074 0.2763 2
34.4561 0.2773 2
34.9074 0.2783 2
36.1495 0.2793 2
38.2061 0.2803 2
39.9119 0.2813 2
39.9868 0.2823 2
42.2792 0.2833 2
42.9858 0.2843 2
46.6248 0.2853 2
46.924 0.2863 2
48.0748 0.2873 2
49.0824 0.2883 2
49.777 0.2893 2
49.7105 0.2903 2
47.309 0.2913 2
45.4971 0.2923 2
44.5402 0.2933 2
41.3486 0.2943 2
38.1585 0.2953 2
34.3179 0.2963 2
31.496 0.2973 2
29.94 0.2983 2
26.8016 0.2993 2
24.6793 0.3003 2
21.5968 0.3013 2
20.0507 0.3023 2
18.6163 0.3033 2
16.7242 0.3043 2
14.792 0.3053 2
13.1714 0.3063 2
11.4099 0.3073 2
10.0741 0.3083 2
8.87783 0.3093 2
7.90407 0.3103 2
6.87495 0.3113 2
6.39855 0.3123 2
6.06706 0.3133 2
6.34718 0.3143 2
6.99069 0.3153 2
7.85455 0.3163 2
10.1772 0.3173 2
11.9523 0.3183 2
14.9532 0.3193 2
18.4077 0.3203 2
20.9834 0.3213 2
24.164 0.3223 2
27.0786 0.3233 2
29.7147 0.3243 2
32.0928 0.3253 2
33.3928 0.3263 2
33.973 0.3273 2
34.2672 0.3283 2
33.8412 0.3293 2
32.9856 0.3303 2
30.9112 0.3313 2
29.0693 0.3323 2
1638.69 0.0833 3
1625.77 0.0843 3
1589.96 0.0853 3
1535.81 0.0863 3
1468.86 0.0873 3
1395.05 0.0883 3
1320.15 0.0893 3
1249.3 0.0903 3
1186.57 0.0913 3
1134.58 0.0923 3
1094.54 0.0933 3
1066.29 0.0943 3
1048.54 0.0953 3
1038.86 0.0963 3
1034.06 0.0973 3
1032.37 0.0983 3
1028.77 0.0993 3
1021.84 0.1003 3
1013.69 0.1013 3
996.043 0.1023 3
971.298 0.1033 3
942.01 0.1043 3
911.334 0.1053 3
881.924 0.1063 3
849.422 0.1073 3
817.519 0.1083 3
784.712 0.1093 3
759.879 0.1103 3
743.506 0.1113 3
724.541 0.1123 3
704.27 0.1133 3
689.906 0.1143 3
671.729 0.1153 3
652.728 0.1163 3
632.194 0.1173 3
611.257 0.1183 3
581.37 0.1193 3
558.995 0.1203 3
531.828 0.1213 3
496.615 0.1223 3
461.495 0.1233 3
424.556 0.1243 3
393.016 0.1253 3
361.881 0.1263 3
331.443 0.1273 3
301.724 0.1283 3
273.454 0.1293 3
246.056 0.1303 3
222.585 0.1313 3
201.768 0.1323 3
182.708 0.1333 3
165.849 0.1343 3
151.555 0.1353 3
140.901 0.1363 3
133.396 0.1373 3
128.871 0.1383 3
127.105 0.1393 3
126.75 0.1403 3
129.939 0.1413 3
135.217 0.1423 3
142.177 0.1433 3
147.033 0.1443 3
150.018 0.1453 3
156.461 0.1463 3
162.054 0.1473 3
160.307 0.1483 3
160.293 0.1493 3
152.148 0.1503 3
145.533 0.1513 3
135.254 0.1523 3
123.109 0.1533 3
108.032 0.1543 3
97.1131 0.1553 3
87.2268 0.1563 3
82.3864 0.1573 3
81.3123 0.1583 3
75.6405 0.1593 3
76.7127 0.1603 3
82.1835 0.1613 3
87.2329 0.1623 3
88.3044 0.1633 3
88.5175 0.1643 3
93.054 0.1653 3
92.6892 0.1663 3
90.5951 0.1673 3
84.9345 0.1683 3
82.3973 0.1693 3
78.3493 0.1703 3
76.8578 0.1713 3
69.2666 0.1723 3
67.3344 0.1733 3
69.977 0.1743 3
75.0654 0.1753 3
71.8555 0.1763 3
78.6897 0.1773 3
87.0548 0.1783 3
97.8825 0.1793 3
99.1333 0.1803 3
104.589 0.1813 3
109.49 0.1823 3
107.511 0.1833 3
104.476 0.1843 3
97.6671 0.1853 3
87.626 0.1863 3
77.641 0.1873 3
63.0412 0.1883 3
53.9847 0.1893 3
47.649 0.1903 3
38.5739 0.1913 3
34.5828 0.1923 3
31.8884 0.1933 3
32.7858 0.1943 3
37.5222 0.1953 3
39.4269 0.1963 3
42.9433 0.1973 3
49.4168 0.1983 3
51.8984 0.1993 3
54.7719 0.2003 3
55.0935 0.2013 3
52.5551 0.2023 3
52.1612 0.2033 3
43.196 0.2043 3
37.024 0.2053 3
30.6078 0.2063 3
25.341 0.2073 3
21.6416 0.2083 3
22.4022 0.2093 3
21.5153 0.2103 3
22.6737 0.2113 3
26.009 0.2123 3
33.3029 0.2133 3
40.0965 0.2143 3
46.7456 0.2153 3
53.6384 0.2163 3
58.6741 0.2173 3
60.7837 0.2183 3
59.4326 0.2193 3
58.8986 0.2203 3
56.5258 0.2213 3
52.5416 0.2223 3
49.2668 0.2233 3
45.176 0.2243 3
41.2165 0.2253 3
40.1417 0.2263 3
38.7634 0.2273 3
40.0051 0.2283 3
41.0563 0.2293 3
49.8317 0.2303 3
55.6301 0.2313 3
65.9662 0.2323 3
72.3769 0.2333 3
77.8542 0.2343 3
83.672 0.2353 3
88.285 0.2363 3
90.9537 0.2373 3
96.2497 0.2383 3
97.8288 0.2393 3
99.596 0.2403 3
97.2527 0.2413 3
96.0669 0.2423 3
91.81 0.2433 3
90.7454 0.2443 3
87.7768 0.2453 3
85.5359 0.2463 3
82.2834 0.2473 3
79.3365 0.2483 3
80.458 0.2493 3
81.1304 0.2503 3
80.7147 0.2513 3
80.1753 0.2523 3
76.569 0.2533 3
75.5763 0.2543 3
74.085 0.2553 3
71.8745 0.2563 3
69.871 0.2573 3
66.2904 0.2583 3
61.4202 0.2593 3
59.0246 0.2603 3
56.0284 0.2613 3
55.6118 0.2623 3
56.302 0.2633 3
56.922 0.2643 3
55.4988 0.2653 3
55.4844 0.2663 3
53.4859 0.2673 3
59.7897 0.2683 3
61.3431 0.2693 3
61.5586 0.2703 3
63.7517 0.2713 3
63.5389 0.2723 3
64.2481 0.2733 3
65.3062 0.2743 3
62.092 0.2753 3
62.2883 0.2763 3
62.837 0.2773 3
59.6058 0.2783 3
59.405 0.2793 3
57.9583 0.2803 3
60.1647 0.2813 3
60.9692 0.2823 3
58.2766 0.2833 3
57.3408 0.2843 3
55.4515 0.2853 3
53.1525 0.2863 3
47.8035 0.2873 3
44.2522 0.2883 3
42.2036 0.2893 3
40.2916 0.2903 3
41.6397 0.2913 3
43.1442 0.2923 3
40.267 0.2933 3
41.9938 0.2943 3
42.7285 0.2953 3
41.8344 0.2963 3
42.4087 0.2973 3
43.891 0.2983 3
46.034 0.2993 3
47.3392 0.3003 3
49.3674 0.3013 3
50.4732 0.3023 3
50.5266 0.3033 3
49.4161 0.3043 3
48.3807 0.3053 3
46.5819 0.3063 3
44.4066 0.3073 3
41.7806 0.3083 3
39.0964 0.3093 3
37.1422 0.3103 3
37.2908 0.3113 3
36.685 0.3123 3
37.1826 0.3133 3
37.6058 0.3143 3
38.6551 0.3153 3
41.2885 0.3163 3
42.4364 0.3173 3
44.7454 0.3183 3
47.1894 0.3193 3
49.7525 0.3203 3
51.6764 0.3213 3
53.9037 0.3223 3
54.6559 0.3233 3
54.6213 0.3243 3
54.4363 0.3253 3
52.9936 0.3263 3
50.428 0.3273 3
50.5897 0.3283 3
48.9429 0.3293 3
48.0163 0.3303 3
32.8462 0.0833 4
39.8598 0.0843 4
51.2735 0.0853 4
58.6154 0.0863 4
68.362 0.0873 4
76.4447 0.0883 4
88.745 0.0893 4
103.075 0.0903 4
114.502 0.0913 4
138.303 0.0923 4
145.704 0.0933 4
162.55 0.0943 4
184.217 0.0953 4
189.13 0.0963 4
211.56 0.0973 4
232.157 0.0983 4
264.353 0.0993 4
275.258 0.1003 4
302.756 0.1013 4
347.442 0.1023 4
379.446 0.1033 4
410.277 0.1043 4
457.343 0.1053 4
492.845 0.1063 4
564.827 0.1073 4
631.376 0.1083 4
668.107 0.1093 4
687.489 0.1103 4
728.727 0.1113 4
752.506 0.1123 4
778.629 0.1133 4
782.528 0.1143 4
766.549 0.1153 4
747.66 0.1163 4
735.427 0.1173 4
721.244 0.1183 4
695.5 0.1193 4
681.281 0.1203 4
634.213 0.1213 4
614.718 0.1223 4
563.475 0.1233 4
521.569 0.1243 4
487.732 0.1253 4
456.493 0.1263 4
425.203 0.1273 4
381.986 0.1283 4
340.81 0.1293 4
310.652 0.1303 4
271.376 0.1313 4
248.21 0.1323 4
232.922 0.1333 4
216.463 0.1343 4
199.409 0.1353 4
200.669 0.1363 4
193.747 0.1373 4
181.738 0.1383 4
170.975 0.1393 4
164.991 0.1403 4
165.644 0.1413 4
162.936 0.1423 4
156.585 0.1433 4
148.47 0.1443 4
132.94 0.1453 4
124.64 0.1463 4
121.62 0.1473 4
114.151 0.1483 4
109.977 0.1493 4
98.7399 0.1503 4
91.2676 0.1513 4
86.0782 0.1523 4
80.6726 0.1533 4
74.3318 0.1543 4
70.3118 0.1553 4
66.533 0.1563 4
63.2806 0.1573 4
60.4757 0.1583 4
57.0919 0.1593 4
57.5255 0.1603 4
54.7641 0.1613 4
54.3697 0.1623 4
53.0407 0.1633 4
54.515 0.1643 4
57.6592 0.1653 4
62.1818 0.1663 4
67.2825 0.1673 4
71.9544 0.1683 4
75.1575 0.1693 4
79.2772 0.1703 4
82.6744 0.1713 4
83.5687 0.1723 4
84.5285 0.1733 4
84.2785 0.1743 4
83.3637 0.1753 4
79.9336 0.1763 4
77.2084 0.1773 4
71.0849 0.1783 4
64.4398 0.1793 4
57.844 0.1803 4
49.7252 0.1813 4
42.764 0.1823 4
36.4754 0.1833 4
31.1041 0.1843 4
26.4839 0.1853 4
22.5602 0.1863 4
21.1946 0.1873 4
20.5281 0.1883 4
16.5664 0.1893 4
17.7757 0.1903 4
18.2577 0.1913 4
19.2187 0.1923 4
20.3426 0.1933 4
20.1568 0.1943 4
20.996 0.1953 4
22.107 0.1963 4
23.1845 0.1973 4
23.5889 0.1983 4
23.8756 0.1993 4
26.6647 0.2003 4
23.4796 0.2013 4
24.3591 0.2023 4
25.9584 0.2033 4
23.675 0.2043 4
28.3576 0.2053 4
29.4147 0.2063 4
29.7521 0.2073 4
30.3199 0.2083 4
32.2413 0.2093 4
34.9298 0.2103 4
35.3475 0.2113 4
39.6736 0.2123 4
46.103 0.2133 4
53.1611 0.2143 4
56.7104 0.2153 4
63.3885 0.2163 4
71.7287 0.2173 4
78.1013 0.2183 4
92.2972 0.2193 4
98.4112 0.2203 4
107.769 0.2213 4
114.565 0.2223 4
123.264 0.2233 4
124.841 0.2243 4
128.799 0.2253 4
130.139 0.2263 4
132.867 0.2273 4
128.147 0.2283 4
124.362 0.2293 4
113.274 0.2303 4
102.676 0.2313 4
92.1791 0.2323 4
85.1033 0.2333 4
79.7558 0.2343 4
74.5076 0.2353 4
72.004 0.2363 4
71.6842 0.2373 4
71.6912 0.2383 4
71.3576 0.2393 4
71.7952 0.2403 4
74.0428 0.2413 4
80.397 0.2423 4
84.9968 0.2433 4
88.3652 0.2443 4
93.041 0.2453 4
97.8455 0.2463 4
95.7843 0.2473 4
91.7727 0.2483 4
88.6642 0.2493 4
80.7193 0.2503 4
74.5159 0.2513 4
64.6312 0.2523 4
54.7869 0.2533 4
45.1065 0.2543 4
37.343 0.2553 4
29.553 0.2563 4
23.6787 0.2573 4
19.2579 0.2583 4
16.2957 0.2593 4
15.7276 0.2603 4
16.499 0.2613 4
19.0287 0.2623 4
23.3787 0.2633 4
28.1772 0.2643 4
32.5216 0.2653 4
38.5014 0.2663 4
43.2601 0.2673 4
47.1703 0.2683 4
49.529 0.2693 4
53.3589 0.2703 4
54.912 0.2713 4
55.2841 0.2723 4
54.7137 0.2733 4
52.1664 0.2743 4
49.6316 0.2753 4
50.9951 0.2763 4
48.9929 0.2773 4
48.8704 0.2783 4
45.9186 0.2793 4
43.4943 0.2803 4
42.7981 0.2813 4
43.3353 0.2823 4
39.8965 0.2833 4
39.372 0.2843 4
38.7684 0.2853 4
38.1327 0.2863 4
39.2246 0.2873 4
39.5689 0.2883 4
40.1814 0.2893 4
40.5257 0.2903 4
41.6111 0.2913 4
44.4243 0.2923 4
45.5701 0.2933 4
47.6585 0.2943 4
50.5544 0.2953 4
52.2288 0.2963 4
54.8229 0.2973 4
57.2791 0.2983 4
58.3887 0.2993 4
61.0647 0.3003 4
61.7315 0.3013 4
61.4722 0.3023 4
58.9466 0.3033 4
56.7617 0.3043 4
55.305 0.3053 4
51.3222 0.3063 4
46.5573 0.3073 4
41.2205 0.3083 4
34.4527 0.3093 4
28.2409 0.3103 4
23.2927 0.3113 4
17.594 0.3123 4
13.9067 0.3133 4
11.4476 0.3143 4
10.2357 0.3153 4
10.1633 0.3163 4
12.0385 0.3173 4
15.1217 0.3183 4
19.0668 0.3193 4
24.1988 0.3203 4
29.9109 0.3213 4
34.9882 0.3223 4
40.3426 0.3233 4
44.7445 0.3243 4
49.1987 0.3253 4
51.9197 0.3263 4
53.4544 0.3273 4
53.0512 0.3283 4
52.2607 0.3293 4
114.821 0.0833 5
101.432 0.0843 5
89.4067 0.0853 5
79.4921 0.0863 5
72.2491 0.0873 5
68.0049 0.0883 5
66.8221 0.0893 5
68.4921 0.0903 5
72.5508 0.0913 5
78.3181 0.0923 5
84.9586 0.0933 5
91.5566 0.0943 5
97.2025 0.0953 5
101.079 0.0963 5
102.544 0.0973 5
101.191 0.0983 5
96.9022 0.0993 5
89.8556 0.1003 5
80.5186 0.1013 5
69.6029 0.1023 5
57.9961 0.1033 5
46.6741 0.1043 5
36.6028 0.1053 5
28.6395 0.1063 5
23.4465 0.1073 5
21.4238 0.1083 5
22.6716 0.1093 5
26.9847 0.1103 5
33.881 0.1113 5
42.6591 0.1123 5
52.4789 0.1133 5
62.4548 0.1143 5
71.81 0.1153 5
79.7348 0.1163 5
85.771 0.1173 5
89.7611 0.1183 5
91.4135 0.1193 5
91.3245 0.1203 5
89.4784 0.1213 5
86.9839 0.1223 5
83.622 0.1233 5
79.5085 0.1243 5
75.2732 0.1253 5
71.1217 0.1263 5
68.6096 0.1273 5
68.0747 0.1283 5
67.2745 0.1293 5
64.5629 0.1303 5
58.3726 0.1313 5
56.4505 0.1323 5
50.6878 0.1333 5
44.8011 0.1343 5
47.3571 0.1353 5
41.5739 0.1363 5
39.9821 0.1373 5
40.8158 0.1383 5
54.8294 0.1393 5
53.7065 0.1403 5
59.4505 0.1413 5
63.5966 0.1423 5
80.6964 0.1433 5
87.8552 0.1443 5
98.0883 0.1453 5
108.924 0.1463 5
119.648 0.1473 5
119.759 0.1483 5
116.02 0.1493 5
115.878 0.1503 5
111.187 0.1513 5
101.132 0.1523 5
95.7121 0.1533 5
90.4423 0.1543 5
83.5292 0.1553 5
76.5249 0.1563 5
72.4657 0.1573 5
82.6412 0.1583 5
91.5296 0.1593 5
99.8584 0.1603 5
114.261 0.1613 5
126.229 0.1623 5
135.166 0.1633 5
147.36 0.1643 5
154.413 0.1653 5
154.252 0.1663 5
146.569 0.1673 5
140.273 0.1683 5
124.745 0.1693 5
107.443 0.1703 5
93.0284 0.1713 5
77.5975 0.1723 5
65.2205 0.1733 5
52.9993 0.1743 5
52.9495 0.1753 5
54.0971 0.1763 5
55.344 0.1773 5
65.2775 0.1783 5
77.55 0.1793 5
92.1905 0.1803 5
107.481 0.1813 5
124.493 0.1823 5
137.868 0.1833 5
143.964 0.1843 5
154.557 0.1853 5
156.119 0.1863 5
150.94 0.1873 5
152.598 0.1883 5
146.933 0.1893 5
142.048 0.1903 5
136.688 0.1913 5
134.623 0.1923 5
137.661 0.1933 5
142.336 0.1943 5
140.97 0.1953 5
139.279 0.1963 5
137.876 0.1973 5
139.702 0.1983 5
140.552 0.1993 5
140.74 0.2003 5
137.417 0.2013 5
130.577 0.2023 5
125.389 0.2033 5
113.669 0.2043 5
101.241 0.2053 5
88.8151 0.2063 5
76.2884 0.2073 5
64.3545 0.2083 5
53.8983 0.2093 5
45.6299 0.2103 5
40.9212 0.2113 5
38.5491 0.2123 5
39.3698 0.2133 5
42.7604 0.2143 5
47.6355 0.2153 5
54.3753 0.2163 5
63.237 0.2173 5
70.5923 0.2183 5
75.3388 0.2193 5
79.6 0.2203 5
81.3282 0.2213 5
81.702 0.2223 5
80.591 0.2233 5
77.7381 0.2243 5
74.0444 0.2253 5
68.0371 0.2263 5
63.6907 0.2273 5
56.9519 0.2283 5
51.4109 0.2293 5
47.7123 0.2303 5
46.8478 0.2313 5
47.2363 0.2323 5
47.607 0.2333 5
50.4697 0.2343 5
48.8396 0.2353 5
51.2722 0.2363 5
53.5535 0.2373 5
56.0415 0.2383 5
58.3087 0.2393 5
61.8012 0.2403 5
61.7893 0.2413 5
60.3675 0.2423 5
60.074 0.2433 5
57.5984 0.2443 5
52.7795 0.2453 5
49.3619 0.2463 5
45.2221 0.2473 5
41.8207 0.2483 5
38.4579 0.2493 5
34.7698 0.2503 5
31.0288 0.2513 5
28.3907 0.2523 5
26.0344 0.2533 5
25.3719 0.2543 5
24.3761 0.2553 5
23.384 0.2563 5
22.1144 0.2573 5
21.6191 0.2583 5
21.0339 0.2593 5
20.2193 0.2603 5
21.395 0.2613 5
22.1779 0.2623 5
23.0277 0.2633 5
24.4337 0.2643 5
25.1874 0.2653 5
28.9767 0.2663 5
31.7045 0.2673 5
34.814 0.2683 5
38.237 0.2693 5
40.7393 0.2703 5
43.3258 0.2713 5
46.7675 0.2723 5
50.0432 0.2733 5
52.9541 0.2743 5
55.4897 0.2753 5
58.2972 0.2763 5
59.8857 0.2773 5
59.2183 0.2783 5
59.592 0.2793 5
58.4195 0.2803 5
56.1275 0.2813 5
56.2067 0.2823 5
54.1277 0.2833 5
49.5226 0.2843 5
45.4372 0.2853 5
41.0797 0.2863 5
37.1777 0.2873 5
31.1599 0.2883 5
27.8788 0.2893 5
23.7582 0.2903 5
20.405 0.2913 5
17.8756 0.2923 5
16.3015 0.2933 5
15.591 0.2943 5
15.652 0.2953 5
16.3396 0.2963 5
17.2113 0.2973 5
18.6185 0.2983 5
20.3908 0.2993 5
20.8756 0.3003 5
20.4015 0.3013 5
19.4396 0.3023 5
19.0902 0.3033 5
17.2605 0.3043 5
16.7386 0.3053 5
16.0845 0.3063 5
14.3578 0.3073 5
12.396 0.3083 5
10.5688 0.3093 5
9.06763 0.3103 5
8.40593 0.3113 5
8.10153 0.3123 5
8.56241 0.3133 5
9.24027 0.3143 5
10.9947 0.3153 5
13.3742 0.3163 5
16.2402 0.3173 5
19.4157 0.3183 5
22.6993 0.3193 5
25.8815 0.3203 5
28.7612 0.3213 5
31.1611 0.3223 5
33.12 0.3233 5
34.7519 0.3243 5
34.2362 0.3253 5
34.6883 0.3263 5
85.6645 0.0833 6
81.9298 0.0843 6
87.5346 0.0853 6
97.8834 0.0863 6
100.28 0.0873 6
118.222 0.0883 6
108.788 0.0893 6
106.708 0.0903 6
115.767 0.0913 6
99.155 0.0923 6
95.3484 0.0933 6
85.1492 0.0943 6
76.0859 0.0953 6
73.8344 0.0963 6
66.4726 0.0973 6
61.203 0.0983 6
58.8944 0.0993 6
63.5898 0.1003 6
56.8146 0.1013 6
43.3211 0.1023 6
41.1316 0.1033 6
34.595 0.1043 6
29.142 0.1053 6
28.0996 0.1063 6
23.4997 0.1073 6
19.4323 0.1083 6
18.7742 0.1093 6
14.7507 0.1103 6
12.2383 0.1113 6
12.068 0.1123 6
10.416 0.1133 6
12.9383 0.1143 6
16.8528 0.1153 6
20.5748 0.1163 6
26.912 0.1173 6
35.5579 0.1183 6
43.9433 0.1193 6
49.6355 0.1203 6
61.9369 0.1213 6
72.7033 0.1223 6
79.7008 0.1233 6
86.3259 0.1243 6
92.3111 0.1253 6
90.9235 0.1263 6
94.3982 0.1273 6
94.0492 0.1283 6
89.0753 0.1293 6
79.1394 0.1303 6
71.8447 0.1313 6
66.022 0.1323 6
62.4136 0.1333 6
60.2506 0.1343 6
57.2737 0.1353 6
62.1522 0.1363 6
69.2778 0.1373 6
76.3481 0.1383 6
86.8129 0.1393 6
102.354 0.1403 6
114.393 0.1413 6
127.101 0.1423 6
137.934 0.1433 6
152.137 0.1443 6
158.498 0.1453 6
158.138 0.1463 6
158.228 0.1473 6
155.616 0.1483 6
153.743 0.1493 6
149.595 0.1503 6
136.827 0.1513 6
135.594 0.1523 6
131.5 0.1533 6
129.664 0.1543 6
132.221 0.1553 6
135.217 0.1563 6
138.576 0.1573 6
145.196 0.1583 6
152.451 0.1593 6
159.341 0.1603 6
164.824 0.1613 6
165.807 0.1623 6
167.514 0.1633 6
165.741 0.1643 6
157.458 0.1653 6
144.62 0.1663 6
130.173 0.1673 6
113.369 0.1683 6
95.2622 0.1693 6
77.5813 0.1703 6
60.2807 0.1713 6
47.7374 0.1723 6
35.6289 0.1733 6
27.3242 0.1743 6
23.9211 0.1753 6
24.1769 0.1763 6
27.9405 0.1773 6
35.4319 0.1783 6
46.8817 0.1793 6
59.1488 0.1803 6
72.3708 0.1813 6
84.0068 0.1823 6
96.5199 0.1833 6
108.841 0.1843 6
118.862 0.1853 6
127.283 0.1863 6
134.034 0.1873 6
139.557 0.1883 6
143.972 0.1893 6
149.932 0.1903 6
153.36 0.1913 6
154.017 0.1923 6
156.621 0.1933 6
158.882 0.1943 6
156.719 0.1953 6
157.462 0.1963 6
156.814 0.1973 6
154.746 0.1983 6
148.919 0.1993 6
142.712 0.2003 6
134.22 0.2013 6
123.998 0.2023 6
111.825 0.2033 6
97.2183 0.2043 6
83.0286 0.2053 6
67.9336 0.2063 6
53.6699 0.2073 6
40.5789 0.2083 6
29.7323 0.2093 6
21.8529 0.2103 6
17.2666 0.2113 6
18.3317 0.2123 6
25.465 0.2133 6
34.7409 0.2143 6
45.0913 0.2153 6
61.4175 0.2163 6
85.2212 0.2173 6
103.983 0.2183 6
126.305 0.2193 6
148.033 0.2203 6
165.564 0.2213 6
183.515 0.2223 6
195.962 0.2233 6
213.397 0.2243 6
220.102 0.2253 6
220.132 0.2263 6
224.277 0.2273 6
221.024 0.2283 6
209.996 0.2293 6
199.621 0.2303 6
195.055 0.2313 6
180.752 0.2323 6
167.139 0.2333 6
150.506 0.2343 6
137.632 0.2353 6
125.597 0.2363 6
113.771 0.2373 6
102.781 0.2383 6
91.8501 0.2393 6
81.7801 0.2403 6
70.9029 0.2413 6
64.9297 0.2423 6
56.445 0.2433 6
52.9995 0.2443 6
45.6128 0.2453 6
40.3341 0.2463 6
37.6727 0.2473 6
34.8476 0.2483 6
33.8085 0.2493 6
33.4341 0.2503 6
33.299 0.2513 6
31.4721 0.2523 6
33.485 0.2533 6
35.0299 0.2543 6
36.2566 0.2553 6
38.9713 0.2563 6
40.6033 0.2573 6
46.1136 0.2583 6
48.9781 0.2593 6
52.6946 0.2603 6
57.7617 0.2613 6
60.0807 0.2623 6
64.0615 0.2633 6
64.7009 0.2643 6
66.9893 0.2653 6
67.9708 0.2663 6
70.8985 0.2673 6
71.5834 0.2683 6
73.7386 0.2693 6
74.0632 0.2703 6
72.9847 0.2713 6
75.3944 0.2723 6
77.9353 0.2733 6
79.4094 0.2743 6
78.2872 0.2753 6
78.9519 0.2763 6
77.5289 0.2773 6
76.7949 0.2783 6
76.9971 0.2793 6
75.4823 0.2803 6
74.5147 0.2813 6
70.5723 0.2823 6
68.0771 0.2833 6
63.0028 0.2843 6
61.029 0.2853 6
55.8454 0.2863 6
50.7368 0.2873 6
47.0663 0.2883 6
43.3186 0.2893 6
41.5499 0.2903 6
37.7518 0.2913 6
34.6771 0.2923 6
33.3051 0.2933 6
33.8529 0.2943 6
35.4755 0.2953 6
37.4205 0.2963 6
39.8558 0.2973 6
41.8496 0.2983 6
45.0795 0.2993 6
50.6357 0.3003 6
53.6615 0.3013 6
56.8103 0.3023 6
59.1105 0.3033 6
59.5035 0.3043 6
60.1904 0.3053 6
60.1221 0.3063 6
61.3841 0.3073 6
60.093 0.3083 6
57.5886 0.3093 6
54.9303 0.3103 6
51.997 0.3113 6
48.179 0.3123 6
44.3051 0.3133 6
41.1709 0.3143 6
37.9293 0.3153 6
34.9733 0.3163 6
31.3386 0.3173 6
27.593 0.3183 6
24.0129 0.3193 6
21.004 0.3203 6
18.7273 0.3213 6
15.6881 0.3223 6
14.177 0.3233 6
12.8288 0.3243 6
80.3687 0.0833 7
69.7755 0.0843 7
59.4489 0.0853 7
49.782 0.0863 7
41.0961 0.0873 7
33.6158 0.0883 7
27.4556 0.0893 7
22.6187 0.0903 7
19.0096 0.0913 7
16.4561 0.0923 7
14.7397 0.0933 7
13.629 0.0943 7
12.9109 0.0953 7
12.4169 0.0963 7
12.0393 0.0973 7
11.7368 0.0983 7
11.528 0.0993 7
11.4743 0.1003 7
11.7207 0.1013 7
12.2256 0.1023 7
13.1059 0.1033 7
14.8321 0.1043 7
16.7859 0.1053 7
18.8589 0.1063 7
20.9075 0.1073 7
23.0178 0.1083 7
24.216 0.1093 7
24.7846 0.1103 7
27.1894 0.1113 7
32.5831 0.1123 7
28.3051 0.1133 7
25.3921 0.1143 7
24.5861 0.1153 7
20.733 0.1163 7
21.8574 0.1173 7
23.0242 0.1183 7
29.3071 0.1193 7
38.9698 0.1203 7
39.9549 0.1213 7
58.3302 0.1223 7
70.4792 0.1233 7
84.9345 0.1243 7
102.881 0.1253 7
119.14 0.1263 7
133.752 0.1273 7
138.295 0.1283 7
146.659 0.1293 7
149.583 0.1303 7
149.581 0.1313 7
149.489 0.1323 7
140.94 0.1333 7
130.835 0.1343 7
122.65 0.1353 7
100.609 0.1363 7
87.6197 0.1373 7
77.7879 0.1383 7
61.4658 0.1393 7
45.8927 0.1403 7
32.6583 0.1413 7
22.7134 0.1423 7
18.2743 0.1433 7
15.3496 0.1443 7
16.196 0.1453 7
18.9645 0.1463 7
25.1564 0.1473 7
29.7385 0.1483 7
34.7358 0.1493 7
38.9387 0.1503 7
45.8824 0.1513 7
50.8002 0.1523 7
54.321 0.1533 7
55.5076 0.1543 7
57.7737 0.1553 7
60.2278 0.1563 7
57.9183 0.1573 7
52.0933 0.1583 7
49.7665 0.1593 7
41.0241 0.1603 7
36.1365 0.1613 7
29.5247 0.1623 7
26.0637 0.1633 7
21.4827 0.1643 7
19.9181 0.1653 7
17.6749 0.1663 7
16.3173 0.1673 7
15.4035 0.1683 7
14.2208 0.1693 7
15.2137 0.1703 7
17.9735 0.1713 7
18.198 0.1723 7
18.961 0.1733 7
16.8018 0.1743 7
17.6758 0.1753 7
19.8809 0.1763 7
22.0678 0.1773 7
23.6989 0.1783 7
25.2129 0.1793 7
27.434 0.1803 7
27.7063 0.1813 7
24.916 0.1823 7
22.7848 0.1833 7
24.4554 0.1843 7
25.0942 0.1853 7
24.8779 0.1863 7
29.8311 0.1873 7
34.6942 0.1883 7
43.038 0.1893 7
51.2797 0.1903 7
60.1525 0.1913 7
70.2266 0.1923 7
80.4011 0.1933 7
95.4672 0.1943 7
106.049 0.1953 7
118.595 0.1963 7
135.639 0.1973 7
146.293 0.1983 7
155.171 0.1993 7
165.363 0.2003 7
176.282 0.2013 7
186.847 0.2023 7
191.831 0.2033 7
193.449 0.2043 7
189.6 0.2053 7
182.843 0.2063 7
178.241 0.2073 7
171.719 0.2083 7
157.054 0.2093 7
141.752 0.2103 7
126.504 0.2113 7
114.313 0.2123 7
102.787 0.2133 7
90.7098 0.2143 7
78.766 0.2153 7
72.8568 0.2163 7
64.4392 0.2173 7
61.908 0.2183 7
65.4025 0.2193 7
69.005 0.2203 7
73.3314 0.2213 7
73.0406 0.2223 7
78.4473 0.2233 7
86.0097 0.2243 7
96.1128 0.2253 7
103.581 0.2263 7
108.671 0.2273 7
116.57 0.2283 7
122.947 0.2293 7
129.412 0.2303 7
130.3 0.2313 7
132.067 0.2323 7
134.43 0.2333 7
133.38 0.2343 7
127.659 0.2353 7
121.092 0.2363 7
113.115 0.2373 7
106.899 0.2383 7
96.2119 0.2393 7
84.591 0.2403 7
79.9412 0.2413 7
74.9073 0.2423 7
68.6729 0.2433 7
67.2942 0.2443 7
67.198 0.2453 7
68.2568 0.2463 7
71.0033 0.2473 7
74.5704 0.2483 7
77.5144 0.2493 7
81.9537 0.2503 7
85.5903 0.2513 7
85.3478 0.2523 7
86.3486 0.2533 7
87.3763 0.2543 7
85.8386 0.2553 7
85.9905 0.2563 7
84.211 0.2573 7
80.9009 0.2583 7
79.4281 0.2593 7
76.2736 0.2603 7
71.61 0.2613 7
69.316 0.2623 7
69.957 0.2633 7
68.4101 0.2643 7
64.1987 0.2653 7
62.0367 0.2663 7
62.7488 0.2673 7
61.2876 0.2683 7
62.7093 0.2693 7
63.6035 0.2703 7
64.3099 0.2713 7
65.2043 0.2723 7
66.2046 0.2733 7
65.817 0.2743 7
65.7043 0.2753 7
64.6515 0.2763 7
64.0011 0.2773 7
62.2342 0.2783 7
59.446 0.2793 7
56.4759 0.2803 7
53.4617 0.2813 7
50.6905 0.2823 7
46.6024 0.2833 7
45.2012 0.2843 7
42.8407 0.2853 7
40.5979 0.2863 7
39.516 0.2873 7
38.9606 0.2883 7
38.878 0.2893 7
37.9264 0.2903 7
36.6009 0.2913 7
36.3141 0.2923 7
35.7473 0.2933 7
35.9239 0.2943 7
35.2853 0.2953 7
34.8075 0.2963 7
33.5865 0.2973 7
32.4551 0.2983 7
30.85 0.2993 7
29.8049 0.3003 7
27.8826 0.3013 7
25.8888 0.3023 7
24.0359 0.3033 7
21.2035 0.3043 7
18.9688 0.3053 7
16.4402 0.3063 7
14.8653 0.3073 7
13.4979 0.3083 7
12.4545 0.3093 7
10.5583 0.3103 7
9.64276 0.3113 7
8.32423 0.3123 7
7.55894 0.3133 7
7.34341 0.3143 7
8.1465 0.3153 7
9.08105 0.3163 7
10.8392 0.3173 7
12.1451 0.3183 7
13.7816 0.3193 7
15.1021 0.3203 7
48.8153 0.0833 8
42.7106 0.0843 8
36.4327 0.0853 8
29.3576 0.0863 8
24.2694 0.0873 8
20.3668 0.0883 8
17.7341 0.0893 8
16.8292 0.0903 8
17.4679 0.0913 8
20.0788 0.0923 8
23.2017 0.0933 8
27.0628 0.0943 8
32.4505 0.0953 8
37.3412 0.0963 8
44.5337 0.0973 8
47.5233 0.0983 8
50.9405 0.0993 8
55.2166 0.1003 8
53.2785 0.1013 8
50.9956 0.1023 8
49.5144 0.1033 8
45.7471 0.1043 8
42.5153 0.1053 8
39.66 0.1063 8
38.5573 0.1073 8
36.9654 0.1083 8
41.1837 0.1093 8
34.3752 0.1103 8
35.9836 0.1113 8
32.3355 0.1123 8
34.4392 0.1133 8
36.7993 0.1143 8
34.6992 0.1153 8
39.9721 0.1163 8
42.6062 0.1173 8
50.6875 0.1183 8
47.6649 0.1193 8
43.1188 0.1203 8
45.7113 0.1213 8
42.2043 0.1223 8
48.1112 0.1233 8
50.6852 0.1243 8
55.8774 0.1253 8
59.2835 0.1263 8
66.437 0.1273 8
67.2273 0.1283 8
65.094 0.1293 8
75.7527 0.1303 8
73.4755 0.1313 8
75.7456 0.1323 8
76.5041 0.1333 8
75.4042 0.1343 8
84.2231 0.1353 8
83.4442 0.1363 8
85.8682 0.1373 8
87.3744 0.1383 8
92.2258 0.1393 8
88.7313 0.1403 8
88.6411 0.1413 8
88.4935 0.1423 8
84.5108 0.1433 8
83.7816 0.1443 8
82.0518 0.1453 8
80.8611 0.1463 8
79.1012 0.1473 8
77.5484 0.1483 8
77.6293 0.1493 8
75.241 0.1503 8
72.1648 0.1513 8
70.8437 0.1523 8
72.05 0.1533 8
71.9881 0.1543 8
71.6316 0.1553 8
71.095 0.1563 8
78.0538 0.1573 8
80.3459 0.1583 8
81.4058 0.1593 8
85.8626 0.1603 8
88.7035 0.1613 8
91.2824 0.1623 8
89.3583 0.1633 8
86.4517 0.1643 8
81.7396 0.1653 8
76.59 0.1663 8
68.4057 0.1673 8
59.1653 0.1683 8
48.6462 0.1693 8
43.3328 0.1703 8
39.5856 0.1713 8
34.5677 0.1723 8
29.6312 0.1733 8
29.3362 0.1743 8
31.1215 0.1753 8
32.7465 0.1763 8
35.0252 0.1773 8
40.057 0.1783 8
48.6591 0.1793 8
54.0549 0.1803 8
61.9174 0.1813 8
68.6669 0.1823 8
74.4175 0.1833 8
80.5319 0.1843 8
80.2783 0.1853 8
81.2165 0.1863 8
76.0372 0.1873 8
74.2094 0.1883 8
69.2513 0.1893 8
63.978 0.1903 8
61.1086 0.1913 8
55.6979 0.1923 8
45.9232 0.1933 8
38.9606 0.1943 8
31.8266 0.1953 8
25.063 0.1963 8
19.2985 0.1973 8
14.0464 0.1983 8
13.573 0.1993 8
14.0726 0.2003 8
14.7879 0.2013 8
18.5441 0.2023 8
24.3037 0.2033 8
32.0175 0.2043 8
38.2091 0.2053 8
44.7546 0.2063 8
50.685 0.2073 8
59.3288 0.2083 8
63.5601 0.2093 8
71.0228 0.2103 8
78.0228 0.2113 8
85.651 0.2123 8
92.4427 0.2133 8
99.2469 0.2143 8
105.236 0.2153 8
112.677 0.2163 8
116.739 0.2173 8
126.082 0.2183 8
135.542 0.2193 8
143.64 0.2203 8
151.424 0.2213 8
159.747 0.2223 8
166.202 0.2233 8
175.229 0.2243 8
176.712 0.2253 8
183.03 0.2263 8
186.981 0.2273 8
189.975 0.2283 8
192.32 0.2293 8
192.059 0.2303 8
187.059 0.2313 8
180.055 0.2323 8
171.658 0.2333 8
161.56 0.2343 8
152.504 0.2353 8
138.994 0.2363 8
125.685 0.2373 8
114.268 0.2383 8
105.052 0.2393 8
95.8455 0.2403 8
86.7109 0.2413 8
81.5537 0.2423 8
71.6005 0.2433 8
66.8228 0.2443 8
61.5463 0.2453 8
58.8617 0.2463 8
54.3259 0.2473 8
55.0315 0.2483 8
53.936 0.2493 8
53.1606 0.2503 8
53.8944 0.2513 8
53.6328 0.2523 8
52.1493 0.2533 8
54.1099 0.2543 8
54.3768 0.2553 8
52.6551 0.2563 8
49.0031 0.2573 8
47.2846 0.2583 8
48.5821 0.2593 8
45.0188 0.2603 8
42.1356 0.2613 8
40.2487 0.2623 8
36.9139 0.2633 8
36.6407 0.2643 8
35.5711 0.2653 8
37.2662 0.2663 8
36.7552 0.2673 8
35.0548 0.2683 8
37.2982 0.2693 8
38.413 0.2703 8
41.4048 0.2713 8
43.8785 0.2723 8
44.9045 0.2733 8
46.0543 0.2743 8
48.2118 0.2753 8
52.5942 0.2763 8
56.0492 0.2773 8
59.5578 0.2783 8
63.6236 0.2793 8
66.2381 0.2803 8
69.3463 0.2813 8
69.3241 0.2823 8
69.7667 0.2833 8
68.115 0.2843 8
66.2805 0.2853 8
63.9152 0.2863 8
59.6887 0.2873 8
56.5498 0.2883 8
52.1701 0.2893 8
49.2037 0.2903 8
46.4036 0.2913 8
43.3187 0.2923 8
41.8036 0.2933 8
40.6746 0.2943 8
41.9284 0.2953 8
42.6817 0.2963 8
42.5588 0.2973 8
44.8379 0.2983 8
47.2459 0.2993 8
49.0873 0.3003 8
53.3117 0.3013 8
55.4014 0.3023 8
56.8818 0.3033 8
57.3305 0.3043 8
57.3444 0.3053 8
55.7492 0.3063 8
54.1533 0.3073 8
52.9186 0.3083 8
51.1952 0.3093 8
48.9157 0.3103 8
46.1066 0.3113 8
44.857 0.3123 8
41.4288 0.3133 8
38.7657 0.3143 8
37.281 0.3153 8
36.5047 0.3163 8
70.4426 0.0833 9
71.8878 0.0843 9
76.022 0.0853 9
78.2336 0.0863 9
80.7997 0.0873 9
93.403 0.0883 9
93.3367 0.0893 9
90.4183 0.0903 9
86.4558 0.0913 9
80.6072 0.0923 9
82.3836 0.0933 9
73.8675 0.0943 9
73.4044 0.0953 9
83.375 0.0963 9
83.8073 0.0973 9
73.9025 0.0983 9
66.0133 0.0993 9
72.2933 0.1003 9
86.0327 0.1013 9
86.876 0.1023 9
88.9629 0.1033 9
82.4007 0.1043 9
75.658 0.1053 9
75.9883 0.1063 9
80.9032 0.1073 9
82.1621 0.1083 9
83.3824 0.1093 9
86.5696 0.1103 9
90.5247 0.1113 9
95.7348 0.1123 9
100.364 0.1133 9
107.068 0.1143 9
113.705 0.1153 9
113.536 0.1163 9
115.336 0.1173 9
114.843 0.1183 9
112.764 0.1193 9
111.63 0.1203 9
119.182 0.1213 9
121.609 0.1223 9
114.704 0.1233 9
110.609 0.1243 9
104.748 0.1253 9
103.065 0.1263 9
97.9898 0.1273 9
92.9144 0.1283 9
83.1423 0.1293 9
76.6204 0.1303 9
65.4987 0.1313 9
54.7089 0.1323 9
43.8276 0.1333 9
36.6262 0.1343 9
32.0731 0.1353 9
29.2451 0.1363 9
28.7981 0.1373 9
30.8287 0.1383 9
36.2652 0.1393 9
44.2184 0.1403 9
53.3077 0.1413 9
67.398 0.1423 9
80.6139 0.1433 9
94.2512 0.1443 9
110.026 0.1453 9
123.732 0.1463 9
139.144 0.1473 9
160.666 0.1483 9
174.538 0.1493 9
188.458 0.1503 9
190.82 0.1513 9
198.721 0.1523 9
201.934 0.1533 9
205.772 0.1543 9
207.159 0.1553 9
200.57 0.1563 9
196.312 0.1573 9
191.066 0.1583 9
188.294 0.1593 9
185.254 0.1603 9
178.672 0.1613 9
175.696 0.1623 9
174.364 0.1633 9
174.304 0.1643 9
175.456 0.1653 9
178.359 0.1663 9
179.93 0.1673 9
183.655 0.1683 9
187.756 0.1693 9
189.643 0.1703 9
192.035 0.1713 9
193.916 0.1723 9
196.813 0.1733 9
196.622 0.1743 9
195.981 0.1753 9
191.344 0.1763 9
180.018 0.1773 9
174.557 0.1783 9
167.523 0.1793 9
160.104 0.1803 9
151.767 0.1813 9
144.213 0.1823 9
135.228 0.1833 9
128.128 0.1843 9
124.811 0.1853 9
122.21 0.1863 9
120.331 0.1873 9
119.685 0.1883 9
114.885 0.1893 9
114.674 0.1903 9
113.811 0.1913 9
113.696 0.1923 9
112.038 0.1933 9
108.837 0.1943 9
103.645 0.1953 9
101.401 0.1963 9
98.8059 0.1973 9
95.0134 0.1983 9
93.0346 0.1993 9
85.7172 0.2003 9
84.4564 0.2013 9
80.7786 0.2023 9
73.783 0.2033 9
68.9373 0.2043 9
67.3301 0.2053 9
65.3264 0.2063 9
62.3305 0.2073 9
57.3538 0.2083 9
57.9578 0.2093 9
58.2123 0.2103 9
53.3325 0.2113 9
52.1809 0.2123 9
51.3282 0.2133 9
49.0962 0.2143 9
45.5301 0.2153 9
43.2665 0.2163 9
41.0781 0.2173 9
37.5947 0.2183 9
36.4657 0.2193 9
33.256 0.2203 9
29.5877 0.2213 9
27.943 0.2223 9
24.871 0.2233 9
23.7038 0.2243 9
23.2815 0.2253 9
24.4042 0.2263 9
27.2896 0.2273 9
30.7264 0.2283 9
36.2425 0.2293 9
43.9819 0.2303 9
48.5461 0.2313 9
53.4688 0.2323 9
59.5721 0.2333 9
67.9721 0.2343 9
73.4442 0.2353 9
79.823 0.2363 9
81.8794 0.2373 9
84.7822 0.2383 9
86.2918 0.2393 9
87.1988 0.2403 9
82.3331 0.2413 9
78.4743 0.2423 9
70.2086 0.2433 9
66.5634 0.2443 9
65.5152 0.2453 9
61.4658 0.2463 9
53.7493 0.2473 9
48.7315 0.2483 9
44.5551 0.2493 9
40.8549 0.2503 9
38.0172 0.2513 9
37.6414 0.2523 9
35.6318 0.2533 9
35.3709 0.2543 9
35.7255 0.2553 9
37.889 0.2563 9
42.21 0.2573 9
44.4309 0.2583 9
47.7567 0.2593 9
51.7518 0.2603 9
56.9413 0.2613 9
64.0033 0.2623 9
67.1476 0.2633 9
72.4824 0.2643 9
78.3737 0.2653 9
84.0558 0.2663 9
87.9905 0.2673 9
94.0545 0.2683 9
98.1438 0.2693 9
101.017 0.2703 9
106.894 0.2713 9
108.901 0.2723 9
113.1 0.2733 9
107.904 0.2743 9
109.269 0.2753 9
114.954 0.2763 9
114.413 0.2773 9
113.435 0.2783 9
111.56 0.2793 9
110.189 0.2803 9
107.351 0.2813 9
107.968 0.2823 9
108.038 0.2833 9
105.071 0.2843 9
103.813 0.2853 9
101.764 0.2863 9
99.0119 0.2873 9
95.0848 0.2883 9
90.5017 0.2893 9
84.4469 0.2903 9
79.6354 0.2913 9
71.6604 0.2923 9
62.5553 0.2933 9
54.5697 0.2943 9
45.8566 0.2953 9
38.2752 0.2963 9
31.393 0.2973 9
25.6378 0.2983 9
21.3926 0.2993 9
18.1654 0.3003 9
17.2839 0.3013 9
18.4681 0.3023 9
21.4528 0.3033 9
26.0519 0.3043 9
32.0182 0.3053 9
37.8621 0.3063 9
44.3692 0.3073 9
50.3372 0.3083 9
56.1315 0.3093 9
61.2066 0.3103 9
65.7701 0.3113 9
68.9227 0.3123 9
20.5088 0.0833 10
13.1972 0.0843 10
7.66068 0.0853 10
4.04883 0.0863 10
2.31713 0.0873 10
2.2471 0.0883 10
3.48353 0.0893 10
5.5839 0.0903 10
8.0739 0.0913 10
10.5023 0.0923 10
12.489 0.0933 10
13.7604 0.0943 10
14.1697 0.0953 10
13.6999 0.0963 10
12.4506 0.0973 10
10.6119 0.0983 10
8.4291 0.0993 10
6.16428 0.1003 10
4.05964 0.1013 10
2.30755 0.1023 10
1.03077 0.1033 10
0.274776 0.1043 10
0.0119295 0.1053 10
0.155855 0.1063 10
0.582751 0.1073 10
1.15566 0.1083 10
1.74753 0.1093 10
2.3122 0.1103 10
2.69594 0.1113 10
2.92288 0.1123 10
3.16212 0.1133 10
3.20611 0.1143 10
3.27416 0.1153 10
3.55297 0.1163 10
3.67687 0.1173 10
4.14383 0.1183 10
4.30644 0.1193 10
4.43596 0.1203 10
4.49535 0.1213 10
4.86579 0.1223 10
6.12772 0.1233 10
8.48321 0.1243 10
8.1058 0.1253 10
9.32741 0.1263 10
11.9802 0.1273 10
14.1778 0.1283 10
17.1947 0.1293 10
20.7083 0.1303 10
26.8635 0.1313 10
33.6469 0.1323 10
42.2972 0.1333 10
52.2096 0.1343 10
57.9081 0.1353 10
65.0833 0.1363 10
68.5936 0.1373 10
77.2814 0.1383 10
86.8272 0.1393 10
93.9363 0.1403 10
87.5293 0.1413 10
87.4152 0.1423 10
90.4274 0.1433 10
88.8592 0.1443 10
92.4939 0.1453 10
92.3 0.1463 10
102.664 0.1473 10
114.433 0.1483 10
123.629 0.1493 10
138.335 0.1503 10
157.149 0.1513 10
170.679 0.1523 10
188.03 0.1533 10
205.671 0.1543 10
228.97 0.1553 10
255.632 0.1563 10
275.219 0.1573 10
286.801 0.1583 10
292.528 0.1593 10
300.4 0.1603 10
307.637 0.1613 10
320.219 0.1623 10
325.354 0.1633 10
331.953 0.1643 10
338.044 0.1653 10
357.32 0.1663 10
364.139 0.1673 10
375.774 0.1683 10
389.79 0.1693 10
404.959 0.1703 10
418.16 0.1713 10
429.809 0.1723 10
431.493 0.1733 10
433.623 0.1743 10
422.789 0.1753 10
419.242 0.1763 10
404.643 0.1773 10
384.261 0.1783 10
356.163 0.1793 10
330.794 0.1803 10
299.716 0.1813 10
271.64 0.1823 10
247.789 0.1833 10
226.588 0.1843 10
211.005 0.1853 10
202.272 0.1863 10
202.386 0.1873 10
210.636 0.1883 10
226.15 0.1893 10
253.35 0.1903 10
284.833 0.1913 10
318.548 0.1923 10
354.456 0.1933 10
381.28 0.1943 10
402.685 0.1953 10
417.46 0.1963 10
422.058 0.1973 10
417.383 0.1983 10
404.221 0.1993 10
383.157 0.2003 10
349.375 0.2013 10
312.064 0.2023 10
278.362 0.2033 10
240.459 0.2043 10
198.788 0.2053 10
164.576 0.2063 10
132.5 0.2073 10
101.715 0.2083 10
84.2502 0.2093 10
73.5561 0.2103 10
73.7098 0.2113 10
72.242 0.2123 10
83.9847 0.2133 10
96.7764 0.2143 10
112.833 0.2153 10
124.992 0.2163 10
137.522 0.2173 10
149.578 0.2183 10
155.17 0.2193 10
156.984 0.2203 10
154.483 0.2213 10
146.676 0.2223 10
137.407 0.2233 10
126.436 0.2243 10
115.723 0.2253 10
102.911 0.2263 10
90.6529 0.2273 10
79.9845 0.2283 10
70.3971 0.2293 10
65.3674 0.2303 10
63.4439 0.2313 10
62.7734 0.2323 10
64.8432 0.2333 10
69.6241 0.2343 10
74.732 0.2353 10
80.3417 0.2363 10
86.0186 0.2373 10
90.108 0.2383 10
95.1899 0.2393 10
98.1458 0.2403 10
99.7837 0.2413 10
99.7069 0.2423 10
99.946 0.2433 10
102.567 0.2443 10
99.5568 0.2453 10
94.4352 0.2463 10
85.2773 0.2473 10
81.045 0.2483 10
74.7338 0.2493 10
68.061 0.2503 10
64.8167 0.2513 10
64.522 0.2523 10
63.29 0.2533 10
61.9876 0.2543 10
62.8949 0.2553 10
62.2302 0.2563 10
62.3224 0.2573 10
62.1506 0.2583 10
62.9257 0.2593 10
62.8374 0.2603 10
61.794 0.2613 10
60.6965 0.2623 10
60.3607 0.2633 10
58.7956 0.2643 10
57.4141 0.2653 10
55.9603 0.2663 10
54.88 0.2673 10
52.713 0.2683 10
50.5123 0.2693 10
49.9798 0.2703 10
48.9162 0.2713 10
47.3961 0.2723 10
46.0881 0.2733 10
45 0.2743 10
44.0311 0.2753 10
43.6207 0.2763 10
42.9557 0.2773 10
42.3473 0.2783 10
41.8615 0.2793 10
41.6733 0.2803 10
41.3667 0.2813 10
41.1231 0.2823 10
40.9067 0.2833 10
40.6889 0.2843 10
40.4387 0.2853 10
40.859 0.2863 10
39.1092 0.2873 10
39.2199 0.2883 10
39.5919 0.2893 10
38.9344 0.2903 10
37.8872 0.2913 10
39.9268 0.2923 10
39.2306 0.2933 10
37.73 0.2943 10
36.1188 0.2953 10
35.3113 0.2963 10
32.9333 0.2973 10
29.3675 0.2983 10
26.9112 0.2993 10
25.3768 0.3003 10
24.7525 0.3013 10
24.5177 0.3023 10
25.317 0.3033 10
25.8397 0.3043 10
26.6851 0.3053 10
27.7807 0.3063 10
29.0336 0.3073 10
55.0991 0.0833 11
55.6161 0.0843 11
57.1655 0.0853 11
47.415 0.0863 11
48.0907 0.0873 11
47.0878 0.0883 11
39.8774 0.0893 11
32.6797 0.0903 11
28.2847 0.0913 11
23.9599 0.0923 11
20.9925 0.0933 11
19.571 0.0943 11
16.2817 0.0953 11
10.1967 0.0963 11
9.45918 0.0973 11
9.51996 0.0983 11
11.0441 0.0993 11
13.2178 0.1003 11
15.1118 0.1013 11
18.4242 0.1023 11
18.5885 0.1033 11
16.5288 0.1043 11
15.9722 0.1053 11
18.73 0.1063 11
20.8735 0.1073 11
20.7552 0.1083 11
23.9201 0.1093 11
32.0582 0.1103 11
35.2832 0.1113 11
43.734 0.1123 11
49.8408 0.1133 11
62.6402 0.1143 11
75.7856 0.1153 11
84.5799 0.1163 11
94.7537 0.1173 11
107.291 0.1183 11
118.728 0.1193 11
127.086 0.1203 11
133.434 0.1213 11
137.173 0.1223 11
141.986 0.1233 11
145.013 0.1243 11
146.273 0.1253 11
147.429 0.1263 11
148.639 0.1273 11
143.885 0.1283 11
140.743 0.1293 11
137.204 0.1303 11
140.381 0.1313 11
149.164 0.1323 11
165.927 0.1333 11
179.659 0.1343 11
200.703 0.1353 11
222.491 0.1363 11
246.17 0.1373 11
268.792 0.1383 11
294.936 0.1393 11
327.1 0.1403 11
356.354 0.1413 11
384.991 0.1423 11
404.811 0.1433 11
412.826 0.1443 11
426.9 0.1453 11
428.897 0.1463 11
424.497 0.1473 11
414.593 0.1483 11
399.212 0.1493 11
389.706 0.1503 11
381.907 0.1513 11
352.896 0.1523 11
330.961 0.1533 11
310.638 0.1543 11
292.324 0.1553 11
276.325 0.1563 11
263.072 0.1573 11
253.725 0.1583 11
247.294 0.1593 11
243.2 0.1603 11
237.548 0.1613 11
230.988 0.1623 11
231.108 0.1633 11
228.107 0.1643 11
224.239 0.1653 11
218.174 0.1663 11
210.395 0.1673 11
201.086 0.1683 11
194.592 0.1693 11
183.498 0.1703 11
172.438 0.1713 11
161.83 0.1723 11
152.145 0.1733 11
143.708 0.1743 11
136.481 0.1753 11
130.595 0.1763 11
126.445 0.1773 11
122.544 0.1783 11
118.9 0.1793 11
116.516 0.1803 11
112.279 0.1813 11
107.155 0.1823 11
100.963 0.1833 11
95.4713 0.1843 11
87.8842 0.1853 11
80.1289 0.1863 11
72.7873 0.1873 11
66.5721 0.1883 11
63.6617 0.1893 11
61.4734 0.1903 11
61.9356 0.1913 11
65.0376 0.1923 11
70.7737 0.1933 11
78.9933 0.1943 11
88.4557 0.1953 11
98.6772 0.1963 11
108.578 0.1973 11
117.272 0.1983 11
123.801 0.1993 11
128.196 0.2003 11
128.655 0.2013 11
125.528 0.2023 11
119.29 0.2033 11
110.699 0.2043 11
98.4364 0.2053 11
84.9087 0.2063 11
71.5033 0.2073 11
57.9767 0.2083 11
46.1433 0.2093 11
37.8421 0.2103 11
31.3791 0.2113 11
27.4014 0.2123 11
26.4025 0.2133 11
26.5214 0.2143 11
28.5402 0.2153 11
33.3052 0.2163 11
38.2362 0.2173 11
42.4438 0.2183 11
47.3454 0.2193 11
50.6042 0.2203 11
51.5562 0.2213 11
49.7916 0.2223 11
50.1589 0.2233 11
47.1832 0.2243 11
42.1867 0.2253 11
35.8304 0.2263 11
31.4099 0.2273 11
26.9184 0.2283 11
24.6646 0.2293 11
24.6899 0.2303 11
25.7475 0.2313 11
29.2883 0.2323 11
33.0403 0.2333 11
37.3139 0.2343 11
40.2892 0.2353 11
45.4027 0.2363 11
47.8347 0.2373 11
49.7609 0.2383 11
51.3838 0.2393 11
52.6495 0.2403 11
53.0133 0.2413 11
51.1009 0.2423 11
50.0897 0.2433 11
49.9986 0.2443 11
48.7372 0.2453 11
47.051 0.2463 11
45.5917 0.2473 11
48.7204 0.2483 11
50.1379 0.2493 11
50.809 0.2503 11
53.3465 0.2513 11
54.0574 0.2523 11
56.7937 0.2533 11
60.9413 0.2543 11
63.5731 0.2553 11
64.6667 0.2563 11
64.8246 0.2573 11
65.8237 0.2583 11
64.4027 0.2593 11
61.9181 0.2603 11
59.1287 0.2613 11
55.9284 0.2623 11
52.035 0.2633 11
48.0622 0.2643 11
43.5587 0.2653 11
39.3225 0.2663 11
35.0404 0.2673 11
32.0584 0.2683 11
29.5127 0.2693 11
28.5829 0.2703 11
28.2232 0.2713 11
28.3663 0.2723 11
30.3435 0.2733 11
32.0372 0.2743 11
37.1909 0.2753 11
41.7517 0.2763 11
47.082 0.2773 11
52.9 0.2783 11
59.0258 0.2793 11
65.3361 0.2803 11
68.4573 0.2813 11
74.6291 0.2823 11
78.7635 0.2833 11
82.9107 0.2843 11
84.4731 0.2853 11
85.2928 0.2863 11
85.9314 0.2873 11
84.9602 0.2883 11
82.6961 0.2893 11
79.0935 0.2903 11
75.6345 0.2913 11
71.2785 0.2923 11
62.5783 0.2933 11
55.0153 0.2943 11
47.8212 0.2953 11
40.8463 0.2963 11
33.0661 0.2973 11
25.8959 0.2983 11
21.311 0.2993 11
18.2971 0.3003 11
16.2257 0.3013 11
54.3353 0.0833 12
58.6768 0.0843 12
65.588 0.0853 12
75.1876 0.0863 12
87.3167 0.0873 12
101.519 0.0883 12
117.05 0.0893 12
132.916 0.0903 12
147.948 0.0913 12
160.892 0.0923 12
170.523 0.0933 12
175.771 0.0943 12
175.834 0.0953 12
170.283 0.0963 12
159.141 0.0973 12
142.922 0.0983 12
122.629 0.0993 12
99.7074 0.1003 12
75.9533 0.1013 12
53.385 0.1023 12
34.0842 0.1033 12
20.0228 0.1043 12
12.9365 0.1053 12
13.991 0.1063 12
23.9046 0.1073 12
42.8329 0.1083 12
70.5068 0.1093 12
104.643 0.1103 12
144.237 0.1113 12
185.555 0.1123 12
228.045 0.1133 12
267.716 0.1143 12
302.396 0.1153 12
330.773 0.1163 12
348.679 0.1173 12
358.603 0.1183 12
358.974 0.1193 12
348.307 0.1203 12
329.936 0.1213 12
307.102 0.1223 12
273.649 0.1233 12
237.879 0.1243 12
204.231 0.1253 12
168.49 0.1263 12
142.116 0.1273 12
121.51 0.1283 12
103.119 0.1293 12
96.0716 0.1303 12
98.7823 0.1313 12
106.646 0.1323 12
116.39 0.1333 12
131.336 0.1343 12
151.738 0.1353 12
166.638 0.1363 12
179.36 0.1373 12
201.622 0.1383 12
222.475 0.1393 12
238.334 0.1403 12
257.397 0.1413 12
267.502 0.1423 12
269.037 0.1433 12
281.158 0.1443 12
283.244 0.1453 12
288.516 0.1463 12
297.251 0.1473 12
303.83 0.1483 12
300.909 0.1493 12
299.034 0.1503 12
294.287 0.1513 12
286.871 0.1523 12
273.596 0.1533 12
262.546 0.1543 12
238.369 0.1553 12
218.375 0.1563 12
200.477 0.1573 12
171.752 0.1583 12
141.092 0.1593 12
115.562 0.1603 12
92.7922 0.1613 12
73.4919 0.1623 12
61.3473 0.1633 12
49.4633 0.1643 12
40.6036 0.1653 12
39.0687 0.1663 12
43.8362 0.1673 12
55.0486 0.1683 12
66.228 0.1693 12
83.9579 0.1703 12
99.3882 0.1713 12
117.183 0.1723 12
127.987 0.1733 12
137.946 0.1743 12
146.42 0.1753 12
156.807 0.1763 12
159.452 0.1773 12
155.004 0.1783 12
147.141 0.1793 12
143.554 0.1803 12
141.535 0.1813 12
134.036 0.1823 12
121.981 0.1833 12
112.458 0.1843 12
104.066 0.1853 12
100.286 0.1863 12
93.2749 0.1873 12
86.2291 0.1883 12
79.4577 0.1893 12
73.2657 0.1903 12
68.2999 0.1913 12
61.1669 0.1923 12
53.647 0.1933 12
45.3583 0.1943 12
38.6852 0.1953 12
30.606 0.1963 12
23.3614 0.1973 12
18.3186 0.1983 12
14.253 0.1993 12
11.8147 0.2003 12
11.5474 0.2013 12
13.2056 0.2023 12
18.552 0.2033 12
27.7107 0.2043 12
37.3752 0.2053 12
47.9938 0.2063 12
61.0788 0.2073 12
70.2152 0.2083 12
83.1459 0.2093 12
92.0293 0.2103 12
98.6729 0.2113 12
104.135 0.2123 12
106.224 0.2133 12
105.698 0.2143 12
101.469 0.2153 12
97.426 0.2163 12
92.4985 0.2173 12
86.883 0.2183 12
83.4306 0.2193 12
80.2493 0.2203 12
70.192 0.2213 12
66.6685 0.2223 12
64.993 0.2233 12
65.1262 0.2243 12
67.0993 0.2253 12
68.5928 0.2263 12
70.6918 0.2273 12
72.0608 0.2283 12
73.9319 0.2293 12
76.1673 0.2303 12
78.3558 0.2313 12
80.9011 0.2323 12
83.2286 0.2333 12
83.1622 0.2343 12
79.1404 0.2353 12
77.4975 0.2363 12
73.1651 0.2373 12
69.7029 0.2383 12
65.0184 0.2393 12
60.4456 0.2403 12
57.439 0.2413 12
53.602 0.2423 12
52.1063 0.2433 12
45.8394 0.2443 12
42.5322 0.2453 12
39.8142 0.2463 12
36.7153 0.2473 12
34.455 0.2483 12
34.6185 0.2493 12
35.2901 0.2503 12
35.453 0.2513 12
37.4796 0.2523 12
37.9978 0.2533 12
39.1926 0.2543 12
40.4471 0.2553 12
43.3547 0.2563 12
44.9744 0.2573 12
45.8606 0.2583 12
44.0349 0.2593 12
45.7727 0.2603 12
46.8513 0.2613 12
46.8504 0.2623 12
47.1758 0.2633 12
43.8289 0.2643 12
41.9172 0.2653 12
38.949 0.2663 12
37.6256 0.2673 12
37.4511 0.2683 12
36.1692 0.2693 12
37.1677 0.2703 12
36.2278 0.2713 12
35.4939 0.2723 12
34.8765 0.2733 12
35.5232 0.2743 12
35.5077 0.2753 12
35.291 0.2763 12
35.0235 0.2773 12
34.8504 0.2783 12
36.7636 0.2793 12
36.298 0.2803 12
36.3985 0.2813 12
35.4491 0.2823 12
34.222 0.2833 12
32.7415 0.2843 12
30.9762 0.2853 12
28.5446 0.2863 12
26.5148 0.2873 12
24.787 0.2883 12
23.1619 0.2893 12
21.5434 0.2903 12
20.4139 0.2913 12
19.4657 0.2923 12
18.7041 0.2933 12
18.2168 0.2943 12
17.9833 0.2953 12
168.608 0.0833 13
188.045 0.0843 13
210.353 0.0853 13
230.655 0.0863 13
250.496 0.0873 13
274.397 0.0883 13
286.813 0.0893 13
299.221 0.0903 13
318.325 0.0913 13
338.029 0.0923 13
349.676 0.0933 13
364.088 0.0943 13
372.506 0.0953 13
375.402 0.0963 13
378.436 0.0973 13
378.091 0.0983 13
369.329 0.0993 13
365.054 0.1003 13
355.817 0.1013 13
347.577 0.1023 13
342.306 0.1033 13
328.284 0.1043 13
314.547 0.1053 13
302.762 0.1063 13
287.73 0.1073 13
272.978 0.1083 13
259.257 0.1093 13
243.736 0.1103 13
228.683 0.1113 13
214.919 0.1123 13
201.736 0.1133 13
189.644 0.1143 13
177.692 0.1153 13
166.306 0.1163 13
158.091 0.1173 13
152.59 0.1183 13
147.344 0.1193 13
142.085 0.1203 13
140.378 0.1213 13
140.297 0.1223 13
139.516 0.1233 13
144.778 0.1243 13
153.409 0.1253 13
161.471 0.1263 13
169.577 0.1273 13
170.337 0.1283 13
174.813 0.1293 13
173.112 0.1303 13
182.592 0.1313 13
178.701 0.1323 13
177.024 0.1333 13
176.018 0.1343 13
170.744 0.1353 13
160.19 0.1363 13
144.163 0.1373 13
126.638 0.1383 13
112.625 0.1393 13
99.0471 0.1403 13
86.5772 0.1413 13
76.792 0.1423 13
70.3245 0.1433 13
69.9349 0.1443 13
72.8041 0.1453 13
80.8745 0.1463 13
94.7212 0.1473 13
108.114 0.1483 13
128.214 0.1493 13
145.8 0.1503 13
170.963 0.1513 13
198.698 0.1523 13
220.407 0.1533 13
231.982 0.1543 13
252.658 0.1553 13
264.77 0.1563 13
278.736 0.1573 13
285.151 0.1583 13
278.857 0.1593 13
274.334 0.1603 13
266.422 0.1613 13
255.346 0.1623 13
238.999 0.1633 13
228.029 0.1643 13
216.828 0.1653 13
213.661 0.1663 13
203.939 0.1673 13
200.412 0.1683 13
206.985 0.1693 13
202.062 0.1703 13
206.804 0.1713 13
212.45 0.1723 13
223.629 0.1733 13
228.595 0.1743 13
234.724 0.1753 13
234.23 0.1763 13
240.02 0.1773 13
236.811 0.1783 13
229.615 0.1793 13
221.558 0.1803 13
211.77 0.1813 13
197.993 0.1823 13
187.638 0.1833 13
164.74 0.1843 13
148.373 0.1853 13
134.133 0.1863 13
124.063 0.1873 13
115.167 0.1883 13
107.988 0.1893 13
102.909 0.1903 13
97.0317 0.1913 13
97.7125 0.1923 13
94.8104 0.1933 13
89.4075 0.1943 13
88.6184 0.1953 13
86.2335 0.1963 13
83.81 0.1973 13
79.3829 0.1983 13
72.8475 0.1993 13
65.2167 0.2003 13
58.8344 0.2013 13
53.9087 0.2023 13
48.8319 0.2033 13
42.9103 0.2043 13
42.2685 0.2053 13
42.045 0.2063 13
45.8316 0.2073 13
50.9826 0.2083 13
56.0606 0.2093 13
63.55 0.2103 13
71.3952 0.2113 13
81.3805 0.2123 13
83.7774 0.2133 13
89.2211 0.2143 13
91.8204 0.2153 13
90.6333 0.2163 13
91.5882 0.2173 13
91.9582 0.2183 13
89.3316 0.2193 13
86.1363 0.2203 13
83.738 0.2213 13
77.6986 0.2223 13
75.9862 0.2233 13
70.1984 0.2243 13
67.182 0.2253 13
67.7131 0.2263 13
66.2918 0.2273 13
65.4232 0.2283 13
62.7257 0.2293 13
63.5811 0.2303 13
63.0833 0.2313 13
64.3093 0.2323 13
67.5453 0.2333 13
68.2448 0.2343 13
67.2936 0.2353 13
63.7349 0.2363 13
60.5257 0.2373 13
59.1393 0.2383 13
52.5152 0.2393 13
46.385 0.2403 13
41.1918 0.2413 13
36.0615 0.2423 13
29.6389 0.2433 13
24.9231 0.2443 13
22.2418 0.2453 13
19.4231 0.2463 13
17.5512 0.2473 13
13.8542 0.2483 13
13.0534 0.2493 13
11.7128 0.2503 13
10.1805 0.2513 13
11.0643 0.2523 13
10.1001 0.2533 13
8.80558 0.2543 13
8.75913 0.2553 13
7.56742 0.2563 13
6.82518 0.2573 13
6.10431 0.2583 13
5.54086 0.2593 13
5.05392 0.2603 13
5.23973 0.2613 13
5.55442 0.2623 13
5.47206 0.2633 13
6.35475 0.2643 13
7.42821 0.2653 13
9.38147 0.2663 13
10.311 0.2673 13
12.087 0.2683 13
13.7332 0.2693 13
14.8224 0.2703 13
15.7844 0.2713 13
17.1277 0.2723 13
17.1295 0.2733 13
18.0896 0.2743 13
18.4986 0.2753 13
19.468 0.2763 13
19.1453 0.2773 13
19.0645 0.2783 13
19.2503 0.2793 13
19.7362 0.2803 13
20.187 0.2813 13
20.5255 0.2823 13
20.1283 0.2833 13
21.0398 0.2843 13
21.5826 0.2853 13
23.0597 0.2863 13
23.0068 0.2873 13
22.4041 0.2883 13
401.828 0.0833 14
329.372 0.0843 14
263.208 0.0853 14
211.455 0.0863 14
171.548 0.0873 14
147.932 0.0883 14
133.942 0.0893 14
124.467 0.0903 14
124.834 0.0913 14
133.209 0.0923 14
143.075 0.0933 14
148.663 0.0943 14
155.508 0.0953 14
164.562 0.0963 14
165.995 0.0973 14
168.824 0.0983 14
167.28 0.0993 14
162.534 0.1003 14
159.082 0.1013 14
156.318 0.1023 14
146.179 0.1033 14
129.589 0.1043 14
126.419 0.1053 14
124.505 0.1063 14
126.237 0.1073 14
129.335 0.1083 14
126.237 0.1093 14
129.278 0.1103 14
122.945 0.1113 14
125.707 0.1123 14
113.135 0.1133 14
102.035 0.1143 14
84.5441 0.1153 14
82.6226 0.1163 14
72.4242 0.1173 14
65.7678 0.1183 14
60.1884 0.1193 14
62.7165 0.1203 14
68.9498 0.1213 14
75.6872 0.1223 14
86.2918 0.1233 14
102.653 0.1243 14
124.688 0.1253 14
148.473 0.1263 14
173.973 0.1273 14
193.837 0.1283 14
216.175 0.1293 14
233.294 0.1303 14
246.954 0.1313 14
255.298 0.1323 14
253.73 0.1333 14
248.088 0.1343 14
233.758 0.1353 14
217.976 0.1363 14
194.211 0.1373 14
179.367 0.1383 14
158.397 0.1393 14
133.555 0.1403 14
121.044 0.1413 14
109.151 0.1423 14
94.7986 0.1433 14
83.7019 0.1443 14
76.5239 0.1453 14
71.8153 0.1463 14
71.7333 0.1473 14
72.7593 0.1483 14
75.4666 0.1493 14
75.6505 0.1503 14
81.9274 0.1513 14
86.4006 0.1523 14
91.051 0.1533 14
87.0682 0.1543 14
88.7984 0.1553 14
88.4977 0.1563 14
87.0666 0.1573 14
82.4662 0.1583 14
81.9159 0.1593 14
87.3739 0.1603 14
84.6771 0.1613 14
83.3233 0.1623 14
80.8407 0.1633 14
82.3731 0.1643 14
79.6942 0.1653 14
70.5298 0.1663 14
68.1905 0.1673 14
62.7575 0.1683 14
53.3608 0.1693 14
45.6044 0.1703 14
39.812 0.1713 14
32.9506 0.1723 14
27.3386 0.1733 14
20.8327 0.1743 14
17.5549 0.1753 14
15.8061 0.1763 14
15.3188 0.1773 14
16.0196 0.1783 14
17.5043 0.1793 14
20.9839 0.1803 14
25.6164 0.1813 14
29.2349 0.1823 14
35.984 0.1833 14
43.0818 0.1843 14
48.6363 0.1853 14
52.5092 0.1863 14
54.6908 0.1873 14
55.2624 0.1883 14
55.56 0.1893 14
54.6662 0.1903 14
50.6262 0.1913 14
46.038 0.1923 14
42.2817 0.1933 14
36.9599 0.1943 14
31.6031 0.1953 14
27.4818 0.1963 14
22.6882 0.1973 14
20.1156 0.1983 14
17.4958 0.1993 14
16.6886 0.2003 14
15.2806 0.2013 14
16.6241 0.2023 14
17.2577 0.2033 14
19.3763 0.2043 14
21.9904 0.2053 14
23.4325 0.2063 14
26.4869 0.2073 14
29.0806 0.2083 14
30.9261 0.2093 14
31.427 0.2103 14
32.557 0.2113 14
31.9119 0.2123 14
32.2961 0.2133 14
32.993 0.2143 14
33.9578 0.2153 14
35.9132 0.2163 14
40.9993 0.2173 14
44.4608 0.2183 14
48.426 0.2193 14
52.5357 0.2203 14
56.3542 0.2213 14
61.7293 0.2223 14
64.7596 0.2233 14
67.1799 0.2243 14
68.644 0.2253 14
67.854 0.2263 14
65.9586 0.2273 14
62.6734 0.2283 14
60.2756 0.2293 14
54.7349 0.2303 14
49.7828 0.2313 14
43.5458 0.2323 14
37.1518 0.2333 14
30.9083 0.2343 14
25.6249 0.2353 14
20.7389 0.2363 14
17.5394 0.2373 14
15.3256 0.2383 14
15.1909 0.2393 14
14.8685 0.2403 14
15.5845 0.2413 14
17.2058 0.2423 14
18.1313 0.2433 14
19.36 0.2443 14
20.2742 0.2453 14
20.5627 0.2463 14
19.8523 0.2473 14
19.6166 0.2483 14
18.0786 0.2493 14
16.93 0.2503 14
15.3673 0.2513 14
14.3289 0.2523 14
14.6342 0.2533 14
14.855 0.2543 14
15.7945 0.2553 14
17.2668 0.2563 14
19.6227 0.2573 14
22.0353 0.2583 14
25.4855 0.2593 14
28.5904 0.2603 14
31.1576 0.2613 14
33.681 0.2623 14
34.4995 0.2633 14
34.3548 0.2643 14
33.9553 0.2653 14
31.7928 0.2663 14
28.9315 0.2673 14
25.7982 0.2683 14
22.7319 0.2693 14
19.6821 0.2703 14
16.4739 0.2713 14
13.3827 0.2723 14
11.3771 0.2733 14
10.6326 0.2743 14
10.2488 0.2753 14
10.461 0.2763 14
11.8024 0.2773 14
13.3417 0.2783 14
14.7364 0.2793 14
16.5547 0.2803 14
17.9444 0.2813 14
118.964 0.0833 15
122.884 0.0843 15
122.064 0.0853 15
116.393 0.0863 15
106.399 0.0873 15
93.0804 0.0883 15
77.7099 0.0893 15
61.6417 0.0903 15
46.1373 0.0913 15
32.2329 0.0923 15
20.655 0.0933 15
11.7883 0.0943 15
5.69237 0.0953 15
2.15659 0.0963 15
0.780966 0.0973 15
1.06796 0.0983 15
2.5109 0.0993 15
4.6673 0.1003 15
7.20848 0.1013 15
9.94184 0.1023 15
12.8059 0.1033 15
15.8429 0.1043 15
19.1942 0.1053 15
22.9053 0.1063 15
27.0849 0.1073 15
31.7815 0.1083 15
36.9055 0.1093 15
42.0833 0.1103 15
47.4236 0.1113 15
52.4703 0.1123 15
56.6573 0.1133 15
59.835 0.1143 15
61.8165 0.1153 15
63.0293 0.1163 15
64.0889 0.1173 15
61.4966 0.1183 15
61.1833 0.1193 15
58.2215 0.1203 15
56.7203 0.1213 15
55.6315 0.1223 15
55.7093 0.1233 15
56.794 0.1243 15
54.8946 0.1253 15
56.0627 0.1263 15
54.3825 0.1273 15
57.9839 0.1283 15
61.0068 0.1293 15
63.0001 0.1303 15
67.0885 0.1313 15
67.2596 0.1323 15
67.9464 0.1333 15
66.8038 0.1343 15
64.5771 0.1353 15
61.3122 0.1363 15
58.7132 0.1373 15
56.4507 0.1383 15
52.3535 0.1393 15
47.0163 0.1403 15
40.6571 0.1413 15
40.9138 0.1423 15
38.5228 0.1433 15
33.6829 0.1443 15
32.8829 0.1453 15
32.3646 0.1463 15
33.0011 0.1473 15
36.0494 0.1483 15
36.5431 0.1493 15
35.2999 0.1503 15
42.5451 0.1513 15
44.0941 0.1523 15
42.8234 0.1533 15
42.3161 0.1543 15
41.6339 0.1553 15
43.413 0.1563 15
46.1319 0.1573 15
45.2717 0.1583 15
47.6284 0.1593 15
47.8747 0.1603 15
47.4311 0.1613 15
47.7784 0.1623 15
51.3913 0.1633 15
52.0649 0.1643 15
52.3964 0.1653 15
54.2162 0.1663 15
50.8183 0.1673 15
53.982 0.1683 15
53.4213 0.1693 15
52.0329 0.1703 15
43.0127 0.1713 15
38.7095 0.1723 15
32.7914 0.1733 15
29.341 0.1743 15
25.7249 0.1753 15
19.7526 0.1763 15
17.5807 0.1773 15
16.8106 0.1783 15
15.3407 0.1793 15
16.0893 0.1803 15
19.4368 0.1813 15
24.6586 0.1823 15
29.3811 0.1833 15
30.7213 0.1843 15
33.2902 0.1853 15
35.9184 0.1863 15
39.9174 0.1873 15
42.6579 0.1883 15
43.0638 0.1893 15
43.4715 0.1903 15
44.4435 0.1913 15
43.2238 0.1923 15
40.6813 0.1933 15
36.7333 0.1943 15
32.0732 0.1953 15
28.056 0.1963 15
26.0768 0.1973 15
24.0966 0.1983 15
23.5237 0.1993 15
22.0773 0.2003 15
23.524 0.2013 15
24.0764 0.2023 15
27.7675 0.2033 15
30.4983 0.2043 15
33.5229 0.2053 15
36.7016 0.2063 15
40.1597 0.2073 15
42.5776 0.2083 15
45.4875 0.2093 15
47.5985 0.2103 15
48.0966 0.2113 15
47.9355 0.2123 15
46.2332 0.2133 15
43.826 0.2143 15
41.5061 0.2153 15
38.0203 0.2163 15
33.2013 0.2173 15
29.6012 0.2183 15
26.115 0.2193 15
23.2527 0.2203 15
20.738 0.2213 15
19.8411 0.2223 15
19.126 0.2233 15
18.9555 0.2243 15
21.0227 0.2253 15
23.1112 0.2263 15
26.8807 0.2273 15
29.2069 0.2283 15
31.6676 0.2293 15
32.8596 0.2303 15
32.9165 0.2313 15
34.5206 0.2323 15
32.9412 0.2333 15
30.9424 0.2343 15
27.8415 0.2353 15
24.7772 0.2363 15
20.8636 0.2373 15
16.7527 0.2383 15
13.4044 0.2393 15
10.2483 0.2403 15
7.73389 0.2413 15
5.93767 0.2423 15
3.79693 0.2433 15
2.77142 0.2443 15
2.88422 0.2453 15
3.69657 0.2463 15
4.8384 0.2473 15
6.38803 0.2483 15
8.44573 0.2493 15
10.8719 0.2503 15
13.0827 0.2513 15
13.9758 0.2523 15
16.2134 0.2533 15
17.3547 0.2543 15
18.7807 0.2553 15
19.4177 0.2563 15
18.0674 0.2573 15
18.2526 0.2583 15
17.9172 0.2593 15
17.0754 0.2603 15
16.3391 0.2613 15
15.5889 0.2623 15
14.8881 0.2633 15
14.9149 0.2643 15
15.4743 0.2653 15
15.7737 0.2663 15
16.699 0.2673 15
18.3443 0.2683 15
19.9337 0.2693 15
21.7908 0.2703 15
23.6639 0.2713 15
25.538 0.2723 15
92.9589 0.0833 16
100.699 0.0843 16
92.4244 0.0853 16
84.9158 0.0863 16
82.174 0.0873 16
73.0673 0.0883 16
66.1952 0.0893 16
55.1502 0.0903 16
44.7791 0.0913 16
39.0835 0.0923 16
29.1663 0.0933 16
21.1505 0.0943 16
13.0135 0.0953 16
11.1377 0.0963 16
7.60281 0.0973 16
3.62143 0.0983 16
2.85861 0.0993 16
5.20817 0.1003 16
11.1842 0.1013 16
17.1391 0.1023 16
25.2658 0.1033 16
37.4492 0.1043 16
49.0573 0.1053 16
57.9595 0.1063 16
70.4714 0.1073 16
77.782 0.1083 16
87.3436 0.1093 16
100.613 0.1103 16
101.57 0.1113 16
112.381 0.1123 16
110.457 0.1133 16
116.892 0.1143 16
117.128 0.1153 16
115.096 0.1163 16
116.415 0.1173 16
110.94 0.1183 16
112.033 0.1193 16
117.804 0.1203 16
116.888 0.1213 16
118.262 0.1223 16
120.089 0.1233 16
123.455 0.1243 16
126.91 0.1253 16
132.173 0.1263 16
138.993 0.1273 16
144.346 0.1283 16
153.603 0.1293 16
156.457 0.1303 16
161.53 0.1313 16
164.092 0.1323 16
165.696 0.1333 16
167.311 0.1343 16
164.542 0.1353 16
163.18 0.1363 16
164.123 0.1373 16
158.457 0.1383 16
155.657 0.1393 16
148.029 0.1403 16
138.763 0.1413 16
131.46 0.1423 16
122.617 0.1433 16
111.002 0.1443 16
100.572 0.1453 16
91.1515 0.1463 16
81.8095 0.1473 16
72.4272 0.1483 16
63.6161 0.1493 16
54.8402 0.1503 16
49.5699 0.1513 16
43.6911 0.1523 16
39.2609 0.1533 16
34.9631 0.1543 16
31.8626 0.1553 16
29.7324 0.1563 16
30.237 0.1573 16
30.9615 0.1583 16
32.8741 0.1593 16
35.7985 0.1603 16
39.9188 0.1613 16
45.6412 0.1623 16
49.2426 0.1633 16
53.5835 0.1643 16
55.5949 0.1653 16
58.8046 0.1663 16
61.2562 0.1673 16
62.6084 0.1683 16
64.0628 0.1693 16
63.021 0.1703 16
62.5346 0.1713 16
61.7811 0.1723 16
61.05 0.1733 16
60.6466 0.1743 16
61.5286 0.1753 16
62.4265 0.1763 16
64.4991 0.1773 16
67.3417 0.1783 16
71.2855 0.1793 16
76.585 0.1803 16
82.6008 0.1813 16
89.2362 0.1823 16
96.1322 0.1833 16
103.483 0.1843 16
109.939 0.1853 16
115.686 0.1863 16
120.479 0.1873 16
124.123 0.1883 16
129.245 0.1893 16
130.667 0.1903 16
130.867 0.1913 16
129.853 0.1923 16
128.128 0.1933 16
125.704 0.1943 16
123.005 0.1953 16
119.339 0.1963 16
115.345 0.1973 16
110.955 0.1983 16
106.3 0.1993 16
101.211 0.2003 16
95.3993 0.2013 16
90.9221 0.2023 16
84.9383 0.2033 16
78.0007 0.2043 16
71.841 0.2053 16
64.2619 0.2063 16
54.4273 0.2073 16
47.1178 0.2083 16
40.0973 0.2093 16
32.9652 0.2103 16
27.9261 0.2113 16
24.1301 0.2123 16
20.5238 0.2133 16
19.6132 0.2143 16
19.6375 0.2153 16
21.2728 0.2163 16
24.9349 0.2173 16
30.2029 0.2183 16
34.9434 0.2193 16
39.0268 0.2203 16
44.4606 0.2213 16
48.054 0.2223 16
51.759 0.2233 16
54.8142 0.2243 16
57.3147 0.2253 16
57.9533 0.2263 16
58.2691 0.2273 16
54.8104 0.2283 16
51.1382 0.2293 16
45.645 0.2303 16
39.6633 0.2313 16
34.8843 0.2323 16
27.7082 0.2333 16
21.8831 0.2343 16
16.3599 0.2353 16
11.1034 0.2363 16
7.52231 0.2373 16
6.12557 0.2383 16
5.72869 0.2393 16
5.74884 0.2403 16
7.29462 0.2413 16
8.54815 0.2423 16
10.7382 0.2433 16
12.6618 0.2443 16
14.3726 0.2453 16
15.9417 0.2463 16
17.6086 0.2473 16
18.0907 0.2483 16
18.2139 0.2493 16
18.2452 0.2503 16
17.4787 0.2513 16
16.1175 0.2523 16
15.1526 0.2533 16
13.0224 0.2543 16
11.0844 0.2553 16
9.40448 0.2563 16
8.58028 0.2573 16
7.0757 0.2583 16
7.2427 0.2593 16
6.92444 0.2603 16
6.51032 0.2613 16
6.61885 0.2623 16
6.76606 0.2633 16
139.315 0.0833 17
142.843 0.0843 17
143.687 0.0853 17
141.659 0.0863 17
136.737 0.0873 17
129.077 0.0883 17
119.023 0.0893 17
107.094 0.0903 17
93.9589 0.0913 17
80.3949 0.0923 17
67.2369 0.0933 17
55.3171 0.0943 17
45.4007 0.0953 17
38.1246 0.0963 17
33.9438 0.0973 17
33.0901 0.0983 17
35.5481 0.0993 17
41.0512 0.1003 17
49.0982 0.1013 17
58.9911 0.1023 17
69.8891 0.1033 17
80.8766 0.1043 17
91.0389 0.1053 17
99.5372 0.1063 17
105.679 0.1073 17
108.977 0.1083 17
109.184 0.1093 17
106.35 0.1103 17
100.684 0.1113 17
92.7098 0.1123 17
83.1801 0.1133 17
73.0545 0.1143 17
62.4396 0.1153 17
52.9621 0.1163 17
44.9977 0.1173 17
39.6029 0.1183 17
35.7323 0.1193 17
34.1478 0.1203 17
34.67 0.1213 17
38.7962 0.1223 17
44.3775 0.1233 17
48.8008 0.1243 17
53.1745 0.1253 17
58.4462 0.1263 17
58.6303 0.1273 17
59.2873 0.1283 17
61.0881 0.1293 17
57.8167 0.1303 17
56.9768 0.1313 17
56.1824 0.1323 17
48.9244 0.1333 17
43.5698 0.1343 17
39.5937 0.1353 17
39.8795 0.1363 17
34.9057 0.1373 17
36.3013 0.1383 17
40.4641 0.1393 17
46.344 0.1403 17
48.8103 0.1413 17
55.0133 0.1423 17
61.5493 0.1433 17
65.2673 0.1443 17
66.9079 0.1453 17
68.2077 0.1463 17
66.3236 0.1473 17
62.5208 0.1483 17
55.386 0.1493 17
48.4313 0.1503 17
40.146 0.1513 17
34.2862 0.1523 17
26.7154 0.1533 17
21.1227 0.1543 17
15.1409 0.1553 17
11.1206 0.1563 17
9.94289 0.1573 17
10.3389 0.1583 17
11.1678 0.1593 17
12.7241 0.1603 17
17.9348 0.1613 17
20.5689 0.1623 17
28.0168 0.1633 17
34.7697 0.1643 17
38.8203 0.1653 17
39.4047 0.1663 17
42.8671 0.1673 17
42.9781 0.1683 17
42.1758 0.1693 17
40.1455 0.1703 17
38.5916 0.1713 17
37.6811 0.1723 17
34.8024 0.1733 17
30.2667 0.1743 17
28.7457 0.1753 17
23.941 0.1763 17
21.4796 0.1773 17
20.5489 0.1783 17
17.6612 0.1793 17
13.8404 0.1803 17
11.6011 0.1813 17
9.7466 0.1823 17
7.99503 0.1833 17
6.61812 0.1843 17
6.33871 0.1853 17
6.947 0.1863 17
8.56804 0.1873 17
11.1082 0.1883 17
13.9363 0.1893 17
19.2001 0.1903 17
25.9705 0.1913 17
31.2036 0.1923 17
35.3405 0.1933 17
41.1854 0.1943 17
46.082 0.1953 17
50.2551 0.1963 17
52.0408 0.1973 17
51.57 0.1983 17
48.2342 0.1993 17
44.9372 0.2003 17
40.1547 0.2013 17
36.6918 0.2023 17
32.7731 0.2033 17
28.4962 0.2043 17
24.8413 0.2053 17
21.2042 0.2063 17
19.2826 0.2073 17
20.7369 0.2083 17
23.1002 0.2093 17
26.5661 0.2103 17
30.6251 0.2113 17
37.3148 0.2123 17
43.1903 0.2133 17
48.3811 0.2143 17
53.3124 0.2153 17
56.0671 0.2163 17
57.1249 0.2173 17
56.6421 0.2183 17
53.3262 0.2193 17
49.0031 0.2203 17
43.6782 0.2213 17
37.8016 0.2223 17
31.2684 0.2233 17
24.7227 0.2243 17
18.8119 0.2253 17
13.7783 0.2263 17
9.42324 0.2273 17
6.22888 0.2283 17
4.0539 0.2293 17
2.68678 0.2303 17
2.68669 0.2313 17
3.26075 0.2323 17
4.1542 0.2333 17
4.92384 0.2343 17
6.10758 0.2353 17
6.69114 0.2363 17
6.97103 0.2373 17
6.89685 0.2383 17
6.60927 0.2393 17
6.27425 0.2403 17
5.64759 0.2413 17
5.05981 0.2423 17
4.66568 0.2433 17
4.80182 0.2443 17
4.65363 0.2453 17
4.43161 0.2463 17
5.13975 0.2473 17
5.72404 0.2483 17
6.87145 0.2493 17
7.31689 0.2503 17
8.16981 0.2513 17
8.67683 0.2523 17
500.863 0.0833 18
533.87 0.0843 18
562.36 0.0853 18
578.704 0.0863 18
580.289 0.0873 18
578.367 0.0883 18
575.762 0.0893 18
557.674 0.0903 18
532.268 0.0913 18
500.075 0.0923 18
465.465 0.0933 18
424.858 0.0943 18
389.926 0.0953 18
348.768 0.0963 18
314.161 0.0973 18
286.957 0.0983 18
257.9 0.0993 18
236.82 0.1003 18
220.646 0.1013 18
205.102 0.1023 18
194.402 0.1033 18
188.506 0.1043 18
180.818 0.1053 18
178.733 0.1063 18
177.533 0.1073 18
174.05 0.1083 18
169.846 0.1093 18
163.121 0.1103 18
155.232 0.1113 18
145.823 0.1123 18
136.592 0.1133 18
124.713 0.1143 18
113.038 0.1153 18
99.6267 0.1163 18
86.6563 0.1173 18
74.4012 0.1183 18
62.5585 0.1193 18
54.5696 0.1203 18
47.1292 0.1213 18
37.9171 0.1223 18
30.1787 0.1233 18
24.6685 0.1243 18
21.3678 0.1253 18
18.4595 0.1263 18
15.6836 0.1273 18
14.6212 0.1283 18
14.4056 0.1293 18
14.2519 0.1303 18
13.4107 0.1313 18
13.3236 0.1323 18
13.6578 0.1333 18
15.3073 0.1343 18
17.258 0.1353 18
19.8744 0.1363 18
22.9555 0.1373 18
26.1485 0.1383 18
29.7699 0.1393 18
32.4584 0.1403 18
33.982 0.1413 18
36.6573 0.1423 18
38.5512 0.1433 18
37.5589 0.1443 18
35.2398 0.1453 18
31.9752 0.1463 18
28.4991 0.1473 18
24.0411 0.1483 18
19.529 0.1493 18
14.8123 0.1503 18
10.665 0.1513 18
7.18408 0.1523 18
3.96112 0.1533 18
2.14518 0.1543 18
1.84682 0.1553 18
2.68006 0.1563 18
4.94747 0.1573 18
8.72224 0.1583 18
13.4587 0.1593 18
19.0392 0.1603 18
24.5328 0.1613 18
30.3516 0.1623 18
35.3859 0.1633 18
40.2465 0.1643 18
43.963 0.1653 18
46.7961 0.1663 18
47.8159 0.1673 18
47.6992 0.1683 18
46.5206 0.1693 18
44.2806 0.1703 18
40.9927 0.1713 18
36.9457 0.1723 18
32.2389 0.1733 18
28.1492 0.1743 18
24.0179 0.1753 18
20.172 0.1763 18
16.5679 0.1773 18
13.6106 0.1783 18
11.468 0.1793 18
9.84863 0.1803 18
9.0251 0.1813 18
9.08543 0.1823 18
9.75179 0.1833 18
10.5674 0.1843 18
11.0005 0.1853 18
12.4374 0.1863 18
13.1176 0.1873 18
14.5175 0.1883 18
17.115 0.1893 18
18.1618 0.1903 18
20.3379 0.1913 18
22.8788 0.1923 18
22.8304 0.1933 18
25.7047 0.1943 18
26.0128 0.1953 18
27.9636 0.1963 18
27.8781 0.1973 18
28.6134 0.1983 18
29.4575 0.1993 18
30.714 0.2003 18
30.1253 0.2013 18
30.1253 0.2023 18
30.092 0.2033 18
28.3866 0.2043 18
26.8002 0.2053 18
24.5467 0.2063 18
24.0194 0.2073 18
20.0887 0.2083 18
20.3631 0.2093 18
20.7233 0.2103 18
21.5209 0.2113 18
20.7688 0.2123 18
19.9251 0.2133 18
20.9343 0.2143 18
20.8443 0.2153 18
19.9964 0.2163 18
19.6885 0.2173 18
19.6227 0.2183 18
20.2753 0.2193 18
19.5473 0.2203 18
18.425 0.2213 18
17.3899 0.2223 18
16.9351 0.2233 18
15.3678 0.2243 18
14.0159 0.2253 18
13.1124 0.2263 18
12.2164 0.2273 18
12.1274 0.2283 18
11.9424 0.2293 18
13.1302 0.2303 18
14.7336 0.2313 18
15.3026 0.2323 18
17.464 0.2333 18
18.6575 0.2343 18
20.1947 0.2353 18
21.8478 0.2363 18
23.3271 0.2373 18
23.9229 0.2383 18
25.1728 0.2393 18
25.9854 0.2403 18
25.9482 0.2413 18
98.5151 0.0833 19
91.5457 0.0843 19
84.3278 0.0853 19
77.3447 0.0863 19
70.197 0.0873 19
63.1596 0.0883 19
56.4177 0.0893 19
49.777 0.0903 19
43.7618 0.0913 19
38.0637 0.0923 19
32.6644 0.0933 19
27.7218 0.0943 19
23.6875 0.0953 19
19.8945 0.0963 19
17.121 0.0973 19
14.1748 0.0983 19
13.0292 0.0993 19
13.1933 0.1003 19
13.466 0.1013 19
13.833 0.1023 19
17.4452 0.1033 19
22.9263 0.1043 19
27.184 0.1053 19
33.9604 0.1063 19
42.1125 0.1073 19
49.937 0.1083 19
55.8772 0.1093 19
53.5828 0.1103 19
58.8664 0.1113 19
62.3001 0.1123 19
69.4656 0.1133 19
73.5437 0.1143 19
79.663 0.1153 19
92.6789 0.1163 19
95.764 0.1173 19
91.8413 0.1183 19
100.199 0.1193 19
105.003 0.1203 19
107.851 0.1213 19
107.124 0.1223 19
105.795 0.1233 19
108.272 0.1243 19
102.709 0.1253 19
98.6241 0.1263 19
97.7754 0.1273 19
99.3954 0.1283 19
94.8215 0.1293 19
90.4652 0.1303 19
85.6458 0.1313 19
80.4518 0.1323 19
81.0214 0.1333 19
79.3239 0.1343 19
73.274 0.1353 19
69.999 0.1363 19
68.6068 0.1373 19
57.2631 0.1383 19
54.9258 0.1393 19
51.439 0.1403 19
47.9368 0.1413 19
43.2343 0.1423 19
41.528 0.1433 19
41.1284 0.1443 19
43.2272 0.1453 19
40.3049 0.1463 19
38.2804 0.1473 19
36.5761 0.1483 19
36.1267 0.1493 19
35.1175 0.1503 19
35.4266 0.1513 19
35.1324 0.1523 19
36.3509 0.1533 19
37.5658 0.1543 19
40.3423 0.1553 19
41.8529 0.1563 19
41.6832 0.1573 19
42.8449 0.1583 19
45.5169 0.1593 19
46.1438 0.1603 19
46.6284 0.1613 19
48.238 0.1623 19
48.9723 0.1633 19
48.7648 0.1643 19
46.7469 0.1653 19
47.2191 0.1663 19
45.884 0.1673 19
44.3564 0.1683 19
40.8235 0.1693 19
39.3997 0.1703 19
35.7658 0.1713 19
32.9841 0.1723 19
30.4786 0.1733 19
28.0847 0.1743 19
27.6807 0.1753 19
29.7437 0.1763 19
30.8464 0.1773 19
32.9827 0.1783 19
35.0591 0.1793 19
37.4129 0.1803 19
41.1205 0.1813 19
44.3311 0.1823 19
48.3121 0.1833 19
52.6106 0.1843 19
54.8377 0.1853 19
55.6424 0.1863 19
56.2654 0.1873 19
55.1756 0.1883 19
54.0125 0.1893 19
52.0291 0.1903 19
48.0983 0.1913 19
44.9557 0.1923 19
40.8529 0.1933 19
37.1183 0.1943 19
32.9216 0.1953 19
28.5828 0.1963 19
25.417 0.1973 19
22.0119 0.1983 19
19.369 0.1993 19
17.501 0.2003 19
16.5831 0.2013 19
16.1957 0.2023 19
16.6651 0.2033 19
17.6047 0.2043 19
18.8773 0.2053 19
19.8216 0.2063 19
20.998 0.2073 19
22.2035 0.2083 19
22.4848 0.2093 19
22.2522 0.2103 19
21.8419 0.2113 19
22.184 0.2123 19
21.0364 0.2133 19
19.7923 0.2143 19
17.9898 0.2153 19
16.7375 0.2163 19
15.5187 0.2173 19
14.6303 0.2183 19
13.9257 0.2193 19
13.1286 0.2203 19
12.886 0.2213 19
13.25 0.2223 19
13.6557 0.2233 19
13.9455 0.2243 19
14.0708 0.2253 19
14.0774 0.2263 19
14.9553 0.2273 19
15.269 0.2283 19
